1.000000000000000000e+00 0.000000000000000000e+00 -0.000000000000000000e+00 -0.000000000000000000e+00 0.000000000000000000e+00 0.000000000000000000e+00 -0.000000000000000000e+00 0.000000000000000000e+00 0.000000000000000000e+00 0.000000000000000000e+00 0.000000000000000000e+00 0.000000000000000000e+00 0.000000000000000000e+00 0.000000000000000000e+00 0.000000000000000000e+00 0.000000000000000000e+00 0.000000000000000000e+00 0.000000000000000000e+00 0.000000000000000000e+00 0.000000000000000000e+00 0.000000000000000000e+00 0.000000000000000000e+00 0.000000000000000000e+00 0.000000000000000000e+00 0.000000000000000000e+00 1.342962375000000000e+06 1.391435875000000000e+06
1.000000000000000000e+00 9.799999999999999684e-03 -2.510000000000000078e-02 -1.100000000000000066e-03 1.230000000000000017e-02 3.529999999999999805e-02 -1.000000000000000021e-03 9.799999999999999684e-03 -2.510000000000000078e-02 -1.100000000000000066e-03 1.230000000000000017e-02 3.529999999999999805e-02 -1.000000000000000021e-03 9.603999999999999527e-05 6.300100000000000752e-04 1.210000000000000062e-06 1.512899999999999965e-04 1.246089999999999828e-03 9.999999999999999547e-07 9.603999999999999527e-05 6.300100000000000752e-04 1.210000000000000062e-06 1.512899999999999965e-04 1.246089999999999828e-03 9.999999999999999547e-07 1.342525625000000000e+06 1.390869375000000000e+06
1.000000000000000000e+00 2.249999999999999917e-02 -5.827999999999999847e-01 -1.199999999999999956e-01 1.619999999999999912e-02 5.999999999999999778e-02 1.699999999999999905e-03 1.269999999999999948e-02 -5.576999999999999735e-01 -1.188999999999999918e-01 3.899999999999998954e-03 2.469999999999999973e-02 2.700000000000000143e-03 5.062499999999999726e-04 3.396558399999999867e-01 1.439999999999999961e-02 2.624399999999999606e-04 3.599999999999999901e-03 2.889999999999999859e-06 1.612899999999999957e-04 3.110292899999999583e-01 1.413720999999999728e-02 1.520999999999999159e-05 6.100899999999999813e-04 7.290000000000000507e-06 1.341056500000000000e+06 1.392691250000000000e+06
1.000000000000000000e+00 -3.039999999999999994e-02 -4.877000000000000224e-01 -9.080000000000000571e-02 1.050000000000000065e-02 2.960000000000000131e-02 -3.500000000000000073e-03 -5.290000000000000258e-02 9.509999999999996234e-02 2.919999999999998985e-02 -5.699999999999998471e-03 -3.039999999999999647e-02 -5.199999999999999761e-03 9.241600000000000422e-04 2.378512900000000208e-01 8.244640000000000996e-03 1.102500000000000100e-04 8.761600000000000681e-04 1.225000000000000130e-05 2.798410000000000307e-03 9.044009999999992958e-03 8.526399999999994530e-04 3.248999999999998200e-05 9.241599999999998254e-04 2.703999999999999861e-05 1.342164125000000000e+06 1.391442750000000000e+06
1.000000000000000000e+00 -3.749999999999999861e-02 8.849999999999999534e-02 -8.830000000000000349e-02 6.799999999999999621e-03 6.199999999999999782e-03 -1.499999999999999944e-02 -7.099999999999998673e-03 5.762000000000000455e-01 2.500000000000002220e-03 -3.700000000000001031e-03 -2.340000000000000066e-02 -1.149999999999999981e-02 1.406249999999999948e-03 7.832249999999998935e-03 7.796890000000000764e-03 4.623999999999999774e-05 3.843999999999999788e-05 2.249999999999999938e-04 5.040999999999997984e-05 3.320064400000000693e-01 6.250000000000011311e-06 1.369000000000000784e-05 5.475599999999999955e-04 1.322499999999999891e-04 1.341531250000000000e+06 1.390661500000000000e+06
1.000000000000000000e+00 -3.620000000000000301e-02 -1.799999999999999864e-02 -8.859999999999999820e-02 2.899999999999999800e-03 3.039999999999999994e-02 -1.389999999999999916e-02 1.299999999999995604e-03 -1.064999999999999974e-01 -2.999999999999947153e-04 -3.899999999999999821e-03 2.419999999999999929e-02 1.100000000000000283e-03 1.310440000000000172e-03 3.239999999999999608e-04 7.849959999999999577e-03 8.409999999999999101e-06 9.241600000000000422e-04 1.932099999999999746e-04 1.689999999999988478e-06 1.134224999999999990e-02 8.999999999999683544e-08 1.520999999999999837e-05 5.856400000000000104e-04 1.210000000000000697e-06 1.340006375000000000e+06 1.389188625000000000e+06
1.000000000000000000e+00 -2.280000000000000082e-02 -2.873999999999999888e-01 -7.630000000000000671e-02 2.319999999999999840e-02 2.790000000000000119e-02 -1.400000000000000029e-02 1.340000000000000219e-02 -2.693999999999999728e-01 1.229999999999999150e-02 2.029999999999999860e-02 -2.499999999999998751e-03 -1.000000000000011297e-04 5.198400000000000373e-04 8.259875999999999330e-02 5.821690000000000892e-03 5.382399999999999424e-04 7.784100000000001044e-04 1.960000000000000208e-04 1.795600000000000494e-04 7.257635999999997867e-02 1.512899999999997797e-04 4.120899999999999390e-04 6.249999999999993523e-06 1.000000000000022520e-08 1.341588750000000000e+06 1.391878000000000000e+06
1.000000000000000000e+00 -1.969999999999999876e-02 -3.504999999999999782e-01 -4.839999999999999858e-02 1.969999999999999876e-02 2.220000000000000098e-02 -4.199999999999999740e-03 3.100000000000002059e-03 -6.309999999999998943e-02 2.790000000000000813e-02 -3.499999999999999639e-03 -5.700000000000000205e-03 9.799999999999999684e-03 3.880899999999999519e-04 1.228502499999999803e-01 2.342560000000000042e-03 3.880899999999999519e-04 4.928400000000000315e-04 1.763999999999999713e-05 9.610000000000013022e-06 3.981609999999998276e-03 7.784100000000004297e-04 1.224999999999999791e-05 3.249000000000000233e-05 9.603999999999999527e-05 1.341492000000000000e+06 1.390010125000000000e+06
1.000000000000000000e+00 -7.599999999999999985e-03 -2.157000000000000028e-01 -1.629999999999999852e-02 3.540000000000000091e-02 -8.399999999999999481e-03 1.299999999999999940e-02 1.209999999999999964e-02 1.347999999999999754e-01 3.210000000000000353e-02 1.570000000000000215e-02 -3.060000000000000220e-02 1.720000000000000001e-02 5.776000000000000264e-05 4.652649000000000368e-02 2.656899999999999583e-04 1.253160000000000125e-03 7.055999999999998851e-05 1.689999999999999879e-04 1.464100000000000026e-04 1.817103999999999248e-02 1.030410000000000267e-03 2.464900000000000879e-04 9.363600000000001219e-04 2.958400000000000135e-04 1.340261125000000000e+06 1.389395125000000000e+06
1.000000000000000000e+00 -1.329999999999999932e-02 -8.550000000000000655e-02 -6.199999999999999782e-03 3.960000000000000325e-02 -2.340000000000000066e-02 -5.100000000000000366e-03 -5.699999999999999338e-03 1.301999999999999824e-01 1.009999999999999787e-02 4.200000000000002343e-03 -1.500000000000000118e-02 -1.809999999999999803e-02 1.768899999999999954e-04 7.310250000000000775e-03 3.843999999999999788e-05 1.568160000000000300e-03 5.475599999999999955e-04 2.601000000000000339e-05 3.248999999999999555e-05 1.695203999999999461e-02 1.020099999999999534e-04 1.764000000000002084e-05 2.250000000000000481e-04 3.276099999999999347e-04 1.340454250000000000e+06 1.389662250000000000e+06
1.000000000000000000e+00 -6.000000000000000125e-03 -1.524000000000000077e-01 -9.180000000000000659e-02 4.089999999999999886e-02 2.450000000000000094e-02 -6.300000000000000044e-03 7.299999999999999198e-03 -6.690000000000000113e-02 -8.560000000000000941e-02 1.299999999999995604e-03 4.789999999999999813e-02 -1.199999999999999678e-03 3.600000000000000091e-05 2.322576000000000154e-02 8.427240000000000772e-03 1.672809999999999835e-03 6.002500000000000890e-04 3.969000000000000116e-05 5.328999999999998614e-05 4.475610000000000525e-03 7.327360000000001511e-03 1.689999999999988478e-06 2.294409999999999766e-03 1.439999999999999130e-06 1.341542625000000000e+06 1.389534000000000000e+06
1.000000000000000000e+00 -7.300000000000000065e-03 -4.683999999999999830e-01 -9.600000000000000200e-02 -1.720000000000000001e-02 1.629999999999999852e-02 -4.000000000000000192e-04 -1.299999999999999940e-03 -3.159999999999999476e-01 -4.199999999999995404e-03 -5.809999999999999887e-02 -8.200000000000002426e-03 5.899999999999999863e-03 5.328999999999999970e-05 2.193985599999999925e-01 9.216000000000000233e-03 2.958400000000000135e-04 2.656899999999999583e-04 1.600000000000000033e-07 1.689999999999999913e-06 9.985599999999997256e-02 1.763999999999995986e-05 3.375609999999999809e-03 6.724000000000004062e-05 3.481000000000000045e-05 1.337749875000000000e+06 1.388017125000000000e+06
1.000000000000000000e+00 2.000000000000000096e-04 -3.839000000000000190e-01 -1.021999999999999992e-01 -3.700000000000000164e-03 1.199999999999999895e-03 1.389999999999999916e-02 7.499999999999999722e-03 8.449999999999996403e-02 -6.199999999999997180e-03 1.349999999999999985e-02 -1.509999999999999884e-02 1.429999999999999848e-02 4.000000000000000084e-08 1.473792100000000105e-01 1.044484000000000037e-02 1.369000000000000106e-05 1.439999999999999765e-06 1.932099999999999746e-04 5.624999999999999846e-05 7.140249999999993824e-03 3.843999999999996400e-05 1.822499999999999847e-04 2.280099999999999532e-04 2.044899999999999615e-04 1.342760750000000000e+06 1.393378750000000000e+06
1.000000000000000000e+00 1.619999999999999912e-02 2.949999999999999845e-02 -8.000000000000000167e-02 -1.119999999999999989e-02 2.099999999999999870e-03 1.140000000000000041e-02 1.600000000000000033e-02 4.133999999999999897e-01 2.219999999999999751e-02 -7.499999999999999722e-03 8.999999999999999754e-04 -2.499999999999998751e-03 2.624399999999999606e-04 8.702499999999999299e-04 6.400000000000000307e-03 1.254399999999999916e-04 4.409999999999999282e-06 1.299600000000000093e-04 2.559999999999999884e-04 1.708995599999999782e-01 4.928399999999999231e-04 5.624999999999999846e-05 8.099999999999999739e-07 6.249999999999993523e-06 1.340903500000000000e+06 1.390763250000000000e+06
1.000000000000000000e+00 2.429999999999999868e-02 -8.519999999999999796e-02 -8.160000000000000586e-02 8.999999999999999754e-04 1.439999999999999961e-02 3.160000000000000309e-02 8.099999999999999561e-03 -1.146999999999999964e-01 -1.600000000000004197e-03 1.209999999999999964e-02 1.230000000000000017e-02 2.020000000000000268e-02 5.904899999999999385e-04 7.259039999999999590e-03 6.658560000000000867e-03 8.099999999999999739e-07 2.073599999999999933e-04 9.985600000000001159e-04 6.560999999999999016e-05 1.315608999999999876e-02 2.560000000000013606e-06 1.464100000000000026e-04 1.512899999999999965e-04 4.080400000000000845e-04 1.339765500000000000e+06 1.389459875000000000e+06
1.000000000000000000e+00 -6.060000000000000109e-02 -4.958000000000000185e-01 -9.629999999999999671e-02 1.399999999999999986e-03 -7.000000000000000146e-03 8.699999999999999400e-03 -8.490000000000000324e-02 -4.106000000000000205e-01 -1.469999999999999085e-02 5.000000000000000104e-04 -2.139999999999999888e-02 -2.290000000000000369e-02 3.672359999999999947e-03 2.458176400000000317e-01 9.273689999999999364e-03 1.959999999999999869e-06 4.900000000000000519e-05 7.568999999999998852e-05 7.208010000000000805e-03 1.685923600000000244e-01 2.160899999999997285e-04 2.499999999999999887e-07 4.579599999999999318e-04 5.244100000000002188e-04 1.339252750000000000e+06 1.387923250000000000e+06
1.000000000000000000e+00 -6.959999999999999520e-02 -3.274000000000000243e-01 -6.880000000000000004e-02 -6.700000000000000226e-03 -4.120000000000000051e-02 1.080000000000000057e-02 -8.999999999999994116e-03 1.683999999999999941e-01 2.749999999999999667e-02 -8.099999999999999561e-03 -3.420000000000000123e-02 2.100000000000001171e-03 4.844159999999999265e-03 1.071907600000000099e-01 4.733440000000000217e-03 4.489000000000000558e-05 1.697440000000000147e-03 1.166400000000000081e-04 8.099999999999989533e-05 2.835855999999999794e-02 7.562499999999998694e-04 6.560999999999999016e-05 1.169640000000000003e-03 4.410000000000005211e-06 1.337325500000000000e+06 1.383932625000000000e+06
1.000000000000000000e+00 -9.800000000000000377e-02 1.476000000000000090e-01 -7.900000000000000078e-02 -1.619999999999999912e-02 -5.140000000000000124e-02 8.999999999999999320e-03 -2.840000000000000857e-02 4.750000000000000333e-01 -1.020000000000000073e-02 -9.499999999999998029e-03 -1.020000000000000073e-02 -1.800000000000001252e-03 9.604000000000001425e-03 2.178576000000000124e-02 6.241000000000000020e-03 2.624399999999999606e-04 2.641960000000000055e-03 8.099999999999999019e-05 8.065600000000004363e-04 2.256250000000000200e-01 1.040400000000000135e-04 9.024999999999995753e-05 1.040400000000000135e-04 3.240000000000004554e-06 1.338854875000000000e+06 1.389190250000000000e+06
1.000000000000000000e+00 -1.091000000000000025e-01 -9.410000000000000309e-02 -8.790000000000000591e-02 -2.450000000000000094e-02 1.009999999999999960e-02 5.199999999999999761e-03 -1.109999999999999876e-02 -2.417000000000000259e-01 -8.900000000000005129e-03 -8.300000000000001821e-03 6.149999999999999911e-02 -3.799999999999999559e-03 1.190280999999999978e-02 8.854810000000001152e-03 7.726410000000001263e-03 6.002500000000000890e-04 1.020099999999999940e-04 2.703999999999999861e-05 1.232099999999999808e-04 5.841889000000001497e-02 7.921000000000009034e-05 6.889000000000002652e-05 3.782250000000000022e-03 1.443999999999999727e-05 1.340952250000000000e+06 1.391037500000000000e+06
1.000000000000000000e+00 -6.740000000000000158e-02 -5.434999999999999831e-01 -1.502999999999999892e-01 -2.520000000000000018e-02 3.200000000000000153e-03 -8.800000000000000530e-03 4.170000000000000095e-02 -4.493999999999999662e-01 -6.239999999999998326e-02 -6.999999999999992339e-04 -6.899999999999999883e-03 -1.400000000000000029e-02 4.542759999999999854e-03 2.953922499999999673e-01 2.259008999999999670e-02 6.350400000000000185e-04 1.024000000000000021e-05 7.744000000000000395e-05 1.738890000000000097e-03 2.019603599999999777e-01 3.893759999999997848e-03 4.899999999999989084e-07 4.760999999999999987e-05 1.960000000000000208e-04 1.340529375000000000e+06 1.388891625000000000e+06
1.000000000000000000e+00 -5.619999999999999996e-02 -4.385999999999999899e-01 -1.348000000000000032e-01 -1.280000000000000061e-02 -2.970000000000000070e-02 8.099999999999999561e-03 1.120000000000000162e-02 1.048999999999999932e-01 1.549999999999998601e-02 1.239999999999999956e-02 -3.289999999999999869e-02 1.689999999999999836e-02 3.158440000000000206e-03 1.923699599999999788e-01 1.817103999999999941e-02 1.638400000000000034e-04 8.820900000000000876e-04 6.560999999999999016e-05 1.254400000000000458e-04 1.100400999999999810e-02 2.402499999999995785e-04 1.537599999999999915e-04 1.082410000000000013e-03 2.856099999999999438e-04 1.339445375000000000e+06 1.387343750000000000e+06
1.000000000000000000e+00 -4.329999999999999821e-02 -3.109999999999999917e-02 -3.599999999999999728e-02 -3.899999999999999821e-03 -2.690000000000000030e-02 2.060000000000000026e-02 1.290000000000000174e-02 4.074999999999999734e-01 9.879999999999999893e-02 8.900000000000001660e-03 2.800000000000000405e-03 1.250000000000000069e-02 1.874889999999999933e-03 9.672099999999999231e-04 1.295999999999999843e-03 1.520999999999999837e-05 7.236099999999999650e-04 4.243600000000000367e-04 1.664100000000000551e-04 1.660562499999999886e-01 9.761439999999999700e-03 7.921000000000003613e-05 7.840000000000002864e-06 1.562500000000000304e-04 1.339848375000000000e+06 1.387796625000000000e+06
1.000000000000000000e+00 -3.039999999999999994e-02 2.088000000000000134e-01 -3.109999999999999917e-02 1.799999999999999951e-03 2.999999999999999889e-02 2.160000000000000114e-02 1.289999999999999827e-02 2.399000000000000021e-01 4.899999999999998107e-03 5.700000000000000205e-03 5.689999999999999919e-02 1.000000000000000888e-03 9.241600000000000422e-04 4.359744000000000813e-02 9.672099999999999231e-04 3.239999999999999896e-06 8.999999999999999754e-04 4.665600000000000324e-04 1.664099999999999466e-04 5.755201000000000067e-02 2.400999999999998188e-05 3.249000000000000233e-05 3.237609999999999707e-03 1.000000000000001861e-06 1.341163750000000000e+06 1.391137000000000000e+06
1.000000000000000000e+00 -2.060000000000000026e-02 -2.667999999999999816e-01 -4.279999999999999777e-02 4.799999999999999580e-03 6.519999999999999407e-02 2.239999999999999977e-02 9.799999999999999684e-03 -4.756000000000000227e-01 -1.169999999999999860e-02 2.999999999999999629e-03 3.519999999999999518e-02 7.999999999999986289e-04 4.243600000000000367e-04 7.118223999999999385e-02 1.831839999999999727e-03 2.303999999999999625e-05 4.251039999999999333e-03 5.017599999999999665e-04 9.603999999999999527e-05 2.261953600000000120e-01 1.368899999999999718e-04 8.999999999999998534e-06 1.239039999999999630e-03 6.399999999999977899e-07 1.340687500000000000e+06 1.388606875000000000e+06
1.000000000000000000e+00 -1.450000000000000074e-02 -6.341999999999999860e-01 -6.829999999999999960e-02 1.000000000000000048e-04 5.539999999999999786e-02 1.009999999999999960e-02 6.099999999999999520e-03 -3.674000000000000044e-01 -2.550000000000000183e-02 -4.699999999999999317e-03 -9.799999999999996214e-03 -1.230000000000000017e-02 2.102500000000000148e-04 4.022096399999999794e-01 4.664889999999999662e-03 1.000000000000000021e-08 3.069159999999999597e-03 1.020099999999999940e-04 3.720999999999999102e-05 1.349827600000000072e-01 6.502500000000001118e-04 2.208999999999999348e-05 9.603999999999992751e-05 1.512899999999999965e-04 1.340358875000000000e+06 1.386888125000000000e+06
1.000000000000000000e+00 -1.340000000000000045e-02 -2.093000000000000138e-01 8.800000000000000530e-03 1.199999999999999895e-03 3.509999999999999926e-02 1.080000000000000057e-02 1.100000000000000283e-03 4.248999999999999444e-01 7.710000000000000187e-02 1.099999999999999849e-03 -2.029999999999999860e-02 7.000000000000009687e-04 1.795600000000000223e-04 4.380649000000000348e-02 7.744000000000000395e-05 1.439999999999999765e-06 1.232009999999999963e-03 1.166400000000000081e-04 1.210000000000000697e-06 1.805400099999999453e-01 5.944410000000000666e-03 1.209999999999999638e-06 4.120899999999999390e-04 4.900000000000013437e-07 1.340535000000000000e+06 1.388245125000000000e+06
1.000000000000000000e+00 8.000000000000000383e-04 9.560000000000000442e-02 -6.560000000000000553e-02 5.400000000000000286e-03 6.270000000000000573e-02 8.300000000000000086e-03 1.420000000000000082e-02 3.049000000000000044e-01 -7.440000000000000779e-02 4.200000000000000608e-03 2.760000000000000647e-02 -2.500000000000000486e-03 6.400000000000000134e-07 9.139360000000000886e-03 4.303360000000000865e-03 2.916000000000000203e-05 3.931290000000000479e-03 6.888999999999999941e-05 2.016400000000000278e-04 9.296400999999999970e-02 5.535360000000001321e-03 1.764000000000000390e-05 7.617600000000003231e-04 6.250000000000002841e-06 1.339447500000000000e+06 1.389642000000000000e+06
1.000000000000000000e+00 -1.799999999999999951e-03 -3.453999999999999848e-01 -7.340000000000000691e-02 1.000000000000000021e-03 6.090000000000000274e-02 1.199999999999999895e-03 -2.599999999999999881e-03 -4.410000000000000031e-01 -7.800000000000001377e-03 -4.400000000000000265e-03 -1.800000000000002986e-03 -7.100000000000000408e-03 3.239999999999999896e-06 1.193011599999999894e-01 5.387560000000001306e-03 9.999999999999999547e-07 3.708810000000000318e-03 1.439999999999999765e-06 6.759999999999999652e-06 1.944810000000000150e-01 6.084000000000002058e-05 1.936000000000000099e-05 3.240000000000010907e-06 5.041000000000000694e-05 1.338428375000000000e+06 1.385825375000000000e+06
1.000000000000000000e+00 -3.299999999999999982e-03 -4.203000000000000069e-01 -5.340000000000000302e-02 1.420000000000000082e-02 4.599999999999999922e-02 3.000000000000000062e-03 -1.500000000000000031e-03 -7.490000000000002212e-02 2.000000000000000389e-02 1.319999999999999993e-02 -1.490000000000000352e-02 1.800000000000000168e-03 1.088999999999999907e-05 1.766520900000000116e-01 2.851560000000000379e-03 2.016400000000000278e-04 2.115999999999999825e-03 9.000000000000000228e-06 2.250000000000000057e-06 5.610010000000002946e-03 4.000000000000001818e-04 1.742399999999999852e-04 2.220100000000001055e-04 3.240000000000000743e-06 1.336564625000000000e+06 1.384744875000000000e+06
1.000000000000000000e+00 8.000000000000000383e-04 1.456999999999999962e-01 -6.710000000000000686e-02 8.800000000000000530e-03 4.979999999999999705e-02 9.299999999999999239e-03 4.100000000000000346e-03 5.660000000000000586e-01 -1.370000000000000384e-02 -5.400000000000000286e-03 3.799999999999997824e-03 6.299999999999999177e-03 6.400000000000000134e-07 2.122848999999999917e-02 4.502410000000000960e-03 7.744000000000000395e-05 2.480039999999999762e-03 8.648999999999997998e-05 1.681000000000000338e-05 3.203560000000000851e-01 1.876900000000000953e-04 2.916000000000000203e-05 1.443999999999998372e-05 3.968999999999998761e-05 1.338416375000000000e+06 1.387266250000000000e+06
1.000000000000000000e+00 -3.700000000000000164e-03 -8.469999999999999751e-02 -6.489999999999999936e-02 1.370000000000000037e-02 5.519999999999999907e-02 1.700000000000000122e-02 -4.500000000000000527e-03 -2.303999999999999937e-01 2.200000000000007505e-03 4.899999999999999842e-03 5.400000000000002021e-03 7.700000000000001982e-03 1.369000000000000106e-05 7.174089999999999287e-03 4.212009999999999539e-03 1.876900000000000139e-04 3.047039999999999992e-03 2.890000000000000316e-04 2.025000000000000432e-05 5.308415999999999829e-02 4.840000000000033281e-06 2.400999999999999882e-05 2.916000000000002236e-05 5.929000000000003034e-05 1.339185500000000000e+06 1.388055000000000000e+06
1.000000000000000000e+00 -5.199999999999999761e-03 -5.641000000000000458e-01 -8.419999999999999707e-02 1.209999999999999964e-02 6.940000000000000335e-02 8.000000000000000383e-04 -1.499999999999999598e-03 -4.794000000000000483e-01 -1.929999999999999771e-02 -1.600000000000000727e-03 1.420000000000000429e-02 -1.620000000000000259e-02 2.703999999999999861e-05 3.182088100000000641e-01 7.089639999999999484e-03 1.464100000000000026e-04 4.816360000000000433e-03 6.400000000000000134e-07 2.249999999999998786e-06 2.298243600000000331e-01 3.724899999999998980e-04 2.560000000000002171e-06 2.016400000000001091e-04 2.624400000000000691e-04 1.338511250000000000e+06 1.388708000000000000e+06
1.000000000000000000e+00 -1.600000000000000077e-03 -4.713999999999999857e-01 -6.279999999999999472e-02 1.450000000000000074e-02 4.809999999999999692e-02 2.399999999999999790e-03 3.599999999999999901e-03 9.270000000000006013e-02 2.140000000000000235e-02 2.400000000000001091e-03 -2.130000000000000643e-02 1.599999999999999860e-03 2.560000000000000054e-06 2.222179599999999922e-01 3.943839999999999672e-03 2.102500000000000148e-04 2.313609999999999799e-03 5.759999999999999062e-06 1.295999999999999958e-05 8.593290000000010365e-03 4.579600000000000944e-04 5.760000000000004991e-06 4.536900000000002996e-04 2.559999999999999630e-06 1.338206375000000000e+06 1.389181875000000000e+06
1.000000000000000000e+00 -1.600000000000000077e-03 4.320000000000000229e-02 -7.149999999999999412e-02 2.330000000000000127e-02 6.310000000000000331e-02 4.899999999999999842e-03 0.000000000000000000e+00 5.145999999999999464e-01 -8.699999999999999400e-03 8.800000000000000530e-03 1.500000000000000638e-02 2.500000000000000052e-03 2.560000000000000054e-06 1.866240000000000130e-03 5.112249999999998740e-03 5.428900000000000826e-04 3.981610000000000010e-03 2.400999999999999882e-05 0.000000000000000000e+00 2.648131599999999364e-01 7.568999999999998852e-05 7.744000000000000395e-05 2.250000000000001836e-04 6.250000000000000300e-06 1.339589000000000000e+06 1.391531250000000000e+06
1.000000000000000000e+00 3.500000000000000073e-03 1.178000000000000019e-01 -7.570000000000000340e-02 2.549999999999999836e-02 7.969999999999999307e-02 4.300000000000000003e-03 5.100000000000000366e-03 7.459999999999999964e-02 -4.200000000000009281e-03 2.199999999999997097e-03 1.659999999999998976e-02 -5.999999999999998390e-04 1.225000000000000130e-05 1.387683999999999966e-02 5.730490000000000410e-03 6.502499999999998949e-04 6.352089999999998605e-03 1.849000000000000085e-05 2.601000000000000339e-05 5.565159999999999552e-03 1.764000000000007844e-05 4.839999999999987541e-06 2.755599999999996724e-04 3.599999999999997825e-07 1.341009000000000000e+06 1.392156875000000000e+06
1.000000000000000000e+00 5.599999999999999943e-03 -3.032000000000000250e-01 -7.230000000000000315e-02 3.529999999999999805e-02 8.400000000000000522e-02 9.400000000000000369e-03 2.099999999999999870e-03 -4.210000000000000409e-01 3.400000000000000244e-03 9.799999999999999684e-03 4.300000000000012146e-03 5.100000000000000366e-03 3.135999999999999790e-05 9.193024000000001028e-02 5.227290000000000755e-03 1.246089999999999828e-03 7.056000000000000640e-03 8.836000000000000104e-05 4.409999999999999282e-06 1.772410000000000374e-01 1.156000000000000113e-05 9.603999999999999527e-05 1.849000000000010588e-05 2.601000000000000339e-05 1.340697875000000000e+06 1.390220250000000000e+06
1.000000000000000000e+00 -7.030000000000000138e-02 -5.120000000000000107e-01 -9.389999999999999736e-02 4.549999999999999878e-02 8.970000000000000195e-02 1.810000000000000150e-02 -7.589999999999999525e-02 -2.087999999999999856e-01 -2.159999999999999420e-02 1.020000000000000073e-02 5.699999999999996736e-03 8.700000000000001135e-03 4.942090000000000545e-03 2.621439999999999881e-01 8.817209999999998937e-03 2.070250000000000042e-03 8.046090000000000533e-03 3.276100000000000431e-04 5.760809999999999022e-03 4.359743999999999425e-02 4.665599999999997614e-04 1.040400000000000135e-04 3.248999999999996167e-05 7.569000000000001562e-05 1.340699000000000000e+06 1.389794750000000000e+06
1.000000000000000000e+00 -3.960000000000000325e-02 -3.876000000000000001e-01 -1.076000000000000012e-01 -2.399999999999999790e-03 5.519999999999999907e-02 3.400000000000000244e-02 3.069999999999999812e-02 1.244000000000000106e-01 -1.370000000000000384e-02 -4.789999999999999813e-02 -3.450000000000000289e-02 1.590000000000000094e-02 1.568160000000000300e-03 1.502337599999999940e-01 1.157775999999999944e-02 5.759999999999999062e-06 3.047039999999999992e-03 1.156000000000000126e-03 9.424899999999999294e-04 1.547536000000000224e-02 1.876900000000000953e-04 2.294409999999999766e-03 1.190250000000000119e-03 2.528100000000000139e-04 1.341248125000000000e+06 1.389216125000000000e+06
1.000000000000000000e+00 -4.499999999999999833e-02 -2.046999999999999931e-01 -8.680000000000000215e-02 5.100000000000000366e-03 1.540000000000000049e-02 2.819999999999999937e-02 -5.399999999999995082e-03 1.829000000000000070e-01 2.079999999999999905e-02 7.499999999999999722e-03 -3.980000000000000204e-02 -5.800000000000003070e-03 2.024999999999999890e-03 4.190208999999999601e-02 7.534240000000000208e-03 2.601000000000000339e-05 2.371600000000000129e-04 7.952400000000000094e-04 2.915999999999994782e-05 3.345241000000000187e-02 4.326399999999999777e-04 5.624999999999999846e-05 1.584040000000000101e-03 3.364000000000003706e-05 1.340225875000000000e+06 1.388293750000000000e+06
1.000000000000000000e+00 -5.600000000000000117e-02 -4.669999999999999846e-02 -8.920000000000000151e-02 -6.400000000000000307e-03 2.309999999999999901e-02 2.779999999999999832e-02 -1.100000000000000283e-02 1.580000000000000016e-01 -2.399999999999999356e-03 -1.149999999999999981e-02 7.699999999999998512e-03 -4.000000000000010492e-04 3.136000000000000332e-03 2.180889999999999999e-03 7.956640000000000934e-03 4.096000000000000086e-05 5.336099999999999004e-04 7.728399999999998986e-04 1.210000000000000680e-04 2.496400000000000008e-02 5.759999999999996521e-06 1.322499999999999891e-04 5.928999999999997613e-05 1.600000000000008504e-07 1.339115375000000000e+06 1.386188500000000000e+06
1.000000000000000000e+00 -5.170000000000000290e-02 -1.259000000000000119e-01 -1.024999999999999939e-01 -2.299999999999999961e-03 4.150000000000000216e-02 3.059999999999999873e-02 4.299999999999998268e-03 -7.920000000000002038e-02 -1.329999999999999238e-02 4.100000000000000346e-03 1.840000000000000316e-02 2.800000000000000405e-03 2.672890000000000248e-03 1.585081000000000337e-02 1.050624999999999823e-02 5.290000000000000174e-06 1.722250000000000256e-03 9.363599999999999051e-04 1.848999999999998391e-05 6.272640000000002936e-03 1.768899999999998056e-04 1.681000000000000338e-05 3.385600000000001195e-04 7.840000000000002864e-06 1.339375500000000000e+06 1.386568375000000000e+06
1.000000000000000000e+00 -3.490000000000000047e-02 -4.143000000000000016e-01 -1.418999999999999984e-01 9.799999999999999684e-03 8.899999999999999578e-02 2.970000000000000070e-02 1.680000000000000243e-02 -2.883999999999999897e-01 -3.940000000000000446e-02 1.209999999999999964e-02 4.749999999999999362e-02 -8.999999999999980238e-04 1.218010000000000056e-03 1.716444900000000107e-01 2.013560999999999823e-02 9.603999999999999527e-05 7.920999999999999222e-03 8.820900000000000876e-04 2.822400000000000624e-04 8.317455999999999461e-02 1.552360000000000458e-03 1.464100000000000026e-04 2.256249999999999575e-03 8.099999999999964799e-07 1.339963125000000000e+06 1.389066000000000000e+06
1.000000000000000000e+00 -5.029999999999999749e-02 -3.310000000000000164e-01 -1.252000000000000057e-01 -6.999999999999999929e-04 5.340000000000000302e-02 3.429999999999999716e-02 -1.539999999999999702e-02 8.329999999999998517e-02 1.669999999999999263e-02 -1.049999999999999892e-02 -3.559999999999999276e-02 4.599999999999996453e-03 2.530089999999999596e-03 1.095610000000000056e-01 1.567504000000000119e-02 4.899999999999999672e-07 2.851560000000000379e-03 1.176489999999999871e-03 2.371599999999999045e-04 6.938889999999997907e-03 2.788899999999997371e-04 1.102499999999999829e-04 1.267359999999999494e-03 2.115999999999996681e-05 1.340292625000000000e+06 1.388026250000000000e+06
1.000000000000000000e+00 -4.229999999999999732e-02 -2.500000000000000139e-02 -7.860000000000000320e-02 1.640000000000000138e-02 1.000000000000000021e-02 4.549999999999999878e-02 8.000000000000000167e-03 3.059999999999999942e-01 4.660000000000000253e-02 1.710000000000000062e-02 -4.340000000000000108e-02 1.120000000000000162e-02 1.789289999999999804e-03 6.250000000000001214e-04 6.177960000000000569e-03 2.689600000000000541e-04 1.000000000000000048e-04 2.070250000000000042e-03 6.399999999999999710e-05 9.363599999999999701e-02 2.171560000000000330e-03 2.924100000000000006e-04 1.883560000000000052e-03 1.254400000000000458e-04 1.338096500000000000e+06 1.386066000000000000e+06
1.000000000000000000e+00 -3.520000000000000212e-02 -3.980000000000000204e-02 -9.349999999999999978e-02 1.739999999999999880e-02 9.099999999999999756e-02 5.029999999999999749e-02 7.099999999999995204e-03 -1.480000000000000066e-02 -1.489999999999999658e-02 9.999999999999974187e-04 8.100000000000000255e-02 4.799999999999998712e-03 1.239040000000000063e-03 1.584040000000000101e-03 8.742250000000000021e-03 3.027599999999999541e-04 8.281000000000000166e-03 2.530089999999999596e-03 5.040999999999993240e-05 2.190400000000000170e-04 2.220099999999998886e-04 9.999999999999948726e-07 6.560999999999999992e-03 2.303999999999998608e-05 1.340598750000000000e+06 1.389084000000000000e+06
1.000000000000000000e+00 -3.049999999999999933e-02 -4.437999999999999723e-01 -1.120000000000000023e-01 1.880000000000000074e-02 5.510000000000000314e-02 5.310000000000000137e-02 4.700000000000002787e-03 -4.039999999999999702e-01 -1.850000000000000255e-02 1.400000000000001937e-03 -3.589999999999999442e-02 2.800000000000003875e-03 9.302499999999999788e-04 1.969584399999999846e-01 1.254400000000000133e-02 3.534400000000000042e-04 3.036010000000000444e-03 2.819610000000000172e-03 2.209000000000002737e-05 1.632159999999999722e-01 3.422500000000001062e-04 1.960000000000005375e-06 1.288809999999999609e-03 7.840000000000021499e-06 1.340754250000000000e+06 1.390810000000000000e+06
1.000000000000000000e+00 -3.259999999999999704e-02 -4.047000000000000042e-01 -9.919999999999999651e-02 2.730000000000000135e-02 3.540000000000000091e-02 5.639999999999999875e-02 -2.099999999999997702e-03 3.909999999999996811e-02 1.280000000000000582e-02 8.500000000000000611e-03 -1.970000000000000223e-02 3.299999999999997380e-03 1.062759999999999833e-03 1.637820899999999913e-01 9.840639999999999457e-03 7.452900000000001234e-04 1.253160000000000125e-03 3.180960000000000037e-03 4.409999999999989964e-06 1.528809999999997419e-03 1.638400000000001390e-04 7.225000000000000790e-05 3.880900000000001146e-04 1.088999999999998213e-05 1.338874000000000000e+06 1.390157250000000000e+06
1.000000000000000000e+00 -2.929999999999999966e-02 2.730000000000000135e-02 -1.132999999999999979e-01 3.440000000000000002e-02 3.350000000000000200e-02 6.750000000000000444e-02 3.299999999999997380e-03 4.319999999999999951e-01 -1.410000000000000142e-02 7.099999999999998673e-03 -1.899999999999998912e-03 1.110000000000000570e-02 8.584899999999999476e-04 7.452900000000001234e-04 1.283689000000000011e-02 1.183360000000000054e-03 1.122250000000000201e-03 4.556250000000000404e-03 1.088999999999998213e-05 1.866239999999999843e-01 1.988100000000000294e-04 5.040999999999997984e-05 3.609999999999995930e-06 1.232100000000001163e-04 1.340416875000000000e+06 1.389883875000000000e+06
1.000000000000000000e+00 -3.230000000000000232e-02 -3.300000000000000155e-02 -1.282000000000000084e-01 3.359999999999999792e-02 5.510000000000000314e-02 6.310000000000000331e-02 -3.000000000000002665e-03 -6.030000000000000637e-02 -1.490000000000001046e-02 -8.000000000000020983e-04 2.160000000000000114e-02 -4.400000000000001132e-03 1.043290000000000103e-03 1.089000000000000124e-03 1.643524000000000374e-02 1.128959999999999816e-03 3.036010000000000444e-03 3.981610000000000010e-03 9.000000000000015475e-06 3.636090000000000676e-03 2.220100000000003223e-04 6.400000000000034015e-07 4.665600000000000324e-04 1.936000000000001115e-05 1.338742500000000000e+06 1.389397000000000000e+06
1.000000000000000000e+00 -3.180000000000000188e-02 -4.647999999999999909e-01 -1.565000000000000002e-01 3.479999999999999760e-02 9.859999999999999321e-02 2.210000000000000159e-02 5.000000000000004441e-04 -4.317999999999999616e-01 -2.829999999999999183e-02 1.199999999999999678e-03 4.349999999999999006e-02 -4.100000000000000172e-02 1.011240000000000056e-03 2.160390399999999878e-01 2.449225000000000013e-02 1.211039999999999816e-03 9.721959999999998242e-03 4.884100000000001027e-04 2.500000000000004651e-07 1.864512399999999626e-01 8.008899999999995233e-04 1.439999999999999130e-06 1.892249999999999184e-03 1.681000000000000202e-03 1.341082250000000000e+06 1.390264500000000000e+06
1.000000000000000000e+00 -2.380000000000000171e-02 -3.241999999999999882e-01 -7.230000000000000315e-02 3.599999999999999728e-02 6.619999999999999496e-02 3.119999999999999857e-02 8.000000000000000167e-03 1.406000000000000028e-01 8.419999999999999707e-02 1.199999999999999678e-03 -3.239999999999999825e-02 9.099999999999996980e-03 5.664400000000000858e-04 1.051056399999999863e-01 5.227290000000000755e-03 1.295999999999999843e-03 4.382439999999999600e-03 9.734399999999998956e-04 6.399999999999999710e-05 1.976836000000000218e-02 7.089639999999999484e-03 1.439999999999999130e-06 1.049759999999999843e-03 8.280999999999994745e-05 1.338331250000000000e+06 1.386471625000000000e+06
1.000000000000000000e+00 -2.069999999999999965e-02 -3.039999999999999994e-02 -6.900000000000000577e-02 4.730000000000000177e-02 6.700000000000000226e-03 3.459999999999999881e-02 3.100000000000002059e-03 2.938000000000000056e-01 3.299999999999997380e-03 1.130000000000000449e-02 -5.949999999999999734e-02 3.400000000000000244e-03 4.284900000000000124e-04 9.241600000000000422e-04 4.761000000000000475e-03 2.237290000000000285e-03 4.489000000000000558e-05 1.197159999999999848e-03 9.610000000000013022e-06 8.631844000000001016e-02 1.088999999999998213e-05 1.276900000000001005e-04 3.540249999999999560e-03 1.156000000000000113e-05 1.339704250000000000e+06 1.386443125000000000e+06
1.000000000000000000e+00 -6.999999999999999929e-04 -2.610000000000000167e-02 -7.920000000000000651e-02 4.599999999999999922e-03 6.850000000000000533e-02 4.209999999999999853e-02 2.000000000000000042e-02 4.299999999999998268e-03 -1.020000000000000073e-02 -4.270000000000000184e-02 6.180000000000000770e-02 7.499999999999999722e-03 4.899999999999999672e-07 6.812100000000001271e-04 6.272640000000001201e-03 2.116000000000000069e-05 4.692250000000001108e-03 1.772409999999999871e-03 4.000000000000000192e-04 1.848999999999998391e-05 1.040400000000000135e-04 1.823290000000000197e-03 3.819240000000001089e-03 5.624999999999999846e-05 1.340950000000000000e+06 1.389205000000000000e+06
1.000000000000000000e+00 2.299999999999999961e-03 -4.158000000000000029e-01 -1.272000000000000075e-01 2.359999999999999945e-02 -1.129999999999999928e-02 4.979999999999999705e-02 3.000000000000000062e-03 -3.896999999999999909e-01 -4.800000000000000100e-02 1.899999999999999953e-02 -7.980000000000000981e-02 7.699999999999998512e-03 5.290000000000000174e-06 1.728896400000000111e-01 1.617984000000000089e-02 5.569600000000000072e-04 1.276899999999999921e-04 2.480039999999999762e-03 9.000000000000000228e-06 1.518660899999999814e-01 2.304000000000000058e-03 3.609999999999999928e-04 6.368040000000001893e-03 5.928999999999997613e-05 1.339503125000000000e+06 1.389058375000000000e+06
1.000000000000000000e+00 -9.599999999999999159e-03 -3.442000000000000060e-01 -8.699999999999999400e-02 1.700000000000000122e-02 4.240000000000000019e-02 5.419999999999999818e-02 -1.189999999999999912e-02 7.159999999999999698e-02 4.020000000000001350e-02 -6.599999999999998229e-03 5.369999999999999774e-02 4.400000000000001132e-03 9.215999999999998499e-05 1.184736400000000051e-01 7.568999999999999340e-03 2.890000000000000316e-04 1.797760000000000026e-03 2.937639999999999609e-03 1.416099999999999672e-04 5.126559999999999624e-03 1.616040000000001095e-03 4.355999999999997596e-05 2.883689999999999951e-03 1.936000000000001115e-05 1.339723375000000000e+06 1.390318000000000000e+06
1.000000000000000000e+00 -1.370000000000000037e-02 -1.269999999999999948e-02 -2.149999999999999828e-02 1.000000000000000021e-02 -3.230000000000000232e-02 6.219999999999999835e-02 -4.100000000000001213e-03 3.315000000000000169e-01 6.550000000000000266e-02 -7.000000000000001013e-03 -7.470000000000000251e-02 8.000000000000000167e-03 1.876900000000000139e-04 1.612899999999999957e-04 4.622499999999999331e-04 1.000000000000000048e-04 1.043290000000000103e-03 3.868839999999999692e-03 1.681000000000001016e-05 1.098922500000000108e-01 4.290250000000000660e-03 4.900000000000001197e-05 5.580090000000000224e-03 6.399999999999999710e-05 1.340974125000000000e+06 1.391537000000000000e+06
1.000000000000000000e+00 -1.729999999999999941e-02 -1.474999999999999922e-01 -1.190999999999999975e-01 1.959999999999999937e-02 4.200000000000000261e-02 5.149999999999999717e-02 -3.599999999999999034e-03 -1.348000000000000032e-01 -9.759999999999999232e-02 9.599999999999999159e-03 7.430000000000000493e-02 -1.070000000000000118e-02 2.992899999999999619e-04 2.175624999999999781e-02 1.418480999999999909e-02 3.841599999999999811e-04 1.764000000000000160e-03 2.652249999999999660e-03 1.295999999999999281e-05 1.817103999999999941e-02 9.525759999999997701e-03 9.215999999999998499e-05 5.520490000000001160e-03 1.144900000000000236e-04 1.340084625000000000e+06 1.394293500000000000e+06
1.000000000000000000e+00 3.599999999999999901e-03 -3.523000000000000020e-01 -9.279999999999999361e-02 1.919999999999999832e-02 5.720000000000000084e-02 1.519999999999999997e-02 2.089999999999999844e-02 -2.048000000000000098e-01 2.630000000000000393e-02 -4.000000000000010492e-04 1.519999999999999823e-02 -3.629999999999999893e-02 1.295999999999999958e-05 1.241152900000000031e-01 8.611839999999999079e-03 3.686399999999999400e-04 3.271840000000000252e-03 2.310400000000000106e-04 4.368099999999999327e-04 4.194304000000000088e-02 6.916900000000002300e-04 1.600000000000008504e-07 2.310399999999999563e-04 1.317689999999999834e-03 1.339844750000000000e+06 1.390613500000000000e+06
1.000000000000000000e+00 -2.220000000000000098e-02 -3.528000000000000025e-01 -8.300000000000000433e-02 4.499999999999999660e-03 8.949999999999999623e-02 6.360000000000000375e-02 -2.580000000000000002e-02 -5.000000000000004441e-04 9.799999999999989275e-03 -1.469999999999999779e-02 3.229999999999999538e-02 4.840000000000000552e-02 4.928400000000000315e-04 1.244678399999999963e-01 6.889000000000001026e-03 2.024999999999999755e-05 8.010250000000000009e-03 4.044960000000000222e-03 6.656400000000000034e-04 2.500000000000004651e-07 9.603999999999979198e-05 2.160899999999999453e-04 1.043289999999999669e-03 2.342560000000000475e-03 1.337877875000000000e+06 1.390031375000000000e+06
1.000000000000000000e+00 -6.410000000000000420e-02 -3.890000000000000124e-01 -1.207000000000000017e-01 9.199999999999999845e-03 1.173000000000000015e-01 3.130000000000000143e-02 -4.190000000000000668e-02 -3.620000000000000995e-02 -3.769999999999999740e-02 4.700000000000000185e-03 2.780000000000000526e-02 -3.230000000000000232e-02 4.108810000000000934e-03 1.513210000000000111e-01 1.456848999999999991e-02 8.464000000000000278e-05 1.375929000000000041e-02 9.796900000000000747e-04 1.755610000000000547e-03 1.310440000000000823e-03 1.421289999999999750e-03 2.209000000000000026e-05 7.728400000000003323e-04 1.043290000000000103e-03 1.337531000000000000e+06 1.387794625000000000e+06
1.000000000000000000e+00 -2.110000000000000070e-02 -2.741999999999999993e-01 -1.087999999999999939e-01 7.199999999999999803e-03 5.820000000000000173e-02 3.440000000000000002e-02 4.300000000000000350e-02 1.148000000000000131e-01 1.190000000000000779e-02 -2.000000000000000042e-03 -5.909999999999999976e-02 3.099999999999998590e-03 4.452100000000000285e-04 7.518563999999999803e-02 1.183743999999999942e-02 5.183999999999999833e-05 3.387240000000000129e-03 1.183360000000000054e-03 1.849000000000000383e-03 1.317904000000000297e-02 1.416100000000001841e-04 3.999999999999999819e-06 3.492809999999999838e-03 9.609999999999991000e-06 1.336902250000000000e+06 1.385402625000000000e+06
1.000000000000000000e+00 -8.200000000000000344e-02 6.690000000000000113e-02 -1.136999999999999955e-01 3.099999999999999891e-03 5.340000000000000302e-02 3.470000000000000168e-02 -6.090000000000000274e-02 3.411000000000000143e-01 -4.900000000000001577e-03 -4.099999999999999478e-03 -4.799999999999998712e-03 3.000000000000016542e-04 6.724000000000000810e-03 4.475610000000000525e-03 1.292768999999999863e-02 9.609999999999999470e-06 2.851560000000000379e-03 1.204090000000000108e-03 3.708810000000000318e-03 1.163492100000000085e-01 2.401000000000001576e-05 1.680999999999999660e-05 2.303999999999998608e-05 9.000000000000099119e-08 1.340878000000000000e+06 1.390792875000000000e+06
1.000000000000000000e+00 -3.679999999999999938e-02 -1.789999999999999925e-02 -1.293999999999999873e-01 -7.199999999999999803e-03 5.170000000000000290e-02 3.280000000000000276e-02 4.520000000000000406e-02 -8.480000000000000038e-02 -1.569999999999999174e-02 -1.030000000000000013e-02 -1.700000000000000122e-03 -1.899999999999998912e-03 1.354240000000000044e-03 3.204099999999999765e-04 1.674435999999999633e-02 5.183999999999999833e-05 2.672890000000000248e-03 1.075840000000000216e-03 2.043040000000000307e-03 7.191040000000000106e-03 2.464899999999997627e-04 1.060900000000000092e-04 2.890000000000000282e-06 3.609999999999995930e-06 1.340031875000000000e+06 1.388143625000000000e+06
1.000000000000000000e+00 -9.349999999999999978e-02 -1.351999999999999869e-01 -1.317000000000000115e-01 -6.899999999999999883e-03 7.530000000000000582e-02 1.689999999999999836e-02 -5.670000000000000040e-02 -1.172999999999999876e-01 -2.300000000000024247e-03 2.999999999999999195e-04 2.360000000000000292e-02 -1.590000000000000441e-02 8.742250000000000021e-03 1.827903999999999640e-02 1.734489000000000170e-02 4.760999999999999987e-05 5.670090000000000893e-03 2.856099999999999438e-04 3.214890000000000195e-03 1.375928999999999694e-02 5.290000000000111135e-06 8.999999999999994563e-08 5.569600000000001156e-04 2.528100000000001223e-04 1.337887750000000000e+06 1.388997625000000000e+06
1.000000000000000000e+00 -4.240000000000000019e-02 -3.430000000000000271e-01 -9.189999999999999558e-02 -4.100000000000000346e-03 6.880000000000000004e-02 2.520000000000000018e-02 5.109999999999999959e-02 -2.078000000000000402e-01 3.980000000000001592e-02 2.799999999999999538e-03 -6.500000000000005773e-03 8.300000000000001821e-03 1.797760000000000026e-03 1.176490000000000175e-01 8.445609999999999229e-03 1.681000000000000338e-05 4.733440000000000217e-03 6.350400000000000185e-04 2.611210000000000094e-03 4.318084000000001893e-02 1.584040000000001185e-03 7.839999999999997782e-06 4.225000000000007829e-05 6.889000000000002652e-05 1.338942125000000000e+06 1.390138125000000000e+06
1.000000000000000000e+00 -3.009999999999999828e-02 -4.329999999999999960e-01 -1.067000000000000032e-01 1.230000000000000017e-02 7.929999999999999549e-02 4.030000000000000249e-02 1.230000000000000190e-02 -8.999999999999996891e-02 -1.480000000000000759e-02 1.640000000000000138e-02 1.049999999999999545e-02 1.510000000000000231e-02 9.060099999999998450e-04 1.874889999999999890e-01 1.138488999999999994e-02 1.512899999999999965e-04 6.288489999999999011e-03 1.624090000000000126e-03 1.512900000000000507e-04 8.099999999999994357e-03 2.190400000000002339e-04 2.689600000000000541e-04 1.102499999999999016e-04 2.280100000000000616e-04 1.340910125000000000e+06 1.395974750000000000e+06
1.000000000000000000e+00 -2.800000000000000058e-02 -1.391000000000000014e-01 -1.063999999999999946e-01 2.799999999999999972e-03 1.072000000000000036e-01 3.780000000000000027e-02 2.099999999999997702e-03 2.938999999999999946e-01 3.000000000000085931e-04 -9.499999999999999764e-03 2.790000000000000813e-02 -2.500000000000002220e-03 7.840000000000000831e-04 1.934881000000000101e-02 1.132095999999999970e-02 7.839999999999999476e-06 1.149184000000000143e-02 1.428840000000000015e-03 4.409999999999989964e-06 8.637720999999999594e-02 9.000000000000516018e-08 9.024999999999999819e-05 7.784100000000004297e-04 6.250000000000011311e-06 1.343488000000000000e+06 1.395857375000000000e+06
1.000000000000000000e+00 -2.570000000000000062e-02 -1.015999999999999959e-01 -1.151999999999999968e-01 7.700000000000000247e-03 7.989999999999999880e-02 4.630000000000000088e-02 2.299999999999999961e-03 3.750000000000000555e-02 -8.800000000000002265e-03 4.899999999999999842e-03 -2.730000000000000482e-02 8.500000000000000611e-03 6.604900000000000137e-04 1.032255999999999972e-02 1.327103999999999957e-02 5.929000000000000324e-05 6.384009999999999858e-03 2.143690000000000179e-03 5.290000000000000174e-06 1.406250000000000382e-03 7.744000000000004461e-05 2.400999999999999882e-05 7.452900000000002318e-04 7.225000000000000790e-05 1.341364125000000000e+06 1.394141875000000000e+06
1.000000000000000000e+00 -1.899999999999999953e-02 -1.532000000000000028e-01 -1.171999999999999986e-01 1.299999999999999940e-02 1.078000000000000069e-01 4.580000000000000043e-02 6.700000000000001094e-03 -5.160000000000000697e-02 -2.000000000000001776e-03 5.299999999999999156e-03 2.790000000000000813e-02 -5.000000000000004441e-04 3.609999999999999928e-04 2.347023999999999985e-02 1.373583999999999916e-02 1.689999999999999879e-04 1.162084000000000207e-02 2.097640000000000008e-03 4.489000000000001236e-05 2.662560000000000881e-03 4.000000000000007442e-06 2.808999999999999025e-05 7.784100000000004297e-04 2.500000000000004651e-07 1.340234000000000000e+06 1.389971500000000000e+06
1.000000000000000000e+00 -1.319999999999999993e-02 -3.176999999999999824e-01 -1.411000000000000032e-01 3.989999999999999797e-02 1.140999999999999931e-01 6.279999999999999472e-02 5.799999999999999600e-03 -1.644999999999999796e-01 -2.390000000000000457e-02 2.690000000000000030e-02 6.299999999999986167e-03 1.699999999999999428e-02 1.742399999999999852e-04 1.009332899999999950e-01 1.990921000000000010e-02 1.592009999999999823e-03 1.301880999999999872e-02 3.943839999999999672e-03 3.363999999999999640e-05 2.706024999999999403e-02 5.712100000000002722e-04 7.236099999999999650e-04 3.968999999999982498e-05 2.889999999999998148e-04 1.339349750000000000e+06 1.392526375000000000e+06
1.000000000000000000e+00 -1.689999999999999836e-02 -3.557000000000000162e-01 -1.262000000000000066e-01 3.989999999999999797e-02 3.309999999999999748e-02 7.439999999999999392e-02 -3.699999999999998429e-03 -3.800000000000003375e-02 1.489999999999999658e-02 0.000000000000000000e+00 -8.099999999999998868e-02 1.159999999999999920e-02 2.856099999999999438e-04 1.265224900000000152e-01 1.592644000000000004e-02 1.592009999999999823e-03 1.095609999999999900e-03 5.535359999999998719e-03 1.368999999999998921e-05 1.444000000000002573e-03 2.220099999999998886e-04 0.000000000000000000e+00 6.560999999999998257e-03 1.345599999999999856e-04 1.339774250000000000e+06 1.390839500000000000e+06
1.000000000000000000e+00 2.000000000000000042e-03 -1.557999999999999940e-01 -3.420000000000000123e-02 -9.900000000000000813e-03 4.130000000000000338e-02 5.079999999999999793e-02 1.890000000000000013e-02 1.999000000000000221e-01 9.199999999999999845e-02 -4.979999999999999705e-02 8.200000000000005895e-03 -2.359999999999999598e-02 3.999999999999999819e-06 2.427363999999999911e-02 1.169640000000000003e-03 9.801000000000001876e-05 1.705690000000000374e-03 2.580639999999999930e-03 3.572100000000000036e-04 3.996001000000001108e-02 8.463999999999999302e-03 2.480039999999999762e-03 6.724000000000009483e-05 5.569599999999997903e-04 1.341461125000000000e+06 1.390619250000000000e+06
1.000000000000000000e+00 1.370000000000000037e-02 -7.439999999999999392e-02 -3.810000000000000192e-02 -3.099999999999999891e-03 5.999999999999999778e-02 4.440000000000000197e-02 1.170000000000000033e-02 8.140000000000000013e-02 -3.900000000000000688e-03 6.800000000000000488e-03 1.869999999999999440e-02 -6.399999999999995970e-03 1.876900000000000139e-04 5.535359999999998719e-03 1.451610000000000096e-03 9.609999999999999470e-06 3.599999999999999901e-03 1.971360000000000126e-03 1.368899999999999989e-04 6.625960000000000183e-03 1.521000000000000515e-05 4.624000000000000451e-05 3.496899999999997775e-04 4.095999999999994665e-05 1.339885250000000000e+06 1.390600125000000000e+06
1.000000000000000000e+00 1.310000000000000053e-02 -2.071000000000000063e-01 -4.460000000000000075e-02 5.300000000000000024e-03 4.739999999999999769e-02 5.249999999999999806e-02 -5.999999999999998390e-04 -1.327000000000000124e-01 -6.499999999999998834e-03 8.399999999999999481e-03 -1.260000000000000009e-02 8.099999999999996092e-03 1.716100000000000188e-04 4.289041000000000381e-02 1.989160000000000234e-03 2.809000000000000041e-05 2.246759999999999990e-03 2.756249999999999586e-03 3.599999999999997825e-07 1.760929000000000313e-02 4.224999999999998342e-05 7.055999999999998851e-05 1.587600000000000046e-04 6.560999999999993595e-05 1.339697250000000000e+06 1.390240375000000000e+06
1.000000000000000000e+00 -4.030000000000000249e-02 -4.818999999999999950e-01 -5.960000000000000020e-02 1.499999999999999944e-02 9.589999999999999913e-02 6.469999999999999363e-02 -5.340000000000000302e-02 -2.747999999999999887e-01 -1.499999999999999944e-02 9.700000000000000289e-03 4.850000000000000144e-02 1.219999999999999557e-02 1.624090000000000126e-03 2.322276100000000010e-01 3.552159999999999953e-03 2.249999999999999938e-04 9.196809999999999707e-03 4.186089999999999083e-03 2.851560000000000379e-03 7.551503999999999162e-02 2.249999999999999938e-04 9.409000000000000208e-05 2.352250000000000174e-03 1.488399999999998828e-04 1.340390000000000000e+06 1.392564625000000000e+06
1.000000000000000000e+00 -3.090000000000000038e-02 -3.387000000000000011e-01 -6.600000000000000311e-02 1.859999999999999848e-02 8.530000000000000082e-02 7.649999999999999856e-02 9.400000000000002104e-03 1.431999999999999940e-01 -6.400000000000002909e-03 3.599999999999999034e-03 -1.059999999999999831e-02 1.180000000000000493e-02 9.548100000000000554e-04 1.147176899999999972e-01 4.356000000000000497e-03 3.459599999999999199e-04 7.276089999999999815e-03 5.852249999999999813e-03 8.836000000000004170e-05 2.050623999999999850e-02 4.096000000000003474e-05 1.295999999999999281e-05 1.123599999999999610e-04 1.392400000000001102e-04 1.338755750000000000e+06 1.391417375000000000e+06
1.000000000000000000e+00 -1.100000000000000066e-03 -5.410000000000000225e-02 -8.640000000000000457e-02 5.909999999999999976e-02 4.300000000000000003e-03 6.270000000000000573e-02 2.980000000000000010e-02 2.846000000000000196e-01 -2.040000000000000147e-02 4.050000000000000128e-02 -8.100000000000000255e-02 -1.379999999999999283e-02 1.210000000000000062e-06 2.926810000000000175e-03 7.464960000000000519e-03 3.492809999999999838e-03 1.849000000000000085e-05 3.931290000000000479e-03 8.880399999999999882e-04 8.099716000000001248e-02 4.161600000000000542e-04 1.640249999999999998e-03 6.560999999999999992e-03 1.904399999999998097e-04 1.342112750000000000e+06 1.394344625000000000e+06
1.000000000000000000e+00 2.469999999999999973e-02 6.560000000000000553e-02 -1.066000000000000003e-01 8.649999999999999356e-02 2.809999999999999998e-02 8.129999999999999727e-02 2.580000000000000002e-02 1.197000000000000008e-01 -2.019999999999999574e-02 2.739999999999999380e-02 2.380000000000000171e-02 1.859999999999999154e-02 6.100899999999999813e-04 4.303360000000000865e-03 1.136355999999999998e-02 7.482249999999999318e-03 7.896100000000000514e-04 6.609689999999999663e-03 6.656400000000000034e-04 1.432808999999999992e-02 4.080399999999998134e-04 7.507599999999996221e-04 5.664400000000000858e-04 3.459599999999997031e-04 1.341992250000000000e+06 1.395575750000000000e+06
1.000000000000000000e+00 7.420000000000000207e-02 -2.503000000000000225e-01 -1.242999999999999938e-01 5.360000000000000181e-02 2.809999999999999998e-02 4.649999999999999967e-02 4.950000000000000233e-02 -3.159000000000000141e-01 -1.769999999999999352e-02 -3.289999999999999175e-02 0.000000000000000000e+00 -3.479999999999999760e-02 5.505640000000000013e-03 6.265009000000000550e-02 1.545048999999999902e-02 2.872960000000000357e-03 7.896100000000000514e-04 2.162250000000000109e-03 2.450250000000000171e-03 9.979281000000000956e-02 3.132899999999997601e-04 1.082409999999999362e-03 0.000000000000000000e+00 1.211039999999999816e-03 1.341383375000000000e+06 1.394524750000000000e+06
1.000000000000000000e+00 1.220000000000000077e-02 -4.073999999999999844e-01 -1.529999999999999971e-01 7.739999999999999658e-02 9.959999999999999409e-02 7.009999999999999565e-02 -6.199999999999999956e-02 -1.570999999999999619e-01 -2.870000000000000329e-02 2.379999999999999477e-02 7.149999999999999412e-02 2.359999999999999598e-02 1.488400000000000183e-04 1.659747599999999990e-01 2.340899999999999925e-02 5.990759999999999488e-03 9.920159999999999048e-03 4.914009999999999039e-03 3.843999999999999761e-03 2.468040999999998944e-02 8.236900000000001859e-04 5.664399999999997605e-04 5.112249999999998740e-03 5.569599999999997903e-04 1.340442625000000000e+06 1.391450875000000000e+06
1.000000000000000000e+00 9.199999999999999845e-03 -3.220999999999999974e-01 -2.651999999999999913e-01 -2.419999999999999929e-02 3.096999999999999753e-01 1.280999999999999917e-01 -3.000000000000000930e-03 8.529999999999998694e-02 -1.121999999999999942e-01 -1.015999999999999959e-01 2.100999999999999812e-01 5.799999999999999600e-02 8.464000000000000278e-05 1.037484099999999992e-01 7.033103999999999745e-02 5.856400000000000104e-04 9.591408999999997964e-02 1.640960999999999809e-02 9.000000000000005310e-06 7.276089999999998080e-03 1.258883999999999871e-02 1.032255999999999972e-02 4.414200999999999542e-02 3.363999999999999369e-03 1.342802125000000000e+06 1.393745875000000000e+06
1.000000000000000000e+00 9.199999999999999845e-03 -4.587999999999999856e-01 -2.061999999999999944e-01 3.620000000000000301e-02 2.916000000000000258e-01 1.043000000000000038e-01 0.000000000000000000e+00 -1.366999999999999882e-01 5.899999999999999689e-02 6.040000000000000230e-02 -1.809999999999994946e-02 -2.379999999999998783e-02 8.464000000000000278e-05 2.104974399999999801e-01 4.251843999999999762e-02 1.310440000000000172e-03 8.503056000000001891e-02 1.087849000000000108e-02 0.000000000000000000e+00 1.868688999999999767e-02 3.480999999999999719e-03 3.648160000000000118e-03 3.276099999999981457e-04 5.664399999999994353e-04 1.344915750000000000e+06 1.396224125000000000e+06
1.000000000000000000e+00 2.970000000000000070e-02 -1.034999999999999948e-01 -2.639999999999999986e-02 5.140000000000000124e-02 7.900000000000000078e-02 7.270000000000000073e-02 2.050000000000000086e-02 3.553000000000000047e-01 1.797999999999999876e-01 1.519999999999999823e-02 -2.126000000000000112e-01 -3.160000000000000309e-02 8.820900000000000876e-04 1.071224999999999955e-02 6.969599999999999407e-04 2.641960000000000055e-03 6.241000000000000020e-03 5.285289999999999780e-03 4.202500000000000506e-04 1.262380899999999972e-01 3.232803999999999539e-02 2.310399999999999563e-04 4.519876000000000449e-02 9.985600000000001159e-04 1.340832625000000000e+06 1.389557000000000000e+06
1.000000000000000000e+00 -2.060000000000000026e-02 -6.010000000000000064e-02 0.000000000000000000e+00 6.999999999999999929e-04 -5.400000000000000286e-03 5.909999999999999976e-02 -5.029999999999999749e-02 4.339999999999999414e-02 2.639999999999999986e-02 -5.070000000000000201e-02 -8.440000000000000280e-02 -1.360000000000000098e-02 4.243600000000000367e-04 3.612010000000000134e-03 0.000000000000000000e+00 4.899999999999999672e-07 2.916000000000000203e-05 3.492809999999999838e-03 2.530089999999999596e-03 1.883559999999999401e-03 6.969599999999999407e-04 2.570490000000000361e-03 7.123360000000000455e-03 1.849600000000000181e-04 1.340623000000000000e+06 1.387529875000000000e+06
1.000000000000000000e+00 9.599999999999999159e-03 -4.637999999999999901e-01 -5.260000000000000092e-02 1.980000000000000163e-02 5.199999999999999761e-02 3.289999999999999869e-02 3.019999999999999768e-02 -4.037000000000000033e-01 -5.260000000000000092e-02 1.910000000000000239e-02 5.739999999999999963e-02 -2.620000000000000107e-02 9.215999999999998499e-05 2.151104399999999861e-01 2.766760000000000053e-03 3.920400000000000751e-04 2.703999999999999806e-03 1.082410000000000013e-03 9.120399999999998127e-04 1.629736900000000044e-01 2.766760000000000053e-03 3.648100000000000800e-04 3.294759999999999876e-03 6.864400000000000753e-04 1.340973500000000000e+06 1.390618875000000000e+06
1.000000000000000000e+00 9.700000000000000289e-03 -5.694000000000000172e-01 -6.140000000000000319e-02 2.139999999999999888e-02 2.649999999999999925e-02 5.949999999999999734e-02 1.000000000000011297e-04 -1.056000000000000272e-01 -8.800000000000002265e-03 1.599999999999997258e-03 -2.549999999999999836e-02 2.659999999999999865e-02 9.409000000000000208e-05 3.242163600000000367e-01 3.769960000000000585e-03 4.579599999999999318e-04 7.022499999999999663e-04 3.540249999999999560e-03 1.000000000000022520e-08 1.115136000000000599e-02 7.744000000000004461e-05 2.559999999999991160e-06 6.502499999999998949e-04 7.075599999999999815e-04 1.344172875000000000e+06 1.397803000000000000e+06
1.000000000000000000e+00 -2.000000000000000042e-02 -5.040000000000000036e-02 -2.210000000000000159e-02 3.070000000000000159e-02 6.300000000000000044e-02 3.309999999999999748e-02 -2.970000000000000070e-02 5.190000000000000169e-01 3.930000000000000160e-02 9.300000000000002709e-03 3.650000000000000466e-02 -2.639999999999999986e-02 4.000000000000000192e-04 2.540160000000000074e-03 4.884100000000001027e-04 9.424900000000001462e-04 3.969000000000000306e-03 1.095609999999999900e-03 8.820900000000000876e-04 2.693610000000000171e-01 1.544490000000000142e-03 8.649000000000004774e-05 1.332250000000000318e-03 6.969599999999999407e-04 1.343193375000000000e+06 1.396078625000000000e+06
1.000000000000000000e+00 -1.580000000000000154e-02 1.589000000000000135e-01 -2.860000000000000042e-02 8.089999999999999969e-02 -5.500000000000000028e-02 7.910000000000000364e-02 4.199999999999998873e-03 2.093000000000000138e-01 -6.499999999999998834e-03 5.019999999999999463e-02 -1.179999999999999938e-01 4.600000000000000616e-02 2.496400000000000290e-04 2.524921000000000457e-02 8.179600000000000629e-04 6.544809999999999864e-03 3.024999999999999911e-03 6.256810000000000670e-03 1.763999999999999035e-05 4.380649000000000348e-02 4.224999999999998342e-05 2.520039999999999433e-03 1.392399999999999888e-02 2.116000000000000693e-03 1.345087500000000000e+06 1.395547375000000000e+06
1.000000000000000000e+00 -3.200000000000000153e-03 -1.973000000000000032e-01 -8.559999999999999554e-02 1.038000000000000034e-01 -6.640000000000000069e-02 4.649999999999999967e-02 1.260000000000000182e-02 -3.562000000000000166e-01 -5.699999999999999512e-02 2.290000000000000369e-02 -1.140000000000000041e-02 -3.260000000000000397e-02 1.024000000000000021e-05 3.892729000000000328e-02 7.327359999999998909e-03 1.077444000000000145e-02 4.408959999999999962e-03 2.162250000000000109e-03 1.587600000000000588e-04 1.268784400000000090e-01 3.248999999999999284e-03 5.244100000000002188e-04 1.299600000000000093e-04 1.062760000000000267e-03 1.340809375000000000e+06 1.392097250000000000e+06
1.000000000000000000e+00 -2.330000000000000127e-02 -2.114999999999999936e-01 -8.840000000000000635e-02 -3.549999999999999684e-02 -1.810000000000000150e-02 4.179999999999999688e-02 -2.009999999999999981e-02 -1.419999999999999041e-02 -2.800000000000010814e-03 -1.393000000000000071e-01 4.829999999999999571e-02 -4.700000000000002787e-03 5.428900000000000826e-04 4.473224999999999424e-02 7.814560000000001644e-03 1.260249999999999869e-03 3.276100000000000431e-04 1.747239999999999731e-03 4.040100000000000028e-04 2.016399999999997296e-04 7.840000000000060462e-06 1.940449000000000340e-02 2.332889999999999790e-03 2.209000000000002737e-05 1.343542625000000000e+06 1.393559500000000000e+06
1.000000000000000000e+00 -3.320000000000000034e-02 -2.620000000000000107e-01 -8.060000000000000497e-02 -3.729999999999999982e-02 7.589999999999999525e-02 3.810000000000000192e-02 -9.899999999999999079e-03 -5.050000000000001710e-02 7.800000000000001377e-03 -1.800000000000002986e-03 9.400000000000000022e-02 -3.699999999999994960e-03 1.102239999999999991e-03 6.864400000000001056e-02 6.496360000000000502e-03 1.391289999999999888e-03 5.760809999999999022e-03 1.451610000000000096e-03 9.800999999999997811e-05 2.550250000000001734e-03 6.084000000000002058e-05 3.240000000000010907e-06 8.836000000000000104e-03 1.368999999999996210e-05 1.342450250000000000e+06 1.395059125000000000e+06
1.000000000000000000e+00 -3.919999999999999873e-02 -3.240999999999999992e-01 -6.959999999999999520e-02 -4.279999999999999777e-02 2.719999999999999848e-02 3.670000000000000345e-02 -5.999999999999998390e-03 -6.209999999999998854e-02 1.100000000000000977e-02 -5.499999999999997946e-03 -4.869999999999999329e-02 -1.399999999999998468e-03 1.536639999999999924e-03 1.050408099999999983e-01 4.844159999999999265e-03 1.831839999999999727e-03 7.398399999999999638e-04 1.346890000000000327e-03 3.599999999999998058e-05 3.856409999999998485e-03 1.210000000000002171e-04 3.024999999999997634e-05 2.371689999999999215e-03 1.959999999999995634e-06 1.341182250000000000e+06 1.393568500000000000e+06
1.000000000000000000e+00 -3.889999999999999708e-02 -4.128000000000000003e-01 -8.780000000000000304e-02 -4.170000000000000095e-02 7.789999999999999702e-02 2.630000000000000046e-02 3.000000000000016542e-04 -8.870000000000000107e-02 -1.820000000000000784e-02 1.099999999999996814e-03 5.069999999999999507e-02 -1.040000000000000299e-02 1.513209999999999859e-03 1.704038400000000009e-01 7.708840000000000657e-03 1.738890000000000097e-03 6.068409999999999777e-03 6.916900000000000132e-04 9.000000000000099119e-08 7.867690000000000100e-03 3.312400000000002777e-04 1.209999999999993074e-06 2.570489999999999494e-03 1.081600000000000622e-04 1.342590500000000000e+06 1.394669000000000000e+06
1.000000000000000000e+00 -4.649999999999999967e-02 -2.174000000000000099e-01 -8.820000000000000062e-02 -4.379999999999999866e-02 6.400000000000000307e-03 3.559999999999999970e-02 -7.600000000000002587e-03 1.953999999999999904e-01 -3.999999999999975797e-04 -2.099999999999997702e-03 -7.149999999999999412e-02 9.299999999999999239e-03 2.162250000000000109e-03 4.726276000000000088e-02 7.779239999999999766e-03 1.918439999999999989e-03 4.096000000000000086e-05 1.267359999999999928e-03 5.776000000000003652e-05 3.818115999999999871e-02 1.599999999999980711e-07 4.409999999999989964e-06 5.112249999999998740e-03 8.648999999999997998e-05 1.342364000000000000e+06 1.391578000000000000e+06
1.000000000000000000e+00 -5.020000000000000157e-02 2.450000000000000094e-02 -1.010999999999999954e-01 -2.759999999999999953e-02 3.230000000000000232e-02 3.500000000000000333e-02 -3.700000000000001898e-03 2.419000000000000039e-01 -1.289999999999999480e-02 1.619999999999999912e-02 2.590000000000000288e-02 -5.999999999999963696e-04 2.520040000000000301e-03 6.002500000000000890e-04 1.022120999999999967e-02 7.617599999999999979e-04 1.043290000000000103e-03 1.225000000000000177e-03 1.369000000000001462e-05 5.851561000000000262e-02 1.664099999999998653e-04 2.624399999999999606e-04 6.708100000000001995e-04 3.599999999999956533e-07 1.341867750000000000e+06 1.393135875000000000e+06
1.000000000000000000e+00 -4.700000000000000011e-02 -1.202000000000000013e-01 -1.444999999999999896e-01 -1.260000000000000009e-02 -2.069999999999999965e-02 4.200000000000000261e-02 3.200000000000001454e-03 -1.446999999999999953e-01 -4.339999999999999414e-02 1.499999999999999944e-02 -5.300000000000000544e-02 6.999999999999999278e-03 2.209000000000000026e-03 1.444804000000000054e-02 2.088024999999999604e-02 1.587600000000000046e-04 4.284900000000000124e-04 1.764000000000000160e-03 1.024000000000000868e-05 2.093808999999999948e-02 1.883559999999999401e-03 2.249999999999999938e-04 2.809000000000000732e-03 4.899999999999999164e-05 1.340606625000000000e+06 1.391293375000000000e+06
1.000000000000000000e+00 -4.220000000000000140e-02 -3.704000000000000070e-01 -1.613999999999999879e-01 6.199999999999999782e-03 4.479999999999999954e-02 6.410000000000000420e-02 4.799999999999998712e-03 -2.501999999999999780e-01 -1.689999999999999836e-02 1.880000000000000074e-02 6.550000000000000266e-02 2.210000000000000159e-02 1.780840000000000114e-03 1.371961600000000114e-01 2.604995999999999701e-02 3.843999999999999788e-05 2.007039999999999866e-03 4.108810000000000934e-03 2.303999999999998608e-05 6.260003999999999569e-02 2.856099999999999438e-04 3.534400000000000042e-04 4.290250000000000660e-03 4.884100000000001027e-04 1.340572125000000000e+06 1.391031375000000000e+06
1.000000000000000000e+00 -4.619999999999999801e-02 -2.056999999999999940e-01 -7.249999999999999500e-02 -9.199999999999999845e-03 6.049999999999999822e-02 7.290000000000000646e-02 -3.999999999999996614e-03 1.647000000000000131e-01 8.889999999999999292e-02 -1.540000000000000049e-02 1.569999999999999868e-02 8.800000000000002265e-03 2.134439999999999601e-03 4.231248999999999427e-02 5.256249999999999638e-03 8.464000000000000278e-05 3.660249999999999875e-03 5.314410000000001182e-03 1.599999999999997217e-05 2.712609000000000548e-02 7.903209999999999055e-03 2.371600000000000129e-04 2.464899999999999795e-04 7.744000000000004461e-05 1.341206250000000000e+06 1.392060625000000000e+06
1.000000000000000000e+00 -9.799999999999999684e-03 -1.450000000000000074e-02 -6.350000000000000089e-02 2.920000000000000026e-02 2.390000000000000110e-02 6.180000000000000077e-02 3.640000000000000180e-02 1.911999999999999811e-01 8.999999999999994116e-03 3.840000000000000357e-02 -3.659999999999999365e-02 -1.110000000000000570e-02 9.603999999999999527e-05 2.102500000000000148e-04 4.032250000000000244e-03 8.526399999999999951e-04 5.712100000000000554e-04 3.819240000000000222e-03 1.324960000000000027e-03 3.655743999999998967e-02 8.099999999999989533e-05 1.474560000000000193e-03 1.339559999999999623e-03 1.232100000000001163e-04 1.343377250000000000e+06 1.393104750000000000e+06
1.000000000000000000e+00 -3.599999999999999728e-02 -1.817000000000000004e-01 -4.469999999999999668e-02 5.400000000000000286e-03 3.009999999999999828e-02 7.149999999999999412e-02 -2.619999999999999760e-02 -1.671999999999999875e-01 1.880000000000000421e-02 -2.380000000000000171e-02 6.199999999999997180e-03 9.699999999999993350e-03 1.295999999999999843e-03 3.301488999999999813e-02 1.998089999999999675e-03 2.916000000000000203e-05 9.060099999999998450e-04 5.112249999999998740e-03 6.864399999999998584e-04 2.795583999999999569e-02 3.534400000000001668e-04 5.664400000000000858e-04 3.843999999999996400e-05 9.408999999999986656e-05 1.340433500000000000e+06 1.389372125000000000e+06
1.000000000000000000e+00 -2.970000000000000070e-02 -3.220999999999999974e-01 -6.180000000000000077e-02 8.500000000000000611e-03 7.810000000000000275e-02 6.529999999999999694e-02 6.299999999999996575e-03 -1.403999999999999970e-01 -1.710000000000000409e-02 3.100000000000000325e-03 4.800000000000000100e-02 -6.199999999999997180e-03 8.820900000000000876e-04 1.037484099999999992e-01 3.819240000000000222e-03 7.225000000000000790e-05 6.099610000000000101e-03 4.264089999999999894e-03 3.968999999999995372e-05 1.971215999999999940e-02 2.924100000000001633e-04 9.610000000000002858e-06 2.304000000000000058e-03 3.843999999999996400e-05 1.340569125000000000e+06 1.390916625000000000e+06
1.000000000000000000e+00 -9.100000000000000450e-03 -2.888999999999999901e-01 -5.530000000000000193e-02 3.440000000000000002e-02 2.440000000000000155e-02 5.759999999999999842e-02 2.060000000000000026e-02 3.320000000000000728e-02 6.499999999999998834e-03 2.589999999999999941e-02 -5.369999999999999774e-02 -7.699999999999998512e-03 8.281000000000000166e-05 8.346320999999999601e-02 3.058090000000000287e-03 1.183360000000000054e-03 5.953600000000000732e-04 3.317759999999999893e-03 4.243600000000000367e-04 1.102240000000000424e-03 4.224999999999998342e-05 6.708099999999999827e-04 2.883689999999999951e-03 5.928999999999997613e-05 1.339222625000000000e+06 1.387784000000000000e+06
1.000000000000000000e+00 -3.219999999999999946e-02 -1.683999999999999941e-01 -7.689999999999999614e-02 3.099999999999999978e-02 -5.650000000000000161e-02 4.399999999999999745e-02 -2.309999999999999901e-02 1.204999999999999960e-01 -2.159999999999999420e-02 -3.400000000000000244e-03 -8.089999999999999969e-02 -1.360000000000000098e-02 1.036840000000000027e-03 2.835855999999999794e-02 5.913609999999999700e-03 9.609999999999999402e-04 3.192250000000000209e-03 1.935999999999999787e-03 5.336099999999999004e-04 1.452024999999999844e-02 4.665599999999997614e-04 1.156000000000000113e-05 6.544809999999999864e-03 1.849600000000000181e-04 1.339411875000000000e+06 1.386853000000000000e+06
1.000000000000000000e+00 -3.389999999999999958e-02 3.209999999999999659e-02 -9.940000000000000224e-02 -1.720000000000000001e-02 2.899999999999999800e-03 5.589999999999999830e-02 -1.700000000000000122e-03 2.004999999999999838e-01 -2.250000000000000611e-02 -4.819999999999999979e-02 5.940000000000000141e-02 1.190000000000000085e-02 1.149209999999999902e-03 1.030409999999999833e-03 9.880360000000001225e-03 2.958400000000000135e-04 8.409999999999999101e-06 3.124810000000000001e-03 2.890000000000000282e-06 4.020024999999999293e-02 5.062500000000002979e-04 2.323239999999999854e-03 3.528360000000000350e-03 1.416100000000000214e-04 1.338824125000000000e+06 1.387031125000000000e+06
1.000000000000000000e+00 -5.859999999999999931e-02 -3.474999999999999756e-01 -1.037000000000000005e-01 4.900000000000000189e-02 -1.290000000000000001e-02 5.929999999999999855e-02 -2.469999999999999973e-02 -3.795999999999999930e-01 -4.299999999999998268e-03 6.620000000000000884e-02 -1.580000000000000154e-02 3.400000000000000244e-03 3.433959999999999790e-03 1.207562499999999817e-01 1.075368999999999978e-02 2.401000000000000356e-03 1.664100000000000008e-04 3.516489999999999720e-03 6.100899999999999813e-04 1.440961600000000009e-01 1.848999999999998391e-05 4.382440000000001334e-03 2.496400000000000290e-04 1.156000000000000113e-05 1.340141250000000000e+06 1.388299375000000000e+06
1.000000000000000000e+00 -9.829999999999999849e-02 -2.982000000000000206e-01 -1.016999999999999987e-01 -7.069999999999999896e-02 -6.239999999999999714e-02 6.980000000000000093e-02 -3.969999999999999918e-02 4.929999999999995497e-02 2.000000000000001776e-03 -1.197000000000000008e-01 -4.949999999999999539e-02 1.050000000000000239e-02 9.662890000000000368e-03 8.892324000000001449e-02 1.034289000000000042e-02 4.998489999999999531e-03 3.893759999999999583e-03 4.872040000000000225e-03 1.576090000000000043e-03 2.430489999999995657e-03 4.000000000000007442e-06 1.432808999999999992e-02 2.450249999999999737e-03 1.102500000000000507e-04 1.341801625000000000e+06 1.385954000000000000e+06
1.000000000000000000e+00 -1.169000000000000039e-01 1.779999999999999985e-02 -8.459999999999999465e-02 -1.136999999999999955e-01 -1.310000000000000053e-02 4.440000000000000197e-02 -1.860000000000000542e-02 3.160000000000000031e-01 1.710000000000000409e-02 -4.299999999999999656e-02 4.929999999999999660e-02 -2.539999999999999897e-02 1.366561000000000164e-02 3.168399999999999819e-04 7.157159999999999217e-03 1.292768999999999863e-02 1.716100000000000188e-04 1.971360000000000126e-03 3.459600000000001910e-04 9.985600000000000032e-02 2.924100000000001633e-04 1.848999999999999732e-03 2.430489999999999561e-03 6.451599999999999826e-04 1.342724000000000000e+06 1.389936750000000000e+06
1.000000000000000000e+00 -5.559999999999999665e-02 -2.650000000000000133e-01 -7.230000000000000315e-02 -6.619999999999999496e-02 4.139999999999999930e-02 5.700000000000000205e-03 6.130000000000000726e-02 -2.827999999999999958e-01 1.229999999999999150e-02 4.750000000000000056e-02 5.449999999999999983e-02 -3.869999999999999829e-02 3.091359999999999594e-03 7.022500000000000964e-02 5.227290000000000755e-03 4.382439999999999600e-03 1.713960000000000049e-03 3.249000000000000233e-05 3.757690000000001029e-03 7.997583999999999249e-02 1.512899999999997797e-04 2.256250000000000009e-03 2.970249999999999800e-03 1.497689999999999872e-03 1.341169000000000000e+06 1.389718875000000000e+06
1.000000000000000000e+00 -6.959999999999999520e-02 -4.350999999999999868e-01 -9.610000000000000486e-02 -7.069999999999999896e-02 5.020000000000000157e-02 3.119999999999999857e-02 -1.399999999999999856e-02 -1.700999999999999734e-01 -2.380000000000000171e-02 -4.500000000000003997e-03 8.800000000000002265e-03 2.549999999999999836e-02 4.844159999999999265e-03 1.893120099999999750e-01 9.235210000000000641e-03 4.998489999999999531e-03 2.520040000000000301e-03 9.734399999999998956e-04 1.959999999999999666e-04 2.893400999999999265e-02 5.664400000000000858e-04 2.025000000000003482e-05 7.744000000000004461e-05 6.502499999999998949e-04 1.339669750000000000e+06 1.390001250000000000e+06
1.000000000000000000e+00 -6.569999999999999452e-02 -3.912999999999999812e-01 -7.689999999999999614e-02 1.899999999999999996e-03 1.310000000000000053e-02 1.340000000000000045e-02 3.900000000000000688e-03 4.380000000000000560e-02 1.920000000000000873e-02 7.259999999999999787e-02 -3.710000000000000103e-02 -1.779999999999999638e-02 4.316489999999999216e-03 1.531156899999999987e-01 5.913609999999999700e-03 3.610000000000000165e-06 1.716100000000000188e-04 1.795600000000000223e-04 1.521000000000000515e-05 1.918440000000000423e-03 3.686400000000003194e-04 5.270759999999999335e-03 1.376410000000000003e-03 3.168399999999998735e-04 1.338036500000000000e+06 1.387509250000000000e+06
1.000000000000000000e+00 -8.309999999999999332e-02 3.660000000000000059e-02 -6.360000000000000375e-02 -1.199999999999999895e-03 -5.400000000000000286e-03 5.360000000000000181e-02 -1.739999999999999880e-02 4.279000000000000026e-01 1.329999999999999238e-02 -3.099999999999999891e-03 -1.850000000000000255e-02 4.019999999999999962e-02 6.905609999999998659e-03 1.339560000000000056e-03 4.044960000000000222e-03 1.439999999999999765e-06 2.916000000000000203e-05 2.872960000000000357e-03 3.027599999999999541e-04 1.830984099999999892e-01 1.768899999999998056e-04 9.609999999999999470e-06 3.422500000000001062e-04 1.616040000000000011e-03 1.339815500000000000e+06 1.386528750000000000e+06
1.000000000000000000e+00 -4.730000000000000177e-02 7.190000000000000557e-02 -9.850000000000000422e-02 4.959999999999999826e-02 2.399999999999999790e-03 4.340000000000000108e-02 3.579999999999999155e-02 3.530000000000000498e-02 -3.490000000000000047e-02 5.079999999999999793e-02 7.799999999999999642e-03 -1.020000000000000073e-02 2.237290000000000285e-03 5.169610000000000698e-03 9.702250000000000804e-03 2.460159999999999864e-03 5.759999999999999062e-06 1.883560000000000052e-03 1.281639999999999472e-03 1.246090000000000262e-03 1.218010000000000056e-03 2.580639999999999930e-03 6.083999999999999348e-05 1.040400000000000135e-04 1.340934000000000000e+06 1.387814500000000000e+06
1.000000000000000000e+00 -4.669999999999999846e-02 -4.748999999999999888e-01 -1.252000000000000057e-01 4.979999999999999705e-02 1.640000000000000138e-02 8.599999999999999312e-02 6.000000000000033085e-04 -5.467999999999999527e-01 -2.670000000000000151e-02 1.999999999999987899e-04 1.400000000000000203e-02 4.259999999999999204e-02 2.180889999999999999e-03 2.255300100000000030e-01 1.567504000000000119e-02 2.480039999999999762e-03 2.689600000000000541e-04 7.395999999999998929e-03 3.600000000000039648e-07 2.989902399999999627e-01 7.128900000000000948e-04 3.999999999999951776e-08 1.960000000000000479e-04 1.814759999999999247e-03 1.337699125000000000e+06 1.384925625000000000e+06
1.000000000000000000e+00 -2.750000000000000014e-02 -4.948000000000000176e-01 -1.160999999999999949e-01 -1.009999999999999960e-02 -1.720000000000000001e-02 6.169999999999999790e-02 1.919999999999999832e-02 -1.990000000000002878e-02 9.100000000000010858e-03 -5.989999999999999492e-02 -3.360000000000000486e-02 -2.429999999999999521e-02 7.562499999999999778e-04 2.448270400000000235e-01 1.347920999999999842e-02 1.020099999999999940e-04 2.958400000000000135e-04 3.806889999999999840e-03 3.686399999999999400e-04 3.960100000000011636e-04 8.281000000000019140e-05 3.588009999999999550e-03 1.128960000000000250e-03 5.904899999999997217e-04 1.339896250000000000e+06 1.386529875000000000e+06
1.000000000000000000e+00 -4.560000000000000164e-02 5.100000000000000366e-03 -9.130000000000000615e-02 -4.680000000000000132e-02 -1.590000000000000094e-02 7.019999999999999851e-02 -1.810000000000000150e-02 4.999000000000000110e-01 2.479999999999998872e-02 -3.670000000000000345e-02 1.299999999999999073e-03 8.500000000000000611e-03 2.079360000000000149e-03 2.601000000000000339e-05 8.335690000000001501e-03 2.190239999999999982e-03 2.528100000000000139e-04 4.928039999999999851e-03 3.276100000000000431e-04 2.499000100000000057e-01 6.150399999999994240e-04 1.346890000000000327e-03 1.689999999999997584e-06 7.225000000000000790e-05 1.337485375000000000e+06 1.384286000000000000e+06
1.000000000000000000e+00 -3.930000000000000160e-02 6.219999999999999835e-02 -9.919999999999999651e-02 -4.889999999999999902e-02 1.370000000000000037e-02 7.879999999999999505e-02 6.300000000000000044e-03 5.709999999999999798e-02 -7.899999999999990363e-03 -2.099999999999997702e-03 2.960000000000000131e-02 8.599999999999996536e-03 1.544490000000000142e-03 3.868839999999999692e-03 9.840639999999999457e-03 2.391209999999999950e-03 1.876900000000000139e-04 6.209439999999999231e-03 3.969000000000000116e-05 3.260409999999999611e-03 6.240999999999984461e-05 4.409999999999989964e-06 8.761600000000000681e-04 7.395999999999993562e-05 1.341289625000000000e+06 1.391219875000000000e+06
1.000000000000000000e+00 -2.589999999999999941e-02 -3.185999999999999943e-01 -7.720000000000000473e-02 -4.259999999999999898e-02 4.540000000000000285e-02 5.589999999999999830e-02 1.340000000000000219e-02 -3.807999999999999718e-01 2.199999999999999178e-02 6.300000000000000044e-03 3.170000000000000595e-02 -2.289999999999999675e-02 6.708099999999999827e-04 1.015059599999999923e-01 5.959840000000000970e-03 1.814759999999999898e-03 2.061160000000000249e-03 3.124810000000000001e-03 1.795600000000000494e-04 1.450086399999999665e-01 4.839999999999996215e-04 3.969000000000000116e-05 1.004890000000000470e-03 5.244099999999998936e-04 1.339375125000000000e+06 1.388906250000000000e+06
1.000000000000000000e+00 -1.239999999999999956e-02 -5.179000000000000270e-01 -1.019999999999999934e-01 -3.320000000000000034e-02 4.839999999999999858e-02 4.109999999999999765e-02 1.349999999999999985e-02 -1.993000000000000327e-01 -2.479999999999998872e-02 9.399999999999998634e-03 2.999999999999995726e-03 -1.480000000000000066e-02 1.537599999999999915e-04 2.682204100000000202e-01 1.040399999999999832e-02 1.102239999999999991e-03 2.342560000000000042e-03 1.689209999999999800e-03 1.822499999999999847e-04 3.972049000000001107e-02 6.150399999999994240e-04 8.835999999999997394e-05 8.999999999999974817e-06 2.190400000000000170e-04 1.340341500000000000e+06 1.390598250000000000e+06
1.000000000000000000e+00 -1.089999999999999997e-02 -4.189999999999999836e-01 -7.720000000000000473e-02 -3.960000000000000325e-02 6.880000000000000004e-02 5.190000000000000169e-02 1.499999999999999598e-03 9.890000000000004343e-02 2.479999999999998872e-02 -6.400000000000002909e-03 2.040000000000000147e-02 1.080000000000000404e-02 1.188099999999999958e-04 1.755609999999999948e-01 5.959840000000000970e-03 1.568160000000000300e-03 4.733440000000000217e-03 2.693610000000000362e-03 2.249999999999998786e-06 9.781210000000008925e-03 6.150399999999994240e-04 4.096000000000003474e-05 4.161600000000000542e-04 1.166400000000000894e-04 1.339499500000000000e+06 1.388851750000000000e+06
1.000000000000000000e+00 -1.230000000000000017e-02 -7.649999999999999856e-02 -6.019999999999999657e-02 -3.490000000000000047e-02 1.379999999999999977e-02 4.519999999999999712e-02 -1.400000000000000203e-03 3.424999999999999711e-01 1.700000000000000816e-02 4.700000000000002787e-03 -5.500000000000000028e-02 -6.700000000000004563e-03 1.512899999999999965e-04 5.852249999999999813e-03 3.624039999999999380e-03 1.218010000000000056e-03 1.904399999999999995e-04 2.043039999999999873e-03 1.960000000000000716e-06 1.173062499999999869e-01 2.890000000000003027e-04 2.209000000000002737e-05 3.024999999999999911e-03 4.489000000000005979e-05 1.339357750000000000e+06 1.388603500000000000e+06
1.000000000000000000e+00 -1.020000000000000073e-02 4.359999999999999987e-02 -5.460000000000000270e-02 -3.989999999999999797e-02 6.079999999999999988e-02 5.369999999999999774e-02 2.099999999999999437e-03 1.200999999999999984e-01 5.599999999999993872e-03 -4.999999999999997502e-03 4.700000000000000011e-02 8.500000000000000611e-03 1.040400000000000135e-04 1.900959999999999933e-03 2.981160000000000494e-03 1.592009999999999823e-03 3.696640000000000169e-03 2.883689999999999951e-03 4.409999999999997588e-06 1.442400999999999926e-02 3.135999999999993014e-05 2.499999999999997409e-05 2.209000000000000026e-03 7.225000000000000790e-05 1.340455125000000000e+06 1.389617125000000000e+06
1.000000000000000000e+00 1.250000000000000069e-02 -3.131999999999999784e-01 -5.399999999999999939e-02 -3.899999999999999821e-03 -1.650000000000000078e-02 7.620000000000000384e-02 2.270000000000000143e-02 -3.568000000000000060e-01 6.000000000000033085e-04 3.599999999999999728e-02 -7.730000000000000759e-02 2.250000000000000611e-02 1.562500000000000304e-04 9.809423999999998534e-02 2.915999999999999755e-03 1.520999999999999837e-05 2.722500000000000310e-04 5.806440000000000386e-03 5.152900000000000622e-04 1.273062400000000149e-01 3.600000000000039648e-07 1.295999999999999843e-03 5.975290000000001156e-03 5.062500000000002979e-04 1.340120500000000000e+06 1.390207000000000000e+06
1.000000000000000000e+00 3.189999999999999780e-02 -4.333000000000000185e-01 -4.220000000000000140e-02 7.400000000000000328e-03 -8.200000000000000691e-03 8.770000000000000018e-02 1.939999999999999711e-02 -1.201000000000000401e-01 1.179999999999999799e-02 1.130000000000000102e-02 8.300000000000000086e-03 1.149999999999999634e-02 1.017609999999999956e-03 1.877488900000000294e-01 1.780840000000000114e-03 5.476000000000000426e-05 6.724000000000001352e-05 7.691289999999999932e-03 3.763599999999998999e-04 1.442401000000000967e-02 1.392399999999999476e-04 1.276900000000000192e-04 6.888999999999999941e-05 1.322499999999999078e-04 1.339129750000000000e+06 1.387960250000000000e+06
1.000000000000000000e+00 -2.160000000000000114e-02 -1.317000000000000115e-01 -6.079999999999999988e-02 2.520000000000000018e-02 -4.900000000000000189e-02 6.690000000000000113e-02 -5.349999999999999895e-02 3.015999999999999792e-01 -1.859999999999999848e-02 1.779999999999999985e-02 -4.080000000000000293e-02 -2.079999999999999905e-02 4.665600000000000324e-04 1.734489000000000170e-02 3.696640000000000169e-03 6.350400000000000185e-04 2.401000000000000356e-03 4.475610000000000525e-03 2.862249999999999777e-03 9.096255999999998398e-02 3.459599999999999199e-04 3.168399999999999819e-04 1.664640000000000217e-03 4.326399999999999777e-04 1.340942750000000000e+06 1.389547875000000000e+06
1.000000000000000000e+00 -4.170000000000000095e-02 -6.199999999999999782e-03 -4.050000000000000128e-02 -7.199999999999999803e-03 9.499999999999999764e-03 6.529999999999999694e-02 -2.009999999999999981e-02 1.255000000000000004e-01 2.029999999999999860e-02 -3.239999999999999825e-02 5.850000000000000339e-02 -1.600000000000004197e-03 1.738890000000000097e-03 3.843999999999999788e-05 1.640249999999999998e-03 5.183999999999999833e-05 9.024999999999999819e-05 4.264089999999999894e-03 4.040100000000000028e-04 1.575025000000000036e-02 4.120899999999999390e-04 1.049759999999999843e-03 3.422250000000000379e-03 2.560000000000013606e-06 1.339943500000000000e+06 1.388969375000000000e+06
1.000000000000000000e+00 -3.289999999999999869e-02 -1.283999999999999864e-01 -5.800000000000000294e-02 -3.599999999999999901e-03 3.049999999999999933e-02 3.599999999999999728e-02 8.800000000000002265e-03 -1.221999999999999892e-01 -1.750000000000000167e-02 3.599999999999999901e-03 2.099999999999999784e-02 -2.929999999999999966e-02 1.082410000000000013e-03 1.648655999999999733e-02 3.364000000000000237e-03 1.295999999999999958e-05 9.302499999999999788e-04 1.295999999999999843e-03 7.744000000000004461e-05 1.493283999999999757e-02 3.062500000000000443e-04 1.295999999999999958e-05 4.409999999999999316e-04 8.584899999999999476e-04 1.339690125000000000e+06 1.389557250000000000e+06
1.000000000000000000e+00 -2.850000000000000103e-02 -4.218000000000000083e-01 -5.439999999999999697e-02 5.000000000000000104e-03 5.240000000000000213e-02 7.480000000000000537e-02 4.399999999999997663e-03 -2.933999999999999941e-01 3.600000000000005973e-03 8.600000000000000006e-03 2.190000000000000280e-02 3.880000000000000809e-02 8.122500000000000379e-04 1.779152400000000023e-01 2.959359999999999855e-03 2.500000000000000120e-05 2.745760000000000301e-03 5.595040000000000777e-03 1.935999999999998066e-05 8.608356000000000341e-02 1.296000000000004363e-05 7.396000000000000339e-05 4.796100000000001057e-04 1.505440000000000684e-03 1.338239000000000000e+06 1.387055375000000000e+06
1.000000000000000000e+00 2.200000000000000133e-03 -4.326999999999999735e-01 -6.890000000000000291e-02 3.409999999999999837e-02 5.149999999999999717e-02 5.029999999999999749e-02 3.070000000000000159e-02 -1.089999999999996527e-02 -1.450000000000000594e-02 2.909999999999999740e-02 -9.000000000000049627e-04 -2.450000000000000788e-02 4.840000000000000247e-06 1.872292899999999649e-01 4.747209999999999971e-03 1.162809999999999799e-03 2.652249999999999660e-03 2.530089999999999596e-03 9.424900000000001462e-04 1.188099999999992369e-04 2.102500000000001774e-04 8.468099999999998155e-04 8.100000000000089737e-07 6.002500000000004143e-04 1.338338375000000000e+06 1.386653500000000000e+06
1.000000000000000000e+00 2.500000000000000052e-03 -1.849999999999999978e-01 -5.619999999999999996e-02 3.099999999999999978e-02 2.539999999999999897e-02 5.949999999999999734e-02 2.999999999999999195e-04 2.476999999999999758e-01 1.270000000000000295e-02 -3.099999999999998590e-03 -2.609999999999999820e-02 9.199999999999999845e-03 6.250000000000000300e-06 3.422499999999999848e-02 3.158440000000000206e-03 9.609999999999999402e-04 6.451599999999999826e-04 3.540249999999999560e-03 8.999999999999994563e-08 6.135528999999998595e-02 1.612900000000000770e-04 9.609999999999991000e-06 6.812099999999999102e-04 8.464000000000000278e-05 1.338728375000000000e+06 1.385726625000000000e+06
1.000000000000000000e+00 1.799999999999999951e-03 -2.869999999999999982e-02 -7.630000000000000671e-02 -6.999999999999999929e-04 -3.350000000000000200e-02 5.790000000000000008e-02 -7.000000000000001013e-04 1.562999999999999945e-01 -2.010000000000000675e-02 -3.169999999999999901e-02 -5.890000000000000097e-02 -1.599999999999997258e-03 3.239999999999999896e-06 8.236899999999999691e-04 5.821690000000000892e-03 4.899999999999999672e-07 1.122250000000000201e-03 3.352410000000000112e-03 4.900000000000001790e-07 2.442968999999999696e-02 4.040100000000002738e-04 1.004890000000000037e-03 3.469209999999999915e-03 2.559999999999991160e-06 1.340422875000000000e+06 1.388087625000000000e+06
1.000000000000000000e+00 -6.669999999999999540e-02 1.020000000000000073e-02 -6.169999999999999790e-02 3.540000000000000091e-02 -7.739999999999999658e-02 7.340000000000000691e-02 -6.849999999999999145e-02 3.890000000000000402e-02 1.460000000000000880e-02 3.610000000000000014e-02 -4.389999999999999458e-02 1.550000000000000683e-02 4.448889999999999616e-03 1.040400000000000135e-04 3.806889999999999840e-03 1.253160000000000125e-03 5.990759999999999488e-03 5.387560000000001306e-03 4.692249999999998505e-03 1.513210000000000293e-03 2.131600000000002698e-04 1.303209999999999959e-03 1.927209999999999514e-03 2.402500000000002019e-04 1.338631750000000000e+06 1.385646375000000000e+06
1.000000000000000000e+00 -7.140000000000000513e-02 -2.530999999999999917e-01 -4.870000000000000023e-02 -6.040000000000000230e-02 -2.799999999999999972e-03 6.090000000000000274e-02 -4.700000000000009726e-03 -2.632999999999999785e-01 1.299999999999999767e-02 -9.579999999999999627e-02 7.459999999999999964e-02 -1.250000000000000416e-02 5.097960000000000338e-03 6.405960999999998906e-02 2.371690000000000083e-03 3.648160000000000118e-03 7.839999999999999476e-06 3.708810000000000318e-03 2.209000000000009174e-05 6.932688999999998825e-02 1.689999999999999337e-04 9.177639999999999063e-03 5.565159999999999552e-03 1.562500000000001117e-04 1.339637250000000000e+06 1.388697125000000000e+06
1.000000000000000000e+00 -5.240000000000000213e-02 -2.048000000000000098e-01 -6.610000000000000597e-02 -6.329999999999999516e-02 3.309999999999999748e-02 2.910000000000000087e-02 1.900000000000000300e-02 4.829999999999998184e-02 -1.740000000000000574e-02 -2.899999999999992861e-03 3.589999999999999442e-02 -3.180000000000000188e-02 2.745760000000000301e-03 4.194304000000000088e-02 4.369210000000000975e-03 4.006889999999999064e-03 1.095609999999999900e-03 8.468100000000000323e-04 3.610000000000001012e-04 2.332889999999998056e-03 3.027600000000002251e-04 8.409999999999958443e-06 1.288809999999999609e-03 1.011240000000000056e-03 1.340711000000000000e+06 1.391777500000000000e+06
1.000000000000000000e+00 -6.790000000000000202e-02 -3.622000000000000219e-01 -6.890000000000000291e-02 5.100000000000000366e-03 1.379999999999999977e-02 4.700000000000000011e-02 -1.549999999999999989e-02 -1.574000000000000121e-01 -2.799999999999996936e-03 6.839999999999998859e-02 -1.929999999999999771e-02 1.789999999999999925e-02 4.610410000000000549e-03 1.311888400000000288e-01 4.747209999999999971e-03 2.601000000000000339e-05 1.904399999999999995e-04 2.209000000000000026e-03 2.402499999999999851e-04 2.477476000000000331e-02 7.839999999999982535e-06 4.678559999999998276e-03 3.724899999999998980e-04 3.204099999999999765e-04 1.339553625000000000e+06 1.390661000000000000e+06
1.000000000000000000e+00 -5.739999999999999963e-02 -2.288000000000000034e-01 -5.310000000000000137e-02 1.779999999999999985e-02 -1.100000000000000066e-03 3.059999999999999873e-02 1.050000000000000239e-02 1.334000000000000186e-01 1.580000000000000154e-02 1.269999999999999948e-02 -1.490000000000000005e-02 -1.640000000000000138e-02 3.294759999999999876e-03 5.234944000000000403e-02 2.819610000000000172e-03 3.168399999999999819e-04 1.210000000000000062e-06 9.363599999999999051e-04 1.102500000000000507e-04 1.779556000000000540e-02 2.496400000000000290e-04 1.612899999999999957e-04 2.220099999999999971e-04 2.689600000000000541e-04 1.340038375000000000e+06 1.388435000000000000e+06
