1.000000000000000000e+00 -0.000000000000000000e+00 0.000000000000000000e+00 -0.000000000000000000e+00 0.000000000000000000e+00 0.000000000000000000e+00 -0.000000000000000000e+00 0.000000000000000000e+00 0.000000000000000000e+00 0.000000000000000000e+00 0.000000000000000000e+00 0.000000000000000000e+00 0.000000000000000000e+00 0.000000000000000000e+00 0.000000000000000000e+00 0.000000000000000000e+00 0.000000000000000000e+00 0.000000000000000000e+00 0.000000000000000000e+00 0.000000000000000000e+00 0.000000000000000000e+00 0.000000000000000000e+00 0.000000000000000000e+00 0.000000000000000000e+00 0.000000000000000000e+00 1.737029125000000000e+06 1.747416375000000000e+06
1.000000000000000000e+00 -7.700000000000000247e-03 1.016999999999999987e-01 -2.649999999999999925e-02 6.899999999999999883e-03 -1.179999999999999973e-02 1.000000000000000021e-03 -7.700000000000000247e-03 1.016999999999999987e-01 -2.649999999999999925e-02 6.899999999999999883e-03 -1.179999999999999973e-02 1.000000000000000021e-03 5.929000000000000324e-05 1.034289000000000042e-02 7.022499999999999663e-04 4.760999999999999987e-05 1.392400000000000018e-04 9.999999999999999547e-07 5.929000000000000324e-05 1.034289000000000042e-02 7.022499999999999663e-04 4.760999999999999987e-05 1.392400000000000018e-04 9.999999999999999547e-07 1.737013750000000000e+06 1.749207125000000000e+06
1.000000000000000000e+00 6.999999999999999929e-04 -1.700000000000000122e-02 -1.254000000000000115e-01 1.640000000000000138e-02 3.389999999999999958e-02 -6.600000000000000311e-02 8.399999999999999481e-03 -1.187000000000000000e-01 -9.890000000000001568e-02 9.500000000000001499e-03 4.569999999999999757e-02 -6.700000000000000400e-02 4.899999999999999672e-07 2.890000000000000316e-04 1.572516000000000191e-02 2.689600000000000541e-04 1.149209999999999902e-03 4.356000000000000497e-03 7.055999999999998851e-05 1.408969000000000020e-02 9.781210000000003721e-03 9.025000000000002530e-05 2.088489999999999704e-03 4.489000000000000802e-03 1.737652125000000000e+06 1.749369250000000000e+06
1.000000000000000000e+00 6.339999999999999802e-02 -2.500000000000000052e-03 -2.719999999999999848e-02 1.179999999999999973e-02 6.230000000000000121e-02 -5.829999999999999766e-02 6.269999999999999185e-02 1.450000000000000074e-02 9.820000000000000950e-02 -4.600000000000001657e-03 2.840000000000000163e-02 7.700000000000005451e-03 4.019560000000000147e-03 6.250000000000000300e-06 7.398399999999999638e-04 1.392400000000000018e-04 3.881290000000000347e-03 3.398889999999999897e-03 3.931289999999998744e-03 2.102500000000000148e-04 9.643240000000002574e-03 2.116000000000001425e-05 8.065600000000001111e-04 5.929000000000008455e-05 1.735631750000000000e+06 1.747992000000000000e+06
1.000000000000000000e+00 1.000000000000000048e-04 -1.510000000000000057e-02 -2.139999999999999888e-02 7.700000000000000247e-03 1.529999999999999936e-02 -5.430000000000000104e-02 -6.329999999999999516e-02 -1.260000000000000009e-02 5.799999999999999600e-03 -4.099999999999999478e-03 -4.700000000000000011e-02 3.999999999999996614e-03 1.000000000000000021e-08 2.280100000000000074e-04 4.579599999999999318e-04 5.929000000000000324e-05 2.340899999999999763e-04 2.948490000000000225e-03 4.006889999999999064e-03 1.587600000000000046e-04 3.363999999999999640e-05 1.680999999999999660e-05 2.209000000000000026e-03 1.599999999999997217e-05 1.736629000000000000e+06 1.747493125000000000e+06
1.000000000000000000e+00 4.970000000000000112e-02 -1.039999999999999952e-02 -1.880000000000000074e-02 -5.000000000000000104e-04 3.969999999999999918e-02 -5.149999999999999717e-02 4.959999999999999826e-02 4.700000000000001052e-03 2.599999999999998146e-03 -8.200000000000000691e-03 2.439999999999999808e-02 2.800000000000003875e-03 2.470090000000000306e-03 1.081599999999999944e-04 3.534400000000000042e-04 2.499999999999999887e-07 1.576090000000000043e-03 2.652249999999999660e-03 2.460159999999999864e-03 2.209000000000001042e-05 6.759999999999990334e-06 6.724000000000001352e-05 5.953599999999998563e-04 7.840000000000021499e-06 1.735503125000000000e+06 1.744771375000000000e+06
1.000000000000000000e+00 5.400000000000000286e-03 3.610000000000000014e-02 -1.179999999999999973e-02 1.969999999999999876e-02 -1.480000000000000066e-02 -5.559999999999999665e-02 -4.429999999999999910e-02 4.649999999999999967e-02 7.000000000000001013e-03 2.019999999999999921e-02 -5.449999999999999983e-02 -4.099999999999999478e-03 2.916000000000000203e-05 1.303209999999999959e-03 1.392400000000000018e-04 3.880899999999999519e-04 2.190400000000000170e-04 3.091359999999999594e-03 1.962489999999999894e-03 2.162250000000000109e-03 4.900000000000001197e-05 4.080399999999999761e-04 2.970249999999999800e-03 1.680999999999999660e-05 1.737190875000000000e+06 1.745837750000000000e+06
1.000000000000000000e+00 8.110000000000000542e-02 7.580000000000000626e-02 -1.050000000000000065e-02 1.569999999999999868e-02 4.130000000000000338e-02 -1.021999999999999992e-01 7.570000000000000340e-02 3.970000000000000612e-02 1.299999999999999073e-03 -4.000000000000000083e-03 5.610000000000000403e-02 -4.660000000000000253e-02 6.577210000000000868e-03 5.745640000000000643e-03 1.102500000000000100e-04 2.464899999999999795e-04 1.705690000000000374e-03 1.044484000000000037e-02 5.730490000000000410e-03 1.576090000000000477e-03 1.689999999999997584e-06 1.599999999999999928e-05 3.147210000000000545e-03 2.171560000000000330e-03 1.737453500000000000e+06 1.748262250000000000e+06
1.000000000000000000e+00 5.999999999999999474e-04 8.160000000000000586e-02 -3.049999999999999933e-02 5.400000000000000286e-03 9.199999999999999845e-03 -8.770000000000000018e-02 -8.050000000000000211e-02 5.799999999999999600e-03 -1.999999999999999695e-02 -1.029999999999999839e-02 -3.210000000000000353e-02 1.449999999999999900e-02 3.599999999999999414e-07 6.658560000000000867e-03 9.302499999999999788e-04 2.916000000000000203e-05 8.464000000000000278e-05 7.691289999999999932e-03 6.480250000000000767e-03 3.363999999999999640e-05 3.999999999999998565e-04 1.060899999999999685e-04 1.030410000000000267e-03 2.102499999999999606e-04 1.734323125000000000e+06 1.743659000000000000e+06
1.000000000000000000e+00 7.090000000000000469e-02 4.299999999999999656e-02 -2.000000000000000042e-02 1.400000000000000029e-02 -2.799999999999999972e-03 -8.250000000000000389e-02 7.030000000000000138e-02 -3.860000000000000930e-02 1.049999999999999892e-02 8.600000000000000006e-03 -1.200000000000000025e-02 5.199999999999996292e-03 5.026810000000000479e-03 1.848999999999999732e-03 4.000000000000000192e-04 1.960000000000000208e-04 7.839999999999999476e-06 6.806250000000000668e-03 4.942090000000000545e-03 1.489960000000000676e-03 1.102499999999999829e-04 7.396000000000000339e-05 1.440000000000000036e-04 2.703999999999996134e-05 1.739018000000000000e+06 1.747389750000000000e+06
1.000000000000000000e+00 5.799999999999999600e-03 3.350000000000000200e-02 -2.649999999999999925e-02 6.499999999999999702e-03 1.319999999999999993e-02 -8.290000000000000147e-02 -6.510000000000000508e-02 -9.499999999999994560e-03 -6.499999999999998834e-03 -7.500000000000000590e-03 1.600000000000000033e-02 -3.999999999999975797e-04 3.363999999999999640e-05 1.122250000000000201e-03 7.022499999999999663e-04 4.224999999999999698e-05 1.742399999999999852e-04 6.872410000000000671e-03 4.238010000000000388e-03 9.024999999999990332e-05 4.224999999999998342e-05 5.625000000000001201e-05 2.559999999999999884e-04 1.599999999999980711e-07 1.731452375000000000e+06 1.739705125000000000e+06
1.000000000000000000e+00 6.930000000000000049e-02 -4.789999999999999813e-02 -3.719999999999999696e-02 -8.000000000000000383e-04 1.779999999999999985e-02 -9.020000000000000240e-02 6.350000000000000089e-02 -8.140000000000000013e-02 -1.069999999999999771e-02 -7.300000000000000065e-03 4.599999999999999922e-03 -7.300000000000000933e-03 4.802490000000000404e-03 2.294409999999999766e-03 1.383839999999999680e-03 6.400000000000000134e-07 3.168399999999999819e-04 8.136040000000000633e-03 4.032250000000000244e-03 6.625960000000000183e-03 1.144899999999999558e-04 5.328999999999999970e-05 2.116000000000000069e-05 5.329000000000001325e-05 1.733566250000000000e+06 1.741706750000000000e+06
1.000000000000000000e+00 6.000000000000000125e-03 3.080000000000000099e-02 -1.310000000000000053e-02 -1.699999999999999905e-03 -6.499999999999999702e-03 -1.008000000000000007e-01 -6.329999999999999516e-02 7.869999999999999218e-02 2.409999999999999643e-02 -8.999999999999998669e-04 -2.429999999999999868e-02 -1.059999999999999831e-02 3.600000000000000091e-05 9.486400000000000518e-04 1.716100000000000188e-04 2.889999999999999859e-06 4.224999999999999698e-05 1.016064000000000030e-02 4.006889999999999064e-03 6.193689999999999092e-03 5.808099999999998550e-04 8.099999999999997622e-07 5.904899999999999385e-04 1.123599999999999610e-04 1.730090000000000000e+06 1.738196750000000000e+06
1.000000000000000000e+00 5.850000000000000339e-02 3.599999999999999901e-03 -1.600000000000000077e-03 -9.599999999999999159e-03 -3.119999999999999857e-02 -1.121000000000000052e-01 5.250000000000000500e-02 -2.720000000000000195e-02 1.149999999999999981e-02 -7.899999999999999037e-03 -2.469999999999999973e-02 -1.130000000000000449e-02 3.422250000000000379e-03 1.295999999999999958e-05 2.560000000000000054e-06 9.215999999999998499e-05 9.734399999999998956e-04 1.256641000000000181e-02 2.756250000000000453e-03 7.398400000000000722e-04 1.322499999999999891e-04 6.240999999999998014e-05 6.100899999999999813e-04 1.276900000000001005e-04 1.732708125000000000e+06 1.738967750000000000e+06
1.000000000000000000e+00 -5.599999999999999943e-03 6.049999999999999822e-02 -4.499999999999999833e-02 -1.799999999999999864e-02 -3.250000000000000111e-02 -1.234999999999999987e-01 -6.410000000000000420e-02 5.689999999999999919e-02 -4.340000000000000108e-02 -8.399999999999999481e-03 -1.300000000000002542e-03 -1.139999999999999347e-02 3.135999999999999790e-05 3.660249999999999875e-03 2.024999999999999890e-03 3.239999999999999608e-04 1.056250000000000114e-03 1.525225000000000018e-02 4.108810000000000934e-03 3.237609999999999707e-03 1.883560000000000052e-03 7.055999999999998851e-05 1.690000000000006689e-06 1.299599999999998467e-04 1.732545375000000000e+06 1.737710625000000000e+06
1.000000000000000000e+00 3.869999999999999829e-02 6.160000000000000198e-02 -9.610000000000000486e-02 -2.750000000000000014e-02 1.439999999999999961e-02 -8.640000000000000457e-02 4.429999999999999910e-02 1.100000000000003753e-03 -5.110000000000000653e-02 -9.500000000000001499e-03 4.689999999999999725e-02 3.709999999999999409e-02 1.497689999999999872e-03 3.794560000000000207e-03 9.235210000000000641e-03 7.562499999999999778e-04 2.073599999999999933e-04 7.464960000000000519e-03 1.962489999999999894e-03 1.210000000000008320e-06 2.611210000000000527e-03 9.025000000000002530e-05 2.199609999999999847e-03 1.376409999999999570e-03 1.728291625000000000e+06 1.736076000000000000e+06
1.000000000000000000e+00 3.620000000000000301e-02 7.900000000000000078e-02 -3.610000000000000014e-02 2.999999999999999889e-02 4.300000000000000003e-03 -8.780000000000000304e-02 -2.499999999999995282e-03 1.739999999999999880e-02 6.000000000000000472e-02 5.749999999999999556e-02 -1.009999999999999960e-02 -1.399999999999998468e-03 1.310440000000000172e-03 6.241000000000000020e-03 1.303209999999999959e-03 8.999999999999999754e-04 1.849000000000000085e-05 7.708840000000000657e-03 6.249999999999976583e-06 3.027599999999999541e-04 3.600000000000000769e-03 3.306249999999999294e-03 1.020099999999999940e-04 1.959999999999995634e-06 1.727175750000000000e+06 1.737002000000000000e+06
1.000000000000000000e+00 3.059999999999999873e-02 1.629999999999999852e-02 -9.289999999999999647e-02 3.160000000000000309e-02 3.130000000000000143e-02 -9.049999999999999711e-02 -5.600000000000004280e-03 -6.270000000000000573e-02 -5.679999999999999633e-02 1.600000000000004197e-03 2.700000000000000316e-02 -2.699999999999994071e-03 9.363599999999999051e-04 2.656899999999999583e-04 8.630409999999999818e-03 9.985600000000001159e-04 9.796900000000000747e-04 8.190249999999999614e-03 3.136000000000004534e-05 3.931290000000000479e-03 3.226239999999999577e-03 2.560000000000013606e-06 7.290000000000001557e-04 7.289999999999968319e-06 1.728072375000000000e+06 1.734906250000000000e+06
1.000000000000000000e+00 2.069999999999999965e-02 -8.399999999999999481e-03 -3.790000000000000313e-02 3.280000000000000276e-02 7.109999999999999654e-02 -1.038000000000000034e-01 -9.899999999999999079e-03 -2.469999999999999973e-02 5.499999999999999334e-02 1.199999999999999678e-03 3.979999999999999510e-02 -1.330000000000000626e-02 4.284900000000000124e-04 7.055999999999998851e-05 1.436410000000000161e-03 1.075840000000000216e-03 5.055209999999999218e-03 1.077444000000000145e-02 9.800999999999997811e-05 6.100899999999999813e-04 3.024999999999999478e-03 1.439999999999999130e-06 1.584039999999999667e-03 1.768900000000001580e-04 1.728965750000000000e+06 1.733646500000000000e+06
1.000000000000000000e+00 2.680000000000000090e-02 1.110000000000000049e-02 -1.113999999999999990e-01 2.850000000000000103e-02 2.900000000000000147e-02 -9.489999999999999825e-02 6.100000000000001255e-03 1.949999999999999997e-02 -7.349999999999999589e-02 -4.300000000000001737e-03 -4.209999999999999853e-02 8.900000000000005129e-03 7.182400000000000893e-04 1.232100000000000079e-04 1.240995999999999939e-02 8.122500000000000379e-04 8.410000000000000591e-04 9.006010000000000057e-03 3.721000000000001813e-05 3.802499999999999999e-04 5.402249999999999067e-03 1.849000000000001440e-05 1.772409999999999871e-03 7.921000000000009034e-05 1.726162375000000000e+06 1.732712875000000000e+06
1.000000000000000000e+00 2.630000000000000046e-02 3.769999999999999740e-02 -2.949999999999999845e-02 2.649999999999999925e-02 4.440000000000000197e-02 -9.149999999999999800e-02 -5.000000000000004441e-04 2.659999999999999865e-02 8.190000000000000058e-02 -2.000000000000001776e-03 1.540000000000000049e-02 3.400000000000000244e-03 6.916900000000000132e-04 1.421289999999999750e-03 8.702499999999999299e-04 7.022499999999999663e-04 1.971360000000000126e-03 8.372249999999999484e-03 2.500000000000004651e-07 7.075599999999999815e-04 6.707610000000000135e-03 4.000000000000007442e-06 2.371600000000000129e-04 1.156000000000000113e-05 1.726392500000000000e+06 1.731491750000000000e+06
1.000000000000000000e+00 2.520000000000000018e-02 5.199999999999999761e-02 -2.259999999999999856e-02 2.740000000000000074e-02 4.839999999999999858e-02 -8.569999999999999840e-02 -1.100000000000000283e-03 1.430000000000000021e-02 6.899999999999999883e-03 9.000000000000014932e-04 3.999999999999996614e-03 5.799999999999999600e-03 6.350400000000000185e-04 2.703999999999999806e-03 5.107599999999999684e-04 7.507600000000000558e-04 2.342560000000000042e-03 7.344489999999999526e-03 1.210000000000000697e-06 2.044900000000000157e-04 4.760999999999999987e-05 8.100000000000027268e-07 1.599999999999997217e-05 3.363999999999999640e-05 1.723980625000000000e+06 1.728568625000000000e+06
1.000000000000000000e+00 2.380000000000000171e-02 6.419999999999999318e-02 -2.220000000000000098e-02 3.459999999999999881e-02 7.570000000000000340e-02 -1.020999999999999963e-01 -1.399999999999998468e-03 1.219999999999999557e-02 3.999999999999975797e-04 7.199999999999998068e-03 2.730000000000000482e-02 -1.639999999999999791e-02 5.664400000000000858e-04 4.121639999999999332e-03 4.928400000000000315e-04 1.197159999999999848e-03 5.730490000000000410e-03 1.042440999999999854e-02 1.959999999999995634e-06 1.488399999999998828e-04 1.599999999999980711e-07 5.183999999999997123e-05 7.452900000000002318e-04 2.689599999999999456e-04 1.724043750000000000e+06 1.727500000000000000e+06
1.000000000000000000e+00 1.830000000000000029e-02 -1.030000000000000013e-02 -2.429999999999999868e-02 3.169999999999999901e-02 1.565999999999999892e-01 -1.297999999999999987e-01 -5.500000000000001416e-03 -7.449999999999999678e-02 -2.099999999999997702e-03 -2.899999999999999800e-03 8.089999999999998581e-02 -2.770000000000000240e-02 3.348900000000000141e-04 1.060900000000000092e-04 5.904899999999999385e-04 1.004890000000000037e-03 2.452355999999999633e-02 1.684803999999999816e-02 3.025000000000001700e-05 5.550249999999999628e-03 4.409999999999989964e-06 8.409999999999999101e-06 6.544809999999998129e-03 7.672900000000001160e-04 1.725341125000000000e+06 1.728467125000000000e+06
1.000000000000000000e+00 2.369999999999999885e-02 1.230000000000000017e-02 -6.510000000000000508e-02 3.269999999999999990e-02 1.731000000000000039e-01 -1.308999999999999886e-01 5.399999999999998551e-03 2.260000000000000203e-02 -4.080000000000000293e-02 1.000000000000000888e-03 1.650000000000001465e-02 -1.099999999999989875e-03 5.616899999999999974e-04 1.512899999999999965e-04 4.238010000000000388e-03 1.069290000000000084e-03 2.996361000000000163e-02 1.713480999999999685e-02 2.915999999999998509e-05 5.107600000000000768e-04 1.664640000000000217e-03 1.000000000000001861e-06 2.722500000000004647e-04 1.209999999999977827e-06 1.725238250000000000e+06 1.729497125000000000e+06
1.000000000000000000e+00 -5.599999999999999943e-03 -5.210000000000000048e-02 -7.900000000000000078e-02 2.299999999999999961e-02 9.039999999999999425e-02 -8.169999999999999485e-02 -2.929999999999999966e-02 -6.439999999999999891e-02 -1.389999999999999569e-02 -9.700000000000000289e-03 -8.270000000000000961e-02 4.919999999999999374e-02 3.135999999999999790e-05 2.714410000000000000e-03 6.241000000000000020e-03 5.289999999999999564e-04 8.172159999999999494e-03 6.674889999999999296e-03 8.584899999999999476e-04 4.147360000000000109e-03 1.932099999999998933e-04 9.409000000000000208e-05 6.839290000000001341e-03 2.420639999999999511e-03 1.725513875000000000e+06 1.729288375000000000e+06
1.000000000000000000e+00 -3.399999999999999811e-03 -4.170000000000000095e-02 -6.489999999999999936e-02 1.830000000000000029e-02 4.920000000000000068e-02 -8.980000000000000482e-02 2.200000000000000133e-03 1.039999999999999952e-02 1.410000000000000142e-02 -4.699999999999999317e-03 -4.119999999999999357e-02 -8.100000000000009970e-03 1.155999999999999943e-05 1.738890000000000097e-03 4.212009999999999539e-03 3.348900000000000141e-04 2.420639999999999945e-03 8.064040000000001485e-03 4.840000000000000247e-06 1.081599999999999944e-04 1.988100000000000294e-04 2.208999999999999348e-05 1.697439999999999496e-03 6.561000000000016634e-05 1.725661750000000000e+06 1.730502250000000000e+06
1.000000000000000000e+00 7.340000000000000691e-02 -3.919999999999999873e-02 -1.053000000000000047e-01 3.250000000000000111e-02 3.139999999999999736e-02 -1.223999999999999949e-01 7.680000000000000715e-02 2.500000000000002220e-03 -4.040000000000000535e-02 1.420000000000000082e-02 -1.780000000000000332e-02 -3.259999999999999010e-02 5.387560000000001306e-03 1.536639999999999924e-03 1.108809000000000183e-02 1.056250000000000114e-03 9.859599999999999181e-04 1.498175999999999848e-02 5.898240000000000774e-03 6.250000000000011311e-06 1.632160000000000338e-03 2.016400000000000278e-04 3.168400000000001445e-04 1.062759999999999400e-03 1.726347125000000000e+06 1.731976250000000000e+06
1.000000000000000000e+00 2.469999999999999973e-02 1.290000000000000001e-02 -1.203000000000000042e-01 6.479999999999999649e-02 2.400000000000000050e-02 -1.044000000000000067e-01 -4.870000000000000717e-02 5.210000000000000048e-02 -1.499999999999999944e-02 3.229999999999999538e-02 -7.399999999999996858e-03 1.799999999999998823e-02 6.100899999999999813e-04 1.664100000000000008e-04 1.447209000000000169e-02 4.199039999999999370e-03 5.760000000000000146e-04 1.089936000000000203e-02 2.371690000000000517e-03 2.714410000000000000e-03 2.249999999999999938e-04 1.043289999999999669e-03 5.475999999999995682e-05 3.239999999999995813e-04 1.722335500000000000e+06 1.728237875000000000e+06
1.000000000000000000e+00 4.200000000000000261e-02 3.470000000000000168e-02 -6.869999999999999718e-02 4.009999999999999676e-02 -8.999999999999999754e-04 -5.340000000000000302e-02 1.730000000000000288e-02 2.179999999999999993e-02 5.160000000000000697e-02 -2.469999999999999973e-02 -2.490000000000000199e-02 5.100000000000000366e-02 1.764000000000000160e-03 1.204090000000000108e-03 4.719689999999999476e-03 1.608009999999999778e-03 8.099999999999999739e-07 2.851560000000000379e-03 2.992900000000001245e-04 4.752399999999999832e-04 2.662560000000000881e-03 6.100899999999999813e-04 6.200100000000000489e-04 2.601000000000000447e-03 1.725306750000000000e+06 1.730430750000000000e+06
1.000000000000000000e+00 5.499999999999999681e-03 6.239999999999999714e-02 -7.889999999999999791e-02 3.309999999999999748e-02 4.970000000000000112e-02 -1.058999999999999941e-01 -3.650000000000000466e-02 2.769999999999999546e-02 -1.020000000000000073e-02 -6.999999999999999278e-03 5.059999999999999915e-02 -5.249999999999999112e-02 3.024999999999999667e-05 3.893759999999999583e-03 6.225209999999999251e-03 1.095609999999999900e-03 2.470090000000000306e-03 1.121480999999999867e-02 1.332250000000000318e-03 7.672899999999997908e-04 1.040400000000000135e-04 4.899999999999999164e-05 2.560359999999999806e-03 2.756249999999999152e-03 1.726307125000000000e+06 1.731137250000000000e+06
1.000000000000000000e+00 3.989999999999999797e-02 6.230000000000000121e-02 -8.179999999999999771e-02 2.759999999999999953e-02 1.899999999999999953e-02 -6.790000000000000202e-02 3.440000000000000002e-02 -9.999999999999592548e-05 -2.899999999999999800e-03 -5.499999999999997946e-03 -3.070000000000000159e-02 3.799999999999999212e-02 1.592009999999999823e-03 3.881290000000000347e-03 6.691239999999999341e-03 7.617599999999999979e-04 3.609999999999999928e-04 4.610410000000000549e-03 1.183360000000000054e-03 9.999999999999184609e-09 8.409999999999999101e-06 3.024999999999997634e-05 9.424900000000001462e-04 1.443999999999999321e-03 1.723980750000000000e+06 1.728351875000000000e+06
1.000000000000000000e+00 -5.700000000000000205e-03 -1.310000000000000053e-02 -9.470000000000000639e-02 3.880000000000000115e-02 5.469999999999999862e-02 -9.020000000000000240e-02 -4.560000000000000164e-02 -7.539999999999999480e-02 -1.290000000000000868e-02 1.120000000000000162e-02 3.569999999999999563e-02 -2.230000000000000038e-02 3.249000000000000233e-05 1.716100000000000188e-04 8.968090000000001477e-03 1.505440000000000033e-03 2.992089999999999767e-03 8.136040000000000633e-03 2.079360000000000149e-03 5.685159999999998999e-03 1.664100000000002177e-04 1.254400000000000458e-04 1.274489999999999651e-03 4.972900000000000584e-04 1.723742375000000000e+06 1.728555625000000000e+06
1.000000000000000000e+00 6.759999999999999343e-02 -3.649999999999999772e-02 -1.049999999999999961e-01 5.729999999999999677e-02 -6.999999999999999929e-04 -8.640000000000000457e-02 7.329999999999999016e-02 -2.339999999999999719e-02 -1.029999999999998972e-02 1.849999999999999561e-02 -5.539999999999999786e-02 3.799999999999997824e-03 4.569759999999999101e-03 1.332249999999999884e-03 1.102499999999999834e-02 3.283289999999999473e-03 4.899999999999999672e-07 7.464960000000000519e-03 5.372889999999998223e-03 5.475599999999998871e-04 1.060899999999997923e-04 3.422499999999998352e-04 3.069159999999999597e-03 1.443999999999998372e-05 1.724351375000000000e+06 1.727991875000000000e+06
1.000000000000000000e+00 7.270000000000000073e-02 3.509999999999999926e-02 -1.136999999999999955e-01 6.279999999999999472e-02 7.019999999999999851e-02 -9.539999999999999869e-02 5.100000000000007305e-03 7.159999999999999698e-02 -8.699999999999999400e-03 5.499999999999997946e-03 7.090000000000000469e-02 -8.999999999999994116e-03 5.285289999999999780e-03 1.232009999999999963e-03 1.292768999999999863e-02 3.943839999999999672e-03 4.928039999999999851e-03 9.101160000000000500e-03 2.601000000000007454e-05 5.126559999999999624e-03 7.568999999999998852e-05 3.024999999999997634e-05 5.026810000000000479e-03 8.099999999999989533e-05 1.723706250000000000e+06 1.727693250000000000e+06
1.000000000000000000e+00 4.329999999999999821e-02 5.480000000000000149e-02 -4.370000000000000273e-02 2.790000000000000119e-02 5.729999999999999677e-02 -1.014000000000000040e-01 -2.940000000000000252e-02 1.970000000000000223e-02 6.999999999999999278e-02 -3.489999999999999353e-02 -1.290000000000000174e-02 -6.000000000000005329e-03 1.874889999999999933e-03 3.003040000000000223e-03 1.909690000000000346e-03 7.784100000000001044e-04 3.283289999999999473e-03 1.028196000000000145e-02 8.643600000000001065e-04 3.880900000000001146e-04 4.899999999999998974e-03 1.218009999999999622e-03 1.664100000000000551e-04 3.600000000000006190e-05 1.725586375000000000e+06 1.729509125000000000e+06
1.000000000000000000e+00 4.000000000000000083e-02 7.199999999999999456e-02 -3.869999999999999829e-02 1.949999999999999997e-02 1.282999999999999974e-01 -1.262999999999999956e-01 -3.299999999999997380e-03 1.719999999999999307e-02 5.000000000000004441e-03 -8.400000000000001216e-03 7.100000000000000755e-02 -2.489999999999999158e-02 1.600000000000000077e-03 5.183999999999999372e-03 1.497689999999999872e-03 3.802499999999999999e-04 1.646088999999999886e-02 1.595168999999999754e-02 1.088999999999998213e-05 2.958399999999997425e-04 2.500000000000004524e-05 7.056000000000001561e-05 5.041000000000001209e-03 6.200099999999996152e-04 1.725833375000000000e+06 1.729790875000000000e+06
1.000000000000000000e+00 4.290000000000000063e-02 2.580000000000000002e-02 -3.300000000000000155e-02 2.970000000000000070e-02 8.019999999999999352e-02 -1.106000000000000039e-01 2.899999999999999800e-03 -4.619999999999999107e-02 5.699999999999996736e-03 1.020000000000000073e-02 -4.810000000000000386e-02 1.569999999999999174e-02 1.840410000000000006e-03 6.656400000000000034e-04 1.089000000000000124e-03 8.820900000000000876e-04 6.432039999999999112e-03 1.223236000000000115e-02 8.409999999999999101e-06 2.134439999999999168e-03 3.248999999999996167e-05 1.040400000000000135e-04 2.313610000000000232e-03 2.464899999999997627e-04 1.723611875000000000e+06 1.727101125000000000e+06
1.000000000000000000e+00 2.809999999999999998e-02 1.310000000000000053e-02 -5.480000000000000149e-02 4.019999999999999962e-02 1.004000000000000031e-01 -7.159999999999999698e-02 -1.480000000000000066e-02 -1.269999999999999948e-02 -2.179999999999999993e-02 1.049999999999999892e-02 2.020000000000000961e-02 3.900000000000000688e-02 7.896100000000000514e-04 1.716100000000000188e-04 3.003040000000000223e-03 1.616040000000000011e-03 1.008016000000000120e-02 5.126559999999999624e-03 2.190400000000000170e-04 1.612899999999999957e-04 4.752399999999999832e-04 1.102499999999999829e-04 4.080400000000004098e-04 1.521000000000000433e-03 1.723703000000000000e+06 1.727021375000000000e+06
1.000000000000000000e+00 6.759999999999999343e-02 3.760000000000000148e-02 -6.339999999999999802e-02 4.850000000000000144e-02 6.750000000000000444e-02 -1.279000000000000137e-01 3.949999999999999345e-02 2.450000000000000094e-02 -8.599999999999996536e-03 8.300000000000001821e-03 -3.289999999999999869e-02 -5.630000000000001670e-02 4.569759999999999101e-03 1.413760000000000017e-03 4.019560000000000147e-03 2.352250000000000174e-03 4.556250000000000404e-03 1.635841000000000378e-02 1.560249999999999571e-03 6.002500000000000890e-04 7.395999999999993562e-05 6.889000000000002652e-05 1.082410000000000013e-03 3.169690000000001916e-03 1.722235875000000000e+06 1.724618125000000000e+06
1.000000000000000000e+00 5.639999999999999875e-02 5.720000000000000084e-02 -1.014000000000000040e-01 5.360000000000000181e-02 -2.989999999999999949e-02 -9.229999999999999316e-02 -1.119999999999999468e-02 1.959999999999999937e-02 -3.800000000000000600e-02 5.100000000000000366e-03 -9.740000000000000047e-02 3.560000000000002052e-02 3.180960000000000037e-03 3.271840000000000252e-03 1.028196000000000145e-02 2.872960000000000357e-03 8.940099999999999870e-04 8.519289999999998808e-03 1.254399999999998832e-04 3.841599999999999811e-04 1.444000000000000405e-03 2.601000000000000339e-05 9.486760000000000331e-03 1.267360000000001445e-03 1.721860500000000000e+06 1.724335625000000000e+06
1.000000000000000000e+00 3.090000000000000038e-02 8.709999999999999687e-02 -6.040000000000000230e-02 2.359999999999999945e-02 1.600000000000000033e-02 -1.192000000000000004e-01 -2.549999999999999836e-02 2.989999999999999603e-02 4.100000000000000172e-02 -3.000000000000000236e-02 4.589999999999999636e-02 -2.690000000000000724e-02 9.548100000000000554e-04 7.586409999999999161e-03 3.648160000000000118e-03 5.569600000000000072e-04 2.559999999999999884e-04 1.420863999999999981e-02 6.502499999999998949e-04 8.940099999999997701e-04 1.681000000000000202e-03 9.000000000000001922e-04 2.106809999999999759e-03 7.236100000000003987e-04 1.724810500000000000e+06 1.728111625000000000e+06
1.000000000000000000e+00 2.340000000000000066e-02 8.260000000000000675e-02 -6.210000000000000242e-02 1.820000000000000090e-02 3.769999999999999740e-02 -1.095000000000000001e-01 -7.499999999999999722e-03 -4.499999999999990119e-03 -1.700000000000000122e-03 -5.399999999999998551e-03 2.169999999999999707e-02 9.700000000000000289e-03 5.475599999999999955e-04 6.822760000000001497e-03 3.856410000000000220e-03 3.312400000000000067e-04 1.421289999999999750e-03 1.199024999999999917e-02 5.624999999999999846e-05 2.024999999999990946e-05 2.890000000000000282e-06 2.915999999999998509e-05 4.708899999999998504e-04 9.409000000000000208e-05 1.727723625000000000e+06 1.732511875000000000e+06
1.000000000000000000e+00 1.699999999999999905e-03 -2.709999999999999909e-02 -8.719999999999999973e-02 1.750000000000000167e-02 6.919999999999999762e-02 -6.869999999999999718e-02 -2.170000000000000054e-02 -1.097000000000000058e-01 -2.509999999999999731e-02 -6.999999999999992339e-04 3.150000000000000022e-02 4.080000000000000293e-02 2.889999999999999859e-06 7.344099999999999023e-04 7.603839999999999731e-03 3.062500000000000443e-04 4.788639999999999390e-03 4.719689999999999476e-03 4.708900000000000130e-04 1.203409000000000076e-02 6.300099999999998583e-04 4.899999999999989084e-07 9.922500000000000764e-04 1.664640000000000217e-03 1.730355875000000000e+06 1.734555625000000000e+06
1.000000000000000000e+00 4.510000000000000120e-02 -5.530000000000000193e-02 -1.670000000000000095e-01 5.600000000000000117e-02 4.560000000000000164e-02 -8.649999999999999356e-02 4.340000000000000108e-02 -2.820000000000000284e-02 -7.980000000000000981e-02 3.849999999999999950e-02 -2.359999999999999598e-02 -1.779999999999999638e-02 2.034010000000000158e-03 3.058090000000000287e-03 2.788900000000000406e-02 3.136000000000000332e-03 2.079360000000000149e-03 7.482249999999999318e-03 1.883560000000000052e-03 7.952400000000001178e-04 6.368040000000001893e-03 1.482250000000000061e-03 5.569599999999997903e-04 3.168399999999998735e-04 1.726521125000000000e+06 1.730003250000000000e+06
1.000000000000000000e+00 8.909999999999999865e-02 -1.990000000000000102e-02 -2.165999999999999870e-01 1.044999999999999957e-01 -3.849999999999999950e-02 -1.383000000000000063e-01 4.399999999999999745e-02 3.540000000000000091e-02 -4.959999999999997744e-02 4.849999999999999450e-02 -8.410000000000000808e-02 -5.180000000000001270e-02 7.938809999999999270e-03 3.960100000000000252e-04 4.691555999999999504e-02 1.092024999999999940e-02 1.482250000000000061e-03 1.912689000000000056e-02 1.935999999999999787e-03 1.253160000000000125e-03 2.460159999999997696e-03 2.352249999999999307e-03 7.072810000000001422e-03 2.683240000000001232e-03 1.724085500000000000e+06 1.728649750000000000e+06
1.000000000000000000e+00 3.420000000000000123e-02 4.799999999999999580e-03 8.500000000000000611e-03 6.010000000000000064e-02 4.880000000000000310e-02 -1.489000000000000046e-01 -5.489999999999999741e-02 2.469999999999999973e-02 2.250999999999999945e-01 -4.439999999999999503e-02 8.730000000000000260e-02 -1.059999999999999831e-02 1.169640000000000003e-03 2.303999999999999625e-05 7.225000000000000790e-05 3.612010000000000134e-03 2.381440000000000293e-03 2.217121000000000022e-02 3.014009999999999693e-03 6.100899999999999813e-04 5.067000999999999450e-02 1.971359999999999692e-03 7.621290000000000182e-03 1.123599999999999610e-04 1.727410125000000000e+06 1.731412750000000000e+06
1.000000000000000000e+00 -1.260000000000000009e-02 6.060000000000000109e-02 7.950000000000000122e-02 -5.500000000000000028e-02 1.575999999999999901e-01 -9.569999999999999341e-02 -4.680000000000000132e-02 5.580000000000000238e-02 7.100000000000000755e-02 -1.151000000000000079e-01 1.087999999999999801e-01 5.320000000000001117e-02 1.587600000000000046e-04 3.672359999999999947e-03 6.320250000000000347e-03 3.024999999999999911e-03 2.483775999999999692e-02 9.158489999999998299e-03 2.190239999999999982e-03 3.113640000000000418e-03 5.041000000000001209e-03 1.324801000000000104e-02 1.183743999999999595e-02 2.830240000000001227e-03 1.728141875000000000e+06 1.733181000000000000e+06
1.000000000000000000e+00 -2.510000000000000078e-02 4.569999999999999757e-02 -8.939999999999999336e-02 8.899999999999999925e-03 7.560000000000000053e-02 -8.939999999999999336e-02 -1.250000000000000069e-02 -1.490000000000000352e-02 -1.688999999999999946e-01 6.389999999999999847e-02 -8.199999999999998956e-02 6.300000000000000044e-03 6.300100000000000752e-04 2.088489999999999704e-03 7.992359999999998701e-03 7.920999999999999547e-05 5.715360000000000058e-03 7.992359999999998701e-03 1.562500000000000304e-04 2.220100000000001055e-04 2.852720999999999729e-02 4.083209999999999444e-03 6.723999999999998207e-03 3.969000000000000116e-05 1.728718625000000000e+06 1.733021500000000000e+06
1.000000000000000000e+00 8.390000000000000235e-02 -1.460000000000000013e-02 -1.015000000000000069e-01 5.260000000000000092e-02 7.119999999999999940e-02 -1.040999999999999981e-01 1.089999999999999997e-01 -6.029999999999999943e-02 -1.210000000000001352e-02 4.370000000000000273e-02 -4.400000000000001132e-03 -1.470000000000000473e-02 7.039210000000000605e-03 2.131599999999999988e-04 1.030225000000000064e-02 2.766760000000000053e-03 5.069439999999999710e-03 1.083680999999999880e-02 1.188099999999999920e-02 3.636089999999999808e-03 1.464100000000003279e-04 1.909690000000000346e-03 1.936000000000001115e-05 2.160900000000001351e-04 1.727214500000000000e+06 1.731041875000000000e+06
1.000000000000000000e+00 1.272999999999999965e-01 -8.200000000000000691e-03 -1.512999999999999901e-01 1.406999999999999917e-01 -7.879999999999999505e-02 -1.509999999999999953e-01 4.339999999999999414e-02 6.399999999999999439e-03 -4.979999999999998317e-02 8.809999999999998388e-02 -1.499999999999999944e-01 -4.689999999999999725e-02 1.620529000000000067e-02 6.724000000000001352e-05 2.289168999999999579e-02 1.979648999999999645e-02 6.209439999999999231e-03 2.280099999999999835e-02 1.883559999999999401e-03 4.095999999999999408e-05 2.480039999999998461e-03 7.761609999999996914e-03 2.249999999999999917e-02 2.199609999999999847e-03 1.732328000000000000e+06 1.736823125000000000e+06
1.000000000000000000e+00 1.098999999999999977e-01 -1.580000000000000154e-02 -1.179999999999999938e-01 1.270000000000000018e-01 -1.592999999999999972e-01 -1.933999999999999886e-01 -1.739999999999999880e-02 -7.600000000000000852e-03 3.329999999999999627e-02 -1.369999999999998996e-02 -8.050000000000000211e-02 -4.239999999999999325e-02 1.207801000000000013e-02 2.496400000000000290e-04 1.392399999999999888e-02 1.612900000000000097e-02 2.537648999999999808e-02 3.740355999999999542e-02 3.027599999999999541e-04 5.776000000000001619e-05 1.108889999999999746e-03 1.876899999999997158e-04 6.480250000000000767e-03 1.797759999999999376e-03 1.728487125000000000e+06 1.733169375000000000e+06
1.000000000000000000e+00 -2.419999999999999929e-02 8.849999999999999534e-02 2.879999999999999921e-02 -1.789999999999999925e-02 1.619999999999999912e-02 -1.416000000000000036e-01 -1.340999999999999970e-01 1.043000000000000038e-01 1.467999999999999861e-01 -1.449000000000000010e-01 1.754999999999999893e-01 5.179999999999998495e-02 5.856400000000000104e-04 7.832249999999998935e-03 8.294399999999999733e-04 3.204099999999999765e-04 2.624399999999999606e-04 2.005056000000000199e-02 1.798280999999999838e-02 1.087849000000000108e-02 2.155023999999999482e-02 2.099600999999999898e-02 3.080024999999999777e-02 2.683239999999998630e-03 1.727955000000000000e+06 1.733914875000000000e+06
1.000000000000000000e+00 -4.830000000000000265e-02 1.313000000000000000e-01 3.849999999999999950e-02 -4.009999999999999676e-02 9.840000000000000135e-02 -1.356999999999999873e-01 -2.410000000000000336e-02 4.280000000000000471e-02 9.700000000000000289e-03 -2.219999999999999751e-02 8.219999999999999529e-02 5.900000000000016342e-03 2.332890000000000224e-03 1.723968999999999849e-02 1.482250000000000061e-03 1.608009999999999778e-03 9.682559999999999778e-03 1.841448999999999517e-02 5.808100000000001803e-04 1.831840000000000378e-03 9.409000000000000208e-05 4.928399999999999231e-04 6.756839999999999201e-03 3.481000000000019018e-05 1.727360250000000000e+06 1.733406000000000000e+06
1.000000000000000000e+00 -2.200000000000000133e-03 1.399999999999999986e-03 -7.820000000000000562e-02 -5.759999999999999842e-02 2.699999999999999969e-02 -6.690000000000000113e-02 4.610000000000000209e-02 -1.298999999999999877e-01 -1.166999999999999982e-01 -1.750000000000000167e-02 -7.140000000000000513e-02 6.879999999999998617e-02 4.840000000000000247e-06 1.959999999999999869e-06 6.115240000000000953e-03 3.317759999999999893e-03 7.289999999999999388e-04 4.475610000000000525e-03 2.125210000000000207e-03 1.687400999999999832e-02 1.361888999999999982e-02 3.062500000000000443e-04 5.097960000000000338e-03 4.733439999999998482e-03 1.725578875000000000e+06 1.730659375000000000e+06
1.000000000000000000e+00 2.440000000000000155e-02 1.389999999999999916e-02 -1.073000000000000065e-01 4.089999999999999886e-02 3.219999999999999946e-02 -7.660000000000000142e-02 2.660000000000000211e-02 1.249999999999999896e-02 -2.910000000000000087e-02 9.850000000000000422e-02 5.199999999999999761e-03 -9.700000000000000289e-03 5.953600000000000732e-04 1.932099999999999746e-04 1.151329000000000068e-02 1.672809999999999835e-03 1.036840000000000027e-03 5.867559999999999963e-03 7.075600000000000899e-04 1.562499999999999761e-04 8.468100000000000323e-04 9.702250000000000804e-03 2.703999999999999861e-05 9.409000000000000208e-05 1.725953375000000000e+06 1.729934625000000000e+06
1.000000000000000000e+00 1.441000000000000059e-01 2.319999999999999840e-02 -2.079000000000000015e-01 1.137999999999999984e-01 -8.959999999999999909e-02 -7.620000000000000384e-02 1.197000000000000008e-01 9.299999999999999239e-03 -1.005999999999999950e-01 7.289999999999999258e-02 -1.217999999999999916e-01 3.999999999999975797e-04 2.076481000000000160e-02 5.382399999999999424e-04 4.322241000000000277e-02 1.295043999999999883e-02 8.028159999999999463e-03 5.806440000000000386e-03 1.432808999999999992e-02 8.648999999999997998e-05 1.012035999999999838e-02 5.314409999999998580e-03 1.483523999999999780e-02 1.599999999999980711e-07 1.724881875000000000e+06 1.728309500000000000e+06
1.000000000000000000e+00 1.270999999999999908e-01 5.430000000000000104e-02 -2.881000000000000227e-01 1.335000000000000075e-01 -8.990000000000000213e-01 5.909999999999999976e-02 -1.700000000000001510e-02 3.110000000000000264e-02 -8.020000000000002127e-02 1.970000000000000917e-02 -8.094000000000000083e-01 1.353000000000000036e-01 1.615440999999999752e-02 2.948490000000000225e-03 8.300161000000001732e-02 1.782225000000000129e-02 8.082010000000000582e-01 3.492809999999999838e-03 2.890000000000005195e-04 9.672100000000001399e-04 6.432040000000003449e-03 3.880900000000003856e-04 6.551283599999999652e-01 1.830609000000000056e-02 1.720779125000000000e+06 1.731057875000000000e+06
1.000000000000000000e+00 -3.500000000000000073e-03 1.351999999999999869e-01 -1.666999999999999871e-01 -1.549999999999999989e-02 -6.165000000000000480e-01 -1.045999999999999985e-01 -1.305999999999999939e-01 8.089999999999998581e-02 1.214000000000000357e-01 -1.490000000000000213e-01 2.824999999999999734e-01 -1.637000000000000122e-01 1.225000000000000130e-05 1.827903999999999640e-02 2.778888999999999665e-02 2.402499999999999851e-04 3.800722500000000559e-01 1.094116000000000012e-02 1.705635999999999958e-02 6.544809999999998129e-03 1.473796000000000828e-02 2.220100000000000545e-02 7.980624999999998137e-02 2.679769000000000248e-02 1.728865125000000000e+06 1.736911625000000000e+06
1.000000000000000000e+00 -3.230000000000000232e-02 4.390000000000000013e-01 6.669999999999999540e-02 -5.530000000000000193e-02 1.884000000000000119e-01 -1.912999999999999978e-01 -2.880000000000000268e-02 3.038000000000000145e-01 2.333999999999999964e-01 -3.980000000000000204e-02 8.049000000000000599e-01 -8.669999999999999929e-02 1.043290000000000103e-03 1.927210000000000034e-01 4.448889999999999616e-03 3.058090000000000287e-03 3.549456000000000139e-02 3.659569000000000016e-02 8.294400000000001901e-04 9.229444000000000536e-02 5.447555999999999926e-02 1.584040000000000101e-03 6.478640100000000457e-01 7.516890000000000030e-03 1.728776750000000000e+06 1.736308625000000000e+06
1.000000000000000000e+00 -2.960000000000000131e-02 2.884999999999999787e-01 9.400000000000000022e-02 -8.350000000000000477e-02 1.527000000000000024e-01 -1.198000000000000037e-01 2.700000000000001010e-03 -1.505000000000000226e-01 2.730000000000000482e-02 -2.820000000000000284e-02 -3.570000000000000950e-02 7.149999999999999412e-02 8.761600000000000681e-04 8.323224999999999374e-02 8.836000000000000104e-03 6.972250000000001016e-03 2.331729000000000093e-02 1.435204000000000167e-02 7.290000000000005589e-06 2.265025000000000718e-02 7.452900000000002318e-04 7.952400000000001178e-04 1.274490000000000735e-03 5.112249999999998740e-03 1.727651250000000000e+06 1.735189125000000000e+06
1.000000000000000000e+00 -3.500000000000000333e-02 -1.332000000000000128e-01 -3.599999999999999728e-02 2.200000000000000133e-03 1.759999999999999898e-01 -1.313999999999999890e-01 -5.400000000000002021e-03 -4.216999999999999638e-01 -1.300000000000000044e-01 8.569999999999999840e-02 2.329999999999998739e-02 -1.159999999999998532e-02 1.225000000000000177e-03 1.774224000000000287e-02 1.295999999999999843e-03 4.840000000000000247e-06 3.097599999999999659e-02 1.726595999999999687e-02 2.916000000000002236e-05 1.778308899999999637e-01 1.690000000000000183e-02 7.344489999999999526e-03 5.428899999999994321e-04 1.345599999999996603e-04 1.726610125000000000e+06 1.733983125000000000e+06
1.000000000000000000e+00 2.829999999999999877e-02 -9.450000000000000067e-02 -3.700000000000000164e-03 -2.000000000000000096e-04 7.649999999999999856e-02 -9.370000000000000551e-02 6.329999999999999516e-02 3.870000000000001217e-02 3.229999999999999538e-02 -2.400000000000000223e-03 -9.949999999999999123e-02 3.769999999999998352e-02 8.008899999999999570e-04 8.930250000000000687e-03 1.369000000000000106e-05 4.000000000000000084e-08 5.852249999999999813e-03 8.779690000000001451e-03 4.006889999999999064e-03 1.497690000000000956e-03 1.043289999999999669e-03 5.760000000000000756e-06 9.900249999999997594e-03 1.421289999999998666e-03 1.724982750000000000e+06 1.731261250000000000e+06
1.000000000000000000e+00 3.330000000000000321e-02 -2.620000000000000107e-02 8.500000000000000611e-03 7.000000000000000146e-03 7.409999999999999920e-02 -1.011999999999999983e-01 5.000000000000004441e-03 6.829999999999999960e-02 1.220000000000000077e-02 7.199999999999999803e-03 -2.399999999999999356e-03 -7.499999999999992784e-03 1.108890000000000179e-03 6.864400000000000753e-04 7.225000000000000790e-05 4.900000000000000519e-05 5.490809999999999615e-03 1.024143999999999922e-02 2.500000000000004524e-05 4.664889999999999662e-03 1.488400000000000183e-04 5.183999999999999833e-05 5.759999999999996521e-06 5.624999999999989004e-05 1.724639250000000000e+06 1.728502500000000000e+06
1.000000000000000000e+00 3.509999999999999926e-02 2.419999999999999929e-02 -8.709999999999999687e-02 1.149999999999999981e-02 6.669999999999999540e-02 -9.510000000000000397e-02 1.799999999999996048e-03 5.040000000000000036e-02 -9.559999999999999054e-02 4.499999999999999660e-03 -7.400000000000003797e-03 6.099999999999994316e-03 1.232009999999999963e-03 5.856400000000000104e-04 7.586409999999999161e-03 1.322499999999999891e-04 4.448889999999999616e-03 9.044009999999999896e-03 3.239999999999985920e-06 2.540160000000000074e-03 9.139359999999997416e-03 2.024999999999999755e-05 5.476000000000005847e-05 3.720999999999993003e-05 1.724166875000000000e+06 1.728467000000000000e+06
1.000000000000000000e+00 6.119999999999999746e-02 3.699999999999999817e-02 -1.307000000000000106e-01 3.259999999999999704e-02 1.323999999999999899e-01 -9.879999999999999893e-02 2.609999999999999820e-02 1.279999999999999888e-02 -4.360000000000001374e-02 2.109999999999999723e-02 6.569999999999999452e-02 -3.699999999999994960e-03 3.745439999999999620e-03 1.368999999999999774e-03 1.708249000000000226e-02 1.062759999999999833e-03 1.752975999999999840e-02 9.761439999999999700e-03 6.812099999999999102e-04 1.638399999999999763e-04 1.900960000000001234e-03 4.452099999999998658e-04 4.316489999999999216e-03 1.368999999999996210e-05 1.728465875000000000e+06 1.734495250000000000e+06
1.000000000000000000e+00 1.277999999999999969e-01 2.170000000000000054e-02 -2.160999999999999865e-01 8.540000000000000369e-02 2.160000000000000114e-02 -1.479000000000000037e-01 6.659999999999999254e-02 -1.529999999999999763e-02 -8.539999999999997593e-02 5.280000000000000665e-02 -1.107999999999999818e-01 -4.910000000000000475e-02 1.633283999999999778e-02 4.708900000000000130e-04 4.669920999999999101e-02 7.293160000000000788e-03 4.665600000000000324e-04 2.187441000000000038e-02 4.435559999999998983e-03 2.340899999999999221e-04 7.293159999999995584e-03 2.787840000000000630e-03 1.227663999999999665e-02 2.410810000000000643e-03 1.727523125000000000e+06 1.735490125000000000e+06
1.000000000000000000e+00 1.665000000000000091e-01 -7.230000000000000315e-02 -2.021999999999999909e-01 1.237999999999999934e-01 -1.912999999999999978e-01 -1.671999999999999875e-01 3.870000000000001217e-02 -9.400000000000000022e-02 1.389999999999999569e-02 3.839999999999998970e-02 -2.129000000000000059e-01 -1.929999999999998384e-02 2.772225000000000383e-02 5.227290000000000755e-03 4.088483999999999868e-02 1.532643999999999847e-02 3.659569000000000016e-02 2.795583999999999569e-02 1.497690000000000956e-03 8.836000000000000104e-03 1.932099999999998933e-04 1.474559999999999109e-03 4.532641000000000447e-02 3.724899999999993559e-04 1.728340625000000000e+06 1.737319250000000000e+06
1.000000000000000000e+00 3.980000000000000204e-02 5.170000000000000290e-02 -1.368999999999999939e-01 6.769999999999999629e-02 -8.140000000000000013e-02 -1.728999999999999981e-01 -1.267000000000000071e-01 1.239999999999999991e-01 6.529999999999999694e-02 -5.609999999999999709e-02 1.098999999999999977e-01 -5.700000000000010614e-03 1.584040000000000101e-03 2.672890000000000248e-03 1.874160999999999883e-02 4.583289999999999413e-03 6.625960000000000183e-03 2.989440999999999973e-02 1.605289000000000021e-02 1.537599999999999904e-02 4.264089999999999894e-03 3.147209999999999678e-03 1.207801000000000013e-02 3.249000000000012430e-05 1.729495125000000000e+06 1.738813875000000000e+06
1.000000000000000000e+00 6.999999999999999929e-04 1.192000000000000004e-01 -8.590000000000000413e-02 4.080000000000000293e-02 5.499999999999999681e-03 -2.134999999999999953e-01 -3.910000000000000281e-02 6.750000000000000444e-02 5.099999999999998979e-02 -2.689999999999999336e-02 8.690000000000000502e-02 -4.059999999999999720e-02 4.899999999999999672e-07 1.420863999999999981e-02 7.378810000000000403e-03 1.664640000000000217e-03 3.024999999999999667e-05 4.558224999999999777e-02 1.528810000000000238e-03 4.556250000000000404e-03 2.600999999999999146e-03 7.236099999999996398e-04 7.551610000000001134e-03 1.648359999999999756e-03 1.730759625000000000e+06 1.740441375000000000e+06
1.000000000000000000e+00 -9.120000000000000329e-02 7.589999999999999525e-02 -5.809999999999999887e-02 -1.650000000000000078e-02 7.599999999999999985e-03 -9.740000000000000047e-02 -9.190000000000000946e-02 -4.330000000000000515e-02 2.780000000000000526e-02 -5.730000000000000371e-02 2.100000000000000304e-03 1.160999999999999949e-01 8.317440000000000597e-03 5.760809999999999022e-03 3.375609999999999809e-03 2.722500000000000310e-04 5.776000000000000264e-05 9.486760000000000331e-03 8.445610000000000964e-03 1.874890000000000367e-03 7.728400000000003323e-04 3.283290000000000340e-03 4.410000000000000976e-06 1.347920999999999842e-02 1.730203750000000000e+06 1.740984500000000000e+06
1.000000000000000000e+00 -7.459999999999999964e-02 4.039999999999999841e-02 -5.559999999999999665e-02 -1.119999999999999989e-02 5.870000000000000218e-02 -1.479000000000000037e-01 1.660000000000000364e-02 -3.549999999999999684e-02 2.500000000000002220e-03 5.300000000000000891e-03 5.109999999999999959e-02 -5.050000000000000322e-02 5.565159999999999552e-03 1.632159999999999904e-03 3.091359999999999594e-03 1.254399999999999916e-04 3.445690000000000384e-03 2.187441000000000038e-02 2.755600000000001061e-04 1.260249999999999869e-03 6.250000000000011311e-06 2.809000000000001058e-05 2.611210000000000094e-03 2.550250000000000433e-03 1.731611250000000000e+06 1.741308000000000000e+06
1.000000000000000000e+00 5.290000000000000258e-02 5.589999999999999830e-02 2.999999999999999889e-02 -3.830000000000000071e-02 2.601999999999999869e-01 -2.376999999999999946e-01 1.275000000000000022e-01 1.549999999999999989e-02 8.559999999999999554e-02 -2.709999999999999909e-02 2.014999999999999847e-01 -8.979999999999999094e-02 2.798410000000000307e-03 3.124810000000000001e-03 8.999999999999999754e-04 1.466889999999999991e-03 6.770403999999999312e-02 5.650128999999999568e-02 1.625624999999999987e-02 2.402499999999999851e-04 7.327359999999998909e-03 7.344099999999999023e-04 4.060224999999999251e-02 8.064039999999998015e-03 1.730669625000000000e+06 1.738577125000000000e+06
1.000000000000000000e+00 6.550000000000000266e-02 8.300000000000000086e-03 8.790000000000000591e-02 -1.399999999999999986e-03 1.322000000000000119e-01 -2.089999999999999913e-01 1.260000000000000009e-02 -4.759999999999999648e-02 5.790000000000000702e-02 3.690000000000000224e-02 -1.279999999999999749e-01 2.870000000000000329e-02 4.290250000000000660e-03 6.888999999999999941e-05 7.726410000000001263e-03 1.959999999999999869e-06 1.747684000000000390e-02 4.368099999999999761e-02 1.587600000000000046e-04 2.265759999999999476e-03 3.352410000000000979e-03 1.361610000000000077e-03 1.638399999999999232e-02 8.236900000000001859e-04 1.728495375000000000e+06 1.736909875000000000e+06
1.000000000000000000e+00 1.600000000000000033e-02 -2.239999999999999977e-02 -6.199999999999999956e-02 2.680000000000000090e-02 -5.600000000000000117e-02 -1.661999999999999866e-01 -4.950000000000000233e-02 -3.069999999999999812e-02 -1.499000000000000055e-01 2.819999999999999937e-02 -1.882000000000000062e-01 4.280000000000000471e-02 2.559999999999999884e-04 5.017599999999999665e-04 3.843999999999999761e-03 7.182400000000000893e-04 3.136000000000000332e-03 2.762243999999999464e-02 2.450250000000000171e-03 9.424899999999999294e-04 2.247001000000000207e-02 7.952400000000000094e-04 3.541924000000000461e-02 1.831840000000000378e-03 1.729594625000000000e+06 1.738122250000000000e+06
1.000000000000000000e+00 -1.600000000000000033e-02 4.479999999999999954e-02 -1.024000000000000049e-01 -7.209999999999999742e-02 7.929999999999999549e-02 -1.323999999999999899e-01 -3.200000000000000067e-02 6.719999999999999585e-02 -4.040000000000000535e-02 -9.890000000000000180e-02 1.353000000000000036e-01 3.379999999999999671e-02 2.559999999999999884e-04 2.007039999999999866e-03 1.048576000000000022e-02 5.198409999999999663e-03 6.288489999999999011e-03 1.752975999999999840e-02 1.023999999999999954e-03 4.515839999999999264e-03 1.632160000000000338e-03 9.781210000000000251e-03 1.830609000000000056e-02 1.142439999999999775e-03 1.729685750000000000e+06 1.738121500000000000e+06
1.000000000000000000e+00 -9.499999999999999764e-03 6.339999999999999802e-02 -5.290000000000000258e-02 1.899999999999999996e-03 7.320000000000000118e-02 -1.335999999999999965e-01 6.500000000000000569e-03 1.859999999999999848e-02 4.950000000000000233e-02 7.399999999999999634e-02 -6.099999999999994316e-03 -1.200000000000006617e-03 9.024999999999999819e-05 4.019560000000000147e-03 2.798410000000000307e-03 3.610000000000000165e-06 5.358240000000000225e-03 1.784896000000000052e-02 4.225000000000001053e-05 3.459599999999999199e-04 2.450250000000000171e-03 5.475999999999999097e-03 3.720999999999993003e-05 1.440000000000015859e-06 1.730394750000000000e+06 1.736093750000000000e+06
1.000000000000000000e+00 3.629999999999999893e-02 -9.299999999999999239e-03 -4.900000000000000189e-02 -1.400000000000000029e-02 3.620000000000000301e-02 -9.360000000000000264e-02 4.580000000000000043e-02 -7.270000000000000073e-02 3.900000000000000688e-03 -1.590000000000000094e-02 -3.699999999999999817e-02 3.999999999999999389e-02 1.317689999999999834e-03 8.648999999999997998e-05 2.401000000000000356e-03 1.960000000000000208e-04 1.310440000000000172e-03 8.760959999999999928e-03 2.097640000000000008e-03 5.285289999999999780e-03 1.521000000000000515e-05 2.528100000000000139e-04 1.368999999999999774e-03 1.599999999999999426e-03 1.728807000000000000e+06 1.734631375000000000e+06
1.000000000000000000e+00 5.419999999999999818e-02 -2.099999999999999870e-03 -6.880000000000000004e-02 4.499999999999999660e-03 7.639999999999999569e-02 -1.015999999999999959e-01 1.789999999999999925e-02 7.199999999999999803e-03 -1.979999999999999816e-02 1.849999999999999908e-02 4.019999999999999268e-02 -7.999999999999993228e-03 2.937639999999999609e-03 4.409999999999999282e-06 4.733440000000000217e-03 2.024999999999999755e-05 5.836959999999999545e-03 1.032255999999999972e-02 3.204099999999999765e-04 5.183999999999999833e-05 3.920399999999999124e-04 3.422499999999999436e-04 1.616039999999999361e-03 6.399999999999988868e-05 1.727876500000000000e+06 1.733782375000000000e+06
1.000000000000000000e+00 1.205999999999999989e-01 -9.900000000000000813e-03 -1.048999999999999932e-01 5.530000000000000193e-02 -1.859999999999999987e-01 -7.220000000000000029e-02 6.640000000000000069e-02 -7.800000000000001377e-03 -3.609999999999999321e-02 5.080000000000000487e-02 -2.623999999999999666e-01 2.939999999999999558e-02 1.454435999999999923e-02 9.801000000000001876e-05 1.100400999999999810e-02 3.058090000000000287e-03 3.459600000000000175e-02 5.212839999999999835e-03 4.408959999999999962e-03 6.084000000000002058e-05 1.303209999999999525e-03 2.580640000000000364e-03 6.885375999999998609e-02 8.643599999999997813e-04 1.726700375000000000e+06 1.733573875000000000e+06
1.000000000000000000e+00 1.723000000000000087e-01 2.620000000000000107e-02 -1.915000000000000036e-01 1.108999999999999986e-01 8.190000000000000058e-02 -6.110000000000000153e-02 5.170000000000000984e-02 3.610000000000000014e-02 -8.660000000000001030e-02 5.559999999999999665e-02 2.679000000000000270e-01 1.109999999999999876e-02 2.968729000000000159e-02 6.864400000000000753e-04 3.667225000000000346e-02 1.229881000000000030e-02 6.707610000000000135e-03 3.733210000000000261e-03 2.672890000000001116e-03 1.303209999999999959e-03 7.499560000000001468e-03 3.091359999999999594e-03 7.177041000000002058e-02 1.232099999999999808e-04 1.730032875000000000e+06 1.735421500000000000e+06
1.000000000000000000e+00 7.649999999999999856e-02 1.192000000000000004e-01 -9.379999999999999449e-02 1.213000000000000050e-01 2.121999999999999997e-01 -9.099999999999999756e-02 -9.580000000000001015e-02 9.299999999999999933e-02 9.770000000000000906e-02 1.040000000000000646e-02 1.302999999999999992e-01 -2.989999999999999603e-02 5.852249999999999813e-03 1.420863999999999981e-02 8.798439999999999386e-03 1.471369000000000149e-02 4.502884000000000053e-02 8.281000000000000166e-03 9.177640000000002532e-03 8.649000000000000438e-03 9.545290000000001412e-03 1.081600000000001300e-04 1.697809000000000124e-02 8.940099999999997701e-04 1.732952625000000000e+06 1.739585875000000000e+06
1.000000000000000000e+00 5.120000000000000245e-02 3.790000000000000313e-02 -3.860000000000000236e-02 4.120000000000000051e-02 -5.240000000000000213e-02 -1.413000000000000089e-01 -2.529999999999999610e-02 -8.129999999999999727e-02 5.519999999999999213e-02 -8.010000000000000453e-02 -2.646000000000000019e-01 -5.030000000000001137e-02 2.621440000000000055e-03 1.436410000000000161e-03 1.489960000000000243e-03 1.697440000000000147e-03 2.745760000000000301e-03 1.996569000000000121e-02 6.400899999999998431e-04 6.609689999999999663e-03 3.047039999999999124e-03 6.416010000000000636e-03 7.001316000000000483e-02 2.530090000000001331e-03 1.731803000000000000e+06 1.740622500000000000e+06
1.000000000000000000e+00 1.411999999999999922e-01 -1.421999999999999931e-01 -3.099999999999999891e-03 2.610000000000000167e-02 -2.492999999999999938e-01 -5.879999999999999810e-02 8.999999999999999667e-02 -1.800999999999999823e-01 3.550000000000000377e-02 -1.509999999999999884e-02 -1.968999999999999917e-01 8.250000000000001776e-02 1.993743999999999725e-02 2.022083999999999687e-02 9.609999999999999470e-06 6.812100000000001271e-04 6.215048999999999574e-02 3.457439999999999992e-03 8.099999999999999561e-03 3.243600999999999429e-02 1.260250000000000302e-03 2.280099999999999532e-04 3.876960999999999602e-02 6.806250000000003270e-03 1.728939250000000000e+06 1.738068250000000000e+06
1.000000000000000000e+00 2.809999999999999998e-02 5.489999999999999741e-02 8.899999999999999578e-02 -1.439999999999999961e-02 -3.866999999999999882e-01 -4.610000000000000209e-02 -1.130999999999999922e-01 1.970999999999999974e-01 9.210000000000000131e-02 -4.050000000000000128e-02 -1.373999999999999944e-01 1.269999999999999601e-02 7.896100000000000514e-04 3.014009999999999693e-03 7.920999999999999222e-03 2.073599999999999933e-04 1.495368899999999779e-01 2.125210000000000207e-03 1.279160999999999840e-02 3.884840999999999989e-02 8.482410000000000991e-03 1.640249999999999998e-03 1.887875999999999790e-02 1.612899999999998872e-04 1.728616625000000000e+06 1.742808500000000000e+06
1.000000000000000000e+00 2.560000000000000123e-02 1.857000000000000040e-01 -8.179999999999999771e-02 -3.119999999999999857e-02 -6.360000000000000375e-02 -1.675999999999999990e-01 -2.499999999999998751e-03 1.307999999999999996e-01 -1.708000000000000074e-01 -1.679999999999999896e-02 3.230999999999999983e-01 -1.214999999999999969e-01 6.553600000000000137e-04 3.448448999999999959e-02 6.691239999999999341e-03 9.734399999999998956e-04 4.044960000000000222e-03 2.808975999999999834e-02 6.249999999999993523e-06 1.710864000000000135e-02 2.917264000000000315e-02 2.822399999999999540e-04 1.043936099999999978e-01 1.476224999999999933e-02 1.728978500000000000e+06 1.741040875000000000e+06
1.000000000000000000e+00 -5.890000000000000097e-02 4.274000000000000021e-01 1.371999999999999886e-01 -9.009999999999999953e-02 4.127000000000000113e-01 -1.013000000000000012e-01 -8.450000000000000566e-02 2.416999999999999982e-01 2.189999999999999725e-01 -5.890000000000000097e-02 4.763000000000000012e-01 6.629999999999999782e-02 3.469209999999999915e-03 1.826707600000000153e-01 1.882383999999999794e-02 8.118010000000000156e-03 1.703212900000000141e-01 1.026169000000000039e-02 7.140250000000000763e-03 5.841889000000000109e-02 4.796099999999998975e-02 3.469209999999999915e-03 2.268616900000000047e-01 4.395689999999999840e-03 1.730042875000000000e+06 1.735303000000000000e+06
1.000000000000000000e+00 -4.410000000000000031e-02 6.000000000000000125e-03 1.084999999999999992e-01 -8.300000000000000086e-03 3.553999999999999937e-01 -1.534999999999999976e-01 1.480000000000000066e-02 -4.213999999999999968e-01 -2.869999999999998941e-02 8.179999999999999771e-02 -5.730000000000001759e-02 -5.219999999999999640e-02 1.944809999999999942e-03 3.600000000000000091e-05 1.177224999999999973e-02 6.888999999999999941e-05 1.263091600000000037e-01 2.356224999999999986e-02 2.190400000000000170e-04 1.775779600000000069e-01 8.236899999999994270e-04 6.691239999999999341e-03 3.283290000000002075e-03 2.724839999999999641e-03 1.728718750000000000e+06 1.729948500000000000e+06
1.000000000000000000e+00 -1.310000000000000053e-02 -4.354999999999999982e-01 -2.791000000000000147e-01 -2.479999999999999913e-02 2.953000000000000069e-01 -2.079000000000000015e-01 3.099999999999999978e-02 -4.415000000000000036e-01 -3.876000000000000001e-01 -1.650000000000000078e-02 -6.009999999999998677e-02 -5.440000000000000391e-02 1.716100000000000188e-04 1.896602500000000024e-01 7.789681000000001077e-02 6.150399999999999661e-04 8.720209000000000987e-02 4.322241000000000277e-02 9.609999999999999402e-04 1.949222499999999914e-01 1.502337599999999940e-01 2.722500000000000310e-04 3.612009999999998399e-03 2.959360000000000289e-03 1.729211500000000000e+06 1.729853500000000000e+06
1.000000000000000000e+00 -4.889999999999999902e-02 -1.175999999999999962e-01 -2.124999999999999944e-01 -1.260000000000000009e-01 3.291000000000000036e-01 -1.801000000000000101e-01 -3.579999999999999849e-02 3.179000000000000159e-01 6.660000000000002029e-02 -1.011999999999999983e-01 3.379999999999999671e-02 2.779999999999999138e-02 2.391209999999999950e-03 1.382975999999999997e-02 4.515624999999999500e-02 1.587600000000000122e-02 1.083068100000000034e-01 3.243601000000000123e-02 1.281639999999999906e-03 1.010604100000000033e-01 4.435560000000002452e-03 1.024143999999999922e-02 1.142439999999999775e-03 7.728399999999995733e-04 1.730640000000000000e+06 1.729581500000000000e+06
1.000000000000000000e+00 1.549999999999999989e-02 -3.740000000000000269e-02 4.120000000000000051e-02 -4.939999999999999947e-02 1.635999999999999954e-01 -1.681999999999999884e-01 6.439999999999999891e-02 8.019999999999999352e-02 2.536999999999999811e-01 7.660000000000000142e-02 -1.655000000000000082e-01 1.190000000000002167e-02 2.402499999999999851e-04 1.398760000000000194e-03 1.697440000000000147e-03 2.440359999999999925e-03 2.676495999999999736e-02 2.829123999999999528e-02 4.147360000000000109e-03 6.432039999999999112e-03 6.436368999999998730e-02 5.867559999999999963e-03 2.739025000000000140e-02 1.416100000000005093e-04 1.729776250000000000e+06 1.726018125000000000e+06
1.000000000000000000e+00 4.440000000000000197e-02 -1.439999999999999961e-02 -9.660000000000000531e-02 8.690000000000000502e-02 6.310000000000000331e-02 -1.373999999999999944e-01 2.890000000000000208e-02 2.300000000000000308e-02 -1.378000000000000058e-01 1.363000000000000045e-01 -1.004999999999999921e-01 3.079999999999999405e-02 1.971360000000000126e-03 2.073599999999999933e-04 9.331560000000000896e-03 7.551610000000001134e-03 3.981610000000000010e-03 1.887875999999999790e-02 8.352100000000000756e-04 5.290000000000001732e-04 1.898883999999999989e-02 1.857769000000000087e-02 1.010024999999999812e-02 9.486399999999996181e-04 1.729710875000000000e+06 1.727090125000000000e+06
1.000000000000000000e+00 1.170000000000000033e-02 2.390000000000000110e-02 -6.940000000000000335e-02 4.769999999999999934e-02 1.049999999999999961e-01 -1.482999999999999874e-01 -3.269999999999999990e-02 3.830000000000000071e-02 2.720000000000000195e-02 -3.920000000000000567e-02 4.189999999999999281e-02 -1.089999999999999303e-02 1.368899999999999989e-04 5.712100000000000554e-04 4.816360000000000433e-03 2.275290000000000125e-03 1.102499999999999834e-02 2.199288999999999758e-02 1.069290000000000084e-03 1.466889999999999991e-03 7.398400000000000722e-04 1.536640000000000358e-03 1.755609999999999463e-03 1.188099999999998467e-04 1.733332250000000000e+06 1.735701375000000000e+06
1.000000000000000000e+00 3.099999999999999891e-03 5.850000000000000339e-02 -8.999999999999999667e-02 -2.139999999999999888e-02 1.118999999999999995e-01 -1.079999999999999988e-01 -8.600000000000000006e-03 3.460000000000000575e-02 -2.059999999999999332e-02 -6.909999999999999476e-02 6.900000000000003353e-03 4.029999999999998861e-02 9.609999999999999470e-06 3.422250000000000379e-03 8.099999999999999561e-03 4.579599999999999318e-04 1.252161000000000073e-02 1.166399999999999902e-02 7.396000000000000339e-05 1.197160000000000498e-03 4.243599999999997114e-04 4.774809999999999124e-03 4.761000000000004730e-05 1.624089999999999041e-03 1.737019875000000000e+06 1.743802750000000000e+06
1.000000000000000000e+00 1.335999999999999965e-01 5.000000000000000278e-02 -1.194000000000000061e-01 1.504000000000000059e-01 -5.332999999999999963e-01 3.470000000000000168e-02 1.305000000000000049e-01 -8.500000000000000611e-03 -2.940000000000000946e-02 1.718000000000000083e-01 -6.451999999999999957e-01 1.426999999999999935e-01 1.784896000000000052e-02 2.500000000000000486e-03 1.425636000000000091e-02 2.262016000000000027e-02 2.844088899999999698e-01 1.204090000000000108e-03 1.703025000000000025e-02 7.225000000000000790e-05 8.643600000000005402e-04 2.951524000000000161e-02 4.162830399999999931e-01 2.036328999999999917e-02 1.734857625000000000e+06 1.744917000000000000e+06
1.000000000000000000e+00 1.159000000000000030e-01 -4.880000000000000310e-02 -1.044000000000000067e-01 1.760000000000000106e-02 -4.744999999999999774e-01 8.000000000000000167e-03 -1.769999999999999352e-02 -9.879999999999999893e-02 1.499999999999999944e-02 -1.328000000000000014e-01 5.880000000000001892e-02 -2.670000000000000151e-02 1.343280999999999989e-02 2.381440000000000293e-03 1.089936000000000203e-02 3.097600000000000158e-04 2.251502499999999685e-01 6.399999999999999710e-05 3.132899999999997601e-04 9.761439999999999700e-03 2.249999999999999938e-04 1.763583999999999985e-02 3.457440000000002161e-03 7.128900000000000948e-04 1.735683625000000000e+06 1.746707750000000000e+06
1.000000000000000000e+00 -4.410000000000000031e-02 1.768000000000000127e-01 -2.120000000000000009e-02 -6.619999999999999496e-02 1.676999999999999880e-01 -1.126999999999999946e-01 -1.600000000000000033e-01 2.256000000000000227e-01 8.320000000000001006e-02 -8.379999999999999949e-02 6.421999999999999931e-01 -1.207000000000000017e-01 1.944809999999999942e-03 3.125824000000000658e-02 4.494400000000000066e-04 4.382439999999999600e-03 2.812328999999999524e-02 1.270128999999999876e-02 2.560000000000000123e-02 5.089536000000000754e-02 6.922240000000001378e-03 7.022439999999999585e-03 4.124208400000000108e-01 1.456848999999999991e-02 1.734132875000000000e+06 1.744324250000000000e+06
1.000000000000000000e+00 1.499999999999999944e-02 1.779000000000000026e-01 -9.520000000000000684e-02 -1.200000000000000025e-02 2.030000000000000138e-01 -1.288999999999999868e-01 5.909999999999999976e-02 1.099999999999989875e-03 -7.400000000000001021e-02 5.419999999999999818e-02 3.530000000000002580e-02 -1.619999999999999218e-02 2.249999999999999938e-04 3.164841000000000182e-02 9.063040000000001373e-03 1.440000000000000036e-04 4.120900000000000257e-02 1.661520999999999831e-02 3.492809999999999838e-03 1.209999999999977827e-06 5.476000000000001700e-03 2.937639999999999609e-03 1.246090000000001780e-03 2.624399999999997438e-04 1.735796625000000000e+06 1.742721250000000000e+06
1.000000000000000000e+00 1.549999999999999989e-02 -4.109999999999999765e-02 -1.600000000000000033e-02 -1.200000000000000025e-02 1.413999999999999979e-01 -1.356999999999999873e-01 5.000000000000004441e-04 -2.190000000000000002e-01 7.920000000000000651e-02 0.000000000000000000e+00 -6.160000000000001585e-02 -6.800000000000000488e-03 2.402499999999999851e-04 1.689209999999999800e-03 2.559999999999999884e-04 1.440000000000000036e-04 1.999395999999999812e-02 1.841448999999999517e-02 2.500000000000004651e-07 4.796099999999999669e-02 6.272640000000001201e-03 0.000000000000000000e+00 3.794560000000001942e-03 4.624000000000000451e-05 1.733722000000000000e+06 1.739194625000000000e+06
1.000000000000000000e+00 1.310000000000000053e-02 -5.449999999999999983e-02 -8.190000000000000058e-02 -8.200000000000000691e-03 4.859999999999999737e-02 -1.234999999999999987e-01 -2.399999999999999356e-03 -1.340000000000000219e-02 -6.590000000000000024e-02 3.799999999999999559e-03 -9.279999999999999361e-02 1.219999999999998863e-02 1.716100000000000188e-04 2.970249999999999800e-03 6.707610000000000135e-03 6.724000000000001352e-05 2.361959999999999754e-03 1.525225000000000018e-02 5.759999999999996521e-06 1.795600000000000494e-04 4.342809999999999900e-03 1.443999999999999727e-05 8.611839999999999079e-03 1.488399999999997201e-04 1.731617125000000000e+06 1.736663000000000000e+06
1.000000000000000000e+00 3.660000000000000059e-02 -7.069999999999999896e-02 -1.416999999999999926e-01 -4.229999999999999732e-02 -6.119999999999999746e-02 -1.486999999999999988e-01 2.350000000000000006e-02 -1.619999999999999912e-02 -5.979999999999999205e-02 -3.409999999999999837e-02 -1.097999999999999948e-01 -2.520000000000000018e-02 1.339560000000000056e-03 4.998489999999999531e-03 2.007888999999999854e-02 1.789289999999999804e-03 3.745439999999999620e-03 2.211168999999999982e-02 5.522500000000000065e-04 2.624399999999999606e-04 3.576039999999999081e-03 1.162809999999999799e-03 1.205603999999999877e-02 6.350400000000000185e-04 1.729460000000000000e+06 1.733591375000000000e+06
1.000000000000000000e+00 3.559999999999999970e-02 -1.370000000000000037e-02 -2.179999999999999993e-01 -6.519999999999999407e-02 4.870000000000000023e-02 -2.275000000000000078e-01 -1.000000000000000888e-03 5.699999999999999512e-02 -7.630000000000000671e-02 -2.289999999999999675e-02 1.098999999999999977e-01 -7.880000000000000893e-02 1.267359999999999928e-03 1.876900000000000139e-04 4.752399999999999680e-02 4.251039999999999333e-03 2.371690000000000083e-03 5.175625000000000364e-02 1.000000000000001861e-06 3.248999999999999284e-03 5.821690000000000892e-03 5.244099999999998936e-04 1.207801000000000013e-02 6.209440000000001833e-03 1.731312125000000000e+06 1.735651500000000000e+06
1.000000000000000000e+00 -2.050000000000000086e-02 1.237000000000000044e-01 -3.169999999999999901e-02 -1.789999999999999925e-02 1.696000000000000008e-01 -1.829000000000000070e-01 -5.609999999999999709e-02 1.373999999999999944e-01 1.862999999999999934e-01 4.729999999999999483e-02 1.209000000000000075e-01 4.460000000000000075e-02 4.202500000000000506e-04 1.530169000000000147e-02 1.004890000000000037e-03 3.204099999999999765e-04 2.876416000000000042e-02 3.345241000000000187e-02 3.147209999999999678e-03 1.887875999999999790e-02 3.470768999999999938e-02 2.237289999999999418e-03 1.461681000000000265e-02 1.989160000000000234e-03 1.732869250000000000e+06 1.736746375000000000e+06
1.000000000000000000e+00 -4.050000000000000128e-02 4.309999999999999942e-02 -6.560000000000000553e-02 -1.529999999999999936e-02 9.810000000000000664e-02 -1.318000000000000005e-01 -2.000000000000000042e-02 -8.060000000000000497e-02 -3.390000000000000652e-02 2.599999999999999881e-03 -7.149999999999999412e-02 5.110000000000000653e-02 1.640249999999999998e-03 1.857609999999999990e-03 4.303360000000000865e-03 2.340899999999999763e-04 9.623610000000001191e-03 1.737123999999999960e-02 4.000000000000000192e-04 6.496360000000000502e-03 1.149210000000000335e-03 6.759999999999999652e-06 5.112249999999998740e-03 2.611210000000000527e-03 1.732815500000000000e+06 1.737207875000000000e+06
1.000000000000000000e+00 8.659999999999999643e-02 -3.649999999999999772e-02 -5.380000000000000060e-02 1.880000000000000074e-02 -1.416000000000000036e-01 -6.950000000000000622e-02 1.270999999999999908e-01 -7.960000000000000409e-02 1.180000000000000493e-02 3.409999999999999837e-02 -2.397000000000000242e-01 6.229999999999999427e-02 7.499559999999999733e-03 1.332249999999999884e-03 2.894439999999999860e-03 3.534400000000000042e-04 2.005056000000000199e-02 4.830250000000001209e-03 1.615440999999999752e-02 6.336160000000000403e-03 1.392400000000001102e-04 1.162809999999999799e-03 5.745609000000000827e-02 3.881289999999999480e-03 1.731718500000000000e+06 1.736927375000000000e+06
1.000000000000000000e+00 1.283999999999999864e-01 1.140000000000000041e-02 -5.920000000000000262e-02 3.020000000000000115e-02 -4.521000000000000019e-01 4.899999999999999842e-03 4.179999999999998994e-02 4.789999999999999813e-02 -5.400000000000002021e-03 1.140000000000000041e-02 -3.104999999999999982e-01 7.440000000000000779e-02 1.648655999999999733e-02 1.299600000000000093e-04 3.504640000000000272e-03 9.120400000000000295e-04 2.043944099999999986e-01 2.400999999999999882e-05 1.747239999999999080e-03 2.294409999999999766e-03 2.916000000000002236e-05 1.299600000000000093e-04 9.641025000000000289e-02 5.535360000000001321e-03 1.729295250000000000e+06 1.736493625000000000e+06
1.000000000000000000e+00 1.539999999999999980e-01 1.424999999999999878e-01 -4.150000000000000216e-02 5.439999999999999697e-02 -5.295999999999999597e-01 -4.290000000000000063e-02 2.560000000000001164e-02 1.310999999999999943e-01 1.770000000000000046e-02 2.419999999999999582e-02 -7.749999999999995781e-02 -4.780000000000000221e-02 2.371600000000000097e-02 2.030624999999999791e-02 1.722250000000000256e-03 2.959359999999999855e-03 2.804761599999999744e-01 1.840410000000000006e-03 6.553600000000005558e-04 1.718720999999999791e-02 3.132900000000000311e-04 5.856399999999997935e-04 6.006249999999993365e-03 2.284840000000000221e-03 1.733233875000000000e+06 1.743504000000000000e+06
1.000000000000000000e+00 3.899999999999999821e-03 3.059000000000000052e-01 -4.569999999999999757e-02 7.499999999999999722e-03 -6.959999999999999520e-02 -8.219999999999999529e-02 -1.501000000000000112e-01 1.634000000000000175e-01 -4.199999999999995404e-03 -4.689999999999999725e-02 4.599999999999999645e-01 -3.929999999999999466e-02 1.520999999999999837e-05 9.357481000000000826e-02 2.088489999999999704e-03 5.624999999999999846e-05 4.844159999999999265e-03 6.756839999999999201e-03 2.253001000000000309e-02 2.669956000000000412e-02 1.763999999999995986e-05 2.199609999999999847e-03 2.115999999999999548e-01 1.544489999999999492e-03 1.731006250000000000e+06 1.741809125000000000e+06
1.000000000000000000e+00 -3.699999999999999817e-02 2.479999999999999982e-01 -4.399999999999999745e-02 -2.630000000000000046e-02 3.170000000000000040e-01 -1.120000000000000023e-01 -4.089999999999999886e-02 -5.790000000000000702e-02 1.700000000000000122e-03 -3.379999999999999671e-02 3.865999999999999992e-01 -2.980000000000000704e-02 1.368999999999999774e-03 6.150399999999999617e-02 1.935999999999999787e-03 6.916900000000000132e-04 1.004890000000000089e-01 1.254400000000000133e-02 1.672809999999999835e-03 3.352410000000000979e-03 2.890000000000000282e-06 1.142439999999999775e-03 1.494595599999999913e-01 8.880400000000004219e-04 1.732506500000000000e+06 1.736792750000000000e+06
1.000000000000000000e+00 2.539999999999999897e-02 2.139999999999999888e-02 -8.899999999999999925e-03 -1.720000000000000001e-02 2.529000000000000137e-01 -1.322000000000000119e-01 6.239999999999999714e-02 -2.265999999999999959e-01 3.509999999999999926e-02 9.100000000000000450e-03 -6.409999999999999032e-02 -2.020000000000000961e-02 6.451599999999999826e-04 4.579599999999999318e-04 7.920999999999999547e-05 2.958400000000000135e-04 6.395841000000000720e-02 1.747684000000000390e-02 3.893759999999999583e-03 5.134756000000000042e-02 1.232009999999999963e-03 8.281000000000000166e-05 4.108809999999998332e-03 4.080400000000004098e-04 1.732034875000000000e+06 1.733493375000000000e+06
1.000000000000000000e+00 7.259999999999999787e-02 -1.535999999999999865e-01 -4.730000000000000177e-02 8.399999999999999481e-03 2.179999999999999993e-02 -1.107000000000000067e-01 4.719999999999999890e-02 -1.749999999999999889e-01 -3.840000000000000357e-02 2.559999999999999776e-02 -2.311000000000000276e-01 2.150000000000000522e-02 5.270759999999999335e-03 2.359295999999999616e-02 2.237290000000000285e-03 7.055999999999998851e-05 4.752399999999999832e-04 1.225449000000000156e-02 2.227840000000000029e-03 3.062499999999999598e-02 1.474560000000000193e-03 6.553599999999999053e-04 5.340721000000001051e-02 4.622500000000002041e-04 1.730404125000000000e+06 1.732808625000000000e+06
1.000000000000000000e+00 9.039999999999999425e-02 -9.289999999999999647e-02 -9.819999999999999563e-02 1.949999999999999997e-02 -4.608999999999999764e-01 -1.220000000000000077e-02 1.779999999999999638e-02 6.069999999999999007e-02 -5.089999999999999386e-02 1.110000000000000049e-02 -4.826999999999999624e-01 9.850000000000000422e-02 8.172159999999999494e-03 8.630409999999999818e-03 9.643239999999999104e-03 3.802499999999999999e-04 2.124288099999999679e-01 1.488400000000000183e-04 3.168399999999998735e-04 3.684489999999998600e-03 2.590809999999999381e-03 1.232100000000000079e-04 2.329992899999999700e-01 9.702250000000000804e-03 1.728089625000000000e+06 1.732096750000000000e+06
1.000000000000000000e+00 1.063999999999999946e-01 -8.400000000000000522e-02 -2.989999999999999949e-02 6.909999999999999476e-02 -3.748000000000000220e-01 -7.910000000000000364e-02 1.600000000000000033e-02 8.899999999999991251e-03 6.829999999999999960e-02 4.959999999999999132e-02 8.609999999999995435e-02 -6.690000000000000113e-02 1.132095999999999970e-02 7.056000000000000640e-03 8.940099999999999870e-04 4.774809999999999124e-03 1.404750400000000232e-01 6.256810000000000670e-03 2.559999999999999884e-04 7.920999999999984640e-05 4.664889999999999662e-03 2.460159999999998997e-03 7.413209999999992132e-03 4.475610000000000525e-03 1.730470125000000000e+06 1.735472000000000000e+06
1.000000000000000000e+00 5.990000000000000185e-02 2.296999999999999875e-01 -1.170000000000000033e-02 2.850000000000000103e-02 1.623999999999999888e-01 -1.620000000000000051e-01 -4.649999999999999273e-02 3.136999999999999789e-01 1.820000000000000090e-02 -4.059999999999999720e-02 5.372000000000000108e-01 -8.290000000000000147e-02 3.588010000000000418e-03 5.276208999999999760e-02 1.368899999999999989e-04 8.122500000000000379e-04 2.637375999999999610e-02 2.624399999999999997e-02 2.162249999999999242e-03 9.840768999999999211e-02 3.312400000000000067e-04 1.648359999999999756e-03 2.885838400000000359e-01 6.872410000000000671e-03 1.732015250000000000e+06 1.738122125000000000e+06
1.000000000000000000e+00 -2.690000000000000030e-02 2.084000000000000019e-01 3.139999999999999736e-02 -5.059999999999999915e-02 8.770000000000000018e-02 -1.585999999999999910e-01 -8.680000000000000215e-02 -2.129999999999998561e-02 4.309999999999999942e-02 -7.910000000000000364e-02 -7.469999999999998863e-02 3.400000000000014122e-03 7.236099999999999650e-04 4.343056000000000000e-02 9.859599999999999181e-04 2.560359999999999806e-03 7.691289999999999932e-03 2.515395999999999604e-02 7.534240000000000208e-03 4.536899999999993781e-04 1.857609999999999990e-03 6.256810000000000670e-03 5.580089999999998489e-03 1.156000000000009600e-05 1.731142500000000000e+06 1.737664125000000000e+06
1.000000000000000000e+00 4.299999999999999656e-02 -9.900000000000000466e-02 -9.139999999999999514e-02 3.379999999999999671e-02 -2.799999999999999972e-03 -7.960000000000000409e-02 6.989999999999998992e-02 -3.074000000000000066e-01 -1.227999999999999925e-01 8.440000000000000280e-02 -9.049999999999999711e-02 7.899999999999998690e-02 1.848999999999999732e-03 9.801000000000000684e-03 8.353959999999998817e-03 1.142439999999999775e-03 7.839999999999999476e-06 6.336160000000000403e-03 4.886009999999998792e-03 9.449476000000001097e-02 1.507983999999999887e-02 7.123360000000000455e-03 8.190249999999999614e-03 6.240999999999998285e-03 1.730276125000000000e+06 1.739272250000000000e+06
1.000000000000000000e+00 8.970000000000000195e-02 -6.840000000000000246e-02 -6.029999999999999943e-02 8.079999999999999682e-02 -1.358999999999999930e-01 -6.499999999999999702e-03 4.670000000000000540e-02 3.060000000000000220e-02 3.109999999999999570e-02 4.700000000000000011e-02 -1.330999999999999961e-01 7.309999999999999831e-02 8.046090000000000533e-03 4.678560000000000010e-03 3.636089999999999808e-03 6.528639999999999617e-03 1.846880999999999870e-02 4.224999999999999698e-05 2.180890000000000432e-03 9.363600000000001219e-04 9.672099999999997063e-04 2.209000000000000026e-03 1.771560999999999969e-02 5.343609999999999506e-03 1.729839500000000000e+06 1.739272875000000000e+06
1.000000000000000000e+00 1.170999999999999958e-01 2.019999999999999921e-02 -1.890000000000000013e-02 8.669999999999999929e-02 -4.168000000000000038e-01 7.660000000000000142e-02 2.739999999999999380e-02 8.859999999999999820e-02 4.139999999999999930e-02 5.900000000000002465e-03 -2.809000000000000385e-01 8.310000000000000719e-02 1.371240999999999953e-02 4.080399999999999761e-04 3.572100000000000036e-04 7.516890000000000030e-03 1.737222400000000000e-01 5.867559999999999963e-03 7.507599999999996221e-04 7.849959999999999577e-03 1.713960000000000049e-03 3.481000000000002755e-05 7.890481000000001965e-02 6.905610000000001261e-03 1.727788375000000000e+06 1.738606250000000000e+06
1.000000000000000000e+00 1.647000000000000131e-01 3.690000000000000224e-02 1.559999999999999928e-02 1.830000000000000029e-02 -4.542999999999999816e-01 1.131000000000000061e-01 4.760000000000001730e-02 1.670000000000000304e-02 3.450000000000000289e-02 -6.840000000000000246e-02 -3.749999999999997780e-02 3.650000000000000466e-02 2.712609000000000548e-02 1.361610000000000077e-03 2.433599999999999739e-04 3.348900000000000141e-04 2.063884899999999800e-01 1.279161000000000187e-02 2.265760000000001644e-03 2.788900000000001165e-04 1.190250000000000119e-03 4.678560000000000010e-03 1.406249999999998430e-03 1.332250000000000318e-03 1.730993875000000000e+06 1.739158250000000000e+06
1.000000000000000000e+00 1.213999999999999940e-01 2.031999999999999917e-01 3.459999999999999881e-02 1.739999999999999880e-02 -3.598999999999999977e-01 6.500000000000000222e-02 -4.330000000000001903e-02 1.663000000000000034e-01 1.899999999999999953e-02 -9.000000000000014932e-04 9.439999999999998392e-02 -4.810000000000000386e-02 1.473795999999999787e-02 4.129023999999999889e-02 1.197159999999999848e-03 3.027599999999999541e-04 1.295280099999999990e-01 4.225000000000000457e-03 1.874890000000001668e-03 2.765569000000000013e-02 3.609999999999999928e-04 8.100000000000027268e-07 8.911359999999996645e-03 2.313610000000000232e-03 1.729732875000000000e+06 1.739189375000000000e+06
1.000000000000000000e+00 9.320000000000000506e-02 1.771999999999999964e-01 -2.779999999999999832e-02 1.770000000000000046e-02 -1.872999999999999943e-01 1.540000000000000049e-02 -2.819999999999998896e-02 -2.599999999999999534e-02 -6.239999999999999714e-02 3.000000000000016542e-04 1.726000000000000034e-01 -4.960000000000000520e-02 8.686240000000001321e-03 3.139983999999999831e-02 7.728399999999998986e-04 3.132900000000000311e-04 3.508129000000000108e-02 2.371600000000000129e-04 7.952399999999993589e-04 6.759999999999997348e-04 3.893759999999999583e-03 9.000000000000099119e-08 2.979075999999999946e-02 2.460160000000000732e-03 1.731314875000000000e+06 1.739797250000000000e+06
1.000000000000000000e+00 6.859999999999999432e-02 1.270000000000000018e-01 3.219999999999999946e-02 -4.089999999999999886e-02 -2.036000000000000032e-01 3.420000000000000123e-02 -2.460000000000001075e-02 -5.019999999999999463e-02 5.999999999999999778e-02 -5.859999999999999931e-02 -1.630000000000000893e-02 1.880000000000000074e-02 4.705959999999999484e-03 1.612900000000000097e-02 1.036840000000000027e-03 1.672809999999999835e-03 4.145296000000000397e-02 1.169640000000000003e-03 6.051600000000005282e-04 2.520039999999999433e-03 3.599999999999999901e-03 3.433959999999999790e-03 2.656900000000002836e-04 3.534400000000000042e-04 1.729220375000000000e+06 1.737627125000000000e+06
1.000000000000000000e+00 1.008000000000000007e-01 2.237000000000000099e-01 8.229999999999999816e-02 1.650000000000000078e-02 -2.139999999999999888e-02 -1.037000000000000005e-01 3.220000000000000639e-02 9.670000000000000817e-02 5.009999999999999870e-02 5.739999999999999963e-02 1.822000000000000008e-01 -1.378999999999999948e-01 1.016064000000000030e-02 5.004169000000000672e-02 6.773289999999999519e-03 2.722500000000000310e-04 4.579599999999999318e-04 1.075368999999999978e-02 1.036840000000000461e-03 9.350890000000002325e-03 2.510010000000000019e-03 3.294759999999999876e-03 3.319683999999999829e-02 1.901640999999999748e-02 1.728006500000000000e+06 1.736915500000000000e+06
1.000000000000000000e+00 6.950000000000000622e-02 2.333999999999999964e-01 -1.155999999999999944e-01 2.989999999999999949e-02 2.192000000000000060e-01 -1.925999999999999934e-01 -3.129999999999999449e-02 9.699999999999986411e-03 -1.978999999999999926e-01 1.339999999999999872e-02 2.406000000000000083e-01 -8.889999999999999292e-02 4.830250000000001209e-03 5.447555999999999926e-02 1.336335999999999948e-02 8.940099999999999870e-04 4.804864000000000357e-02 3.709475999999999746e-02 9.796899999999996410e-04 9.408999999999973103e-05 3.916440999999999673e-02 1.795599999999999681e-04 5.788836000000000676e-02 7.903209999999999055e-03 1.725985375000000000e+06 1.734559500000000000e+06
1.000000000000000000e+00 1.750000000000000167e-02 -1.005000000000000060e-01 -1.645999999999999963e-01 -2.589999999999999941e-02 1.100000000000000006e-01 -2.207999999999999963e-01 -5.200000000000000455e-02 -3.338999999999999746e-01 -4.900000000000000189e-02 -5.580000000000000238e-02 -1.092000000000000054e-01 -2.820000000000000284e-02 3.062500000000000443e-04 1.010025000000000159e-02 2.709315999999999808e-02 6.708099999999999827e-04 1.209999999999999964e-02 4.875263999999999986e-02 2.704000000000000674e-03 1.114892099999999775e-01 2.401000000000000356e-03 3.113640000000000418e-03 1.192464000000000197e-02 7.952400000000001178e-04 1.723799750000000000e+06 1.729214625000000000e+06
1.000000000000000000e+00 1.237000000000000044e-01 -1.163000000000000006e-01 8.500000000000000611e-03 1.338000000000000023e-01 -3.070000000000000159e-02 -1.570999999999999897e-01 1.062000000000000027e-01 -1.579999999999999460e-02 1.731000000000000039e-01 1.597000000000000086e-01 -1.406999999999999917e-01 6.370000000000000662e-02 1.530169000000000147e-02 1.352568999999999994e-02 7.225000000000000790e-05 1.790244000000000210e-02 9.424900000000001462e-04 2.468040999999999638e-02 1.127844000000000069e-02 2.496399999999998121e-04 2.996361000000000163e-02 2.550409000000000356e-02 1.979648999999999645e-02 4.057690000000000949e-03 1.726962500000000000e+06 1.728598250000000000e+06
1.000000000000000000e+00 2.400000000000000050e-02 -5.460000000000000270e-02 5.970000000000000306e-02 -2.860000000000000042e-02 -2.974999999999999867e-01 -1.665999999999999981e-01 -9.970000000000001084e-02 6.169999999999999790e-02 5.120000000000000245e-02 -1.623999999999999888e-01 -2.667999999999999816e-01 -9.500000000000008438e-03 5.760000000000000146e-04 2.981160000000000494e-03 3.564090000000000227e-03 8.179600000000000629e-04 8.850624999999999465e-02 2.775555999999999857e-02 9.940090000000002118e-03 3.806889999999999840e-03 2.621440000000000055e-03 2.637375999999999610e-02 7.118223999999999385e-02 9.025000000000016082e-05 1.722660875000000000e+06 1.722857125000000000e+06
1.000000000000000000e+00 -2.200000000000000133e-03 -4.000000000000000083e-03 -1.418000000000000094e-01 1.310000000000000053e-02 1.136000000000000065e-01 -1.617999999999999994e-01 -2.620000000000000107e-02 5.060000000000000608e-02 -2.015000000000000124e-01 4.170000000000000095e-02 4.111000000000000210e-01 4.799999999999998712e-03 4.840000000000000247e-06 1.599999999999999928e-05 2.010724000000000192e-02 1.716100000000000188e-04 1.290496000000000178e-02 2.617923999999999946e-02 6.864400000000000753e-04 2.560360000000000674e-03 4.060225000000000639e-02 1.738890000000000097e-03 1.690032100000000148e-01 2.303999999999998608e-05 1.721269875000000000e+06 1.719405875000000000e+06
1.000000000000000000e+00 -3.330000000000000321e-02 1.275000000000000022e-01 -1.960999999999999965e-01 1.640000000000000138e-02 3.205999999999999961e-01 -1.269000000000000128e-01 -3.110000000000000264e-02 1.315000000000000058e-01 -5.429999999999998717e-02 3.300000000000000849e-03 2.069999999999999896e-01 3.489999999999998659e-02 1.108890000000000179e-03 1.625624999999999987e-02 3.845520999999999662e-02 2.689600000000000541e-04 1.027843599999999913e-01 1.610361000000000431e-02 9.672100000000001399e-04 1.729225000000000206e-02 2.948489999999998491e-03 1.089000000000000585e-05 4.284899999999999820e-02 1.218009999999998972e-03 1.724122750000000000e+06 1.725093625000000000e+06
1.000000000000000000e+00 3.520000000000000212e-02 -3.200000000000000153e-03 -7.439999999999999392e-02 -2.980000000000000010e-02 -1.633000000000000007e-01 -5.269999999999999685e-02 6.850000000000000533e-02 -1.307000000000000106e-01 1.217000000000000026e-01 -4.620000000000000495e-02 -4.838999999999999968e-01 7.420000000000001594e-02 1.239040000000000063e-03 1.024000000000000021e-05 5.535359999999998719e-03 8.880399999999999882e-04 2.666688999999999865e-02 2.777289999999999533e-03 4.692250000000001108e-03 1.708249000000000226e-02 1.481089000000000017e-02 2.134440000000000469e-03 2.341592100000000065e-01 5.505640000000002615e-03 1.725680875000000000e+06 1.731248625000000000e+06
1.000000000000000000e+00 2.719999999999999848e-02 -1.059999999999999970e-01 -3.259999999999999704e-02 2.700000000000000143e-03 -2.023000000000000076e-01 -5.029999999999999749e-02 -8.000000000000003636e-03 -1.028000000000000025e-01 4.179999999999999688e-02 3.250000000000000111e-02 -3.900000000000000688e-02 2.399999999999999356e-03 7.398399999999999638e-04 1.123599999999999946e-02 1.062759999999999833e-03 7.290000000000000507e-06 4.092529000000000305e-02 2.530089999999999596e-03 6.400000000000006487e-05 1.056784000000000022e-02 1.747239999999999731e-03 1.056250000000000114e-03 1.521000000000000433e-03 5.759999999999996521e-06 1.728047250000000000e+06 1.734326500000000000e+06
1.000000000000000000e+00 5.229999999999999927e-02 7.649999999999999856e-02 -2.700000000000000143e-03 -6.219999999999999835e-02 -3.312999999999999834e-01 2.740000000000000074e-02 2.510000000000000078e-02 1.824999999999999956e-01 2.989999999999999603e-02 -6.489999999999999936e-02 -1.289999999999999758e-01 7.769999999999999130e-02 2.735290000000000030e-03 5.852249999999999813e-03 7.290000000000000507e-06 3.868839999999999692e-03 1.097596899999999931e-01 7.507600000000000558e-04 6.300100000000000752e-04 3.330624999999999558e-02 8.940099999999997701e-04 4.212009999999999539e-03 1.664099999999999260e-02 6.037289999999998977e-03 1.727854625000000000e+06 1.738558500000000000e+06
1.000000000000000000e+00 3.910000000000000281e-02 3.910000000000000281e-02 1.510000000000000057e-02 -2.369999999999999885e-02 -2.727999999999999869e-01 4.909999999999999781e-02 -1.319999999999999646e-02 -3.739999999999999575e-02 1.779999999999999985e-02 3.849999999999999950e-02 5.849999999999999645e-02 2.169999999999999707e-02 1.528810000000000238e-03 1.528810000000000238e-03 2.280100000000000074e-04 5.616899999999999974e-04 7.441983999999998711e-02 2.410809999999999776e-03 1.742399999999999039e-04 1.398759999999999760e-03 3.168399999999999819e-04 1.482250000000000061e-03 3.422249999999999511e-03 4.708899999999998504e-04 1.731637875000000000e+06 1.744732625000000000e+06
1.000000000000000000e+00 7.230000000000000315e-02 1.592999999999999972e-01 -5.630000000000000282e-02 -2.479999999999999913e-02 -1.078999999999999959e-01 -2.259999999999999856e-02 3.320000000000000034e-02 1.202000000000000013e-01 -7.140000000000000513e-02 -1.100000000000000283e-03 1.648999999999999910e-01 -7.169999999999999984e-02 5.227290000000000755e-03 2.537648999999999808e-02 3.169690000000000181e-03 6.150399999999999661e-04 1.164240999999999887e-02 5.107599999999999684e-04 1.102239999999999991e-03 1.444804000000000054e-02 5.097960000000000338e-03 1.210000000000000697e-06 2.719200999999999563e-02 5.140890000000000390e-03 1.731130625000000000e+06 1.747128875000000000e+06
1.000000000000000000e+00 7.689999999999999614e-02 1.897999999999999965e-01 -6.619999999999999496e-02 -2.149999999999999828e-02 -4.839999999999999858e-02 -3.969999999999999918e-02 4.599999999999992983e-03 3.049999999999999933e-02 -9.899999999999992140e-03 3.300000000000000849e-03 5.949999999999999734e-02 -1.710000000000000062e-02 5.913609999999999700e-03 3.602404000000000023e-02 4.382439999999999600e-03 4.622499999999999331e-04 2.342560000000000042e-03 1.576090000000000043e-03 2.115999999999993632e-05 9.302499999999999788e-04 9.800999999999984258e-05 1.089000000000000585e-05 3.540249999999999560e-03 2.924100000000000006e-04 1.729873875000000000e+06 1.746037500000000000e+06
