1.000000000000000000e+00 -0.000000000000000000e+00 -0.000000000000000000e+00 -0.000000000000000000e+00 -0.000000000000000000e+00 0.000000000000000000e+00 -0.000000000000000000e+00 0.000000000000000000e+00 0.000000000000000000e+00 0.000000000000000000e+00 0.000000000000000000e+00 0.000000000000000000e+00 0.000000000000000000e+00 0.000000000000000000e+00 0.000000000000000000e+00 0.000000000000000000e+00 0.000000000000000000e+00 0.000000000000000000e+00 0.000000000000000000e+00 0.000000000000000000e+00 0.000000000000000000e+00 0.000000000000000000e+00 0.000000000000000000e+00 0.000000000000000000e+00 0.000000000000000000e+00 1.095757000000000000e+06 1.167825750000000000e+06
1.000000000000000000e+00 8.200000000000000691e-03 -8.039999999999999925e-02 7.820000000000000562e-02 6.700000000000000226e-03 2.699999999999999969e-02 -8.300000000000000086e-03 8.200000000000000691e-03 -8.039999999999999925e-02 7.820000000000000562e-02 6.700000000000000226e-03 2.699999999999999969e-02 -8.300000000000000086e-03 6.724000000000001352e-05 6.464160000000000045e-03 6.115240000000000953e-03 4.489000000000000558e-05 7.289999999999999388e-04 6.888999999999999941e-05 6.724000000000001352e-05 6.464160000000000045e-03 6.115240000000000953e-03 4.489000000000000558e-05 7.289999999999999388e-04 6.888999999999999941e-05 1.097174375000000000e+06 1.169968375000000000e+06
1.000000000000000000e+00 -6.990000000000000380e-02 1.149999999999999981e-02 8.160000000000000586e-02 2.440000000000000155e-02 1.799999999999999864e-02 -0.000000000000000000e+00 -7.810000000000000275e-02 9.189999999999999558e-02 3.400000000000000244e-03 1.770000000000000046e-02 -9.000000000000001055e-03 8.300000000000000086e-03 4.886010000000000526e-03 1.322499999999999891e-04 6.658560000000000867e-03 5.953600000000000732e-04 3.239999999999999608e-04 0.000000000000000000e+00 6.099610000000000101e-03 8.445609999999999229e-03 1.156000000000000113e-05 3.132900000000000311e-04 8.100000000000001730e-05 6.888999999999999941e-05 1.095419375000000000e+06 1.169289500000000000e+06
1.000000000000000000e+00 -6.450000000000000178e-02 -1.444000000000000006e-01 8.820000000000000062e-02 1.469999999999999953e-02 -1.179999999999999973e-02 -1.299999999999999940e-02 5.400000000000002021e-03 -1.559000000000000108e-01 6.599999999999994760e-03 -9.700000000000002023e-03 -2.980000000000000010e-02 -1.299999999999999940e-02 4.160249999999999886e-03 2.085135999999999934e-02 7.779239999999999766e-03 2.160899999999999995e-04 1.392400000000000018e-04 1.689999999999999879e-04 2.916000000000002236e-05 2.430481000000000308e-02 4.355999999999992853e-05 9.409000000000004274e-05 8.880399999999999882e-04 1.689999999999999879e-04 1.096396625000000000e+06 1.169017000000000000e+06
1.000000000000000000e+00 -6.010000000000000064e-02 -2.847999999999999976e-01 6.279999999999999472e-02 -4.649999999999999967e-02 2.840000000000000163e-02 -1.580000000000000154e-02 4.400000000000001132e-03 -1.403999999999999970e-01 -2.540000000000000591e-02 -6.119999999999999746e-02 4.019999999999999962e-02 -2.800000000000002140e-03 3.612010000000000134e-03 8.111103999999999536e-02 3.943839999999999672e-03 2.162250000000000109e-03 8.065600000000001111e-04 2.496400000000000290e-04 1.936000000000001115e-05 1.971215999999999940e-02 6.451600000000003079e-04 3.745439999999999620e-03 1.616040000000000011e-03 7.840000000000011334e-06 1.095405250000000000e+06 1.167516375000000000e+06
1.000000000000000000e+00 -6.660000000000000642e-02 -1.359999999999999924e-02 5.890000000000000097e-02 3.590000000000000135e-02 3.899999999999999994e-02 1.140000000000000041e-02 -6.500000000000005773e-03 2.711999999999999966e-01 -3.899999999999993749e-03 8.240000000000000102e-02 1.059999999999999831e-02 2.720000000000000195e-02 4.435560000000000717e-03 1.849599999999999910e-04 3.469209999999999915e-03 1.288810000000000042e-03 1.521000000000000000e-03 1.299600000000000093e-04 4.225000000000007829e-05 7.354943999999999371e-02 1.520999999999995094e-05 6.789760000000000587e-03 1.123599999999999610e-04 7.398400000000000722e-04 1.094871500000000000e+06 1.169980125000000000e+06
1.000000000000000000e+00 -3.470000000000000168e-02 1.200000000000000025e-02 6.919999999999999762e-02 2.699999999999999969e-02 -1.600000000000000033e-02 5.639999999999999875e-02 3.190000000000000474e-02 2.559999999999999776e-02 1.029999999999999666e-02 -8.900000000000001660e-03 -5.500000000000000028e-02 4.499999999999999833e-02 1.204090000000000108e-03 1.440000000000000036e-04 4.788639999999999390e-03 7.289999999999999388e-04 2.559999999999999884e-04 3.180960000000000037e-03 1.017610000000000389e-03 6.553599999999999053e-04 1.060899999999999278e-04 7.921000000000003613e-05 3.024999999999999911e-03 2.024999999999999890e-03 1.095797500000000000e+06 1.170835125000000000e+06
1.000000000000000000e+00 -4.590000000000000330e-02 6.300000000000000044e-02 1.244999999999999996e-01 5.489999999999999741e-02 2.690000000000000030e-02 5.940000000000000141e-02 -1.120000000000000162e-02 5.100000000000000366e-02 5.530000000000000193e-02 2.789999999999999772e-02 4.290000000000000063e-02 3.000000000000002665e-03 2.106810000000000193e-03 3.969000000000000306e-03 1.550025000000000014e-02 3.014009999999999693e-03 7.236099999999999650e-04 3.528360000000000350e-03 1.254400000000000458e-04 2.601000000000000447e-03 3.058090000000000287e-03 7.784099999999998876e-04 1.840410000000000006e-03 9.000000000000015475e-06 1.097525500000000000e+06 1.173030000000000000e+06
1.000000000000000000e+00 7.920000000000000651e-02 -7.900000000000000078e-02 -9.379999999999999449e-02 1.930000000000000118e-02 2.656000000000000028e-01 1.689999999999999836e-02 1.251000000000000167e-01 -1.420000000000000151e-01 -2.182999999999999940e-01 -3.559999999999999276e-02 2.386999999999999955e-01 -4.250000000000000305e-02 6.272640000000001201e-03 6.241000000000000020e-03 8.798439999999999386e-03 3.724900000000000606e-04 7.054335999999999940e-02 2.856099999999999438e-04 1.565001000000000586e-02 2.016400000000000484e-02 4.765488999999999836e-02 1.267359999999999494e-03 5.697768999999999751e-02 1.806250000000000347e-03 1.097935625000000000e+06 1.168876625000000000e+06
1.000000000000000000e+00 -1.260000000000000009e-02 -3.992999999999999883e-01 1.590000000000000094e-02 4.630000000000000088e-02 1.121000000000000052e-01 4.789999999999999813e-02 -9.180000000000000659e-02 -3.202999999999999736e-01 1.096999999999999920e-01 2.699999999999999969e-02 -1.534999999999999976e-01 3.099999999999999978e-02 1.587600000000000046e-04 1.594404899999999903e-01 2.528100000000000139e-04 2.143690000000000179e-03 1.256641000000000181e-02 2.294409999999999766e-03 8.427240000000000772e-03 1.025920899999999830e-01 1.203408999999999902e-02 7.289999999999999388e-04 2.356224999999999986e-02 9.609999999999999402e-04 1.094194250000000000e+06 1.169412250000000000e+06
1.000000000000000000e+00 -2.399000000000000021e-01 -4.031000000000000139e-01 2.409999999999999920e-01 -6.529999999999999694e-02 -3.009999999999999828e-02 -7.580000000000000626e-02 -2.273000000000000020e-01 -3.800000000000025580e-03 2.250999999999999945e-01 -1.116000000000000048e-01 -1.421999999999999931e-01 -1.237000000000000044e-01 5.755201000000000067e-02 1.624896100000000065e-01 5.808099999999999374e-02 4.264089999999999894e-03 9.060099999999998450e-04 5.745640000000000643e-03 5.166529000000000260e-02 1.444000000000019378e-05 5.067000999999999450e-02 1.245456000000000167e-02 2.022083999999999687e-02 1.530169000000000147e-02 1.097528750000000000e+06 1.173493125000000000e+06
1.000000000000000000e+00 -9.569999999999999341e-02 -2.497999999999999943e-01 1.758000000000000118e-01 -2.122999999999999887e-01 1.004000000000000031e-01 -1.205999999999999989e-01 1.441999999999999948e-01 1.533000000000000196e-01 -6.519999999999998019e-02 -1.469999999999999918e-01 1.305000000000000049e-01 -4.479999999999999261e-02 9.158489999999998299e-03 6.240003999999999690e-02 3.090564000000000505e-02 4.507128999999999303e-02 1.008016000000000120e-02 1.454435999999999923e-02 2.079363999999999865e-02 2.350089000000000691e-02 4.251039999999997598e-03 2.160899999999999627e-02 1.703025000000000025e-02 2.007039999999999432e-03 1.099587125000000000e+06 1.174184750000000000e+06
1.000000000000000000e+00 -1.436000000000000054e-01 -7.499999999999999722e-03 2.697999999999999843e-01 -8.799999999999999489e-02 5.009999999999999870e-02 -1.145999999999999935e-01 -4.790000000000001201e-02 2.422999999999999876e-01 9.399999999999997247e-02 1.242999999999999938e-01 -5.030000000000000443e-02 6.000000000000005329e-03 2.062096000000000068e-02 5.624999999999999846e-05 7.279203999999998842e-02 7.743999999999999148e-03 2.510010000000000019e-03 1.313315999999999789e-02 2.294410000000001067e-03 5.870928999999999731e-02 8.835999999999994900e-03 1.545048999999999902e-02 2.530090000000000464e-03 3.600000000000006190e-05 1.092667125000000000e+06 1.167929250000000000e+06
1.000000000000000000e+00 -1.577999999999999958e-01 -9.070000000000000284e-02 3.287999999999999812e-01 1.008000000000000007e-01 1.376000000000000001e-01 -2.422999999999999876e-01 -1.419999999999999041e-02 -8.319999999999999618e-02 5.899999999999999689e-02 1.887999999999999956e-01 8.749999999999999445e-02 -1.276999999999999802e-01 2.490083999999999700e-02 8.226490000000001232e-03 1.081094399999999872e-01 1.016064000000000030e-02 1.893376000000000087e-02 5.870928999999999731e-02 2.016399999999997296e-04 6.922239999999999643e-03 3.480999999999999719e-03 3.564544000000000046e-02 7.656249999999998994e-03 1.630728999999999512e-02 1.098182625000000000e+06 1.173768875000000000e+06
1.000000000000000000e+00 -1.088999999999999968e-01 -2.321999999999999897e-01 1.550999999999999879e-01 2.079999999999999905e-02 -4.120000000000000051e-02 -9.859999999999999321e-02 4.889999999999999902e-02 -1.414999999999999869e-01 -1.736999999999999933e-01 -8.000000000000000167e-02 -1.788000000000000145e-01 1.436999999999999944e-01 1.185920999999999850e-02 5.391683999999999366e-02 2.405600999999999573e-02 4.326399999999999777e-04 1.697440000000000147e-03 9.721959999999998242e-03 2.391209999999999950e-03 2.002224999999999491e-02 3.017168999999999754e-02 6.400000000000000307e-03 3.196944000000000174e-02 2.064968999999999832e-02 1.092583000000000000e+06 1.167854000000000000e+06
1.000000000000000000e+00 -1.923999999999999877e-01 9.400000000000000369e-03 2.549999999999999836e-02 -1.121999999999999942e-01 -1.484999999999999931e-01 -7.900000000000000772e-03 -8.349999999999999090e-02 2.415999999999999814e-01 -1.295999999999999930e-01 -1.330000000000000071e-01 -1.072999999999999926e-01 9.069999999999998896e-02 3.701775999999999678e-02 8.836000000000000104e-05 6.502499999999998949e-04 1.258883999999999871e-02 2.205224999999999894e-02 6.241000000000000724e-05 6.972249999999998414e-03 5.837055999999998801e-02 1.679615999999999748e-02 1.768900000000000333e-02 1.151328999999999894e-02 8.226489999999997763e-03 1.094470500000000000e+06 1.173844625000000000e+06
1.000000000000000000e+00 -9.669999999999999429e-02 8.619999999999999885e-02 1.552999999999999936e-01 -1.228999999999999954e-01 6.690000000000000113e-02 -4.899999999999999842e-03 9.569999999999999341e-02 7.679999999999999327e-02 1.297999999999999987e-01 -1.070000000000000118e-02 2.153999999999999804e-01 3.000000000000000930e-03 9.350889999999998856e-03 7.430439999999999962e-03 2.411808999999999828e-02 1.510440999999999867e-02 4.475610000000000525e-03 2.400999999999999882e-05 9.158489999999998299e-03 5.898239999999999039e-03 1.684803999999999816e-02 1.144900000000000236e-04 4.639715999999999285e-02 9.000000000000005310e-06 1.094406500000000000e+06 1.171782875000000000e+06
1.000000000000000000e+00 -7.000000000000000146e-03 -2.290000000000000091e-01 2.225000000000000033e-01 -5.120000000000000245e-02 2.319999999999999840e-02 2.510000000000000078e-02 8.969999999999998808e-02 -3.152000000000000357e-01 6.720000000000000973e-02 7.169999999999998597e-02 -4.370000000000000273e-02 2.999999999999999889e-02 4.900000000000000519e-05 5.244100000000000150e-02 4.950625000000000164e-02 2.621440000000000055e-03 5.382399999999999424e-04 6.300100000000000752e-04 8.046089999999997064e-03 9.935104000000002933e-02 4.515840000000000999e-03 5.140889999999997788e-03 1.909690000000000346e-03 8.999999999999999754e-04 1.092427625000000000e+06 1.166210625000000000e+06
1.000000000000000000e+00 -1.068999999999999950e-01 -6.010000000000000064e-02 1.303999999999999881e-01 -3.910000000000000281e-02 -8.999999999999999320e-03 4.549999999999999878e-02 -9.989999999999998881e-02 1.688999999999999946e-01 -9.210000000000001519e-02 1.209999999999999964e-02 -3.219999999999999946e-02 2.039999999999999800e-02 1.142760999999999950e-02 3.612010000000000134e-03 1.700415999999999733e-02 1.528810000000000238e-03 8.099999999999999019e-05 2.070250000000000042e-03 9.980009999999997494e-03 2.852720999999999729e-02 8.482410000000002726e-03 1.464100000000000026e-04 1.036840000000000027e-03 4.161599999999998916e-04 1.091508875000000000e+06 1.167010875000000000e+06
1.000000000000000000e+00 2.489999999999999852e-02 -8.419999999999999707e-02 -3.280000000000000276e-02 -4.050000000000000128e-02 5.960000000000000020e-02 4.830000000000000265e-02 1.318000000000000005e-01 -2.409999999999999643e-02 -1.631999999999999840e-01 -1.399999999999998468e-03 6.859999999999999432e-02 2.800000000000003875e-03 6.200099999999999405e-04 7.089639999999999484e-03 1.075840000000000216e-03 1.640249999999999998e-03 3.552159999999999953e-03 2.332890000000000224e-03 1.737123999999999960e-02 5.808099999999998550e-04 2.663423999999999306e-02 1.959999999999995634e-06 4.705959999999999484e-03 7.840000000000021499e-06 1.092193375000000000e+06 1.168264000000000000e+06
1.000000000000000000e+00 4.580000000000000043e-02 -1.706000000000000016e-01 4.349999999999999700e-02 -2.230000000000000038e-02 1.419999999999999873e-01 2.529999999999999957e-02 2.090000000000000191e-02 -8.640000000000000457e-02 7.630000000000000671e-02 1.820000000000000090e-02 8.239999999999998714e-02 -2.300000000000000308e-02 2.097640000000000008e-03 2.910435999999999926e-02 1.892249999999999835e-03 4.972900000000000584e-04 2.016399999999999790e-02 6.400899999999999515e-04 4.368100000000000953e-04 7.464960000000000519e-03 5.821690000000000892e-03 3.312400000000000067e-04 6.789759999999997984e-03 5.290000000000001732e-04 1.092112000000000000e+06 1.166114125000000000e+06
1.000000000000000000e+00 -4.229999999999999732e-02 -1.388000000000000067e-01 2.500000000000000139e-02 -1.069999999999999944e-02 1.320000000000000062e-01 3.839999999999999664e-02 -8.809999999999999776e-02 3.179999999999999494e-02 -1.849999999999999561e-02 1.160000000000000094e-02 -9.999999999999981126e-03 1.309999999999999706e-02 1.789289999999999804e-03 1.926544000000000173e-02 6.250000000000001214e-04 1.144899999999999830e-04 1.742400000000000199e-02 1.474559999999999760e-03 7.761609999999999517e-03 1.011239999999999622e-03 3.422499999999998352e-04 1.345600000000000127e-04 9.999999999999962532e-05 1.716099999999999104e-04 1.093573000000000000e+06 1.168351875000000000e+06
1.000000000000000000e+00 -3.749999999999999861e-02 -2.960000000000000131e-02 3.559999999999999970e-02 1.480000000000000066e-02 2.809999999999999998e-02 8.110000000000000542e-02 4.799999999999998712e-03 1.092000000000000054e-01 1.059999999999999831e-02 2.550000000000000183e-02 -1.039000000000000062e-01 4.270000000000000878e-02 1.406249999999999948e-03 8.761600000000000681e-04 1.267359999999999928e-03 2.190400000000000170e-04 7.896100000000000514e-04 6.577210000000000868e-03 2.303999999999998608e-05 1.192464000000000197e-02 1.123599999999999610e-04 6.502500000000001118e-04 1.079521000000000126e-02 1.823290000000000848e-03 1.091251125000000000e+06 1.164650000000000000e+06
1.000000000000000000e+00 2.999999999999999737e-04 -9.969999999999999696e-02 1.781999999999999973e-01 8.399999999999999481e-03 1.969999999999999876e-02 5.779999999999999721e-02 3.780000000000000027e-02 -7.009999999999999565e-02 1.426000000000000045e-01 -6.400000000000001174e-03 -8.400000000000001216e-03 -2.330000000000000820e-02 8.999999999999998534e-08 9.940089999999998649e-03 3.175523999999999708e-02 7.055999999999998851e-05 3.880899999999999519e-04 3.340839999999999869e-03 1.428840000000000015e-03 4.914009999999999039e-03 2.033476000000000034e-02 4.096000000000001441e-05 7.056000000000001561e-05 5.428900000000004078e-04 1.091587125000000000e+06 1.165211750000000000e+06
1.000000000000000000e+00 2.799999999999999972e-03 -1.401000000000000023e-01 9.909999999999999365e-02 3.150000000000000022e-02 6.279999999999999472e-02 9.750000000000000333e-02 2.500000000000000052e-03 -4.040000000000000535e-02 -7.910000000000000364e-02 2.310000000000000248e-02 4.309999999999999942e-02 3.970000000000000612e-02 7.839999999999999476e-06 1.962801000000000129e-02 9.820809999999999262e-03 9.922500000000000764e-04 3.943839999999999672e-03 9.506250000000000810e-03 6.250000000000000300e-06 1.632160000000000338e-03 6.256810000000000670e-03 5.336100000000001172e-04 1.857609999999999990e-03 1.576090000000000477e-03 1.092580250000000000e+06 1.168974625000000000e+06
1.000000000000000000e+00 -1.469999999999999953e-02 -9.180000000000000659e-02 8.079999999999999682e-02 4.479999999999999954e-02 1.789999999999999925e-02 9.569999999999999341e-02 -1.749999999999999820e-02 4.829999999999999571e-02 -1.829999999999999682e-02 1.329999999999999932e-02 -4.489999999999999547e-02 -1.800000000000009925e-03 2.160899999999999995e-04 8.427240000000000772e-03 6.528639999999999617e-03 2.007039999999999866e-03 3.204099999999999765e-04 9.158489999999998299e-03 3.062499999999999359e-04 2.332889999999999790e-03 3.348899999999999056e-04 1.768899999999999954e-04 2.016009999999999504e-03 3.240000000000035895e-06 1.092951375000000000e+06 1.168240000000000000e+06
1.000000000000000000e+00 1.000000000000000021e-03 -2.467000000000000026e-01 1.967000000000000137e-01 -2.659999999999999865e-02 3.189999999999999780e-02 8.190000000000000058e-02 1.569999999999999868e-02 -1.548999999999999821e-01 1.159000000000000169e-01 -7.139999999999999125e-02 1.399999999999999856e-02 -1.379999999999999283e-02 9.999999999999999547e-07 6.086089000000000082e-02 3.869089000000000556e-02 7.075599999999999815e-04 1.017609999999999956e-03 6.707610000000000135e-03 2.464899999999999795e-04 2.399400999999999617e-02 1.343281000000000336e-02 5.097959999999998604e-03 1.959999999999999666e-04 1.904399999999998097e-04 1.093281875000000000e+06 1.167632000000000000e+06
1.000000000000000000e+00 4.970000000000000112e-02 -3.559999999999999970e-02 4.959999999999999826e-02 -1.020000000000000073e-02 3.130000000000000143e-02 3.020000000000000115e-02 4.870000000000000023e-02 2.111000000000000099e-01 -1.471000000000000085e-01 1.639999999999999791e-02 -5.999999999999963696e-04 -5.169999999999999596e-02 2.470090000000000306e-03 1.267359999999999928e-03 2.460159999999999864e-03 1.040400000000000135e-04 9.796900000000000747e-04 9.120400000000000295e-04 2.371690000000000083e-03 4.456321000000000587e-02 2.163841000000000375e-02 2.689599999999999456e-04 3.599999999999956533e-07 2.672889999999999381e-03 1.093495000000000000e+06 1.169768875000000000e+06
1.000000000000000000e+00 -9.599999999999999159e-03 -2.599999999999999881e-03 5.059999999999999915e-02 -1.629999999999999852e-02 4.850000000000000144e-02 3.889999999999999708e-02 -5.929999999999999855e-02 3.300000000000000155e-02 1.000000000000000888e-03 -6.099999999999997785e-03 1.720000000000000001e-02 8.699999999999995931e-03 9.215999999999998499e-05 6.759999999999999652e-06 2.560359999999999806e-03 2.656899999999999583e-04 2.352250000000000174e-03 1.513209999999999859e-03 3.516489999999999720e-03 1.089000000000000124e-03 1.000000000000001861e-06 3.720999999999997069e-05 2.958400000000000135e-04 7.568999999999993431e-05 1.093619000000000000e+06 1.169923750000000000e+06
1.000000000000000000e+00 -5.979999999999999899e-02 -6.029999999999999943e-02 -1.569999999999999868e-02 6.599999999999999964e-03 8.480000000000000038e-02 3.359999999999999792e-02 -5.020000000000000157e-02 -5.770000000000000129e-02 -6.629999999999999782e-02 2.289999999999999675e-02 3.629999999999999893e-02 -5.299999999999999156e-03 3.576039999999999948e-03 3.636089999999999808e-03 2.464899999999999795e-04 4.355999999999999629e-05 7.191040000000000106e-03 1.128959999999999816e-03 2.520040000000000301e-03 3.329289999999999940e-03 4.395689999999999840e-03 5.244099999999998936e-04 1.317689999999999834e-03 2.808999999999999025e-05 1.092293250000000000e+06 1.168027000000000000e+06
1.000000000000000000e+00 3.540000000000000091e-02 -1.554999999999999993e-01 6.529999999999999694e-02 5.000000000000000104e-03 6.180000000000000077e-02 8.300000000000000086e-03 9.520000000000000684e-02 -9.520000000000000684e-02 8.099999999999998868e-02 -1.599999999999999860e-03 -2.299999999999999961e-02 -2.529999999999999610e-02 1.253160000000000125e-03 2.418025000000000035e-02 4.264089999999999894e-03 2.500000000000000120e-05 3.819240000000000222e-03 6.888999999999999941e-05 9.063040000000001373e-03 9.063040000000001373e-03 6.560999999999998257e-03 2.559999999999999630e-06 5.289999999999999564e-04 6.400899999999998431e-04 1.092260250000000000e+06 1.165719375000000000e+06
1.000000000000000000e+00 -2.199999999999999872e-02 -1.255000000000000004e-01 1.411000000000000032e-01 1.710000000000000062e-02 1.018000000000000016e-01 -5.899999999999999863e-03 -5.739999999999999963e-02 2.999999999999999889e-02 7.580000000000000626e-02 1.209999999999999964e-02 4.000000000000000083e-02 -1.420000000000000082e-02 4.839999999999999468e-04 1.575025000000000036e-02 1.990921000000000010e-02 2.924100000000000006e-04 1.036324000000000099e-02 3.481000000000000045e-05 3.294759999999999876e-03 8.999999999999999754e-04 5.745640000000000643e-03 1.464100000000000026e-04 1.600000000000000077e-03 2.016400000000000278e-04 1.093724125000000000e+06 1.167878125000000000e+06
1.000000000000000000e+00 -2.589999999999999941e-02 -4.379999999999999866e-02 4.880000000000000310e-02 8.899999999999999925e-03 9.089999999999999469e-02 1.299999999999999940e-03 -3.900000000000000688e-03 8.169999999999999485e-02 -9.229999999999999316e-02 -8.200000000000000691e-03 -1.090000000000000691e-02 7.199999999999999803e-03 6.708099999999999827e-04 1.918439999999999989e-03 2.381440000000000293e-03 7.920999999999999547e-05 8.262809999999998906e-03 1.689999999999999913e-06 1.521000000000000515e-05 6.674889999999999296e-03 8.519289999999998808e-03 6.724000000000001352e-05 1.188100000000001449e-04 5.183999999999999833e-05 1.093685250000000000e+06 1.169052625000000000e+06
1.000000000000000000e+00 -1.340000000000000045e-02 -2.089999999999999913e-01 9.470000000000000639e-02 4.700000000000000185e-03 8.859999999999999820e-02 -1.710000000000000062e-02 1.249999999999999896e-02 -1.651999999999999857e-01 4.590000000000000330e-02 -4.199999999999999740e-03 -2.299999999999996492e-03 -1.839999999999999969e-02 1.795600000000000223e-04 4.368099999999999761e-02 8.968090000000001477e-03 2.209000000000000026e-05 7.849959999999999577e-03 2.924100000000000006e-04 1.562499999999999761e-04 2.729103999999999558e-02 2.106810000000000193e-03 1.763999999999999713e-05 5.289999999999984080e-06 3.385600000000000111e-04 1.092741250000000000e+06 1.166518500000000000e+06
1.000000000000000000e+00 -2.479999999999999913e-02 4.400000000000000265e-03 1.490000000000000005e-02 1.119999999999999989e-02 1.319999999999999993e-02 -1.799999999999999864e-02 -1.139999999999999868e-02 2.133999999999999786e-01 -7.980000000000000981e-02 6.499999999999999702e-03 -7.539999999999999480e-02 -8.999999999999980238e-04 6.150399999999999661e-04 1.936000000000000099e-05 2.220099999999999971e-04 1.254399999999999916e-04 1.742399999999999852e-04 3.239999999999999608e-04 1.299599999999999822e-04 4.553955999999999282e-02 6.368040000000001893e-03 4.224999999999999698e-05 5.685159999999998999e-03 8.099999999999964799e-07 1.091297250000000000e+06 1.166795375000000000e+06
1.000000000000000000e+00 -4.599999999999999922e-03 3.330000000000000321e-02 1.159000000000000030e-01 3.139999999999999736e-02 1.239999999999999956e-02 -6.199999999999999956e-02 2.019999999999999921e-02 2.890000000000000208e-02 1.010000000000000064e-01 2.019999999999999574e-02 -8.000000000000003636e-04 -4.399999999999999745e-02 2.116000000000000069e-05 1.108890000000000179e-03 1.343280999999999989e-02 9.859599999999999181e-04 1.537599999999999915e-04 3.843999999999999761e-03 4.080399999999999761e-04 8.352100000000000756e-04 1.020100000000000173e-02 4.080399999999998134e-04 6.400000000000005428e-07 1.935999999999999787e-03 1.094121500000000000e+06 1.166030875000000000e+06
1.000000000000000000e+00 -9.299999999999999239e-03 -1.827000000000000013e-01 7.389999999999999347e-02 5.700000000000000205e-03 3.590000000000000135e-02 -1.042000000000000010e-01 -4.699999999999999317e-03 -2.159999999999999976e-01 -4.200000000000000955e-02 -2.569999999999999715e-02 2.350000000000000006e-02 -4.220000000000000140e-02 8.648999999999997998e-05 3.337928999999999896e-02 5.461209999999999329e-03 3.249000000000000233e-05 1.288810000000000042e-03 1.085764000000000000e-02 2.208999999999999348e-05 4.665599999999999609e-02 1.764000000000000810e-03 6.604899999999999053e-04 5.522500000000000065e-04 1.780840000000000114e-03 1.093022875000000000e+06 1.167459750000000000e+06
1.000000000000000000e+00 -9.940000000000000224e-02 -7.109999999999999654e-02 6.429999999999999605e-02 -9.099999999999999756e-02 -3.849999999999999950e-02 -1.028000000000000025e-01 -9.009999999999999953e-02 1.116000000000000048e-01 -9.599999999999997424e-03 -9.669999999999999429e-02 -7.439999999999999392e-02 1.399999999999998468e-03 9.880360000000001225e-03 5.055209999999999218e-03 4.134489999999999346e-03 8.281000000000000166e-03 1.482250000000000061e-03 1.056784000000000022e-02 8.118010000000000156e-03 1.245456000000000167e-02 9.215999999999994433e-05 9.350889999999998856e-03 5.535359999999998719e-03 1.959999999999995634e-06 1.093253875000000000e+06 1.169593250000000000e+06
1.000000000000000000e+00 -2.809999999999999998e-02 -6.019999999999999657e-02 1.111999999999999933e-01 -2.809999999999999998e-02 -8.300000000000000086e-03 -1.058999999999999941e-01 7.130000000000000226e-02 1.089999999999999997e-02 4.689999999999999725e-02 6.289999999999999758e-02 3.019999999999999768e-02 -3.099999999999991651e-03 7.896100000000000514e-04 3.624039999999999380e-03 1.236543999999999838e-02 7.896100000000000514e-04 6.888999999999999941e-05 1.121480999999999867e-02 5.083690000000000084e-03 1.188099999999999958e-04 2.199609999999999847e-03 3.956409999999999615e-03 9.120399999999998127e-04 9.609999999999948648e-06 1.094151500000000000e+06 1.169121500000000000e+06
1.000000000000000000e+00 -7.739999999999999658e-02 -1.449999999999999900e-01 7.349999999999999589e-02 -4.240000000000000019e-02 5.210000000000000048e-02 -5.199999999999999761e-02 -4.929999999999999660e-02 -8.479999999999998650e-02 -3.769999999999999740e-02 -1.430000000000000021e-02 6.040000000000000230e-02 5.389999999999999653e-02 5.990759999999999488e-03 2.102499999999999855e-02 5.402249999999999067e-03 1.797760000000000026e-03 2.714410000000000000e-03 2.703999999999999806e-03 2.430489999999999561e-03 7.191039999999997503e-03 1.421289999999999750e-03 2.044900000000000157e-04 3.648160000000000118e-03 2.905209999999999650e-03 1.091961250000000000e+06 1.167160125000000000e+06
1.000000000000000000e+00 -8.559999999999999554e-02 -1.650000000000000078e-02 1.179999999999999938e-01 -3.729999999999999982e-02 1.060000000000000005e-02 -5.820000000000000173e-02 -8.199999999999998956e-03 1.285000000000000031e-01 4.449999999999999789e-02 5.100000000000000366e-03 -4.150000000000000216e-02 -6.200000000000004119e-03 7.327359999999998909e-03 2.722500000000000310e-04 1.392399999999999888e-02 1.391289999999999888e-03 1.123600000000000016e-04 3.387240000000000129e-03 6.723999999999998641e-05 1.651224999999999915e-02 1.980249999999999806e-03 2.601000000000000339e-05 1.722250000000000256e-03 3.844000000000005209e-05 1.089343750000000000e+06 1.164046250000000000e+06
1.000000000000000000e+00 -7.820000000000000562e-02 -1.348000000000000032e-01 8.659999999999999643e-02 -3.729999999999999982e-02 -3.799999999999999906e-02 -5.970000000000000306e-02 7.399999999999989919e-03 -1.183000000000000024e-01 -3.139999999999999736e-02 0.000000000000000000e+00 -4.859999999999999737e-02 -1.500000000000001332e-03 6.115240000000000953e-03 1.817103999999999941e-02 7.499559999999999733e-03 1.391289999999999888e-03 1.443999999999999971e-03 3.564090000000000227e-03 5.475999999999984840e-05 1.399489000000000115e-02 9.859599999999999181e-04 0.000000000000000000e+00 2.361959999999999754e-03 2.250000000000003869e-06 1.091161125000000000e+06 1.164753125000000000e+06
1.000000000000000000e+00 -7.359999999999999876e-02 -7.230000000000000315e-02 3.269999999999999990e-02 -1.629999999999999852e-02 1.760000000000000106e-02 -4.139999999999999930e-02 4.600000000000006861e-03 6.250000000000000000e-02 -5.389999999999999653e-02 2.100000000000000130e-02 5.559999999999999665e-02 1.830000000000000376e-02 5.416960000000000178e-03 5.227290000000000755e-03 1.069290000000000084e-03 2.656899999999999583e-04 3.097600000000000158e-04 1.713960000000000049e-03 2.116000000000006168e-05 3.906250000000000000e-03 2.905209999999999650e-03 4.410000000000000400e-04 3.091359999999999594e-03 3.348900000000001225e-04 1.091664750000000000e+06 1.168781250000000000e+06
1.000000000000000000e+00 -6.619999999999999496e-02 5.960000000000000020e-02 4.929000000000000048e-01 1.280000000000000061e-02 -5.569999999999999951e-02 -2.350000000000000006e-02 7.400000000000003797e-03 1.319000000000000172e-01 4.601999999999999980e-01 2.910000000000000087e-02 -7.330000000000000404e-02 1.789999999999999925e-02 4.382439999999999600e-03 3.552159999999999953e-03 2.429504100000000055e-01 1.638400000000000034e-04 3.102489999999999849e-03 5.522500000000000065e-04 5.476000000000005847e-05 1.739761000000000432e-02 2.117840400000000067e-01 8.468100000000000323e-04 5.372890000000000825e-03 3.204099999999999765e-04 1.089217750000000000e+06 1.163677875000000000e+06
1.000000000000000000e+00 -6.919999999999999762e-02 -4.309999999999999942e-02 5.933000000000000496e-01 6.199999999999999782e-03 -4.970000000000000112e-02 -2.790000000000000119e-02 -3.000000000000002665e-03 -1.026999999999999996e-01 1.004000000000000448e-01 -6.600000000000000831e-03 5.999999999999998390e-03 -4.400000000000001132e-03 4.788639999999999390e-03 1.857609999999999990e-03 3.520048900000000702e-01 3.843999999999999788e-05 2.470090000000000306e-03 7.784100000000001044e-04 9.000000000000015475e-06 1.054728999999999910e-02 1.008016000000000814e-02 4.356000000000000984e-05 3.599999999999998058e-05 1.936000000000001115e-05 1.091682750000000000e+06 1.166185750000000000e+06
1.000000000000000000e+00 -9.260000000000000175e-02 -1.135000000000000037e-01 -1.981999999999999873e-01 -3.009999999999999828e-02 6.529999999999999694e-02 -2.129999999999999949e-02 -2.340000000000000413e-02 -7.040000000000000424e-02 -7.915000000000000924e-01 -3.629999999999999893e-02 1.149999999999999911e-01 6.600000000000001699e-03 8.574760000000000715e-03 1.288225000000000134e-02 3.928323999999999705e-02 9.060099999999998450e-04 4.264089999999999894e-03 4.536899999999999744e-04 5.475600000000002123e-04 4.956160000000000253e-03 6.264722500000001748e-01 1.317689999999999834e-03 1.322499999999999717e-02 4.356000000000002340e-05 1.089835250000000000e+06 1.167473250000000000e+06
1.000000000000000000e+00 -9.070000000000000284e-02 -8.749999999999999445e-02 -1.686999999999999889e-01 -4.590000000000000330e-02 3.180000000000000188e-02 -3.420000000000000123e-02 1.899999999999998912e-03 2.600000000000000921e-02 2.949999999999999845e-02 -1.580000000000000501e-02 -3.349999999999999506e-02 -1.290000000000000174e-02 8.226490000000001232e-03 7.656249999999998994e-03 2.845968999999999582e-02 2.106810000000000193e-03 1.011240000000000056e-03 1.169640000000000003e-03 3.609999999999995930e-06 6.760000000000004937e-04 8.702499999999999299e-04 2.496400000000001374e-04 1.122249999999999767e-03 1.664100000000000551e-04 1.090348375000000000e+06 1.162904750000000000e+06
1.000000000000000000e+00 -9.890000000000000180e-02 -1.608999999999999875e-01 2.053000000000000103e-01 -5.609999999999999709e-02 1.899999999999999953e-02 2.200000000000000133e-03 -8.199999999999998956e-03 -7.339999999999999303e-02 3.739999999999999991e-01 -1.019999999999999379e-02 -1.280000000000000235e-02 3.640000000000000180e-02 9.781210000000000251e-03 2.588880999999999474e-02 4.214809000000000611e-02 3.147209999999999678e-03 3.609999999999999928e-04 4.840000000000000247e-06 6.723999999999998641e-05 5.387559999999998704e-03 1.398760000000000003e-01 1.040399999999998780e-04 1.638400000000000576e-04 1.324960000000000027e-03 1.089391750000000000e+06 1.160428750000000000e+06
1.000000000000000000e+00 -9.210000000000000131e-02 -9.370000000000000551e-02 1.547999999999999932e-01 -5.229999999999999927e-02 -6.100000000000000387e-03 -1.239999999999999956e-02 6.800000000000000488e-03 6.719999999999998197e-02 -5.050000000000001710e-02 3.799999999999997824e-03 -2.510000000000000078e-02 -1.460000000000000013e-02 8.482410000000000991e-03 8.779690000000001451e-03 2.396303999999999795e-02 2.735290000000000030e-03 3.721000000000000457e-05 1.537599999999999915e-04 4.624000000000000451e-05 4.515839999999997530e-03 2.550250000000001734e-03 1.443999999999998372e-05 6.300100000000000752e-04 2.131599999999999988e-04 1.089190000000000000e+06 1.161212625000000000e+06
1.000000000000000000e+00 -9.990000000000000269e-02 -8.580000000000000127e-02 -2.009999999999999981e-02 -5.990000000000000185e-02 2.920000000000000026e-02 2.649999999999999925e-02 -7.800000000000001377e-03 7.900000000000004241e-03 -1.748999999999999999e-01 -7.600000000000002587e-03 3.529999999999999805e-02 3.889999999999999708e-02 9.980010000000000964e-03 7.361640000000000024e-03 4.040100000000000028e-04 3.588010000000000418e-03 8.526399999999999951e-04 7.022499999999999663e-04 6.084000000000002058e-05 6.241000000000006146e-05 3.059001000000000081e-02 5.776000000000003652e-05 1.246089999999999828e-03 1.513209999999999859e-03 1.091175750000000000e+06 1.162966000000000000e+06
1.000000000000000000e+00 -8.859999999999999820e-02 -1.095000000000000001e-01 5.569999999999999951e-02 -5.689999999999999919e-02 3.700000000000000164e-03 -1.500000000000000031e-03 1.130000000000000449e-02 -2.369999999999999885e-02 7.580000000000000626e-02 3.000000000000002665e-03 -2.550000000000000183e-02 -2.800000000000000058e-02 7.849959999999999577e-03 1.199024999999999917e-02 3.102489999999999849e-03 3.237609999999999707e-03 1.369000000000000106e-05 2.250000000000000057e-06 1.276900000000001005e-04 5.616899999999999974e-04 5.745640000000000643e-03 9.000000000000015475e-06 6.502500000000001118e-04 7.840000000000000831e-04 1.090665250000000000e+06 1.164446250000000000e+06
1.000000000000000000e+00 -5.279999999999999971e-02 -7.900000000000000772e-03 1.436999999999999944e-01 -5.820000000000000173e-02 -4.799999999999999580e-03 3.099999999999999978e-02 3.579999999999999849e-02 1.015999999999999959e-01 8.799999999999999489e-02 -1.300000000000002542e-03 -8.500000000000000611e-03 3.250000000000000111e-02 2.787839999999999763e-03 6.241000000000000724e-05 2.064968999999999832e-02 3.387240000000000129e-03 2.303999999999999625e-05 9.609999999999999402e-04 1.281639999999999906e-03 1.032255999999999972e-02 7.743999999999999148e-03 1.690000000000006689e-06 7.225000000000000790e-05 1.056250000000000114e-03 1.090572625000000000e+06 1.163935750000000000e+06
1.000000000000000000e+00 -8.640000000000000457e-02 -2.740000000000000074e-02 9.489999999999999825e-02 -5.489999999999999741e-02 -3.150000000000000022e-02 2.799999999999999972e-03 -3.360000000000000486e-02 -1.949999999999999997e-02 -4.879999999999999616e-02 3.300000000000004319e-03 -2.670000000000000151e-02 -2.819999999999999937e-02 7.464960000000000519e-03 7.507600000000000558e-04 9.006010000000000057e-03 3.014009999999999693e-03 9.922500000000000764e-04 7.839999999999999476e-06 1.128960000000000250e-03 3.802499999999999999e-04 2.381439999999999425e-03 1.089000000000002787e-05 7.128900000000000948e-04 7.952400000000000094e-04 1.092134250000000000e+06 1.165898750000000000e+06
1.000000000000000000e+00 -4.109999999999999765e-02 -1.269000000000000128e-01 1.038000000000000034e-01 -6.250000000000000000e-02 1.760000000000000106e-02 3.549999999999999684e-02 4.530000000000000693e-02 -9.950000000000000511e-02 8.900000000000005129e-03 -7.600000000000002587e-03 4.910000000000000475e-02 3.269999999999999990e-02 1.689209999999999800e-03 1.610361000000000431e-02 1.077444000000000145e-02 3.906250000000000000e-03 3.097600000000000158e-04 1.260249999999999869e-03 2.052090000000000771e-03 9.900250000000001063e-03 7.921000000000009034e-05 5.776000000000003652e-05 2.410810000000000643e-03 1.069290000000000084e-03 1.091770375000000000e+06 1.165700250000000000e+06
1.000000000000000000e+00 -3.969999999999999918e-02 -4.499999999999999833e-02 2.195000000000000007e-01 -3.780000000000000027e-02 8.099999999999999561e-03 3.409999999999999837e-02 1.399999999999998468e-03 8.190000000000001446e-02 1.156999999999999973e-01 2.469999999999999973e-02 -9.500000000000001499e-03 -1.399999999999998468e-03 1.576090000000000043e-03 2.024999999999999890e-03 4.818025000000000085e-02 1.428840000000000015e-03 6.560999999999999016e-05 1.162809999999999799e-03 1.959999999999995634e-06 6.707610000000002737e-03 1.338648999999999915e-02 6.100899999999999813e-04 9.025000000000002530e-05 1.959999999999995634e-06 1.090651625000000000e+06 1.165104125000000000e+06
1.000000000000000000e+00 5.799999999999999600e-03 1.502000000000000002e-01 3.966000000000000081e-01 2.560000000000000123e-02 -5.240000000000000213e-02 1.890000000000000013e-02 4.549999999999999878e-02 1.951999999999999846e-01 1.771000000000000074e-01 6.339999999999999802e-02 -6.049999999999999822e-02 -1.519999999999999823e-02 3.363999999999999640e-05 2.256003999999999995e-02 1.572915599999999969e-01 6.553600000000000137e-04 2.745760000000000301e-03 3.572100000000000036e-04 2.070250000000000042e-03 3.810303999999999081e-02 3.136441000000000229e-02 4.019560000000000147e-03 3.660249999999999875e-03 2.310399999999999563e-04 1.091574625000000000e+06 1.167213625000000000e+06
1.000000000000000000e+00 -4.370000000000000273e-02 -8.099999999999999561e-03 -1.053999999999999937e-01 -9.499999999999999764e-03 5.260000000000000092e-02 -1.028000000000000025e-01 -4.950000000000000233e-02 -1.582999999999999963e-01 -5.020000000000000018e-01 -3.509999999999999926e-02 1.050000000000000100e-01 -1.217000000000000026e-01 1.909690000000000346e-03 6.560999999999999016e-05 1.110915999999999813e-02 9.024999999999999819e-05 2.766760000000000053e-03 1.056784000000000022e-02 2.450250000000000171e-03 2.505889000000000033e-02 2.520040000000000058e-01 1.232009999999999963e-03 1.102500000000000181e-02 1.481089000000000017e-02 1.093822375000000000e+06 1.170405875000000000e+06
1.000000000000000000e+00 -1.112999999999999962e-01 -2.582999999999999741e-01 -4.742999999999999994e-01 -1.395000000000000129e-01 1.267000000000000071e-01 -1.019000000000000045e-01 -6.759999999999999343e-02 -2.501999999999999780e-01 -3.689000000000000057e-01 -1.300000000000000044e-01 7.409999999999999920e-02 8.999999999999980238e-04 1.238768999999999981e-02 6.671888999999998904e-02 2.249604900000000129e-01 1.946025000000000532e-02 1.605289000000000021e-02 1.038361000000000145e-02 4.569759999999999101e-03 6.260003999999999569e-02 1.360872100000000140e-01 1.690000000000000183e-02 5.490809999999999615e-03 8.099999999999964799e-07 1.092356625000000000e+06 1.164918500000000000e+06
1.000000000000000000e+00 -1.019999999999999934e-01 -1.970000000000000084e-01 1.200999999999999984e-01 -5.170000000000000290e-02 8.319999999999999618e-02 -8.260000000000000675e-02 9.300000000000002709e-03 6.129999999999996563e-02 5.944000000000000394e-01 8.780000000000001692e-02 -4.350000000000001088e-02 1.929999999999999771e-02 1.040399999999999832e-02 3.880900000000000322e-02 1.442400999999999926e-02 2.672890000000000248e-03 6.922239999999999643e-03 6.822760000000001497e-03 8.649000000000004774e-05 3.757689999999995825e-03 3.533113600000000742e-01 7.708840000000003259e-03 1.892250000000000919e-03 3.724899999999998980e-04 1.090174875000000000e+06 1.165039625000000000e+06
1.000000000000000000e+00 -7.839999999999999747e-02 -1.472999999999999865e-01 3.962999999999999856e-01 4.300000000000000003e-03 -3.409999999999999837e-02 -8.000000000000000167e-03 2.359999999999999598e-02 4.970000000000002194e-02 2.762000000000000011e-01 5.600000000000000117e-02 -1.172999999999999876e-01 7.459999999999999964e-02 6.146559999999999697e-03 2.169728999999999755e-02 1.570536899999999958e-01 1.849000000000000085e-05 1.162809999999999799e-03 6.399999999999999710e-05 5.569599999999997903e-04 2.470090000000002041e-03 7.628643999999999703e-02 3.136000000000000332e-03 1.375928999999999694e-02 5.565159999999999552e-03 1.090161750000000000e+06 1.162273375000000000e+06
1.000000000000000000e+00 -8.079999999999999682e-02 1.193000000000000033e-01 1.318999999999999895e-01 -4.599999999999999922e-02 -6.829999999999999960e-02 1.209999999999999964e-02 -2.399999999999999356e-03 2.666000000000000036e-01 -2.643999999999999684e-01 -5.029999999999999749e-02 -3.420000000000000123e-02 2.009999999999999981e-02 6.528639999999999617e-03 1.423249000000000042e-02 1.739760999999999738e-02 2.115999999999999825e-03 4.664889999999999662e-03 1.464100000000000026e-04 5.759999999999996521e-06 7.107555999999999596e-02 6.990735999999998784e-02 2.530089999999999596e-03 1.169640000000000003e-03 4.040100000000000028e-04 1.093126625000000000e+06 1.168645875000000000e+06
1.000000000000000000e+00 -7.599999999999999811e-02 -3.490000000000000047e-02 1.119999999999999989e-02 1.110000000000000049e-02 4.240000000000000019e-02 1.549999999999999989e-02 4.799999999999998712e-03 -1.542000000000000037e-01 -1.206999999999999879e-01 5.709999999999999798e-02 1.106999999999999929e-01 3.400000000000000244e-03 5.775999999999999884e-03 1.218010000000000056e-03 1.254399999999999916e-04 1.232100000000000079e-04 1.797760000000000026e-03 2.402499999999999851e-04 2.303999999999998608e-05 2.377764000000000266e-02 1.456848999999999644e-02 3.260409999999999611e-03 1.225448999999999809e-02 1.156000000000000113e-05 1.092458500000000000e+06 1.168154750000000000e+06
1.000000000000000000e+00 -6.719999999999999585e-02 -2.703999999999999737e-01 2.311999999999999889e-01 -3.849999999999999950e-02 1.569999999999999868e-02 -2.050000000000000086e-02 8.800000000000002265e-03 -2.354999999999999871e-01 2.200000000000000011e-01 -4.959999999999999826e-02 -2.670000000000000151e-02 -3.600000000000000422e-02 4.515839999999999264e-03 7.311615999999998561e-02 5.345343999999999790e-02 1.482250000000000061e-03 2.464899999999999795e-04 4.202500000000000506e-04 7.744000000000004461e-05 5.546024999999999566e-02 4.839999999999999858e-02 2.460159999999999864e-03 7.128900000000000948e-04 1.296000000000000277e-03 1.092320625000000000e+06 1.168902375000000000e+06
1.000000000000000000e+00 -4.299999999999999656e-02 -8.759999999999999731e-02 2.325000000000000122e-01 6.460000000000000464e-02 -2.220000000000000098e-02 -5.330000000000000016e-02 2.419999999999999929e-02 1.827999999999999625e-01 1.300000000000023359e-03 1.030999999999999972e-01 -3.790000000000000313e-02 -3.279999999999999583e-02 1.848999999999999732e-03 7.673759999999999956e-03 5.405625000000000707e-02 4.173160000000000411e-03 4.928400000000000315e-04 2.840889999999999995e-03 5.856400000000000104e-04 3.341583999999998833e-02 1.690000000000060688e-06 1.062960999999999941e-02 1.436410000000000161e-03 1.075839999999999783e-03 1.094564375000000000e+06 1.171360750000000000e+06
1.000000000000000000e+00 -2.889999999999999861e-02 -1.975999999999999979e-01 1.200000000000000025e-02 2.009999999999999981e-02 -7.300000000000000065e-03 -3.250000000000000111e-02 1.409999999999999795e-02 -1.100000000000000006e-01 -2.205000000000000016e-01 -4.450000000000000483e-02 1.490000000000000005e-02 2.079999999999999905e-02 8.352099999999999672e-04 3.904575999999999880e-02 1.440000000000000036e-04 4.040100000000000028e-04 5.328999999999999970e-05 1.056250000000000114e-03 1.988099999999999481e-04 1.209999999999999964e-02 4.862025000000000374e-02 1.980250000000000239e-03 2.220099999999999971e-04 4.326399999999999777e-04 1.095141625000000000e+06 1.172178125000000000e+06
1.000000000000000000e+00 -5.750000000000000250e-02 7.100000000000000408e-03 -2.580000000000000002e-02 2.700000000000000143e-03 5.120000000000000245e-02 -2.929999999999999966e-02 -2.860000000000000389e-02 2.046999999999999931e-01 -3.780000000000000027e-02 -1.739999999999999880e-02 5.850000000000000339e-02 3.200000000000001454e-03 3.306250000000000161e-03 5.041000000000000694e-05 6.656400000000000034e-04 7.290000000000000507e-06 2.621440000000000055e-03 8.584899999999999476e-04 8.179600000000001713e-04 4.190208999999999601e-02 1.428840000000000015e-03 3.027599999999999541e-04 3.422250000000000379e-03 1.024000000000000868e-05 1.092826250000000000e+06 1.170183875000000000e+06
1.000000000000000000e+00 -5.120000000000000245e-02 -6.160000000000000198e-02 1.221000000000000002e-01 -4.150000000000000216e-02 -4.549999999999999878e-02 -3.980000000000000204e-02 6.300000000000000044e-03 -6.869999999999999718e-02 1.479000000000000037e-01 -4.420000000000000318e-02 -9.670000000000000817e-02 -1.050000000000000239e-02 2.621440000000000055e-03 3.794560000000000207e-03 1.490841000000000041e-02 1.722250000000000256e-03 2.070250000000000042e-03 1.584040000000000101e-03 3.969000000000000116e-05 4.719689999999999476e-03 2.187441000000000038e-02 1.953640000000000411e-03 9.350890000000002325e-03 1.102500000000000507e-04 1.090569375000000000e+06 1.166311625000000000e+06
1.000000000000000000e+00 -5.940000000000000141e-02 -2.116000000000000103e-01 9.170000000000000373e-02 -7.199999999999999803e-03 3.479999999999999760e-02 -3.910000000000000281e-02 -8.199999999999998956e-03 -1.500000000000000222e-01 -3.039999999999999647e-02 3.430000000000000410e-02 8.029999999999999638e-02 6.999999999999992339e-04 3.528360000000000350e-03 4.477456000000000491e-02 8.408890000000000461e-03 5.183999999999999833e-05 1.211039999999999816e-03 1.528810000000000238e-03 6.723999999999998641e-05 2.250000000000000611e-02 9.241599999999998254e-04 1.176490000000000305e-03 6.448089999999999204e-03 4.899999999999989084e-07 1.091790875000000000e+06 1.167599375000000000e+06
1.000000000000000000e+00 -6.339999999999999802e-02 4.159999999999999809e-02 1.155000000000000054e-01 -5.330000000000000016e-02 2.000000000000000042e-02 -1.959999999999999937e-02 -3.999999999999996614e-03 2.531999999999999806e-01 2.380000000000000171e-02 -4.610000000000000209e-02 -1.479999999999999719e-02 1.950000000000000344e-02 4.019560000000000147e-03 1.730559999999999911e-03 1.334025000000000141e-02 2.840889999999999995e-03 4.000000000000000192e-04 3.841599999999999811e-04 1.599999999999997217e-05 6.411023999999998502e-02 5.664400000000000858e-04 2.125210000000000207e-03 2.190399999999999086e-04 3.802500000000001083e-04 1.091255625000000000e+06 1.168396000000000000e+06
1.000000000000000000e+00 -6.460000000000000464e-02 2.829999999999999877e-02 1.905000000000000027e-01 -2.399999999999999790e-03 1.000000000000000021e-02 -6.700000000000000226e-03 -1.200000000000006617e-03 -1.329999999999999932e-02 7.499999999999999722e-02 5.090000000000000080e-02 -1.000000000000000021e-02 1.289999999999999827e-02 4.173160000000000411e-03 8.008899999999999570e-04 3.629025000000000306e-02 5.759999999999999062e-06 1.000000000000000048e-04 4.489000000000000558e-05 1.440000000000015859e-06 1.768899999999999954e-04 5.624999999999999792e-03 2.590810000000000248e-03 1.000000000000000048e-04 1.664099999999999466e-04 1.090402250000000000e+06 1.166692625000000000e+06
1.000000000000000000e+00 -5.029999999999999749e-02 -1.733999999999999986e-01 1.232000000000000040e-01 -5.829999999999999766e-02 7.799999999999999989e-02 -7.599999999999999985e-03 1.430000000000000715e-02 -2.016999999999999904e-01 -6.729999999999999871e-02 -5.589999999999999830e-02 6.800000000000000488e-02 -8.999999999999997585e-04 2.530089999999999596e-03 3.006756000000000012e-02 1.517824000000000083e-02 3.398889999999999897e-03 6.083999999999999998e-03 5.776000000000000264e-05 2.044900000000002055e-04 4.068288999999999933e-02 4.529290000000000052e-03 3.124810000000000001e-03 4.624000000000000506e-03 8.099999999999995504e-07 1.092972750000000000e+06 1.167871875000000000e+06
1.000000000000000000e+00 -6.740000000000000158e-02 -2.114000000000000046e-01 -4.070000000000000007e-02 -1.949999999999999997e-02 1.226000000000000006e-01 1.080000000000000057e-02 -1.710000000000000409e-02 -3.800000000000000600e-02 -1.638999999999999901e-01 3.880000000000000115e-02 4.460000000000000075e-02 1.839999999999999969e-02 4.542759999999999854e-03 4.468996000000000079e-02 1.656490000000000046e-03 3.802499999999999999e-04 1.503076000000000065e-02 1.166400000000000081e-04 2.924100000000001633e-04 1.444000000000000405e-03 2.686320999999999848e-02 1.505440000000000033e-03 1.989160000000000234e-03 3.385600000000000111e-04 1.092107125000000000e+06 1.168734625000000000e+06
1.000000000000000000e+00 -1.025999999999999968e-01 6.519999999999999407e-02 -1.406999999999999917e-01 -9.479999999999999538e-02 2.001999999999999891e-01 -9.690000000000000002e-02 -3.519999999999999518e-02 2.766000000000000125e-01 -9.999999999999999167e-02 -7.529999999999999194e-02 7.759999999999998843e-02 -1.077000000000000041e-01 1.052675999999999959e-02 4.251039999999999333e-03 1.979648999999999645e-02 8.987039999999999959e-03 4.008003999999999734e-02 9.389609999999999623e-03 1.239039999999999630e-03 7.650756000000000223e-02 9.999999999999998473e-03 5.670089999999999159e-03 6.021759999999998399e-03 1.159929000000000168e-02 1.090694375000000000e+06 1.169139875000000000e+06
1.000000000000000000e+00 -1.147999999999999993e-01 -1.403999999999999970e-01 -3.180000000000000049e-01 -3.799999999999999906e-02 3.444999999999999729e-01 -9.579999999999999627e-02 -1.220000000000000251e-02 -2.056000000000000050e-01 -1.773000000000000131e-01 5.679999999999999633e-02 1.442999999999999838e-01 1.100000000000003753e-03 1.317903999999999951e-02 1.971215999999999940e-02 1.011240000000000056e-01 1.443999999999999971e-03 1.186802499999999871e-01 9.177639999999999063e-03 1.488400000000000725e-04 4.227136000000000088e-02 3.143529000000000462e-02 3.226239999999999577e-03 2.082248999999999559e-02 1.210000000000008320e-06 1.091866375000000000e+06 1.167473375000000000e+06
1.000000000000000000e+00 -8.890000000000000679e-02 -2.857999999999999985e-01 1.034000000000000058e-01 -6.999999999999999929e-04 1.043000000000000038e-01 1.890000000000000013e-02 2.589999999999999247e-02 -1.454000000000000015e-01 4.213999999999999968e-01 3.729999999999999982e-02 -2.401999999999999691e-01 1.146999999999999964e-01 7.903210000000000790e-03 8.168163999999999980e-02 1.069156000000000099e-02 4.899999999999999672e-07 1.087849000000000108e-02 3.572100000000000036e-04 6.708099999999996574e-04 2.114115999999999912e-02 1.775779600000000069e-01 1.391289999999999888e-03 5.769603999999998317e-02 1.315608999999999876e-02 1.090700250000000000e+06 1.166086000000000000e+06
1.000000000000000000e+00 -8.709999999999999687e-02 -1.850999999999999868e-01 2.888000000000000012e-01 1.600000000000000077e-03 -1.413999999999999979e-01 7.499999999999999722e-03 1.800000000000009925e-03 1.007000000000000117e-01 1.854000000000000092e-01 2.299999999999999961e-03 -2.457000000000000017e-01 -1.140000000000000041e-02 7.586409999999999161e-03 3.426200999999999552e-02 8.340543999999999736e-02 2.560000000000000054e-06 1.999395999999999812e-02 5.624999999999999846e-05 3.240000000000035895e-06 1.014049000000000200e-02 3.437316000000000676e-02 5.290000000000000174e-06 6.036849000000000381e-02 1.299600000000000093e-04 1.090747875000000000e+06 1.165972875000000000e+06
1.000000000000000000e+00 -7.190000000000000557e-02 -2.094999999999999918e-01 5.909999999999999976e-02 3.599999999999999901e-03 1.170000000000000033e-02 1.220000000000000077e-02 1.519999999999999130e-02 -2.440000000000000502e-02 -2.297000000000000153e-01 2.000000000000000042e-03 1.530999999999999861e-01 4.700000000000001052e-03 5.169610000000000698e-03 4.389024999999999871e-02 3.492809999999999838e-03 1.295999999999999958e-05 1.368899999999999989e-04 1.488400000000000183e-04 2.310399999999997395e-04 5.953600000000002900e-04 5.276209000000000454e-02 3.999999999999999819e-06 2.343960999999999614e-02 2.209000000000001042e-05 1.092303250000000000e+06 1.167284875000000000e+06
1.000000000000000000e+00 -7.370000000000000162e-02 1.446000000000000063e-01 8.119999999999999440e-02 8.999999999999999320e-03 4.499999999999999660e-03 1.510000000000000057e-02 -1.799999999999996048e-03 3.540999999999999703e-01 2.209999999999999465e-02 5.399999999999999419e-03 -7.200000000000000670e-03 2.899999999999999800e-03 5.431690000000000303e-03 2.090916000000000302e-02 6.593439999999999024e-03 8.099999999999999019e-05 2.024999999999999755e-05 2.280100000000000074e-04 3.239999999999985920e-06 1.253868099999999874e-01 4.884099999999997775e-04 2.915999999999999525e-05 5.184000000000001188e-05 8.409999999999999101e-06 1.093274875000000000e+06 1.168696500000000000e+06
1.000000000000000000e+00 -5.009999999999999870e-02 -6.469999999999999363e-02 9.800000000000000377e-02 4.100000000000000346e-03 2.259999999999999856e-02 2.350000000000000006e-02 2.360000000000000292e-02 -2.092999999999999861e-01 1.680000000000000937e-02 -4.899999999999998974e-03 1.809999999999999803e-02 8.399999999999999481e-03 2.510010000000000019e-03 4.186089999999999083e-03 9.604000000000001425e-03 1.681000000000000338e-05 5.107599999999999684e-04 5.522500000000000065e-04 5.569600000000001156e-04 4.380648999999999654e-02 2.822400000000003335e-04 2.400999999999998865e-05 3.276099999999999347e-04 7.055999999999998851e-05 1.093896500000000000e+06 1.169552750000000000e+06
1.000000000000000000e+00 -6.160000000000000198e-02 -2.937000000000000166e-01 8.989999999999999380e-02 5.999999999999999474e-04 2.539999999999999897e-02 1.540000000000000049e-02 -1.150000000000000328e-02 -2.290000000000000369e-01 -8.100000000000009970e-03 -3.500000000000000507e-03 2.800000000000000405e-03 -8.099999999999999561e-03 3.794560000000000207e-03 8.625969000000001385e-02 8.082009999999998848e-03 3.599999999999999414e-07 6.451599999999999826e-04 2.371600000000000129e-04 1.322500000000000704e-04 5.244100000000001538e-02 6.561000000000016634e-05 1.225000000000000299e-05 7.840000000000002864e-06 6.560999999999999016e-05 1.091802000000000000e+06 1.167384000000000000e+06
1.000000000000000000e+00 -5.879999999999999810e-02 -1.663999999999999924e-01 4.519999999999999712e-02 -5.639999999999999875e-02 1.195999999999999980e-01 6.010000000000000064e-02 2.800000000000003875e-03 1.273000000000000242e-01 -4.469999999999999668e-02 -5.700000000000000205e-02 9.420000000000000595e-02 4.470000000000000362e-02 3.457439999999999992e-03 2.768895999999999857e-02 2.043039999999999873e-03 3.180960000000000037e-03 1.430415999999999979e-02 3.612010000000000134e-03 7.840000000000021499e-06 1.620529000000000761e-02 1.998089999999999675e-03 3.249000000000000152e-03 8.873640000000000347e-03 1.998090000000000109e-03 1.094492750000000000e+06 1.167281125000000000e+06
1.000000000000000000e+00 -3.899999999999999994e-02 1.099999999999999936e-02 7.630000000000000671e-02 1.859999999999999848e-02 2.259999999999999856e-02 4.750000000000000056e-02 1.979999999999999816e-02 1.774000000000000021e-01 3.110000000000000958e-02 7.499999999999999722e-02 -9.700000000000000289e-02 -1.260000000000000009e-02 1.521000000000000000e-03 1.209999999999999867e-04 5.821690000000000892e-03 3.459599999999999199e-04 5.107599999999999684e-04 2.256250000000000009e-03 3.920399999999999124e-04 3.147076000000000040e-02 9.672100000000005736e-04 5.624999999999999792e-03 9.409000000000000696e-03 1.587600000000000046e-04 1.091213625000000000e+06 1.165092875000000000e+06
1.000000000000000000e+00 5.199999999999999761e-03 1.378000000000000058e-01 9.979999999999999982e-02 5.400000000000000286e-03 -4.649999999999999967e-02 1.880000000000000074e-02 4.420000000000000318e-02 1.267999999999999960e-01 2.349999999999999312e-02 -1.319999999999999819e-02 -6.909999999999999476e-02 -2.869999999999999982e-02 2.703999999999999861e-05 1.898883999999999989e-02 9.960039999999999866e-03 2.916000000000000203e-05 2.162250000000000109e-03 3.534400000000000042e-04 1.953640000000000411e-03 1.607824000000000059e-02 5.522499999999996812e-04 1.742399999999999581e-04 4.774809999999999124e-03 8.236899999999999691e-04 1.092413500000000000e+06 1.165472375000000000e+06
1.000000000000000000e+00 2.419999999999999929e-02 -2.325000000000000122e-01 -1.640000000000000138e-02 -2.639999999999999986e-02 1.252000000000000057e-01 -1.799999999999999951e-03 1.899999999999999953e-02 -3.703000000000000180e-01 -1.161999999999999977e-01 -3.180000000000000188e-02 1.717000000000000193e-01 -2.060000000000000026e-02 5.856400000000000104e-04 5.405625000000000707e-02 2.689600000000000541e-04 6.969599999999999407e-04 1.567504000000000119e-02 3.239999999999999896e-06 3.609999999999999928e-04 1.371220900000000020e-01 1.350243999999999923e-02 1.011240000000000056e-03 2.948089000000000612e-02 4.243600000000000367e-04 1.093363625000000000e+06 1.167964375000000000e+06
1.000000000000000000e+00 -4.780000000000000221e-02 -1.025999999999999968e-01 1.011999999999999983e-01 4.909999999999999781e-02 6.439999999999999891e-02 2.949999999999999845e-02 -7.200000000000000844e-02 1.299000000000000155e-01 1.175999999999999962e-01 7.549999999999999767e-02 -6.080000000000000682e-02 3.130000000000000143e-02 2.284840000000000221e-03 1.052675999999999959e-02 1.024143999999999922e-02 2.410809999999999776e-03 4.147360000000000109e-03 8.702499999999999299e-04 5.184000000000001107e-03 1.687401000000000525e-02 1.382975999999999997e-02 5.700249999999999588e-03 3.696640000000001036e-03 9.796900000000000747e-04 1.095127125000000000e+06 1.170520500000000000e+06
1.000000000000000000e+00 -7.190000000000000557e-02 -2.200000000000000133e-03 2.656000000000000028e-01 -2.560000000000000123e-02 -9.800000000000000377e-02 6.260000000000000286e-02 -2.410000000000000336e-02 1.004000000000000031e-01 1.643999999999999906e-01 -7.470000000000000251e-02 -1.623999999999999888e-01 3.310000000000000442e-02 5.169610000000000698e-03 4.840000000000000247e-06 7.054335999999999940e-02 6.553600000000000137e-04 9.604000000000001425e-03 3.918760000000000299e-03 5.808100000000001803e-04 1.008016000000000120e-02 2.702735999999999680e-02 5.580090000000000224e-03 2.637375999999999610e-02 1.095610000000000334e-03 1.093209625000000000e+06 1.168416625000000000e+06
1.000000000000000000e+00 -6.660000000000000642e-02 -1.904000000000000137e-01 1.476999999999999980e-01 -4.290000000000000063e-02 2.390000000000000110e-02 3.610000000000000014e-02 5.299999999999999156e-03 -1.882000000000000062e-01 -1.179000000000000048e-01 -1.729999999999999941e-02 1.219000000000000083e-01 -2.650000000000000272e-02 4.435560000000000717e-03 3.625216000000000549e-02 2.181529000000000107e-02 1.840410000000000006e-03 5.712100000000000554e-04 1.303209999999999959e-03 2.808999999999999025e-05 3.541924000000000461e-02 1.390041000000000193e-02 2.992899999999999619e-04 1.485961000000000226e-02 7.022500000000001831e-04 1.091092250000000000e+06 1.164403375000000000e+06
1.000000000000000000e+00 -5.050000000000000322e-02 1.250000000000000069e-02 6.969999999999999807e-02 -5.149999999999999717e-02 5.999999999999999778e-02 -1.510000000000000057e-02 1.610000000000000320e-02 2.029000000000000248e-01 -7.799999999999999989e-02 -8.599999999999996536e-03 3.609999999999999321e-02 -5.120000000000000245e-02 2.550250000000000433e-03 1.562500000000000304e-04 4.858089999999999804e-03 2.652249999999999660e-03 3.599999999999999901e-03 2.280100000000000074e-04 2.592100000000001152e-04 4.116841000000000944e-02 6.083999999999999998e-03 7.395999999999993562e-05 1.303209999999999525e-03 2.621440000000000055e-03 1.091125875000000000e+06 1.165998625000000000e+06
1.000000000000000000e+00 -4.469999999999999668e-02 -4.399999999999999745e-02 1.572000000000000064e-01 -5.249999999999999806e-02 -2.359999999999999945e-02 -8.899999999999999925e-03 5.800000000000006539e-03 -5.649999999999999467e-02 8.750000000000000833e-02 -1.000000000000000888e-03 -8.359999999999999376e-02 6.200000000000000649e-03 1.998089999999999675e-03 1.935999999999999787e-03 2.471184000000000228e-02 2.756249999999999586e-03 5.569600000000000072e-04 7.920999999999999547e-05 3.364000000000007772e-05 3.192249999999999342e-03 7.656250000000001596e-03 1.000000000000001861e-06 6.988959999999998923e-03 3.844000000000001143e-05 1.091248375000000000e+06 1.165636125000000000e+06
1.000000000000000000e+00 -3.350000000000000200e-02 -8.509999999999999509e-02 2.001000000000000001e-01 -4.599999999999999922e-02 1.092000000000000054e-01 -1.949999999999999997e-02 1.119999999999999468e-02 -4.109999999999999765e-02 4.289999999999999369e-02 6.499999999999998834e-03 1.328000000000000014e-01 -1.060000000000000005e-02 1.122250000000000201e-03 7.242009999999999247e-03 4.004001000000000088e-02 2.115999999999999825e-03 1.192464000000000197e-02 3.802499999999999999e-04 1.254399999999998832e-04 1.689209999999999800e-03 1.840409999999999355e-03 4.224999999999998342e-05 1.763583999999999985e-02 1.123600000000000016e-04 1.094400875000000000e+06 1.168556375000000000e+06
1.000000000000000000e+00 -3.119999999999999857e-02 -1.137999999999999984e-01 1.629999999999999852e-02 -5.870000000000000218e-02 1.028000000000000025e-01 -2.359999999999999945e-02 2.300000000000003431e-03 -2.870000000000000329e-02 -1.837999999999999912e-01 -1.270000000000000295e-02 -6.400000000000002909e-03 -4.099999999999999478e-03 9.734399999999998956e-04 1.295043999999999883e-02 2.656899999999999583e-04 3.445690000000000384e-03 1.056784000000000022e-02 5.569600000000000072e-04 5.290000000000015420e-06 8.236900000000001859e-04 3.378243999999999692e-02 1.612900000000000770e-04 4.096000000000003474e-05 1.680999999999999660e-05 1.094126125000000000e+06 1.169718625000000000e+06
1.000000000000000000e+00 -4.660000000000000253e-02 -2.358000000000000096e-01 -1.280000000000000061e-02 -2.889999999999999861e-02 5.720000000000000084e-02 -4.689999999999999725e-02 -1.540000000000000396e-02 -1.220000000000000112e-01 -2.910000000000000087e-02 2.980000000000000357e-02 -4.560000000000000164e-02 -2.329999999999999780e-02 2.171560000000000330e-03 5.560164000000000772e-02 1.638400000000000034e-04 8.352099999999999672e-04 3.271840000000000252e-03 2.199609999999999847e-03 2.371600000000001214e-04 1.488400000000000313e-02 8.468100000000000323e-04 8.880400000000002051e-04 2.079360000000000149e-03 5.428899999999998657e-04 1.092202625000000000e+06 1.166475750000000000e+06
1.000000000000000000e+00 -2.840000000000000163e-02 -6.279999999999999472e-02 1.351999999999999869e-01 2.149999999999999828e-02 -8.000000000000000167e-03 -5.990000000000000185e-02 1.820000000000000090e-02 1.730000000000000149e-01 1.479999999999999927e-01 5.040000000000000036e-02 -6.520000000000000795e-02 -1.300000000000000461e-02 8.065600000000001111e-04 3.943839999999999672e-03 1.827903999999999640e-02 4.622499999999999331e-04 6.399999999999999710e-05 3.588010000000000418e-03 3.312400000000000067e-04 2.992900000000000421e-02 2.190399999999999639e-02 2.540160000000000074e-03 4.251040000000001068e-03 1.690000000000001234e-04 1.089792500000000000e+06 1.162706750000000000e+06
1.000000000000000000e+00 -2.179999999999999993e-02 -1.141999999999999960e-01 1.383000000000000063e-01 2.000000000000000042e-02 1.700000000000000122e-02 -3.259999999999999704e-02 6.600000000000001699e-03 -5.140000000000000124e-02 3.100000000000019407e-03 -1.499999999999997863e-03 2.500000000000000139e-02 2.730000000000000482e-02 4.752399999999999832e-04 1.304163999999999844e-02 1.912689000000000056e-02 4.000000000000000192e-04 2.890000000000000316e-04 1.062759999999999833e-03 4.356000000000002340e-05 2.641960000000000055e-03 9.610000000000119749e-06 2.249999999999993704e-06 6.250000000000001214e-04 7.452900000000002318e-04 1.089784750000000000e+06 1.161458875000000000e+06
1.000000000000000000e+00 -4.170000000000000095e-02 2.280000000000000082e-02 1.592000000000000082e-01 -3.130000000000000143e-02 4.100000000000000346e-03 1.580000000000000154e-02 -1.990000000000000102e-02 1.370000000000000107e-01 2.090000000000000191e-02 -5.129999999999999838e-02 -1.290000000000000174e-02 4.839999999999999858e-02 1.738890000000000097e-03 5.198400000000000373e-04 2.534464000000000161e-02 9.796900000000000747e-04 1.681000000000000338e-05 2.496400000000000290e-04 3.960100000000000252e-04 1.876900000000000443e-02 4.368100000000000953e-04 2.631689999999999897e-03 1.664100000000000551e-04 2.342560000000000042e-03 1.089768375000000000e+06 1.162744375000000000e+06
1.000000000000000000e+00 5.300000000000000024e-03 -9.510000000000000397e-02 1.265000000000000013e-01 4.490000000000000241e-02 -1.600000000000000033e-02 -7.700000000000000247e-03 4.700000000000000011e-02 -1.179000000000000048e-01 -3.270000000000000684e-02 7.620000000000000384e-02 -2.009999999999999981e-02 -2.350000000000000006e-02 2.809000000000000041e-05 9.044009999999999896e-03 1.600224999999999911e-02 2.016010000000000371e-03 2.559999999999999884e-04 5.929000000000000324e-05 2.209000000000000026e-03 1.390041000000000193e-02 1.069290000000000518e-03 5.806440000000000386e-03 4.040100000000000028e-04 5.522500000000000065e-04 1.092678750000000000e+06 1.165377500000000000e+06
1.000000000000000000e+00 -5.700000000000000205e-03 -1.142999999999999988e-01 3.020000000000000115e-02 1.190000000000000085e-02 4.329999999999999821e-02 3.459999999999999881e-02 -1.099999999999999936e-02 -1.919999999999999485e-02 -9.629999999999999671e-02 -3.300000000000000155e-02 5.929999999999999855e-02 4.229999999999999732e-02 3.249000000000000233e-05 1.306448999999999978e-02 9.120400000000000295e-04 1.416100000000000214e-04 1.874889999999999933e-03 1.197159999999999848e-03 1.209999999999999867e-04 3.686399999999997773e-04 9.273689999999999364e-03 1.089000000000000124e-03 3.516489999999999720e-03 1.789289999999999804e-03 1.093436750000000000e+06 1.168880250000000000e+06
1.000000000000000000e+00 -4.320000000000000229e-02 -8.500000000000000611e-03 1.419999999999999873e-01 4.290000000000000063e-02 3.259999999999999704e-02 -3.300000000000000155e-02 -3.750000000000000555e-02 1.058000000000000052e-01 1.117999999999999827e-01 3.099999999999999978e-02 -1.070000000000000118e-02 -6.759999999999999343e-02 1.866240000000000130e-03 7.225000000000000790e-05 2.016399999999999790e-02 1.840410000000000006e-03 1.062759999999999833e-03 1.089000000000000124e-03 1.406250000000000382e-03 1.119364000000000123e-02 1.249923999999999653e-02 9.609999999999999402e-04 1.144900000000000236e-04 4.569759999999999101e-03 1.092882750000000000e+06 1.168979875000000000e+06
1.000000000000000000e+00 -3.429999999999999716e-02 -1.257000000000000062e-01 7.430000000000000493e-02 6.160000000000000198e-02 9.529999999999999583e-02 -4.979999999999999705e-02 8.900000000000005129e-03 -1.171999999999999986e-01 -6.769999999999998241e-02 1.870000000000000134e-02 6.270000000000000573e-02 -1.679999999999999549e-02 1.176489999999999871e-03 1.580049000000000037e-02 5.520490000000001160e-03 3.794560000000000207e-03 9.082089999999999261e-03 2.480039999999999762e-03 7.921000000000009034e-05 1.373583999999999916e-02 4.583289999999997678e-03 3.496900000000000485e-04 3.931290000000000479e-03 2.822399999999998456e-04 1.091216500000000000e+06 1.166392500000000000e+06
1.000000000000000000e+00 -3.250000000000000111e-02 -9.690000000000000002e-02 2.179999999999999993e-02 -2.769999999999999893e-02 8.210000000000000631e-02 -4.229999999999999732e-02 1.799999999999996048e-03 2.880000000000000615e-02 -5.250000000000000500e-02 -8.930000000000000437e-02 -1.319999999999998952e-02 7.499999999999999722e-03 1.056250000000000114e-03 9.389609999999999623e-03 4.752399999999999832e-04 7.672899999999998992e-04 6.740410000000001366e-03 1.789289999999999804e-03 3.239999999999985920e-06 8.294400000000004070e-04 2.756250000000000453e-03 7.974490000000000745e-03 1.742399999999997141e-04 5.624999999999999846e-05 1.094222750000000000e+06 1.169862500000000000e+06
1.000000000000000000e+00 -2.740000000000000074e-02 -7.270000000000000073e-02 1.174000000000000044e-01 -1.420000000000000082e-02 2.399999999999999790e-03 -4.299999999999999656e-02 5.100000000000000366e-03 2.419999999999999929e-02 9.560000000000000442e-02 1.349999999999999811e-02 -7.970000000000000695e-02 -6.999999999999992339e-04 7.507600000000000558e-04 5.285289999999999780e-03 1.378276000000000154e-02 2.016400000000000278e-04 5.759999999999999062e-06 1.848999999999999732e-03 2.601000000000000339e-05 5.856400000000000104e-04 9.139360000000000886e-03 1.822499999999999576e-04 6.352090000000001208e-03 4.899999999999989084e-07 1.092125875000000000e+06 1.166735375000000000e+06
1.000000000000000000e+00 -1.679999999999999896e-02 -9.840000000000000135e-02 2.651999999999999913e-01 8.000000000000000383e-04 4.669999999999999846e-02 -3.500000000000000333e-02 1.060000000000000178e-02 -2.570000000000000062e-02 1.477999999999999869e-01 1.500000000000000118e-02 4.429999999999999910e-02 7.999999999999993228e-03 2.822399999999999540e-04 9.682559999999999778e-03 7.033103999999999745e-02 6.400000000000000134e-07 2.180889999999999999e-03 1.225000000000000177e-03 1.123600000000000423e-04 6.604900000000000137e-04 2.184483999999999732e-02 2.250000000000000481e-04 1.962489999999999894e-03 6.399999999999988868e-05 1.093271375000000000e+06 1.167437375000000000e+06
1.000000000000000000e+00 2.500000000000000052e-03 -1.265999999999999903e-01 2.837000000000000077e-01 2.960000000000000131e-02 7.299999999999999545e-02 -3.529999999999999805e-02 1.929999999999999771e-02 -2.819999999999998896e-02 1.850000000000001643e-02 2.880000000000000268e-02 2.629999999999999699e-02 -2.999999999999947153e-04 6.250000000000000300e-06 1.602755999999999625e-02 8.048568999999999862e-02 8.761600000000000681e-04 5.328999999999999536e-03 1.246089999999999828e-03 3.724899999999998980e-04 7.952399999999993589e-04 3.422500000000005941e-04 8.294400000000001901e-04 6.916899999999997963e-04 8.999999999999683544e-08 1.094114125000000000e+06 1.168095875000000000e+06
1.000000000000000000e+00 -6.400000000000000307e-03 -9.220000000000000417e-02 8.649999999999999356e-02 5.269999999999999685e-02 4.189999999999999974e-02 -6.400000000000000307e-03 -8.899999999999999925e-03 3.439999999999998614e-02 -1.972000000000000142e-01 2.309999999999999554e-02 -3.109999999999999570e-02 2.889999999999999861e-02 4.096000000000000086e-05 8.500840000000000826e-03 7.482249999999999318e-03 2.777289999999999533e-03 1.755609999999999896e-03 4.096000000000000086e-05 7.920999999999999547e-05 1.183359999999998970e-03 3.888784000000000685e-02 5.336099999999997920e-04 9.672099999999997063e-04 8.352099999999999672e-04 1.092401500000000000e+06 1.166300250000000000e+06
1.000000000000000000e+00 -5.630000000000000282e-02 -1.307999999999999996e-01 8.959999999999999909e-02 -1.119999999999999989e-02 2.129999999999999949e-02 -6.799999999999999621e-03 -4.989999999999999991e-02 -3.859999999999999543e-02 3.100000000000005529e-03 -6.389999999999999847e-02 -2.060000000000000026e-02 -3.999999999999993144e-04 3.169690000000000181e-03 1.710864000000000135e-02 8.028159999999999463e-03 1.254399999999999916e-04 4.536899999999999744e-04 4.623999999999999774e-05 2.490009999999999966e-03 1.489959999999999592e-03 9.610000000000035045e-06 4.083209999999999444e-03 4.243600000000000367e-04 1.599999999999994475e-07 1.092802375000000000e+06 1.165214875000000000e+06
1.000000000000000000e+00 -4.349999999999999700e-02 -6.199999999999999956e-02 1.199999999999999956e-01 -9.900000000000000813e-03 1.000000000000000021e-02 -1.799999999999999951e-03 1.280000000000000582e-02 6.880000000000000004e-02 3.039999999999999647e-02 1.299999999999999073e-03 -1.129999999999999928e-02 4.999999999999999237e-03 1.892249999999999835e-03 3.843999999999999761e-03 1.439999999999999961e-02 9.801000000000001876e-05 1.000000000000000048e-04 3.239999999999999896e-06 1.638400000000001390e-04 4.733440000000000217e-03 9.241599999999998254e-04 1.689999999999997584e-06 1.276899999999999921e-04 2.499999999999999103e-05 1.092745625000000000e+06 1.166112000000000000e+06
1.000000000000000000e+00 -4.899999999999999842e-03 -1.575000000000000011e-01 1.092999999999999944e-01 -6.199999999999999782e-03 -6.600000000000000311e-02 6.899999999999999883e-03 3.859999999999999543e-02 -9.550000000000000155e-02 -1.070000000000000118e-02 3.700000000000001031e-03 -7.599999999999999811e-02 8.699999999999999400e-03 2.400999999999999882e-05 2.480625000000000191e-02 1.194648999999999885e-02 3.843999999999999788e-05 4.356000000000000497e-03 4.760999999999999987e-05 1.489959999999999592e-03 9.120249999999999885e-03 1.144900000000000236e-04 1.369000000000000784e-05 5.775999999999999884e-03 7.568999999999998852e-05 1.092364500000000000e+06 1.163731875000000000e+06
1.000000000000000000e+00 -1.650000000000000078e-02 4.209999999999999853e-02 1.395000000000000129e-01 -3.799999999999999992e-03 -5.260000000000000092e-02 3.020000000000000115e-02 -1.160000000000000094e-02 1.995999999999999996e-01 3.020000000000001850e-02 2.399999999999999790e-03 1.340000000000000219e-02 2.330000000000000127e-02 2.722500000000000310e-04 1.772409999999999871e-03 1.946025000000000532e-02 1.444000000000000066e-05 2.766760000000000053e-03 9.120400000000000295e-04 1.345600000000000127e-04 3.984015999999999946e-02 9.120400000000011137e-04 5.759999999999999062e-06 1.795600000000000494e-04 5.428900000000000826e-04 1.090073000000000000e+06 1.162179250000000000e+06
1.000000000000000000e+00 -7.739999999999999658e-02 5.086000000000000520e-01 3.520000000000000212e-02 1.930000000000000118e-02 1.547999999999999932e-01 5.300000000000000024e-03 -6.089999999999999580e-02 4.665000000000000258e-01 -1.043000000000000038e-01 2.310000000000000248e-02 2.074000000000000010e-01 -2.490000000000000199e-02 5.990759999999999488e-03 2.586739600000000361e-01 1.239040000000000063e-03 3.724900000000000606e-04 2.396303999999999795e-02 2.809000000000000041e-05 3.708809999999999451e-03 2.176222500000000171e-01 1.087849000000000108e-02 5.336100000000001172e-04 4.301475999999999911e-02 6.200100000000000489e-04 1.092203500000000000e+06 1.167813625000000000e+06
1.000000000000000000e+00 -2.700000000000000143e-03 -1.431000000000000050e-01 6.199999999999999782e-03 3.070000000000000159e-02 1.434999999999999887e-01 -9.599999999999999159e-03 7.470000000000000251e-02 -6.517000000000000570e-01 -2.900000000000000147e-02 1.140000000000000041e-02 -1.130000000000000449e-02 -1.490000000000000005e-02 7.290000000000000507e-06 2.047761000000000026e-02 3.843999999999999788e-05 9.424900000000001462e-04 2.059224999999999597e-02 9.215999999999998499e-05 5.580090000000000224e-03 4.247128900000000651e-01 8.410000000000000591e-04 1.299600000000000093e-04 1.276900000000001005e-04 2.220099999999999971e-04 1.093687875000000000e+06 1.167289875000000000e+06
1.000000000000000000e+00 -5.449999999999999983e-02 -5.471000000000000307e-01 1.484000000000000041e-01 -1.199999999999999895e-03 8.939999999999999336e-02 -2.860000000000000042e-02 -5.179999999999999882e-02 -4.040000000000000258e-01 1.421999999999999931e-01 -3.190000000000000474e-02 -5.409999999999999531e-02 -1.900000000000000300e-02 2.970249999999999800e-03 2.993184100000000347e-01 2.202256000000000005e-02 1.439999999999999765e-06 7.992359999999998701e-03 8.179600000000000629e-04 2.683239999999999931e-03 1.632160000000000277e-01 2.022083999999999687e-02 1.017610000000000389e-03 2.926809999999999308e-03 3.610000000000001012e-04 1.093891625000000000e+06 1.165611625000000000e+06
1.000000000000000000e+00 -6.740000000000000158e-02 -2.142000000000000015e-01 1.252000000000000057e-01 -2.179999999999999993e-02 -5.419999999999999818e-02 -1.799999999999999864e-02 -1.290000000000000174e-02 3.329000000000000292e-01 -2.319999999999999840e-02 -2.060000000000000026e-02 -1.436000000000000054e-01 1.060000000000000178e-02 4.542759999999999854e-03 4.588164000000000131e-02 1.567504000000000119e-02 4.752399999999999832e-04 2.937639999999999609e-03 3.239999999999999608e-04 1.664100000000000551e-04 1.108224100000000240e-01 5.382399999999999424e-04 4.243600000000000367e-04 2.062096000000000068e-02 1.123600000000000423e-04 1.091899250000000000e+06 1.167902125000000000e+06
1.000000000000000000e+00 -9.389999999999999736e-02 -2.060000000000000026e-02 -7.820000000000000562e-02 -6.029999999999999943e-02 -2.400000000000000050e-02 -2.659999999999999865e-02 -2.649999999999999578e-02 1.935999999999999943e-01 -2.034000000000000252e-01 -3.849999999999999950e-02 3.019999999999999768e-02 -8.600000000000000006e-03 8.817209999999998937e-03 4.243600000000000367e-04 6.115240000000000953e-03 3.636089999999999808e-03 5.760000000000000146e-04 7.075599999999999815e-04 7.022499999999997494e-04 3.748096000000000066e-02 4.137156000000000861e-02 1.482250000000000061e-03 9.120399999999998127e-04 7.396000000000000339e-05 1.093081125000000000e+06 1.167911750000000000e+06
1.000000000000000000e+00 -8.029999999999999638e-02 -3.070000000000000159e-02 3.500000000000000333e-02 -6.779999999999999916e-02 1.233999999999999958e-01 -6.450000000000000178e-02 1.360000000000000098e-02 -1.010000000000000134e-02 1.132000000000000089e-01 -7.499999999999999722e-03 1.474000000000000032e-01 -3.790000000000000313e-02 6.448089999999999204e-03 9.424900000000001462e-04 1.225000000000000177e-03 4.596839999999999607e-03 1.522755999999999936e-02 4.160249999999999886e-03 1.849600000000000181e-04 1.020100000000000211e-04 1.281424000000000278e-02 5.624999999999999846e-05 2.172676000000000121e-02 1.436410000000000161e-03 1.091105125000000000e+06 1.162702875000000000e+06
1.000000000000000000e+00 -9.500000000000000111e-02 -1.008000000000000007e-01 1.607000000000000095e-01 -8.250000000000000389e-02 6.260000000000000286e-02 -8.959999999999999909e-02 -1.470000000000000473e-02 -7.009999999999999565e-02 1.257000000000000062e-01 -1.470000000000000473e-02 -6.079999999999999294e-02 -2.509999999999999731e-02 9.025000000000000036e-03 1.016064000000000030e-02 2.582449000000000203e-02 6.806250000000000668e-03 3.918760000000000299e-03 8.028159999999999463e-03 2.160900000000001351e-04 4.914009999999999039e-03 1.580049000000000037e-02 2.160900000000001351e-04 3.696639999999999301e-03 6.300099999999998583e-04 1.091463375000000000e+06 1.163535375000000000e+06
1.000000000000000000e+00 -1.077000000000000041e-01 -1.414999999999999869e-01 9.929999999999999938e-02 -8.559999999999999554e-02 6.679999999999999827e-02 -4.549999999999999878e-02 -1.270000000000000295e-02 -4.069999999999998619e-02 -6.140000000000001013e-02 -3.099999999999991651e-03 4.199999999999995404e-03 4.410000000000000031e-02 1.159929000000000168e-02 2.002224999999999491e-02 9.860489999999999533e-03 7.327359999999998909e-03 4.462240000000000130e-03 2.070250000000000042e-03 1.612900000000000770e-04 1.656489999999998962e-03 3.769960000000001452e-03 9.609999999999948648e-06 1.763999999999995986e-05 1.944809999999999942e-03 1.094030375000000000e+06 1.167677375000000000e+06
1.000000000000000000e+00 -1.139000000000000012e-01 -2.442999999999999894e-01 1.317000000000000115e-01 -1.510000000000000057e-02 6.800000000000000488e-02 -4.979999999999999705e-02 -6.199999999999997180e-03 -1.028000000000000025e-01 3.240000000000001212e-02 7.049999999999999323e-02 1.200000000000006617e-03 -4.299999999999998268e-03 1.297321000000000064e-02 5.968248999999999777e-02 1.734489000000000170e-02 2.280100000000000074e-04 4.624000000000000506e-03 2.480039999999999762e-03 3.843999999999996400e-05 1.056784000000000022e-02 1.049760000000000710e-03 4.970249999999998974e-03 1.440000000000015859e-06 1.848999999999998391e-05 1.093719250000000000e+06 1.168160125000000000e+06
1.000000000000000000e+00 -5.129999999999999838e-02 -1.899999999999999996e-03 6.809999999999999387e-02 -1.870000000000000134e-02 8.100000000000000255e-02 -5.949999999999999734e-02 6.260000000000000286e-02 2.423999999999999766e-01 -6.360000000000001763e-02 -3.600000000000000769e-03 1.299999999999999767e-02 -9.700000000000000289e-03 2.631689999999999897e-03 3.610000000000000165e-06 4.637609999999999476e-03 3.496900000000000485e-04 6.560999999999999992e-03 3.540249999999999560e-03 3.918760000000000299e-03 5.875775999999998528e-02 4.044960000000001957e-03 1.296000000000000636e-05 1.689999999999999337e-04 9.409000000000000208e-05 1.094239500000000000e+06 1.168361750000000000e+06
1.000000000000000000e+00 -4.170000000000000095e-02 -9.210000000000000131e-02 1.496000000000000107e-01 -8.899999999999999925e-03 2.819999999999999937e-02 -6.250000000000000000e-02 9.599999999999997424e-03 -9.020000000000000240e-02 8.150000000000001688e-02 9.800000000000001418e-03 -5.279999999999999971e-02 -3.000000000000002665e-03 1.738890000000000097e-03 8.482410000000000991e-03 2.238016000000000311e-02 7.920999999999999547e-05 7.952400000000000094e-04 3.906250000000000000e-03 9.215999999999994433e-05 8.136040000000000633e-03 6.642250000000002319e-03 9.604000000000002238e-05 2.787839999999999763e-03 9.000000000000015475e-06 1.094508625000000000e+06 1.168122125000000000e+06
1.000000000000000000e+00 -5.079999999999999793e-02 -3.919999999999999873e-02 7.249999999999999500e-02 1.000000000000000048e-04 4.780000000000000221e-02 -3.559999999999999970e-02 -9.099999999999996980e-03 5.290000000000000258e-02 -7.710000000000001574e-02 8.999999999999999320e-03 1.960000000000000284e-02 2.690000000000000030e-02 2.580639999999999930e-03 1.536639999999999924e-03 5.256249999999999638e-03 1.000000000000000021e-08 2.284840000000000221e-03 1.267359999999999928e-03 8.280999999999994745e-05 2.798410000000000307e-03 5.944410000000002400e-03 8.099999999999999019e-05 3.841600000000000895e-04 7.236099999999999650e-04 1.093723000000000000e+06 1.168907625000000000e+06
1.000000000000000000e+00 -4.989999999999999991e-02 -1.089999999999999997e-01 1.789999999999999925e-02 9.199999999999999845e-03 4.399999999999999745e-02 -2.319999999999999840e-02 8.999999999999980238e-04 -6.980000000000000093e-02 -5.459999999999999576e-02 9.100000000000000450e-03 -3.800000000000004763e-03 1.240000000000000130e-02 2.490009999999999966e-03 1.188099999999999920e-02 3.204099999999999765e-04 8.464000000000000278e-05 1.935999999999999787e-03 5.382399999999999424e-04 8.099999999999964799e-07 4.872040000000000225e-03 2.981159999999999626e-03 8.281000000000000166e-05 1.444000000000003623e-05 1.537600000000000457e-04 1.095140875000000000e+06 1.170170500000000000e+06
1.000000000000000000e+00 -2.790000000000000119e-02 -2.129000000000000059e-01 7.230000000000000315e-02 6.100000000000000387e-03 4.529999999999999999e-02 -5.609999999999999709e-02 2.199999999999999872e-02 -1.039000000000000062e-01 5.440000000000000391e-02 -3.099999999999999457e-03 1.300000000000002542e-03 -3.289999999999999869e-02 7.784100000000001044e-04 4.532641000000000447e-02 5.227290000000000755e-03 3.721000000000000457e-05 2.052089999999999904e-03 3.147209999999999678e-03 4.839999999999999468e-04 1.079521000000000126e-02 2.959360000000000289e-03 9.609999999999996082e-06 1.690000000000006689e-06 1.082410000000000013e-03 1.095077375000000000e+06 1.170522750000000000e+06
1.000000000000000000e+00 -5.580000000000000238e-02 -2.239999999999999977e-02 1.209999999999999964e-01 -4.540000000000000285e-02 4.220000000000000140e-02 -5.850000000000000339e-02 -2.790000000000000119e-02 1.905000000000000027e-01 4.869999999999999329e-02 -5.150000000000000411e-02 -3.099999999999998590e-03 -2.400000000000006295e-03 3.113640000000000418e-03 5.017599999999999665e-04 1.464099999999999950e-02 2.061160000000000249e-03 1.780840000000000114e-03 3.422250000000000379e-03 7.784100000000001044e-04 3.629025000000000306e-02 2.371689999999999215e-03 2.652250000000000527e-03 9.609999999999991000e-06 5.760000000000030402e-06 1.094722375000000000e+06 1.170156500000000000e+06
1.000000000000000000e+00 -2.230000000000000038e-02 -6.140000000000000319e-02 9.679999999999999716e-02 -1.890000000000000013e-02 5.990000000000000185e-02 -1.073000000000000065e-01 3.350000000000000200e-02 -3.900000000000000688e-02 -2.419999999999999929e-02 2.650000000000000272e-02 1.770000000000000046e-02 -4.880000000000000310e-02 4.972900000000000584e-04 3.769960000000000585e-03 9.370240000000000166e-03 3.572100000000000036e-04 3.588010000000000418e-03 1.151329000000000068e-02 1.122250000000000201e-03 1.521000000000000433e-03 5.856400000000000104e-04 7.022500000000001831e-04 3.132900000000000311e-04 2.381440000000000293e-03 1.095940250000000000e+06 1.171491250000000000e+06
1.000000000000000000e+00 -3.889999999999999708e-02 -1.841000000000000136e-01 9.039999999999999425e-02 -2.069999999999999965e-02 8.599999999999999312e-02 -7.059999999999999609e-02 -1.659999999999999670e-02 -1.227000000000000035e-01 -6.400000000000002909e-03 -1.799999999999999517e-03 2.609999999999999126e-02 3.670000000000001039e-02 1.513209999999999859e-03 3.389281000000000238e-02 8.172159999999999494e-03 4.284900000000000124e-04 7.395999999999998929e-03 4.984359999999999312e-03 2.755599999999998892e-04 1.505529000000000069e-02 4.096000000000003474e-05 3.239999999999998202e-06 6.812099999999995849e-04 1.346890000000000760e-03 1.096601125000000000e+06 1.172442250000000000e+06
1.000000000000000000e+00 -6.469999999999999363e-02 1.827999999999999903e-01 1.797999999999999876e-01 -8.800000000000000530e-03 8.740000000000000546e-02 -1.307000000000000106e-01 -2.579999999999999655e-02 3.669000000000000039e-01 8.939999999999999336e-02 1.189999999999999912e-02 1.400000000000012346e-03 -6.010000000000001452e-02 4.186089999999999083e-03 3.341583999999999527e-02 3.232803999999999539e-02 7.744000000000000395e-05 7.638760000000001382e-03 1.708249000000000226e-02 6.656399999999997865e-04 1.346156099999999967e-01 7.992359999999998701e-03 1.416099999999999672e-04 1.960000000000034597e-06 3.612010000000001868e-03 1.096658750000000000e+06 1.172576750000000000e+06
1.000000000000000000e+00 -9.470000000000000639e-02 -2.900000000000000147e-02 5.070000000000000201e-02 -3.919999999999999873e-02 6.710000000000000686e-02 -1.391000000000000014e-01 -3.000000000000001277e-02 -2.117999999999999883e-01 -1.290999999999999925e-01 -3.039999999999999647e-02 -2.029999999999999860e-02 -8.399999999999990807e-03 8.968090000000001477e-03 8.410000000000000591e-04 2.570490000000000361e-03 1.536639999999999924e-03 4.502410000000000960e-03 1.934881000000000101e-02 9.000000000000007343e-04 4.485923999999999467e-02 1.666680999999999718e-02 9.241599999999998254e-04 4.120899999999999390e-04 7.055999999999983943e-05 1.097914250000000000e+06 1.174115750000000000e+06
1.000000000000000000e+00 -1.203000000000000042e-01 -2.506999999999999784e-01 -4.899999999999999842e-03 -4.920000000000000068e-02 9.160000000000000087e-02 -7.349999999999999589e-02 -2.559999999999999776e-02 -2.216999999999999804e-01 -5.560000000000000359e-02 -1.000000000000000194e-02 2.449999999999999400e-02 6.560000000000000553e-02 1.447209000000000169e-02 6.285048999999999497e-02 2.400999999999999882e-05 2.420639999999999945e-03 8.390560000000000032e-03 5.402249999999999067e-03 6.553599999999999053e-04 4.915088999999998876e-02 3.091360000000000462e-03 1.000000000000000454e-04 6.002499999999996554e-04 4.303360000000000865e-03 1.096847875000000000e+06 1.173019125000000000e+06
1.000000000000000000e+00 -1.338999999999999913e-01 -5.840000000000000052e-02 6.990000000000000380e-02 -5.240000000000000213e-02 6.419999999999999318e-02 -2.330000000000000127e-02 -1.359999999999998710e-02 1.922999999999999710e-01 7.480000000000000537e-02 -3.200000000000001454e-03 -2.740000000000000768e-02 5.019999999999999463e-02 1.792920999999999751e-02 3.410559999999999981e-03 4.886010000000000526e-03 2.745760000000000301e-03 4.121639999999999332e-03 5.428900000000000826e-04 1.849599999999996386e-04 3.697928999999999106e-02 5.595040000000000777e-03 1.024000000000000868e-05 7.507600000000003810e-04 2.520039999999999433e-03 1.096185125000000000e+06 1.172635750000000000e+06
1.000000000000000000e+00 -4.739999999999999769e-02 -1.605000000000000038e-01 9.719999999999999474e-02 -4.189999999999999974e-02 1.209999999999999964e-02 -2.779999999999999832e-02 8.649999999999999356e-02 -1.020999999999999963e-01 2.729999999999999094e-02 1.050000000000000239e-02 -5.209999999999999354e-02 -4.499999999999997058e-03 2.246759999999999990e-03 2.576025000000000190e-02 9.447839999999999017e-03 1.755609999999999896e-03 1.464100000000000026e-04 7.728399999999998986e-04 7.482249999999999318e-03 1.042440999999999854e-02 7.452899999999994729e-04 1.102500000000000507e-04 2.714409999999999133e-03 2.024999999999997383e-05 1.095113500000000000e+06 1.171305125000000000e+06
1.000000000000000000e+00 -4.979999999999999705e-02 -5.510000000000000314e-02 4.780000000000000221e-02 -5.299999999999999850e-02 3.780000000000000027e-02 -2.340000000000000066e-02 -2.399999999999999356e-03 1.053999999999999937e-01 -4.939999999999999253e-02 -1.109999999999999876e-02 2.570000000000000062e-02 4.399999999999997663e-03 2.480039999999999762e-03 3.036010000000000444e-03 2.284840000000000221e-03 2.808999999999999865e-03 1.428840000000000015e-03 5.475599999999999955e-04 5.759999999999996521e-06 1.110915999999999813e-02 2.440359999999999058e-03 1.232099999999999808e-04 6.604900000000000137e-04 1.935999999999998066e-05 1.095756000000000000e+06 1.169918500000000000e+06
1.000000000000000000e+00 -4.599999999999999922e-02 -1.010999999999999954e-01 1.116999999999999937e-01 -4.959999999999999826e-02 3.700000000000000164e-03 -2.500000000000000139e-02 3.799999999999997824e-03 -4.599999999999999228e-02 6.389999999999998459e-02 3.400000000000000244e-03 -3.409999999999999837e-02 -1.600000000000000727e-03 2.115999999999999825e-03 1.022120999999999967e-02 1.247688999999999916e-02 2.460159999999999864e-03 1.369000000000000106e-05 6.250000000000001214e-04 1.443999999999998372e-05 2.115999999999999392e-03 4.083209999999997709e-03 1.156000000000000113e-05 1.162809999999999799e-03 2.560000000000002171e-06 1.094311125000000000e+06 1.169476125000000000e+06
1.000000000000000000e+00 -5.949999999999999734e-02 5.990000000000000185e-02 1.208999999999999936e-01 -5.319999999999999729e-02 1.540000000000000049e-02 -6.199999999999999782e-03 -1.349999999999999811e-02 1.610000000000000042e-01 9.199999999999999845e-03 -3.599999999999999034e-03 1.170000000000000033e-02 1.880000000000000074e-02 3.540249999999999560e-03 3.588010000000000418e-03 1.461680999999999918e-02 2.830239999999999926e-03 2.371600000000000129e-04 3.843999999999999788e-05 1.822499999999999576e-04 2.592100000000000307e-02 8.464000000000000278e-05 1.295999999999999281e-05 1.368899999999999989e-04 3.534400000000000042e-04 1.093740750000000000e+06 1.169519000000000000e+06
1.000000000000000000e+00 -5.770000000000000129e-02 7.799999999999999642e-03 1.320000000000000062e-01 -5.310000000000000137e-02 1.699999999999999905e-03 -1.930000000000000118e-02 1.799999999999996048e-03 -5.210000000000000048e-02 1.110000000000001263e-02 9.999999999999592548e-05 -1.370000000000000037e-02 -1.310000000000000053e-02 3.329289999999999940e-03 6.083999999999999348e-05 1.742400000000000199e-02 2.819610000000000172e-03 2.889999999999999859e-06 3.724900000000000606e-04 3.239999999999985920e-06 2.714410000000000000e-03 1.232100000000002789e-04 9.999999999999184609e-09 1.876900000000000139e-04 1.716100000000000188e-04 1.093751125000000000e+06 1.170051000000000000e+06
1.000000000000000000e+00 -6.099999999999999867e-02 -1.545999999999999874e-01 8.300000000000000433e-02 -7.190000000000000557e-02 3.389999999999999958e-02 -3.250000000000000111e-02 -3.299999999999997380e-03 -1.623999999999999888e-01 -4.900000000000000189e-02 -1.880000000000000421e-02 3.219999999999999946e-02 -1.319999999999999993e-02 3.720999999999999915e-03 2.390115999999999769e-02 6.889000000000001026e-03 5.169610000000000698e-03 1.149209999999999902e-03 1.056250000000000114e-03 1.088999999999998213e-05 2.637375999999999610e-02 2.401000000000000356e-03 3.534400000000001668e-04 1.036840000000000027e-03 1.742399999999999852e-04 1.095709750000000000e+06 1.169312375000000000e+06
