1.000000000000000000e+00 0.000000000000000000e+00 0.000000000000000000e+00 -0.000000000000000000e+00 -0.000000000000000000e+00 -0.000000000000000000e+00 0.000000000000000000e+00 0.000000000000000000e+00 0.000000000000000000e+00 0.000000000000000000e+00 0.000000000000000000e+00 0.000000000000000000e+00 0.000000000000000000e+00 0.000000000000000000e+00 0.000000000000000000e+00 0.000000000000000000e+00 0.000000000000000000e+00 0.000000000000000000e+00 0.000000000000000000e+00 0.000000000000000000e+00 0.000000000000000000e+00 0.000000000000000000e+00 0.000000000000000000e+00 0.000000000000000000e+00 0.000000000000000000e+00 1.880630750000000000e+06 1.698430125000000000e+06
1.000000000000000000e+00 -3.540000000000000091e-02 -1.329999999999999932e-02 -1.141999999999999960e-01 -5.670000000000000040e-02 5.680000000000000326e-02 6.729999999999999871e-02 -3.540000000000000091e-02 -1.329999999999999932e-02 -1.141999999999999960e-01 -5.670000000000000040e-02 5.680000000000000326e-02 6.729999999999999871e-02 1.253160000000000125e-03 1.768899999999999954e-04 1.304163999999999844e-02 3.214890000000000195e-03 3.226240000000000444e-03 4.529290000000000052e-03 1.253160000000000125e-03 1.768899999999999954e-04 1.304163999999999844e-02 3.214890000000000195e-03 3.226240000000000444e-03 4.529290000000000052e-03 1.881542375000000000e+06 1.702277000000000000e+06
1.000000000000000000e+00 -2.659999999999999865e-02 -2.040000000000000147e-02 5.739999999999999963e-02 -1.050999999999999990e-01 -1.116000000000000048e-01 3.930000000000000160e-02 8.800000000000002265e-03 -7.100000000000002143e-03 1.716000000000000025e-01 -4.839999999999999858e-02 -1.683999999999999941e-01 -2.799999999999999711e-02 7.075599999999999815e-04 4.161600000000000542e-04 3.294759999999999876e-03 1.104601000000000020e-02 1.245456000000000167e-02 1.544490000000000142e-03 7.744000000000004461e-05 5.041000000000002727e-05 2.944656000000000010e-02 2.342560000000000042e-03 2.835855999999999794e-02 7.839999999999998663e-04 1.883264500000000000e+06 1.704988625000000000e+06
1.000000000000000000e+00 -7.300000000000000065e-03 5.800000000000000294e-02 4.649999999999999967e-02 -6.510000000000000508e-02 -1.912000000000000088e-01 -3.250000000000000111e-02 1.929999999999999771e-02 7.839999999999999747e-02 -1.089999999999999997e-02 3.999999999999999389e-02 -7.960000000000000409e-02 -7.180000000000000271e-02 5.328999999999999970e-05 3.364000000000000237e-03 2.162250000000000109e-03 4.238010000000000388e-03 3.655744000000000354e-02 1.056250000000000114e-03 3.724899999999998980e-04 6.146559999999999697e-03 1.188099999999999958e-04 1.599999999999999426e-03 6.336160000000000403e-03 5.155240000000000170e-03 1.880691625000000000e+06 1.707413250000000000e+06
1.000000000000000000e+00 1.500000000000000031e-03 5.310000000000000137e-02 -1.983999999999999930e-01 -1.045999999999999985e-01 -3.370000000000000079e-02 -3.409999999999999837e-02 8.800000000000000530e-03 -4.900000000000001577e-03 -2.449000000000000066e-01 -3.949999999999999345e-02 1.575000000000000011e-01 -1.599999999999997258e-03 2.250000000000000057e-06 2.819610000000000172e-03 3.936255999999999783e-02 1.094116000000000012e-02 1.135689999999999963e-03 1.162809999999999799e-03 7.744000000000000395e-05 2.401000000000001576e-05 5.997601000000000321e-02 1.560249999999999571e-03 2.480625000000000191e-02 2.559999999999991160e-06 1.881651000000000000e+06 1.711922000000000000e+06
1.000000000000000000e+00 -2.899999999999999800e-03 1.600000000000000033e-02 -1.077000000000000041e-01 -3.629999999999999893e-02 -7.049999999999999323e-02 -8.399999999999999481e-03 -4.399999999999999398e-03 -3.710000000000000103e-02 9.069999999999998896e-02 6.829999999999999960e-02 -3.679999999999999244e-02 2.570000000000000062e-02 8.409999999999999101e-06 2.559999999999999884e-04 1.159929000000000168e-02 1.317689999999999834e-03 4.970249999999998974e-03 7.055999999999998851e-05 1.935999999999999421e-05 1.376410000000000003e-03 8.226489999999997763e-03 4.664889999999999662e-03 1.354239999999999394e-03 6.604900000000000137e-04 1.882565500000000000e+06 1.712949750000000000e+06
1.000000000000000000e+00 -6.899999999999999883e-03 -2.401000000000000079e-01 -1.948000000000000009e-01 -1.112999999999999962e-01 1.265000000000000013e-01 1.159999999999999920e-02 -4.000000000000000083e-03 -2.560999999999999943e-01 -8.709999999999999687e-02 -7.499999999999999722e-02 1.970000000000000084e-01 1.999999999999999695e-02 4.760999999999999987e-05 5.764801000000000647e-02 3.794704000000000133e-02 1.238768999999999981e-02 1.600224999999999911e-02 1.345599999999999856e-04 1.599999999999999928e-05 6.558720999999999302e-02 7.586409999999999161e-03 5.624999999999999792e-03 3.880900000000000322e-02 3.999999999999998565e-04 1.886882500000000000e+06 1.714123875000000000e+06
1.000000000000000000e+00 -9.900000000000000813e-03 -1.907999999999999974e-01 -1.675000000000000100e-01 -3.740000000000000269e-02 1.360999999999999988e-01 3.429999999999999716e-02 -3.000000000000000930e-03 4.930000000000001048e-02 2.729999999999999094e-02 7.389999999999999347e-02 9.599999999999997424e-03 2.269999999999999796e-02 9.801000000000001876e-05 3.640464000000000200e-02 2.805625000000000480e-02 1.398760000000000194e-03 1.852320999999999829e-02 1.176489999999999871e-03 9.000000000000005310e-06 2.430490000000000862e-03 7.452899999999994729e-04 5.461209999999999329e-03 9.215999999999994433e-05 5.152899999999999538e-04 1.884362750000000000e+06 1.710050375000000000e+06
1.000000000000000000e+00 6.300000000000000044e-03 1.020000000000000073e-02 4.780000000000000221e-02 -2.699999999999999969e-02 -1.252000000000000057e-01 1.669999999999999957e-02 1.619999999999999912e-02 2.010000000000000120e-01 2.153000000000000191e-01 1.040000000000000299e-02 -2.612999999999999767e-01 -1.759999999999999759e-02 3.969000000000000116e-05 1.040400000000000135e-04 2.284840000000000221e-03 7.289999999999999388e-04 1.567504000000000119e-02 2.788900000000000081e-04 2.624399999999999606e-04 4.040100000000000635e-02 4.635409000000000751e-02 1.081600000000000622e-04 6.827768999999998811e-02 3.097599999999999074e-04 1.888169125000000000e+06 1.710767250000000000e+06
1.000000000000000000e+00 2.390000000000000110e-02 -5.220000000000000334e-02 -1.738000000000000100e-01 -1.839999999999999969e-02 -7.779999999999999416e-02 3.370000000000000079e-02 1.760000000000000106e-02 -6.240000000000000407e-02 -2.216000000000000192e-01 8.600000000000000006e-03 4.740000000000001157e-02 1.700000000000000122e-02 5.712100000000000554e-04 2.724840000000000508e-03 3.020644000000000454e-02 3.385600000000000111e-04 6.052839999999999436e-03 1.135689999999999963e-03 3.097600000000000158e-04 3.893760000000000450e-03 4.910656000000000743e-02 7.396000000000000339e-05 2.246760000000001291e-03 2.890000000000000316e-04 1.883599875000000000e+06 1.706613500000000000e+06
1.000000000000000000e+00 5.009999999999999870e-02 -2.440000000000000155e-02 -9.760000000000000620e-02 -1.370000000000000037e-02 -1.919999999999999832e-02 1.699999999999999905e-03 2.619999999999999760e-02 2.780000000000000179e-02 7.620000000000000384e-02 4.699999999999999317e-03 5.859999999999999931e-02 -3.200000000000000067e-02 2.510010000000000019e-03 5.953600000000000732e-04 9.525760000000001171e-03 1.876900000000000139e-04 3.686399999999999400e-04 2.889999999999999859e-06 6.864399999999998584e-04 7.728400000000001154e-04 5.806440000000000386e-03 2.208999999999999348e-05 3.433959999999999790e-03 1.023999999999999954e-03 1.879637125000000000e+06 1.704260625000000000e+06
1.000000000000000000e+00 8.899999999999999925e-03 1.420000000000000082e-02 4.599999999999999922e-03 1.140000000000000041e-02 -6.130000000000000032e-02 1.230000000000000017e-02 -4.120000000000000051e-02 3.860000000000000236e-02 1.022000000000000131e-01 2.510000000000000078e-02 -4.209999999999999853e-02 1.060000000000000005e-02 7.920999999999999547e-05 2.016400000000000278e-04 2.116000000000000069e-05 1.299600000000000093e-04 3.757690000000000162e-03 1.512899999999999965e-04 1.697440000000000147e-03 1.489960000000000243e-03 1.044484000000000211e-02 6.300100000000000752e-04 1.772409999999999871e-03 1.123600000000000016e-04 1.884195000000000000e+06 1.708282875000000000e+06
1.000000000000000000e+00 2.359999999999999945e-02 -3.919999999999999873e-02 -6.890000000000000291e-02 -1.679999999999999896e-02 -3.599999999999999901e-03 1.280000000000000061e-02 1.469999999999999953e-02 -5.340000000000000302e-02 -7.350000000000000977e-02 -2.819999999999999937e-02 5.770000000000000129e-02 5.000000000000004441e-04 5.569600000000000072e-04 1.536639999999999924e-03 4.747209999999999971e-03 2.822399999999999540e-04 1.295999999999999958e-05 1.638400000000000034e-04 2.160899999999999995e-04 2.851560000000000379e-03 5.402250000000001669e-03 7.952400000000000094e-04 3.329289999999999940e-03 2.500000000000004651e-07 1.881630375000000000e+06 1.707124875000000000e+06
1.000000000000000000e+00 -3.640000000000000180e-02 -1.990000000000000102e-02 -1.247000000000000053e-01 -2.769999999999999893e-02 -9.940000000000000224e-02 -3.749999999999999861e-02 -5.999999999999999778e-02 1.929999999999999771e-02 -5.580000000000000238e-02 -1.089999999999999997e-02 -9.579999999999999627e-02 -5.029999999999999749e-02 1.324960000000000027e-03 3.960100000000000252e-04 1.555009000000000079e-02 7.672899999999998992e-04 9.880360000000001225e-03 1.406249999999999948e-03 3.599999999999999901e-03 3.724899999999998980e-04 3.113640000000000418e-03 1.188099999999999958e-04 9.177639999999999063e-03 2.530089999999999596e-03 1.884903125000000000e+06 1.710044500000000000e+06
1.000000000000000000e+00 -3.799999999999999906e-02 1.378000000000000058e-01 -2.409999999999999989e-02 -1.149999999999999981e-02 -3.780000000000000027e-02 -3.839999999999999664e-02 -1.599999999999997258e-03 1.577000000000000068e-01 1.006000000000000089e-01 1.619999999999999912e-02 6.160000000000000198e-02 -8.999999999999980238e-04 1.443999999999999971e-03 1.898883999999999989e-02 5.808099999999999635e-04 1.322499999999999891e-04 1.428840000000000015e-03 1.474559999999999760e-03 2.559999999999991160e-06 2.486929000000000223e-02 1.012036000000000185e-02 2.624399999999999606e-04 3.794560000000000207e-03 8.099999999999964799e-07 1.882709125000000000e+06 1.712622500000000000e+06
1.000000000000000000e+00 -3.130000000000000143e-02 9.180000000000000659e-02 -2.899999999999999800e-03 -2.009999999999999981e-02 -7.699999999999999900e-02 -3.039999999999999994e-02 6.699999999999997624e-03 -4.599999999999999922e-02 2.120000000000000009e-02 -8.600000000000000006e-03 -3.919999999999999873e-02 7.999999999999996697e-03 9.796900000000000747e-04 8.427240000000000772e-03 8.409999999999999101e-06 4.040100000000000028e-04 5.929000000000000242e-03 9.241600000000000422e-04 4.488999999999996492e-05 2.115999999999999825e-03 4.494400000000000066e-04 7.396000000000000339e-05 1.536639999999999924e-03 6.399999999999994289e-05 1.881349250000000000e+06 1.713334000000000000e+06
1.000000000000000000e+00 -3.350000000000000200e-02 -1.754999999999999893e-01 -2.157000000000000028e-01 -7.149999999999999412e-02 -5.759999999999999842e-02 -6.700000000000000226e-03 -2.200000000000000566e-03 -2.672999999999999821e-01 -2.127999999999999892e-01 -5.139999999999999430e-02 1.940000000000000058e-02 2.369999999999999885e-02 1.122250000000000201e-03 3.080024999999999777e-02 4.652649000000000368e-02 5.112249999999998740e-03 3.317759999999999893e-03 4.489000000000000558e-05 4.840000000000002788e-06 7.144928999999998476e-02 4.528383999999999882e-02 2.641959999999999621e-03 3.763600000000000083e-04 5.616899999999999974e-04 1.882176875000000000e+06 1.714095000000000000e+06
1.000000000000000000e+00 -2.319999999999999840e-02 -1.125000000000000028e-01 -1.671999999999999875e-01 -1.299999999999999940e-02 -6.339999999999999802e-02 -2.399999999999999790e-03 1.030000000000000360e-02 6.299999999999998657e-02 4.850000000000001532e-02 5.849999999999999645e-02 -5.799999999999999600e-03 4.300000000000000003e-03 5.382399999999999424e-04 1.265625000000000083e-02 2.795583999999999569e-02 1.689999999999999879e-04 4.019560000000000147e-03 5.759999999999999062e-06 1.060900000000000769e-04 3.968999999999998571e-03 2.352250000000001475e-03 3.422249999999999511e-03 3.363999999999999640e-05 1.849000000000000085e-05 1.883726250000000000e+06 1.711909375000000000e+06
1.000000000000000000e+00 -5.439999999999999697e-02 2.319999999999999840e-02 1.880000000000000074e-02 -9.030000000000000526e-02 -8.580000000000000127e-02 -2.220000000000000098e-02 -3.119999999999999857e-02 1.356999999999999873e-01 1.859999999999999987e-01 -7.730000000000000759e-02 -2.240000000000000324e-02 -1.980000000000000163e-02 2.959359999999999855e-03 5.382399999999999424e-04 3.534400000000000042e-04 8.154090000000000990e-03 7.361640000000000024e-03 4.928400000000000315e-04 9.734399999999998956e-04 1.841448999999999517e-02 3.459600000000000175e-02 5.975290000000001156e-03 5.017600000000001833e-04 3.920400000000000751e-04 1.884706125000000000e+06 1.706957875000000000e+06
1.000000000000000000e+00 -3.540000000000000091e-02 -1.860999999999999877e-01 -9.650000000000000244e-02 -8.400000000000000522e-02 -3.330000000000000321e-02 -8.300000000000000086e-03 1.899999999999999606e-02 -2.092999999999999861e-01 -1.152999999999999997e-01 6.300000000000000044e-03 5.249999999999999806e-02 1.390000000000000090e-02 1.253160000000000125e-03 3.463320999999999761e-02 9.312250000000001082e-03 7.056000000000000640e-03 1.108890000000000179e-03 6.888999999999999941e-05 3.609999999999998301e-04 4.380648999999999654e-02 1.329408999999999973e-02 3.969000000000000116e-05 2.756249999999999586e-03 1.932100000000000289e-04 1.885097125000000000e+06 1.703820625000000000e+06
1.000000000000000000e+00 -3.269999999999999990e-02 -2.580000000000000002e-02 -7.929999999999999549e-02 -7.580000000000000626e-02 -4.750000000000000056e-02 -4.599999999999999922e-03 2.700000000000001010e-03 1.602999999999999980e-01 1.720000000000000695e-02 8.199999999999998956e-03 -1.419999999999999735e-02 3.700000000000000164e-03 1.069290000000000084e-03 6.656400000000000034e-04 6.288489999999999011e-03 5.745640000000000643e-03 2.256250000000000009e-03 2.116000000000000069e-05 7.290000000000005589e-06 2.569608999999999782e-02 2.958400000000002304e-04 6.723999999999998641e-05 2.016399999999999193e-04 1.369000000000000106e-05 1.885267750000000000e+06 1.701436375000000000e+06
1.000000000000000000e+00 -3.180000000000000188e-02 8.949999999999999623e-02 3.090000000000000038e-02 -7.799999999999999989e-02 -1.408999999999999975e-01 8.399999999999999481e-03 8.999999999999980238e-04 1.152999999999999997e-01 1.101999999999999924e-01 -2.199999999999993627e-03 -9.339999999999999691e-02 1.299999999999999940e-02 1.011240000000000056e-03 8.010250000000000009e-03 9.548100000000000554e-04 6.083999999999999998e-03 1.985280999999999851e-02 7.055999999999998851e-05 8.099999999999964799e-07 1.329408999999999973e-02 1.214403999999999831e-02 4.839999999999972295e-06 8.723559999999999995e-03 1.689999999999999879e-04 1.882367500000000000e+06 1.703108250000000000e+06
1.000000000000000000e+00 -2.429999999999999868e-02 -7.660000000000000142e-02 -1.748000000000000109e-01 -7.560000000000000053e-02 -6.230000000000000121e-02 1.789999999999999925e-02 7.500000000000003192e-03 -1.660999999999999976e-01 -2.057000000000000217e-01 2.399999999999999356e-03 7.860000000000000320e-02 9.499999999999999764e-03 5.904899999999999385e-04 5.867559999999999963e-03 3.055504000000000553e-02 5.715360000000000058e-03 3.881290000000000347e-03 3.204099999999999765e-04 5.625000000000004589e-05 2.758920999999999943e-02 4.231249000000000815e-02 5.759999999999996521e-06 6.177960000000000569e-03 9.024999999999999819e-05 1.887310125000000000e+06 1.707549500000000000e+06
1.000000000000000000e+00 -1.720000000000000001e-02 5.949999999999999734e-02 -6.740000000000000158e-02 -7.480000000000000537e-02 -7.049999999999999323e-02 -1.460000000000000013e-02 7.099999999999998673e-03 1.360999999999999988e-01 1.074000000000000093e-01 7.999999999999951594e-04 -8.199999999999992017e-03 -3.250000000000000111e-02 2.958400000000000135e-04 3.540249999999999560e-03 4.542759999999999854e-03 5.595040000000000777e-03 4.970249999999998974e-03 2.131599999999999988e-04 5.040999999999997984e-05 1.852320999999999829e-02 1.153476000000000154e-02 6.399999999999922842e-07 6.723999999999986444e-05 1.056250000000000114e-03 1.885385000000000000e+06 1.708488375000000000e+06
1.000000000000000000e+00 -3.039999999999999994e-02 -7.900000000000000772e-03 1.140000000000000041e-02 -9.059999999999999998e-02 -1.718999999999999972e-01 4.100000000000000346e-03 -1.319999999999999993e-02 -6.740000000000000158e-02 7.880000000000000893e-02 -1.579999999999999460e-02 -1.014000000000000040e-01 1.870000000000000134e-02 9.241600000000000422e-04 6.241000000000000724e-05 1.299600000000000093e-04 8.208359999999999615e-03 2.954961000000000046e-02 1.681000000000000338e-05 1.742399999999999852e-04 4.542759999999999854e-03 6.209440000000001833e-03 2.496399999999998121e-04 1.028196000000000145e-02 3.496900000000000485e-04 1.885663250000000000e+06 1.708196375000000000e+06
1.000000000000000000e+00 -2.560000000000000123e-02 -1.102999999999999953e-01 -1.448000000000000120e-01 -9.249999999999999889e-02 -1.023000000000000020e-01 1.299999999999999940e-03 4.799999999999998712e-03 -1.023999999999999910e-01 -1.562000000000000055e-01 -1.899999999999998912e-03 6.959999999999999520e-02 -2.800000000000000405e-03 6.553600000000000137e-04 1.216608999999999920e-02 2.096704000000000276e-02 8.556249999999999620e-03 1.046529000000000036e-02 1.689999999999999913e-06 2.303999999999998608e-05 1.048575999999999848e-02 2.439844000000000040e-02 3.609999999999995930e-06 4.844159999999999265e-03 7.840000000000002864e-06 1.887278000000000000e+06 1.711358250000000000e+06
1.000000000000000000e+00 -3.189999999999999780e-02 3.660000000000000059e-02 -1.335000000000000075e-01 -1.140000000000000041e-01 -8.129999999999999727e-02 -3.350000000000000200e-02 -6.299999999999996575e-03 1.469000000000000028e-01 1.130000000000000449e-02 -2.150000000000000522e-02 2.100000000000000477e-02 -3.480000000000000454e-02 1.017609999999999956e-03 1.339560000000000056e-03 1.782225000000000129e-02 1.299600000000000061e-02 6.609689999999999663e-03 1.122250000000000201e-03 3.968999999999995372e-05 2.157961000000000254e-02 1.276900000000001005e-04 4.622500000000002041e-04 4.410000000000002026e-04 1.211040000000000250e-03 1.881199250000000000e+06 1.708144250000000000e+06
1.000000000000000000e+00 -3.500000000000000333e-02 -2.799999999999999972e-03 -2.939999999999999905e-02 -1.323000000000000009e-01 -1.479000000000000037e-01 -7.100000000000000408e-03 -3.100000000000005529e-03 -3.939999999999999752e-02 1.041000000000000120e-01 -1.829999999999999682e-02 -6.660000000000000642e-02 2.639999999999999986e-02 1.225000000000000177e-03 7.839999999999999476e-06 8.643599999999999981e-04 1.750329000000000121e-02 2.187441000000000038e-02 5.041000000000000694e-05 9.610000000000035045e-06 1.552359999999999808e-03 1.083681000000000227e-02 3.348899999999999056e-04 4.435560000000000717e-03 6.969599999999999407e-04 1.883440375000000000e+06 1.710124250000000000e+06
1.000000000000000000e+00 -3.749999999999999861e-02 6.010000000000000064e-02 9.100000000000000450e-03 -8.690000000000000502e-02 -1.789999999999999925e-01 4.799999999999999580e-03 -2.499999999999995282e-03 6.289999999999999758e-02 3.849999999999999950e-02 4.539999999999999591e-02 -3.109999999999998876e-02 1.190000000000000085e-02 1.406249999999999948e-03 3.612010000000000134e-03 8.281000000000000166e-05 7.551610000000001134e-03 3.204100000000000004e-02 2.303999999999999625e-05 6.249999999999976583e-06 3.956409999999999615e-03 1.482250000000000061e-03 2.061159999999999815e-03 9.672099999999992726e-04 1.416100000000000214e-04 1.883415375000000000e+06 1.709210000000000000e+06
1.000000000000000000e+00 -6.049999999999999822e-02 5.970000000000000306e-02 1.099999999999999936e-02 -1.111000000000000043e-01 -1.158000000000000002e-01 2.610000000000000167e-02 -2.299999999999999961e-02 -3.999999999999975797e-04 1.899999999999998912e-03 -2.419999999999999929e-02 6.319999999999999230e-02 2.130000000000000296e-02 3.660249999999999875e-03 3.564090000000000227e-03 1.209999999999999867e-04 1.234321000000000029e-02 1.340964000000000045e-02 6.812100000000001271e-04 5.289999999999999564e-04 1.599999999999980711e-07 3.609999999999995930e-06 5.856400000000000104e-04 3.994239999999998729e-03 4.536900000000001370e-04 1.881996375000000000e+06 1.707491375000000000e+06
1.000000000000000000e+00 -8.019999999999999352e-02 -1.129999999999999928e-02 -1.232000000000000040e-01 -1.255999999999999894e-01 -1.383999999999999952e-01 4.100000000000000172e-02 -1.969999999999999529e-02 -7.100000000000000755e-02 -1.342000000000000137e-01 -1.449999999999998512e-02 -2.259999999999999509e-02 1.490000000000000005e-02 6.432039999999999112e-03 1.276899999999999921e-04 1.517824000000000083e-02 1.577535999999999869e-02 1.915455999999999756e-02 1.681000000000000202e-03 3.880899999999997893e-04 5.041000000000001209e-03 1.800964000000000384e-02 2.102499999999995811e-04 5.107599999999997515e-04 2.220099999999999971e-04 1.878718875000000000e+06 1.704253125000000000e+06
1.000000000000000000e+00 -6.400000000000000133e-02 -8.820000000000000062e-02 -1.514000000000000068e-01 -6.869999999999999718e-02 -4.760000000000000342e-02 -2.999999999999999737e-04 1.619999999999999218e-02 -7.689999999999999614e-02 -2.820000000000000284e-02 5.689999999999999225e-02 9.079999999999999183e-02 -4.130000000000000338e-02 4.095999999999999815e-03 7.779239999999999766e-03 2.292196000000000164e-02 4.719689999999999476e-03 2.265760000000000343e-03 8.999999999999998534e-08 2.624399999999997438e-04 5.913609999999999700e-03 7.952400000000001178e-04 3.237609999999999273e-03 8.244639999999999261e-03 1.705690000000000374e-03 1.882376625000000000e+06 1.708915250000000000e+06
1.000000000000000000e+00 -9.479999999999999538e-02 8.000000000000000167e-03 -4.809999999999999692e-02 -9.679999999999999716e-02 -6.619999999999999496e-02 -1.159999999999999920e-02 -3.079999999999999405e-02 9.620000000000000773e-02 1.033000000000000029e-01 -2.809999999999999998e-02 -1.859999999999999154e-02 -1.129999999999999928e-02 8.987039999999999959e-03 6.399999999999999710e-05 2.313609999999999799e-03 9.370240000000000166e-03 4.382439999999999600e-03 1.345599999999999856e-04 9.486399999999996181e-04 9.254440000000000929e-03 1.067089000000000058e-02 7.896100000000000514e-04 3.459599999999997031e-04 1.276899999999999921e-04 1.883249000000000000e+06 1.708432125000000000e+06
1.000000000000000000e+00 -8.190000000000000058e-02 -4.299999999999999656e-02 -5.240000000000000213e-02 -1.010999999999999954e-01 -1.468000000000000138e-01 2.549999999999999836e-02 1.289999999999999480e-02 -5.099999999999999672e-02 -4.300000000000005207e-03 -4.299999999999998268e-03 -8.060000000000001885e-02 3.709999999999999409e-02 6.707610000000000135e-03 1.848999999999999732e-03 2.745760000000000301e-03 1.022120999999999967e-02 2.155024000000000522e-02 6.502499999999998949e-04 1.664099999999998653e-04 2.600999999999999580e-03 1.849000000000004489e-05 1.848999999999998391e-05 6.496360000000003104e-03 1.376409999999999570e-03 1.881302000000000000e+06 1.705803750000000000e+06
1.000000000000000000e+00 -7.180000000000000271e-02 -1.302000000000000102e-01 -4.989999999999999991e-02 -1.464000000000000024e-01 -1.212000000000000022e-01 3.330000000000000321e-02 1.009999999999999787e-02 -8.720000000000001361e-02 2.500000000000002220e-03 -4.530000000000000693e-02 2.560000000000001164e-02 7.800000000000004846e-03 5.155240000000000170e-03 1.695204000000000155e-02 2.490009999999999966e-03 2.143296000000000090e-02 1.468943999999999979e-02 1.108890000000000179e-03 1.020099999999999534e-04 7.603840000000002333e-03 6.250000000000011311e-06 2.052090000000000771e-03 6.553600000000005558e-04 6.084000000000007479e-05 1.881420125000000000e+06 1.702282750000000000e+06
1.000000000000000000e+00 -9.790000000000000091e-02 -2.500000000000000139e-02 -1.144000000000000017e-01 -1.257000000000000062e-01 -7.400000000000000328e-03 -1.190000000000000085e-02 -2.609999999999999820e-02 1.052000000000000157e-01 -6.450000000000000178e-02 2.069999999999999618e-02 1.137999999999999984e-01 -4.520000000000000406e-02 9.584409999999999805e-03 6.250000000000001214e-04 1.308736000000000101e-02 1.580049000000000037e-02 5.476000000000000426e-05 1.416100000000000214e-04 6.812099999999999102e-04 1.106704000000000368e-02 4.160249999999999886e-03 4.284899999999998497e-04 1.295043999999999883e-02 2.043040000000000307e-03 1.880690125000000000e+06 1.703218125000000000e+06
1.000000000000000000e+00 -2.620000000000000107e-02 1.038000000000000034e-01 -2.409999999999999989e-02 -1.329999999999999932e-02 -1.744999999999999885e-01 -6.799999999999999621e-03 7.169999999999999984e-02 1.287999999999999978e-01 9.030000000000000526e-02 1.123999999999999999e-01 -1.670999999999999985e-01 5.100000000000001234e-03 6.864400000000000753e-04 1.077444000000000145e-02 5.808099999999999635e-04 1.768899999999999954e-04 3.045024999999999468e-02 4.623999999999999774e-05 5.140890000000000390e-03 1.658944000000000044e-02 8.154090000000000990e-03 1.263376000000000082e-02 2.792240999999999820e-02 2.601000000000001355e-05 1.881025125000000000e+06 1.704337000000000000e+06
1.000000000000000000e+00 -2.100000000000000130e-02 5.650000000000000161e-02 -9.859999999999999321e-02 -1.650000000000000078e-02 -8.509999999999999509e-02 5.899999999999999863e-03 5.199999999999999761e-03 -4.730000000000000177e-02 -7.449999999999999678e-02 -3.200000000000001454e-03 8.939999999999999336e-02 1.269999999999999948e-02 4.410000000000000400e-04 3.192250000000000209e-03 9.721959999999998242e-03 2.722500000000000310e-04 7.242009999999999247e-03 3.481000000000000045e-05 2.703999999999999861e-05 2.237290000000000285e-03 5.550249999999999628e-03 1.024000000000000868e-05 7.992359999999998701e-03 1.612899999999999957e-04 1.883912125000000000e+06 1.706595875000000000e+06
1.000000000000000000e+00 -3.969999999999999918e-02 -1.303999999999999881e-01 -1.635999999999999954e-01 -8.530000000000000082e-02 6.270000000000000573e-02 8.000000000000000167e-03 -1.869999999999999787e-02 -1.868999999999999828e-01 -6.500000000000000222e-02 -6.880000000000000004e-02 1.477999999999999869e-01 2.100000000000000304e-03 1.576090000000000043e-03 1.700415999999999733e-02 2.676495999999999736e-02 7.276089999999999815e-03 3.931290000000000479e-03 6.399999999999999710e-05 3.496899999999999401e-04 3.493160999999999489e-02 4.225000000000000457e-03 4.733440000000000217e-03 2.184483999999999732e-02 4.410000000000000976e-06 1.883097250000000000e+06 1.705742750000000000e+06
1.000000000000000000e+00 -4.789999999999999813e-02 -8.699999999999999400e-03 -1.141999999999999960e-01 -3.640000000000000180e-02 -1.252000000000000057e-01 6.700000000000000226e-03 -8.199999999999998956e-03 1.216999999999999887e-01 4.939999999999999947e-02 4.889999999999999902e-02 -1.879000000000000115e-01 -1.299999999999999940e-03 2.294409999999999766e-03 7.568999999999998852e-05 1.304163999999999844e-02 1.324960000000000027e-03 1.567504000000000119e-02 4.489000000000000558e-05 6.723999999999998641e-05 1.481088999999999670e-02 2.440359999999999925e-03 2.391209999999999950e-03 3.530641000000000335e-02 1.689999999999999913e-06 1.883165750000000000e+06 1.706549750000000000e+06
1.000000000000000000e+00 -5.680000000000000326e-02 -4.889999999999999902e-02 -4.599999999999999922e-03 -9.279999999999999361e-02 -1.115000000000000019e-01 2.009999999999999981e-02 -8.900000000000005129e-03 -4.019999999999999962e-02 1.096000000000000030e-01 -5.639999999999999181e-02 1.370000000000000384e-02 1.339999999999999872e-02 3.226240000000000444e-03 2.391209999999999950e-03 2.116000000000000069e-05 8.611839999999999079e-03 1.243225000000000059e-02 4.040100000000000028e-04 7.921000000000009034e-05 1.616040000000000011e-03 1.201216000000000089e-02 3.180959999999999170e-03 1.876900000000000953e-04 1.795599999999999681e-04 1.884515875000000000e+06 1.704932375000000000e+06
1.000000000000000000e+00 -7.230000000000000315e-02 -8.569999999999999840e-02 -1.262999999999999956e-01 -5.790000000000000008e-02 -5.949999999999999734e-02 2.630000000000000046e-02 -1.549999999999999989e-02 -3.679999999999999938e-02 -1.217000000000000026e-01 3.489999999999999353e-02 5.200000000000000455e-02 6.200000000000000649e-03 5.227290000000000755e-03 7.344489999999999526e-03 1.595168999999999754e-02 3.352410000000000112e-03 3.540249999999999560e-03 6.916900000000000132e-04 2.402499999999999851e-04 1.354240000000000044e-03 1.481089000000000017e-02 1.218009999999999622e-03 2.704000000000000674e-03 3.844000000000001143e-05 1.881996500000000000e+06 1.698655500000000000e+06
1.000000000000000000e+00 -6.489999999999999936e-02 6.300000000000000044e-03 -1.302999999999999992e-01 -1.059999999999999970e-01 -6.130000000000000032e-02 -3.869999999999999829e-02 7.400000000000003797e-03 9.199999999999999845e-02 -4.000000000000003553e-03 -4.809999999999999692e-02 -1.800000000000002986e-03 -6.500000000000000222e-02 4.212009999999999539e-03 3.969000000000000116e-05 1.697809000000000124e-02 1.123599999999999946e-02 3.757690000000000162e-03 1.497689999999999872e-03 5.476000000000005847e-05 8.463999999999999302e-03 1.600000000000002977e-05 2.313609999999999799e-03 3.240000000000010907e-06 4.225000000000000457e-03 1.887443625000000000e+06 1.703468125000000000e+06
1.000000000000000000e+00 -7.749999999999999944e-02 -2.680000000000000090e-02 2.929999999999999966e-02 -6.360000000000000375e-02 -9.500000000000000111e-02 -2.460000000000000034e-02 -1.260000000000000009e-02 -3.310000000000000442e-02 1.595999999999999919e-01 4.239999999999999325e-02 -3.370000000000000079e-02 1.409999999999999795e-02 6.006250000000000304e-03 7.182400000000000893e-04 8.584899999999999476e-04 4.044960000000000222e-03 9.025000000000000036e-03 6.051599999999999861e-04 1.587600000000000046e-04 1.095610000000000334e-03 2.547215999999999717e-02 1.797759999999999376e-03 1.135689999999999963e-03 1.988099999999999481e-04 1.883158875000000000e+06 1.701785000000000000e+06
1.000000000000000000e+00 -8.569999999999999840e-02 3.200000000000000153e-03 -4.199999999999999740e-03 -1.293999999999999873e-01 -1.069999999999999979e-01 -3.989999999999999797e-02 -8.199999999999998956e-03 3.000000000000000236e-02 -3.350000000000000200e-02 -6.579999999999998350e-02 -1.199999999999999678e-02 -1.529999999999999763e-02 7.344489999999999526e-03 1.024000000000000021e-05 1.763999999999999713e-05 1.674435999999999633e-02 1.144899999999999911e-02 1.592009999999999823e-03 6.723999999999998641e-05 9.000000000000001922e-04 1.122250000000000201e-03 4.329639999999997449e-03 1.439999999999999223e-04 2.340899999999999221e-04 1.883168750000000000e+06 1.702173750000000000e+06
1.000000000000000000e+00 -8.459999999999999465e-02 -5.369999999999999774e-02 -2.386000000000000065e-01 -8.279999999999999860e-02 -4.569999999999999757e-02 -1.629999999999999852e-02 1.100000000000003753e-03 -5.689999999999999919e-02 -2.343999999999999972e-01 4.659999999999998865e-02 6.130000000000000032e-02 2.359999999999999945e-02 7.157159999999999217e-03 2.883689999999999951e-03 5.692996000000000167e-02 6.855840000000000198e-03 2.088489999999999704e-03 2.656899999999999583e-04 1.210000000000008320e-06 3.237609999999999707e-03 5.494335999999999665e-02 2.171559999999999029e-03 3.757690000000000162e-03 5.569600000000000072e-04 1.882742125000000000e+06 1.702146875000000000e+06
1.000000000000000000e+00 -1.955000000000000071e-01 1.902000000000000079e-01 -1.600000000000000033e-01 -2.101000000000000090e-01 2.175999999999999879e-01 3.939999999999999752e-02 -1.109000000000000125e-01 2.439000000000000057e-01 7.860000000000000320e-02 -1.273000000000000242e-01 2.632999999999999785e-01 5.569999999999999951e-02 3.822025000000000422e-02 3.617603999999999959e-02 2.560000000000000123e-02 4.414201000000000236e-02 4.734975999999999768e-02 1.552359999999999808e-03 1.229881000000000203e-02 5.948721000000000564e-02 6.177960000000000569e-03 1.620529000000000761e-02 6.932688999999998825e-02 3.102489999999999849e-03 1.871052750000000000e+06 1.692597500000000000e+06
1.000000000000000000e+00 -2.619000000000000217e-01 2.285999999999999976e-01 8.409999999999999420e-02 -4.452999999999999736e-01 -5.787999999999999812e-01 3.470000000000000168e-02 -6.640000000000001457e-02 3.839999999999998970e-02 2.440999999999999837e-01 -2.351999999999999647e-01 -7.963999999999999968e-01 -4.699999999999995848e-03 6.859161000000001118e-02 5.225795999999999913e-02 7.072809999999998820e-03 1.982920899999999764e-01 3.350094399999999917e-01 1.204090000000000108e-03 4.408960000000001697e-03 1.474559999999999109e-03 5.958480999999999500e-02 5.531903999999998600e-02 6.342529599999999768e-01 2.208999999999995960e-05 1.877255500000000000e+06 1.697565375000000000e+06
1.000000000000000000e+00 -4.189999999999999974e-02 -9.400000000000000022e-02 1.077000000000000041e-01 -3.225999999999999979e-01 -9.483000000000000318e-01 -8.000000000000000383e-04 2.200000000000000289e-01 -3.225999999999999979e-01 2.360000000000000986e-02 1.226999999999999758e-01 -3.695000000000000506e-01 -3.550000000000000377e-02 1.755609999999999896e-03 8.836000000000000104e-03 1.159929000000000168e-02 1.040707599999999983e-01 8.992728900000001024e-01 6.400000000000000134e-07 4.840000000000001246e-02 1.040707599999999983e-01 5.569600000000004408e-04 1.505528999999999375e-02 1.365302500000000474e-01 1.260250000000000302e-03 1.875695500000000000e+06 1.699279750000000000e+06
1.000000000000000000e+00 1.439999999999999961e-02 1.855999999999999872e-01 -2.129999999999999949e-02 -6.029999999999999943e-02 -1.660000000000000087e-01 1.820000000000000090e-02 5.630000000000000282e-02 2.795999999999999597e-01 -1.290000000000000036e-01 2.622999999999999776e-01 7.822999999999999954e-01 1.899999999999999953e-02 2.073599999999999933e-04 3.444735999999999632e-02 4.536899999999999744e-04 3.636089999999999808e-03 2.755600000000000410e-02 3.312400000000000067e-04 3.169690000000000181e-03 7.817615999999998067e-02 1.664099999999999954e-02 6.880128999999998718e-02 6.119932900000000231e-01 3.609999999999999928e-04 1.873792625000000000e+06 1.705063875000000000e+06
1.000000000000000000e+00 -8.039999999999999925e-02 3.670000000000000345e-02 -2.394000000000000017e-01 -7.290000000000000646e-02 -7.779999999999999416e-02 4.240000000000000019e-02 -9.479999999999999538e-02 -1.488999999999999768e-01 -2.181000000000000161e-01 -1.260000000000000703e-02 8.820000000000001450e-02 2.419999999999999929e-02 6.464160000000000045e-03 1.346890000000000327e-03 5.731235999999999969e-02 5.314410000000001182e-03 6.052839999999999436e-03 1.797760000000000026e-03 8.987039999999999959e-03 2.217120999999999328e-02 4.756761000000001016e-02 1.587600000000001673e-04 7.779240000000002368e-03 5.856400000000000104e-04 1.873333625000000000e+06 1.702020250000000000e+06
1.000000000000000000e+00 -7.580000000000000626e-02 -9.529999999999999583e-02 -8.599999999999999312e-02 -5.000000000000000278e-02 -1.165999999999999953e-01 -2.399999999999999790e-03 4.599999999999992983e-03 -1.320000000000000062e-01 1.534000000000000086e-01 2.290000000000000369e-02 -3.880000000000000115e-02 -4.479999999999999954e-02 5.745640000000000643e-03 9.082089999999999261e-03 7.395999999999998929e-03 2.500000000000000486e-03 1.359555999999999959e-02 5.759999999999999062e-06 2.115999999999993632e-05 1.742400000000000199e-02 2.353156000000000345e-02 5.244100000000002188e-04 1.505440000000000033e-03 2.007039999999999866e-03 1.873046375000000000e+06 1.699019500000000000e+06
1.000000000000000000e+00 -8.930000000000000437e-02 -5.190000000000000169e-02 -3.969999999999999918e-02 -8.500000000000000611e-02 -1.176999999999999991e-01 2.110000000000000070e-02 -1.349999999999999811e-02 4.339999999999999414e-02 4.629999999999999394e-02 -3.500000000000000333e-02 -1.100000000000003753e-03 2.350000000000000006e-02 7.974490000000000745e-03 2.693610000000000362e-03 1.576090000000000043e-03 7.225000000000001386e-03 1.385328999999999901e-02 4.452100000000000285e-04 1.822499999999999576e-04 1.883559999999999401e-03 2.143689999999999311e-03 1.225000000000000177e-03 1.210000000000008320e-06 5.522500000000000065e-04 1.876005000000000000e+06 1.699272750000000000e+06
1.000000000000000000e+00 -1.069999999999999979e-01 -1.099999999999999936e-02 -9.589999999999999913e-02 -7.530000000000000582e-02 -6.900000000000000577e-02 1.500000000000000031e-03 -1.769999999999999352e-02 4.090000000000000580e-02 -5.619999999999999996e-02 9.700000000000000289e-03 4.869999999999999329e-02 -1.959999999999999937e-02 1.144899999999999911e-02 1.209999999999999867e-04 9.196809999999999707e-03 5.670090000000000893e-03 4.761000000000000475e-03 2.250000000000000057e-06 3.132899999999997601e-04 1.672810000000000486e-03 3.158440000000000206e-03 9.409000000000000208e-05 2.371689999999999215e-03 3.841599999999999811e-04 1.872695875000000000e+06 1.698532375000000000e+06
1.000000000000000000e+00 -2.889999999999999861e-02 1.539999999999999980e-01 6.419999999999999318e-02 -8.409999999999999420e-02 -9.450000000000000067e-02 -5.879999999999999810e-02 7.810000000000000275e-02 1.650000000000000078e-01 1.600999999999999923e-01 -8.799999999999988387e-03 -2.549999999999999489e-02 -6.029999999999999943e-02 8.352099999999999672e-04 2.371600000000000097e-02 4.121639999999999332e-03 7.072809999999998820e-03 8.930250000000000687e-03 3.457439999999999992e-03 6.099610000000000101e-03 2.722500000000000267e-02 2.563200999999999674e-02 7.743999999999980066e-05 6.502499999999997865e-04 3.636089999999999808e-03 1.872886125000000000e+06 1.700785250000000000e+06
1.000000000000000000e+00 -6.600000000000000311e-02 -5.430000000000000104e-02 -9.320000000000000506e-02 -9.279999999999999361e-02 -6.160000000000000198e-02 2.200000000000000133e-03 -3.710000000000000797e-02 -2.082999999999999852e-01 -1.573999999999999844e-01 -8.699999999999999400e-03 3.289999999999999869e-02 6.099999999999999867e-02 4.356000000000000497e-03 2.948490000000000225e-03 8.686240000000001321e-03 8.611839999999999079e-03 3.794560000000000207e-03 4.840000000000000247e-06 1.376410000000000654e-03 4.338888999999999246e-02 2.477475999999999637e-02 7.568999999999998852e-05 1.082410000000000013e-03 3.720999999999999915e-03 1.879112125000000000e+06 1.707518250000000000e+06
1.000000000000000000e+00 -5.000000000000000278e-02 -1.516000000000000125e-01 -2.104000000000000037e-01 -1.140999999999999931e-01 -3.599999999999999901e-03 -4.440000000000000197e-02 1.600000000000000033e-02 -9.730000000000001148e-02 -1.171999999999999986e-01 -2.129999999999999949e-02 5.800000000000000294e-02 -4.660000000000000253e-02 2.500000000000000486e-03 2.298256000000000257e-02 4.426816000000000084e-02 1.301880999999999872e-02 1.295999999999999958e-05 1.971360000000000126e-03 2.559999999999999884e-04 9.467290000000001468e-03 1.373583999999999916e-02 4.536899999999999744e-04 3.364000000000000237e-03 2.171560000000000330e-03 1.873876875000000000e+06 1.703429625000000000e+06
1.000000000000000000e+00 -8.010000000000000453e-02 -4.410000000000000031e-02 -8.649999999999999356e-02 -1.199999999999999956e-01 -1.139000000000000012e-01 -2.380000000000000171e-02 -3.010000000000000175e-02 1.075000000000000122e-01 1.239000000000000101e-01 -5.900000000000002465e-03 -1.102999999999999953e-01 2.060000000000000026e-02 6.416010000000000636e-03 1.944809999999999942e-03 7.482249999999999318e-03 1.439999999999999961e-02 1.297321000000000064e-02 5.664400000000000858e-04 9.060100000000000618e-04 1.155625000000000228e-02 1.535121000000000228e-02 3.481000000000002755e-05 1.216608999999999920e-02 4.243600000000000367e-04 1.873576000000000000e+06 1.701420500000000000e+06
1.000000000000000000e+00 -7.190000000000000557e-02 7.000000000000000666e-02 1.087000000000000050e-01 -6.890000000000000291e-02 -7.979999999999999594e-02 -6.629999999999999782e-02 8.199999999999998956e-03 1.141000000000000070e-01 1.951999999999999846e-01 5.109999999999999265e-02 3.410000000000000531e-02 -4.249999999999999611e-02 5.169610000000000698e-03 4.900000000000000709e-03 1.181569000000000022e-02 4.747209999999999971e-03 6.368039999999999291e-03 4.395689999999999840e-03 6.723999999999998641e-05 1.301881000000000219e-02 3.810303999999999081e-02 2.611209999999999226e-03 1.162810000000000449e-03 1.806249999999999696e-03 1.871638000000000000e+06 1.699722750000000000e+06
1.000000000000000000e+00 -1.202000000000000013e-01 -6.829999999999999960e-02 -1.892000000000000071e-01 -1.038000000000000034e-01 -7.510000000000000009e-02 -1.559999999999999928e-02 -4.829999999999999571e-02 -1.383000000000000063e-01 -2.978999999999999981e-01 -3.490000000000000047e-02 4.699999999999995848e-03 5.069999999999999507e-02 1.444804000000000054e-02 4.664889999999999662e-03 3.579664000000000457e-02 1.077444000000000145e-02 5.640009999999999989e-03 2.433599999999999739e-04 2.332889999999999790e-03 1.912689000000000056e-02 8.874440999999999580e-02 1.218010000000000056e-03 2.208999999999995960e-05 2.570489999999999494e-03 1.874231250000000000e+06 1.702802750000000000e+06
1.000000000000000000e+00 -8.509999999999999509e-02 -5.709999999999999798e-02 -1.635999999999999954e-01 -9.979999999999999982e-02 -5.489999999999999741e-02 -6.460000000000000464e-02 3.510000000000000620e-02 1.120000000000000162e-02 2.560000000000001164e-02 4.000000000000003553e-03 2.020000000000000268e-02 -4.900000000000000189e-02 7.242009999999999247e-03 3.260409999999999611e-03 2.676495999999999736e-02 9.960039999999999866e-03 3.014009999999999693e-03 4.173160000000000411e-03 1.232010000000000396e-03 1.254400000000000458e-04 6.553600000000005558e-04 1.600000000000002977e-05 4.080400000000000845e-04 2.401000000000000356e-03 1.877378875000000000e+06 1.705651125000000000e+06
1.000000000000000000e+00 -1.110000000000000049e-02 -4.669999999999999846e-02 -3.119999999999999857e-02 -1.018000000000000016e-01 -7.670000000000000429e-02 -7.499999999999999722e-03 7.399999999999999634e-02 1.039999999999999952e-02 1.323999999999999899e-01 -2.000000000000001776e-03 -2.180000000000000687e-02 5.710000000000000492e-02 1.232100000000000079e-04 2.180889999999999999e-03 9.734399999999998956e-04 1.036324000000000099e-02 5.882890000000000862e-03 5.624999999999999846e-05 5.475999999999999097e-03 1.081599999999999944e-04 1.752975999999999840e-02 4.000000000000007442e-06 4.752400000000003085e-04 3.260410000000000478e-03 1.873290125000000000e+06 1.705568625000000000e+06
1.000000000000000000e+00 1.359999999999999924e-02 1.159999999999999920e-02 1.450000000000000074e-02 -8.519999999999999796e-02 -7.180000000000000271e-02 -6.379999999999999560e-02 2.469999999999999973e-02 5.829999999999999766e-02 4.569999999999999757e-02 1.660000000000000364e-02 4.900000000000001577e-03 -5.629999999999999588e-02 1.849599999999999910e-04 1.345599999999999856e-04 2.102500000000000148e-04 7.259039999999999590e-03 5.155240000000000170e-03 4.070439999999999822e-03 6.100899999999999813e-04 3.398889999999999897e-03 2.088489999999999704e-03 2.755600000000001061e-04 2.401000000000001576e-05 3.169689999999999747e-03 1.877072750000000000e+06 1.707000375000000000e+06
1.000000000000000000e+00 1.000000000000000048e-04 8.500000000000000611e-02 1.700000000000000122e-02 -9.539999999999999869e-02 -8.039999999999999925e-02 -7.199999999999999803e-03 -1.349999999999999985e-02 7.340000000000000691e-02 2.500000000000000486e-03 -1.020000000000000073e-02 -8.599999999999996536e-03 5.659999999999999754e-02 1.000000000000000021e-08 7.225000000000001386e-03 2.890000000000000316e-04 9.101160000000000500e-03 6.464160000000000045e-03 5.183999999999999833e-05 1.822499999999999847e-04 5.387560000000001306e-03 6.250000000000002841e-06 1.040400000000000135e-04 7.395999999999993562e-05 3.203559999999999828e-03 1.875655750000000000e+06 1.704332875000000000e+06
1.000000000000000000e+00 -4.909999999999999781e-02 -2.139999999999999888e-02 -5.290000000000000258e-02 -9.700000000000000289e-02 -7.799999999999999989e-02 -5.970000000000000306e-02 -4.920000000000000068e-02 -1.064000000000000085e-01 -6.990000000000000380e-02 -1.600000000000004197e-03 2.399999999999999356e-03 -5.250000000000000500e-02 2.410809999999999776e-03 4.579599999999999318e-04 2.798410000000000307e-03 9.409000000000000696e-03 6.083999999999999998e-03 3.564090000000000227e-03 2.420639999999999945e-03 1.132096000000000144e-02 4.886010000000000526e-03 2.560000000000013606e-06 5.759999999999996521e-06 2.756250000000000453e-03 1.876290375000000000e+06 1.706638125000000000e+06
1.000000000000000000e+00 1.490000000000000005e-02 -1.710000000000000131e-01 -1.811000000000000110e-01 -9.389999999999999736e-02 -4.170000000000000095e-02 -6.599999999999999964e-03 6.400000000000000133e-02 -1.496000000000000107e-01 -1.282000000000000084e-01 3.100000000000005529e-03 3.629999999999999893e-02 5.310000000000000137e-02 2.220099999999999971e-04 2.924100000000000310e-02 3.279721000000000719e-02 8.817209999999998937e-03 1.738890000000000097e-03 4.355999999999999629e-05 4.095999999999999815e-03 2.238016000000000311e-02 1.643524000000000374e-02 9.610000000000035045e-06 1.317689999999999834e-03 2.819610000000000172e-03 1.877931750000000000e+06 1.706921000000000000e+06
1.000000000000000000e+00 -4.950000000000000233e-02 -6.320000000000000617e-02 -1.260000000000000009e-02 -9.950000000000000511e-02 -7.049999999999999323e-02 -5.160000000000000003e-02 -6.439999999999999891e-02 1.078000000000000069e-01 1.685000000000000109e-01 -5.600000000000007749e-03 -2.879999999999999227e-02 -4.499999999999999833e-02 2.450250000000000171e-03 3.994240000000000464e-03 1.587600000000000046e-04 9.900250000000001063e-03 4.970249999999998974e-03 2.662560000000000014e-03 4.147360000000000109e-03 1.162084000000000207e-02 2.839225000000000429e-02 3.136000000000008599e-05 8.294399999999995396e-04 2.024999999999999890e-03 1.874509625000000000e+06 1.704988625000000000e+06
1.000000000000000000e+00 -5.160000000000000003e-02 -2.400000000000000050e-02 1.039999999999999952e-02 -1.019999999999999934e-01 -6.140000000000000319e-02 1.899999999999999996e-03 -2.099999999999997702e-03 3.920000000000000567e-02 2.299999999999999961e-02 -2.499999999999988343e-03 9.099999999999990041e-03 5.349999999999999895e-02 2.662560000000000014e-03 5.760000000000000146e-04 1.081599999999999944e-04 1.040399999999999832e-02 3.769960000000000585e-03 3.610000000000000165e-06 4.409999999999989964e-06 1.536640000000000358e-03 5.289999999999999564e-04 6.249999999999941854e-06 8.280999999999982548e-05 2.862249999999999777e-03 1.875829875000000000e+06 1.703516000000000000e+06
1.000000000000000000e+00 -3.529999999999999805e-02 3.899999999999999821e-03 -1.476000000000000090e-01 -8.759999999999999731e-02 -8.329999999999999905e-02 -6.010000000000000064e-02 1.630000000000000199e-02 2.790000000000000119e-02 -1.580000000000000016e-01 1.439999999999999614e-02 -2.189999999999999586e-02 -6.199999999999999956e-02 1.246089999999999828e-03 1.520999999999999837e-05 2.178576000000000124e-02 7.673759999999999956e-03 6.938889999999999642e-03 3.612010000000000134e-03 2.656900000000000667e-04 7.784100000000001044e-04 2.496400000000000008e-02 2.073599999999998849e-04 4.796099999999998346e-04 3.843999999999999761e-03 1.876823500000000000e+06 1.704850375000000000e+06
1.000000000000000000e+00 -5.449999999999999983e-02 5.249999999999999806e-02 -5.700000000000000205e-02 -1.005000000000000060e-01 -8.029999999999999638e-02 -6.599999999999999964e-03 -1.920000000000000179e-02 4.859999999999999737e-02 9.060000000000001386e-02 -1.290000000000000868e-02 3.000000000000002665e-03 5.349999999999999895e-02 2.970249999999999800e-03 2.756249999999999586e-03 3.249000000000000152e-03 1.010025000000000159e-02 6.448089999999999204e-03 4.355999999999999629e-05 3.686400000000000484e-04 2.361959999999999754e-03 8.208360000000003084e-03 1.664100000000002177e-04 9.000000000000015475e-06 2.862249999999999777e-03 1.874319375000000000e+06 1.703770875000000000e+06
1.000000000000000000e+00 -6.199999999999999956e-02 -1.320000000000000062e-01 -1.320000000000000062e-01 -1.200999999999999984e-01 -1.069999999999999944e-02 -5.439999999999999697e-02 -7.499999999999999722e-03 -1.844999999999999973e-01 -7.500000000000001110e-02 -1.959999999999999243e-02 6.959999999999999520e-02 -4.779999999999999527e-02 3.843999999999999761e-03 1.742400000000000199e-02 1.742400000000000199e-02 1.442400999999999926e-02 1.144899999999999830e-04 2.959359999999999855e-03 5.624999999999999846e-05 3.404025000000000106e-02 5.625000000000001527e-03 3.841599999999997100e-04 4.844159999999999265e-03 2.284839999999999354e-03 1.881382000000000000e+06 1.707040875000000000e+06
1.000000000000000000e+00 -7.439999999999999392e-02 -1.200000000000000025e-02 -1.469999999999999953e-02 -1.219999999999999973e-01 -5.689999999999999919e-02 -1.629999999999999852e-02 -1.239999999999999436e-02 1.200000000000000094e-01 1.173000000000000015e-01 -1.899999999999998912e-03 -4.619999999999999801e-02 3.809999999999999498e-02 5.535359999999998719e-03 1.440000000000000036e-04 2.160899999999999995e-04 1.488399999999999966e-02 3.237609999999999707e-03 2.656899999999999583e-04 1.537599999999998560e-04 1.440000000000000308e-02 1.375929000000000041e-02 3.609999999999995930e-06 2.134439999999999601e-03 1.451609999999999663e-03 1.876502875000000000e+06 1.705333125000000000e+06
1.000000000000000000e+00 -7.340000000000000691e-02 -1.486999999999999988e-01 -1.239999999999999991e-01 -8.350000000000000477e-02 3.479999999999999760e-02 -3.080000000000000099e-02 9.999999999999870104e-04 -1.366999999999999882e-01 -1.092999999999999944e-01 3.849999999999999256e-02 9.170000000000000373e-02 -1.450000000000000247e-02 5.387560000000001306e-03 2.211168999999999982e-02 1.537599999999999904e-02 6.972250000000001016e-03 1.211039999999999816e-03 9.486400000000000518e-04 9.999999999999741202e-07 1.868688999999999767e-02 1.194648999999999885e-02 1.482249999999999410e-03 8.408890000000000461e-03 2.102500000000000690e-04 1.880299375000000000e+06 1.707374375000000000e+06
1.000000000000000000e+00 -1.310000000000000053e-01 1.434999999999999887e-01 -2.526999999999999802e-01 -8.379999999999999949e-02 1.333999999999999908e-01 -7.240000000000000602e-02 -5.759999999999999842e-02 2.922000000000000153e-01 -1.286999999999999811e-01 -2.999999999999947153e-04 9.859999999999999321e-02 -4.160000000000000503e-02 1.716100000000000264e-02 2.059224999999999597e-02 6.385728999999998323e-02 7.022439999999999585e-03 1.779555999999999846e-02 5.241760000000000690e-03 3.317759999999999893e-03 8.538084000000001339e-02 1.656368999999999550e-02 8.999999999999683544e-08 9.721959999999998242e-03 1.730560000000000345e-03 1.887667875000000000e+06 1.706294000000000000e+06
1.000000000000000000e+00 -1.025999999999999968e-01 -3.339999999999999913e-02 -1.461999999999999966e-01 -1.026999999999999996e-01 6.379999999999999560e-02 -4.700000000000000011e-02 2.840000000000000857e-02 -1.769000000000000017e-01 1.064999999999999836e-01 -1.890000000000000013e-02 -6.959999999999999520e-02 2.540000000000000591e-02 1.052675999999999959e-02 1.115560000000000032e-03 2.137443999999999802e-02 1.054728999999999910e-02 4.070439999999999822e-03 2.209000000000000026e-03 8.065600000000004363e-04 3.129360999999999948e-02 1.134224999999999643e-02 3.572100000000000036e-04 4.844159999999999265e-03 6.451600000000003079e-04 1.877946250000000000e+06 1.700031500000000000e+06
1.000000000000000000e+00 -7.199999999999999803e-03 -3.765999999999999903e-01 7.349999999999999589e-02 -9.130000000000000615e-02 -4.870000000000000023e-02 -3.839999999999999664e-02 9.539999999999999869e-02 -3.432000000000000051e-01 2.197000000000000064e-01 1.139999999999999347e-02 -1.124999999999999889e-01 8.600000000000003475e-03 5.183999999999999833e-05 1.418275599999999914e-01 5.402249999999999067e-03 8.335690000000001501e-03 2.371690000000000083e-03 1.474559999999999760e-03 9.101160000000000500e-03 1.177862400000000004e-01 4.826808999999999961e-02 1.299599999999998467e-04 1.265624999999999736e-02 7.396000000000005760e-05 1.877002125000000000e+06 1.700229000000000000e+06
1.000000000000000000e+00 -1.439999999999999961e-02 1.029000000000000054e-01 1.600000000000000033e-01 -9.460000000000000353e-02 -7.049999999999999323e-02 -8.219999999999999529e-02 -7.199999999999999803e-03 4.794999999999999818e-01 8.650000000000000744e-02 -3.299999999999997380e-03 -2.179999999999999299e-02 -4.379999999999999866e-02 2.073599999999999933e-04 1.058841000000000122e-02 2.560000000000000123e-02 8.949160000000001142e-03 4.970249999999998974e-03 6.756839999999999201e-03 5.183999999999999833e-05 2.299202499999999927e-01 7.482250000000001053e-03 1.088999999999998213e-05 4.752399999999997121e-04 1.918439999999999989e-03 1.880946750000000000e+06 1.703894375000000000e+06
1.000000000000000000e+00 -3.150000000000000022e-02 1.023000000000000020e-01 -1.386999999999999900e-01 -1.087000000000000050e-01 -1.043000000000000038e-01 -2.249999999999999917e-02 -1.710000000000000062e-02 -6.000000000000033085e-04 -2.986999999999999655e-01 -1.410000000000000142e-02 -3.380000000000001059e-02 5.969999999999999613e-02 9.922500000000000764e-04 1.046529000000000036e-02 1.923768999999999826e-02 1.181569000000000022e-02 1.087849000000000108e-02 5.062499999999999726e-04 2.924100000000000006e-04 3.600000000000039648e-07 8.922168999999997852e-02 1.988100000000000294e-04 1.142440000000000642e-03 3.564089999999999359e-03 1.883467250000000000e+06 1.709064125000000000e+06
1.000000000000000000e+00 -2.970000000000000070e-02 -3.049999999999999933e-02 -1.388000000000000067e-01 -9.869999999999999607e-02 -1.060999999999999999e-01 -3.059999999999999873e-02 1.799999999999999517e-03 -1.328000000000000014e-01 -1.000000000000167422e-04 1.000000000000000888e-02 -1.799999999999996048e-03 -8.099999999999999561e-03 8.820900000000000876e-04 9.302499999999999788e-04 1.926544000000000173e-02 9.741689999999999031e-03 1.125721000000000013e-02 9.363599999999999051e-04 3.239999999999998202e-06 1.763583999999999985e-02 1.000000000000334864e-08 1.000000000000001810e-04 3.239999999999985920e-06 6.560999999999999016e-05 1.881037625000000000e+06 1.705432000000000000e+06
1.000000000000000000e+00 -4.939999999999999947e-02 -8.609999999999999598e-02 -1.250000000000000000e-01 -1.008000000000000007e-01 -4.009999999999999676e-02 -2.249999999999999917e-02 -1.969999999999999876e-02 -5.559999999999999665e-02 1.380000000000000671e-02 -2.100000000000004641e-03 6.600000000000000311e-02 8.099999999999999561e-03 2.440359999999999925e-03 7.413209999999999071e-03 1.562500000000000000e-02 1.016064000000000030e-02 1.608009999999999778e-03 5.062499999999999726e-04 3.880899999999999519e-04 3.091359999999999594e-03 1.904400000000001892e-04 4.410000000000019610e-06 4.356000000000000497e-03 6.560999999999999016e-05 1.884666500000000000e+06 1.708475875000000000e+06
1.000000000000000000e+00 -2.589999999999999941e-02 -1.403999999999999970e-01 -2.109000000000000041e-01 -1.011999999999999983e-01 -4.019999999999999962e-02 -8.899999999999999925e-03 2.350000000000000006e-02 -5.430000000000000104e-02 -8.590000000000000413e-02 -3.999999999999975797e-04 -1.000000000000028644e-04 1.359999999999999924e-02 6.708099999999999827e-04 1.971215999999999940e-02 4.447881000000000057e-02 1.024143999999999922e-02 1.616040000000000011e-03 7.920999999999999547e-05 5.522500000000000065e-04 2.948490000000000225e-03 7.378810000000000403e-03 1.599999999999980711e-07 1.000000000000057262e-08 1.849599999999999910e-04 1.882415750000000000e+06 1.705711375000000000e+06
1.000000000000000000e+00 -1.480000000000000066e-02 -2.175999999999999879e-01 -1.584000000000000130e-01 -8.920000000000000151e-02 -1.919999999999999832e-02 6.999999999999999929e-04 1.109999999999999876e-02 -7.719999999999999085e-02 5.249999999999999112e-02 1.199999999999999678e-02 2.100000000000000130e-02 9.599999999999999159e-03 2.190400000000000170e-04 4.734975999999999768e-02 2.509056000000000480e-02 7.956640000000000934e-03 3.686399999999999400e-04 4.899999999999999672e-07 1.232099999999999808e-04 5.959839999999998368e-03 2.756249999999999152e-03 1.439999999999999223e-04 4.410000000000000400e-04 9.215999999999998499e-05 1.883738375000000000e+06 1.703428875000000000e+06
1.000000000000000000e+00 -2.409999999999999989e-02 6.959999999999999520e-02 3.529999999999999805e-02 -8.830000000000000349e-02 -8.359999999999999376e-02 -1.119999999999999989e-02 -9.299999999999999239e-03 2.872000000000000108e-01 1.937000000000000111e-01 8.999999999999980238e-04 -6.439999999999999891e-02 -1.189999999999999912e-02 5.808099999999999635e-04 4.844159999999999265e-03 1.246089999999999828e-03 7.796890000000000764e-03 6.988959999999998923e-03 1.254399999999999916e-04 8.648999999999997998e-05 8.248384000000000271e-02 3.751969000000000137e-02 8.099999999999964799e-07 4.147360000000000109e-03 1.416099999999999672e-04 1.882524625000000000e+06 1.702375500000000000e+06
1.000000000000000000e+00 1.469999999999999953e-02 1.178000000000000019e-01 -4.639999999999999680e-02 -4.080000000000000293e-02 -7.389999999999999347e-02 -2.189999999999999933e-02 3.880000000000000115e-02 4.820000000000000673e-02 -8.169999999999999485e-02 4.750000000000000056e-02 9.700000000000000289e-03 -1.069999999999999944e-02 2.160899999999999995e-04 1.387683999999999966e-02 2.152959999999999770e-03 1.664640000000000217e-03 5.461209999999999329e-03 4.796099999999999973e-04 1.505440000000000033e-03 2.323240000000000721e-03 6.674889999999999296e-03 2.256250000000000009e-03 9.409000000000000208e-05 1.144899999999999830e-04 1.885590625000000000e+06 1.707574875000000000e+06
1.000000000000000000e+00 8.000000000000000383e-04 3.160000000000000309e-02 -1.195999999999999980e-01 -5.630000000000000282e-02 -4.560000000000000164e-02 -2.939999999999999905e-02 -1.389999999999999916e-02 -8.619999999999999885e-02 -7.320000000000000118e-02 -1.549999999999999989e-02 2.829999999999999183e-02 -7.499999999999999722e-03 6.400000000000000134e-07 9.985600000000001159e-04 1.430415999999999979e-02 3.169690000000000181e-03 2.079360000000000149e-03 8.643599999999999981e-04 1.932099999999999746e-04 7.430439999999999962e-03 5.358240000000000225e-03 2.402499999999999851e-04 8.008899999999995233e-04 5.624999999999999846e-05 1.880640625000000000e+06 1.705017875000000000e+06
1.000000000000000000e+00 -3.699999999999999817e-02 -8.379999999999999949e-02 -1.069999999999999979e-01 -5.750000000000000250e-02 -2.400000000000000050e-02 -2.220000000000000098e-02 -3.780000000000000027e-02 -1.154000000000000026e-01 1.260000000000000009e-02 -1.199999999999999678e-03 2.160000000000000114e-02 7.199999999999998068e-03 1.368999999999999774e-03 7.022439999999999585e-03 1.144899999999999911e-02 3.306250000000000161e-03 5.760000000000000146e-04 4.928400000000000315e-04 1.428840000000000015e-03 1.331715999999999976e-02 1.587600000000000046e-04 1.439999999999999130e-06 4.665600000000000324e-04 5.183999999999997123e-05 1.887176625000000000e+06 1.716099375000000000e+06
1.000000000000000000e+00 -2.199999999999999872e-02 -6.000000000000000125e-03 -8.840000000000000635e-02 -9.389999999999999736e-02 -9.379999999999999449e-02 -2.000000000000000042e-02 1.499999999999999944e-02 7.779999999999999416e-02 1.859999999999999154e-02 -3.639999999999999486e-02 -6.980000000000000093e-02 2.200000000000000566e-03 4.839999999999999468e-04 3.600000000000000091e-05 7.814560000000001644e-03 8.817209999999998937e-03 8.798439999999999386e-03 4.000000000000000192e-04 2.249999999999999938e-04 6.052839999999999436e-03 3.459599999999997031e-04 1.324959999999999593e-03 4.872040000000000225e-03 4.840000000000002788e-06 1.883054125000000000e+06 1.713393125000000000e+06
1.000000000000000000e+00 -5.589999999999999830e-02 -8.559999999999999554e-02 -1.132999999999999979e-01 -9.379999999999999449e-02 -5.729999999999999677e-02 -5.899999999999999863e-03 -3.389999999999999958e-02 -7.959999999999999021e-02 -2.489999999999999158e-02 1.000000000000028644e-04 3.649999999999999772e-02 1.410000000000000142e-02 3.124810000000000001e-03 7.327359999999998909e-03 1.283689000000000011e-02 8.798439999999999386e-03 3.283289999999999473e-03 3.481000000000000045e-05 1.149209999999999902e-03 6.336159999999998668e-03 6.200099999999996152e-04 1.000000000000057262e-08 1.332249999999999884e-03 1.988100000000000294e-04 1.885998625000000000e+06 1.713959125000000000e+06
1.000000000000000000e+00 -6.799999999999999621e-03 -2.250000000000000056e-01 -2.484000000000000097e-01 -1.057000000000000023e-01 -5.499999999999999681e-03 1.129999999999999928e-02 4.909999999999999781e-02 -1.394000000000000239e-01 -1.350999999999999979e-01 -1.190000000000000779e-02 5.179999999999999882e-02 1.720000000000000001e-02 4.623999999999999774e-05 5.062500000000000333e-02 6.170256000000000352e-02 1.117249000000000020e-02 3.024999999999999667e-05 1.276899999999999921e-04 2.410809999999999776e-03 1.943236000000000616e-02 1.825200999999999907e-02 1.416100000000001841e-04 2.683239999999999931e-03 2.958400000000000135e-04 1.884899625000000000e+06 1.709130625000000000e+06
1.000000000000000000e+00 -9.059999999999999998e-02 -2.759999999999999953e-02 -1.080000000000000057e-02 -1.184999999999999942e-01 -1.567000000000000060e-01 1.039999999999999952e-02 -8.379999999999999949e-02 1.974000000000000199e-01 2.376000000000000056e-01 -1.279999999999999194e-02 -1.512000000000000011e-01 -8.999999999999997585e-04 8.208359999999999615e-03 7.617599999999999979e-04 1.166400000000000081e-04 1.404224999999999918e-02 2.455489000000000283e-02 1.081599999999999944e-04 7.022439999999999585e-03 3.896676000000001000e-02 5.645376000000000560e-02 1.638399999999997866e-04 2.286144000000000023e-02 8.099999999999995504e-07 1.882485500000000000e+06 1.703167125000000000e+06
1.000000000000000000e+00 -8.899999999999999578e-02 2.475999999999999868e-01 1.869999999999999996e-01 -1.315999999999999948e-01 -2.051999999999999935e-01 -2.980000000000000010e-02 1.600000000000004197e-03 2.752000000000000002e-01 1.978000000000000036e-01 -1.310000000000000053e-02 -4.849999999999998757e-02 -4.019999999999999962e-02 7.920999999999999222e-03 6.130575999999999387e-02 3.496900000000000008e-02 1.731856000000000020e-02 4.210703999999999836e-02 8.880399999999999882e-04 2.560000000000013606e-06 7.573504000000000347e-02 3.912484000000000101e-02 1.716100000000000188e-04 2.352249999999998873e-03 1.616040000000000011e-03 1.883450500000000000e+06 1.704348250000000000e+06
1.000000000000000000e+00 -2.699999999999999969e-02 2.539999999999999897e-02 -2.629000000000000226e-01 -6.130000000000000032e-02 -9.819999999999999563e-02 9.900000000000000813e-03 6.199999999999999956e-02 -2.221999999999999809e-01 -4.499000000000000221e-01 7.030000000000000138e-02 1.069999999999999979e-01 3.969999999999999918e-02 7.289999999999999388e-04 6.451599999999999826e-04 6.911641000000001700e-02 3.757690000000000162e-03 9.643239999999999104e-03 9.801000000000001876e-05 3.843999999999999761e-03 4.937283999999999423e-02 2.024100100000000291e-01 4.942090000000000545e-03 1.144899999999999911e-02 1.576090000000000043e-03 1.886888250000000000e+06 1.707913500000000000e+06
1.000000000000000000e+00 1.260000000000000009e-02 -1.398999999999999966e-01 -2.059999999999999887e-01 -5.770000000000000129e-02 -5.160000000000000003e-02 2.620000000000000107e-02 3.959999999999999631e-02 -1.653000000000000025e-01 5.690000000000003388e-02 3.599999999999999034e-03 4.659999999999999559e-02 1.630000000000000199e-02 1.587600000000000046e-04 1.957200999999999733e-02 4.243599999999999456e-02 3.329289999999999940e-03 2.662560000000000014e-03 6.864400000000000753e-04 1.568159999999999650e-03 2.732409000000000227e-02 3.237610000000004044e-03 1.295999999999999281e-05 2.171559999999999463e-03 2.656900000000000667e-04 1.880174875000000000e+06 1.704320875000000000e+06
1.000000000000000000e+00 -2.900000000000000147e-02 -2.100000000000000130e-02 2.259999999999999856e-02 -4.580000000000000043e-02 -4.909999999999999781e-02 3.509999999999999926e-02 -4.159999999999999809e-02 1.188999999999999918e-01 2.285999999999999976e-01 1.190000000000000085e-02 2.500000000000002220e-03 8.899999999999998190e-03 8.410000000000000591e-04 4.410000000000000400e-04 5.107599999999999684e-04 2.097640000000000008e-03 2.410809999999999776e-03 1.232009999999999963e-03 1.730559999999999911e-03 1.413720999999999728e-02 5.225795999999999913e-02 1.416100000000000214e-04 6.250000000000011311e-06 7.920999999999996837e-05 1.882315000000000000e+06 1.706301000000000000e+06
1.000000000000000000e+00 -1.000000000000000021e-02 -1.945000000000000062e-01 -2.624000000000000221e-01 -5.299999999999999850e-02 -4.039999999999999841e-02 -4.499999999999999660e-03 1.900000000000000300e-02 -1.735000000000000153e-01 -2.850000000000000311e-01 -7.199999999999998068e-03 8.699999999999999400e-03 -3.959999999999999631e-02 1.000000000000000048e-04 3.783025000000000276e-02 6.885376000000001384e-02 2.808999999999999865e-03 1.632159999999999904e-03 2.024999999999999755e-05 3.610000000000001012e-04 3.010225000000000400e-02 8.122500000000001941e-02 5.183999999999997123e-05 7.568999999999998852e-05 1.568159999999999650e-03 1.886302625000000000e+06 1.705838625000000000e+06
1.000000000000000000e+00 -3.760000000000000148e-02 -2.889999999999999861e-02 -3.200000000000000067e-02 -6.219999999999999835e-02 -8.060000000000000497e-02 7.000000000000000146e-03 -2.759999999999999953e-02 1.655999999999999972e-01 2.304000000000000214e-01 -9.199999999999999845e-03 -4.020000000000000656e-02 1.149999999999999981e-02 1.413760000000000017e-03 8.352099999999999672e-04 1.023999999999999954e-03 3.868839999999999692e-03 6.496360000000000502e-03 4.900000000000000519e-05 7.617599999999999979e-04 2.742336000000000079e-02 5.308416000000001217e-02 8.464000000000000278e-05 1.616040000000000445e-03 1.322499999999999891e-04 1.881017375000000000e+06 1.700626250000000000e+06
1.000000000000000000e+00 -3.359999999999999792e-02 5.519999999999999907e-02 9.370000000000000551e-02 -5.279999999999999971e-02 -6.370000000000000662e-02 9.199999999999999845e-03 4.000000000000003553e-03 8.409999999999999420e-02 1.257000000000000062e-01 9.399999999999998634e-03 1.689999999999999836e-02 2.199999999999999699e-03 1.128959999999999816e-03 3.047039999999999992e-03 8.779690000000001451e-03 2.787839999999999763e-03 4.057690000000000949e-03 8.464000000000000278e-05 1.600000000000002977e-05 7.072809999999998820e-03 1.580049000000000037e-02 8.835999999999997394e-05 2.856099999999999438e-04 4.839999999999998553e-06 1.884196500000000000e+06 1.703404750000000000e+06
1.000000000000000000e+00 -3.889999999999999708e-02 1.020999999999999963e-01 -2.800000000000000058e-02 -6.769999999999999629e-02 -8.630000000000000171e-02 6.599999999999999964e-03 -5.299999999999999156e-03 4.689999999999999725e-02 -1.217000000000000026e-01 -1.489999999999999658e-02 -2.259999999999999509e-02 -2.599999999999999881e-03 1.513209999999999859e-03 1.042440999999999854e-02 7.840000000000000831e-04 4.583289999999999413e-03 7.447689999999999866e-03 4.355999999999999629e-05 2.808999999999999025e-05 2.199609999999999847e-03 1.481089000000000017e-02 2.220099999999998886e-04 5.107599999999997515e-04 6.759999999999999652e-06 1.882889250000000000e+06 1.704027000000000000e+06
1.000000000000000000e+00 -1.789999999999999925e-02 -5.609999999999999709e-02 -1.557000000000000051e-01 -6.219999999999999835e-02 -6.510000000000000508e-02 2.040000000000000147e-02 2.099999999999999784e-02 -1.582000000000000073e-01 -1.277000000000000079e-01 5.499999999999997946e-03 2.119999999999999662e-02 1.380000000000000150e-02 3.204099999999999765e-04 3.147209999999999678e-03 2.424249000000000195e-02 3.868839999999999692e-03 4.238010000000000388e-03 4.161600000000000542e-04 4.409999999999999316e-04 2.502724000000000268e-02 1.630729000000000206e-02 3.024999999999997634e-05 4.494399999999998440e-04 1.904400000000000537e-04 1.884909500000000000e+06 1.709603000000000000e+06
1.000000000000000000e+00 -3.819999999999999785e-02 7.359999999999999876e-02 3.529999999999999805e-02 -6.590000000000000024e-02 -1.111999999999999933e-01 1.209999999999999964e-02 -2.029999999999999860e-02 1.296999999999999820e-01 1.910000000000000031e-01 -3.700000000000001898e-03 -4.609999999999998821e-02 -8.300000000000001821e-03 1.459239999999999886e-03 5.416960000000000178e-03 1.246089999999999828e-03 4.342809999999999900e-03 1.236543999999999838e-02 1.464100000000000026e-04 4.120899999999999390e-04 1.682208999999999441e-02 3.648099999999999954e-02 1.369000000000001462e-05 2.125209999999998906e-03 6.889000000000002652e-05 1.881883875000000000e+06 1.710649500000000000e+06
1.000000000000000000e+00 9.900000000000000813e-03 -7.729999999999999372e-02 -1.096000000000000030e-01 -6.019999999999999657e-02 -8.809999999999999776e-02 -1.590000000000000094e-02 4.809999999999999692e-02 -1.508999999999999786e-01 -1.449000000000000010e-01 5.700000000000003675e-03 2.309999999999999554e-02 -2.800000000000000058e-02 9.801000000000001876e-05 5.975289999999999421e-03 1.201216000000000089e-02 3.624039999999999380e-03 7.761609999999999517e-03 2.528100000000000139e-04 2.313609999999999799e-03 2.277080999999999203e-02 2.099600999999999898e-02 3.249000000000004299e-05 5.336099999999997920e-04 7.840000000000000831e-04 1.884782625000000000e+06 1.713051875000000000e+06
1.000000000000000000e+00 -2.730000000000000135e-02 -3.509999999999999926e-02 -1.035999999999999976e-01 -5.709999999999999798e-02 -4.209999999999999853e-02 4.410000000000000031e-02 -3.720000000000000390e-02 4.219999999999999446e-02 6.000000000000005329e-03 3.099999999999998590e-03 4.599999999999999922e-02 5.999999999999999778e-02 7.452900000000001234e-04 1.232009999999999963e-03 1.073295999999999972e-02 3.260409999999999611e-03 1.772409999999999871e-03 1.944809999999999942e-03 1.383840000000000330e-03 1.780839999999999463e-03 3.600000000000006190e-05 9.609999999999991000e-06 2.115999999999999825e-03 3.599999999999999901e-03 1.882741625000000000e+06 1.709492250000000000e+06
1.000000000000000000e+00 -7.700000000000000247e-03 2.709999999999999909e-02 -2.249999999999999917e-02 -6.600000000000000311e-02 -1.044000000000000067e-01 8.999999999999999754e-04 1.959999999999999937e-02 6.219999999999999835e-02 8.110000000000000542e-02 -8.900000000000005129e-03 -6.230000000000000815e-02 -4.320000000000000229e-02 5.929000000000000324e-05 7.344099999999999023e-04 5.062499999999999726e-04 4.356000000000000497e-03 1.089936000000000203e-02 8.099999999999999739e-07 3.841599999999999811e-04 3.868839999999999692e-03 6.577210000000000868e-03 7.921000000000009034e-05 3.881290000000001215e-03 1.866240000000000130e-03 1.885111000000000000e+06 1.709358250000000000e+06
1.000000000000000000e+00 5.000000000000000104e-04 -5.960000000000000020e-02 -1.738999999999999990e-01 -5.249999999999999806e-02 -2.189999999999999933e-02 1.609999999999999973e-02 8.200000000000000691e-03 -8.669999999999999929e-02 -1.514000000000000068e-01 1.350000000000000505e-02 8.250000000000000389e-02 1.519999999999999997e-02 2.499999999999999887e-07 3.552159999999999953e-03 3.024121000000000101e-02 2.756249999999999586e-03 4.796099999999999973e-04 2.592100000000000068e-04 6.724000000000001352e-05 7.516890000000000030e-03 2.292196000000000164e-02 1.822500000000001473e-04 6.806250000000000668e-03 2.310400000000000106e-04 1.885464000000000000e+06 1.708573125000000000e+06
1.000000000000000000e+00 8.399999999999999481e-03 -7.309999999999999831e-02 -1.083999999999999964e-01 -5.790000000000000008e-02 -5.439999999999999697e-02 3.030000000000000054e-02 7.899999999999999037e-03 -1.349999999999999811e-02 6.550000000000000266e-02 -5.400000000000002021e-03 -3.250000000000000111e-02 1.420000000000000082e-02 7.055999999999998851e-05 5.343609999999999506e-03 1.175055999999999844e-02 3.352410000000000112e-03 2.959359999999999855e-03 9.180899999999999868e-04 6.240999999999998014e-05 1.822499999999999576e-04 4.290250000000000660e-03 2.916000000000002236e-05 1.056250000000000114e-03 2.016400000000000278e-04 1.881573125000000000e+06 1.705836000000000000e+06
1.000000000000000000e+00 8.399999999999999481e-03 7.530000000000000582e-02 -3.169999999999999901e-02 -5.290000000000000258e-02 -7.349999999999999589e-02 3.230000000000000232e-02 0.000000000000000000e+00 1.484000000000000041e-01 7.669999999999999041e-02 4.999999999999997502e-03 -1.909999999999999892e-02 2.000000000000001776e-03 7.055999999999998851e-05 5.670090000000000893e-03 1.004890000000000037e-03 2.798410000000000307e-03 5.402249999999999067e-03 1.043290000000000103e-03 0.000000000000000000e+00 2.202256000000000005e-02 5.882889999999998260e-03 2.499999999999997409e-05 3.648099999999999715e-04 4.000000000000007442e-06 1.881982875000000000e+06 1.707146875000000000e+06
1.000000000000000000e+00 4.870000000000000023e-02 8.999999999999999320e-03 -6.439999999999999891e-02 -3.799999999999999992e-03 -7.430000000000000493e-02 2.249999999999999917e-02 4.030000000000000249e-02 -6.630000000000001170e-02 -3.269999999999999990e-02 4.910000000000000475e-02 -8.000000000000090372e-04 -9.800000000000003153e-03 2.371690000000000083e-03 8.099999999999999019e-05 4.147360000000000109e-03 1.444000000000000066e-05 5.520490000000001160e-03 5.062499999999999726e-04 1.624090000000000126e-03 4.395690000000001575e-03 1.069290000000000084e-03 2.410810000000000643e-03 6.400000000000144130e-07 9.604000000000006304e-05 1.885427875000000000e+06 1.709552500000000000e+06
1.000000000000000000e+00 4.639999999999999680e-02 -9.589999999999999913e-02 -7.610000000000000098e-02 -6.499999999999999702e-03 -5.469999999999999862e-02 3.250000000000000111e-02 -2.300000000000003431e-03 -1.048999999999999932e-01 -1.170000000000000207e-02 -2.699999999999999709e-03 1.960000000000000631e-02 1.000000000000000194e-02 2.152959999999999770e-03 9.196809999999999707e-03 5.791209999999999761e-03 4.224999999999999698e-05 2.992089999999999767e-03 1.056250000000000114e-03 5.290000000000015420e-06 1.100400999999999810e-02 1.368900000000000531e-04 7.289999999999998812e-06 3.841600000000002521e-04 1.000000000000000454e-04 1.886015375000000000e+06 1.710073875000000000e+06
1.000000000000000000e+00 -4.460000000000000075e-02 1.229999999999999982e-01 4.989999999999999991e-02 -7.449999999999999678e-02 -9.650000000000000244e-02 -2.429999999999999868e-02 -9.099999999999999756e-02 2.188999999999999835e-01 1.260000000000000009e-01 -6.799999999999999101e-02 -4.180000000000000382e-02 -5.680000000000000326e-02 1.989160000000000234e-03 1.512900000000000009e-02 2.490009999999999966e-03 5.550249999999999628e-03 9.312250000000001082e-03 5.904899999999999385e-04 8.281000000000000166e-03 4.791720999999999481e-02 1.587600000000000122e-02 4.623999999999998771e-03 1.747240000000000381e-03 3.226240000000000444e-03 1.884110750000000000e+06 1.711436375000000000e+06
1.000000000000000000e+00 -6.260000000000000286e-02 -1.084999999999999992e-01 -1.433999999999999997e-01 -6.869999999999999718e-02 1.063000000000000056e-01 -9.900000000000000813e-03 -1.800000000000000211e-02 -2.314999999999999836e-01 -1.932999999999999996e-01 5.799999999999999600e-03 2.028000000000000080e-01 1.439999999999999787e-02 3.918760000000000299e-03 1.177224999999999973e-02 2.056356000000000156e-02 4.719689999999999476e-03 1.129969000000000112e-02 9.801000000000001876e-05 3.240000000000000692e-04 5.359224999999999406e-02 3.736488999999999783e-02 3.363999999999999640e-05 4.112784000000000578e-02 2.073599999999999391e-04 1.884939625000000000e+06 1.708687375000000000e+06
1.000000000000000000e+00 -6.669999999999999540e-02 6.230000000000000121e-02 -1.092000000000000054e-01 -1.140000000000000041e-01 -2.545999999999999930e-01 -5.300000000000000024e-03 -4.099999999999992539e-03 1.708000000000000074e-01 3.419999999999999429e-02 -4.530000000000000693e-02 -3.608999999999999986e-01 4.600000000000000790e-03 4.448889999999999616e-03 3.881290000000000347e-03 1.192464000000000197e-02 1.299600000000000061e-02 6.482116000000000267e-02 2.809000000000000041e-05 1.680999999999993900e-05 2.917264000000000315e-02 1.169639999999999569e-03 2.052090000000000771e-03 1.302488099999999926e-01 2.116000000000000747e-05 1.880452125000000000e+06 1.705077500000000000e+06
1.000000000000000000e+00 -7.330000000000000404e-02 8.050000000000000211e-02 2.015000000000000124e-01 -1.203999999999999931e-01 -3.425000000000000266e-01 -3.830000000000000071e-02 -6.600000000000008638e-03 1.820000000000000090e-02 3.107000000000000317e-01 -6.399999999999989031e-03 -8.790000000000003366e-02 -3.300000000000000155e-02 5.372890000000000825e-03 6.480250000000000767e-03 4.060225000000000639e-02 1.449615999999999752e-02 1.173062500000000147e-01 1.466889999999999991e-03 4.356000000000011149e-05 3.312400000000000067e-04 9.653449000000001445e-02 4.095999999999985856e-05 7.726410000000005600e-03 1.089000000000000124e-03 1.879922125000000000e+06 1.710505875000000000e+06
1.000000000000000000e+00 -7.610000000000000098e-02 -9.470000000000000639e-02 -8.469999999999999751e-02 -5.920000000000000262e-02 5.009999999999999870e-02 -7.599999999999999985e-03 -2.799999999999996936e-03 -1.752000000000000224e-01 -2.862000000000000099e-01 6.119999999999999052e-02 3.926000000000000045e-01 3.070000000000000159e-02 5.791209999999999761e-03 8.968090000000001477e-03 7.174089999999999287e-03 3.504640000000000272e-03 2.510010000000000019e-03 5.776000000000000264e-05 7.839999999999982535e-06 3.069504000000000676e-02 8.191044000000000103e-02 3.745439999999998753e-03 1.541347600000000095e-01 9.424900000000001462e-04 1.882148750000000000e+06 1.708311750000000000e+06
1.000000000000000000e+00 -7.720000000000000473e-02 -2.850000000000000103e-02 -1.431999999999999940e-01 -9.550000000000000155e-02 -1.638000000000000012e-01 4.009999999999999676e-02 -1.100000000000003753e-03 6.620000000000000884e-02 -5.849999999999999645e-02 -3.629999999999999893e-02 -2.139000000000000068e-01 4.769999999999999934e-02 5.959840000000000970e-03 8.122500000000000379e-04 2.050623999999999850e-02 9.120249999999999885e-03 2.683044000000000054e-02 1.608009999999999778e-03 1.210000000000008320e-06 4.382440000000001334e-03 3.422249999999999511e-03 1.317689999999999834e-03 4.575321000000000249e-02 2.275290000000000125e-03 1.880370125000000000e+06 1.704822000000000000e+06
1.000000000000000000e+00 -7.749999999999999944e-02 1.600000000000000033e-02 7.290000000000000646e-02 -7.889999999999999791e-02 -2.081000000000000072e-01 3.919999999999999873e-02 -2.999999999999947153e-04 4.449999999999999789e-02 2.161000000000000143e-01 1.660000000000000364e-02 -4.430000000000000604e-02 -8.999999999999980238e-04 6.006250000000000304e-03 2.559999999999999884e-04 5.314410000000001182e-03 6.225209999999999251e-03 4.330561000000000133e-02 1.536639999999999924e-03 8.999999999999683544e-08 1.980249999999999806e-03 4.669921000000000488e-02 2.755600000000001061e-04 1.962490000000000328e-03 8.099999999999964799e-07 1.880872250000000000e+06 1.706208125000000000e+06
1.000000000000000000e+00 -5.149999999999999717e-02 6.769999999999999629e-02 -2.510000000000000078e-02 -9.439999999999999780e-02 -9.089999999999999469e-02 -2.299999999999999961e-03 2.600000000000000228e-02 5.169999999999999596e-02 -9.800000000000000377e-02 -1.549999999999999989e-02 1.172000000000000125e-01 -4.149999999999999523e-02 2.652249999999999660e-03 4.583289999999999413e-03 6.300100000000000752e-04 8.911360000000000114e-03 8.262809999999998906e-03 5.290000000000000174e-06 6.760000000000001685e-04 2.672889999999999381e-03 9.604000000000001425e-03 2.402499999999999851e-04 1.373584000000000263e-02 1.722249999999999606e-03 1.882650875000000000e+06 1.708786375000000000e+06
1.000000000000000000e+00 -4.390000000000000152e-02 -6.289999999999999758e-02 -2.084000000000000019e-01 -8.780000000000000304e-02 -1.010999999999999954e-01 1.400000000000000029e-02 7.599999999999995648e-03 -1.305999999999999939e-01 -1.832999999999999907e-01 6.599999999999994760e-03 -1.020000000000000073e-02 1.630000000000000199e-02 1.927210000000000164e-03 3.956409999999999615e-03 4.343056000000000000e-02 7.708840000000000657e-03 1.022120999999999967e-02 1.960000000000000208e-04 5.775999999999993488e-05 1.705635999999999958e-02 3.359888999999999931e-02 4.355999999999992853e-05 1.040400000000000135e-04 2.656900000000000667e-04 1.885879375000000000e+06 1.708278875000000000e+06
1.000000000000000000e+00 -5.689999999999999919e-02 5.670000000000000040e-02 3.710000000000000103e-02 -8.890000000000000679e-02 -1.577000000000000068e-01 -2.299999999999999961e-03 -1.299999999999999767e-02 1.195999999999999980e-01 2.454999999999999960e-01 -1.100000000000003753e-03 -5.660000000000001141e-02 -1.630000000000000199e-02 3.237609999999999707e-03 3.214890000000000195e-03 1.376410000000000003e-03 7.903210000000000790e-03 2.486929000000000223e-02 5.290000000000000174e-06 1.689999999999999337e-04 1.430415999999999979e-02 6.027024999999999744e-02 1.210000000000008320e-06 3.203560000000001129e-03 2.656900000000000667e-04 1.882601375000000000e+06 1.707097125000000000e+06
1.000000000000000000e+00 -2.549999999999999836e-02 -8.899999999999999578e-02 -1.178000000000000019e-01 -6.909999999999999476e-02 -7.059999999999999609e-02 1.060000000000000005e-02 3.139999999999999736e-02 -1.456999999999999962e-01 -1.549000000000000099e-01 1.980000000000001203e-02 8.710000000000001075e-02 1.290000000000000001e-02 6.502499999999998949e-04 7.920999999999999222e-03 1.387683999999999966e-02 4.774809999999999124e-03 4.984359999999999312e-03 1.123600000000000016e-04 9.859599999999999181e-04 2.122848999999999917e-02 2.399401000000000311e-02 3.920400000000004545e-04 7.586410000000001763e-03 1.664100000000000008e-04 1.883440625000000000e+06 1.706873750000000000e+06
1.000000000000000000e+00 -3.250000000000000111e-02 -6.539999999999999980e-02 -1.295999999999999930e-01 -6.660000000000000642e-02 -5.729999999999999677e-02 8.899999999999999925e-03 -7.000000000000002748e-03 2.359999999999999598e-02 -1.179999999999999105e-02 2.499999999999988343e-03 1.329999999999999932e-02 -1.700000000000000122e-03 1.056250000000000114e-03 4.277160000000000337e-03 1.679615999999999748e-02 4.435560000000000717e-03 3.283289999999999473e-03 7.920999999999999547e-05 4.900000000000003908e-05 5.569599999999997903e-04 1.392399999999997849e-04 6.249999999999941854e-06 1.768899999999999954e-04 2.890000000000000282e-06 1.881664250000000000e+06 1.704211500000000000e+06
1.000000000000000000e+00 -2.659999999999999865e-02 -6.339999999999999802e-02 -1.087999999999999939e-01 -6.519999999999999407e-02 -7.989999999999999880e-02 4.199999999999999740e-03 5.900000000000002465e-03 2.000000000000001776e-03 2.079999999999999905e-02 1.400000000000012346e-03 -2.260000000000000203e-02 -4.700000000000000185e-03 7.075599999999999815e-04 4.019560000000000147e-03 1.183743999999999942e-02 4.251039999999999333e-03 6.384009999999999858e-03 1.763999999999999713e-05 3.481000000000002755e-05 4.000000000000007442e-06 4.326399999999999777e-04 1.960000000000034597e-06 5.107600000000000768e-04 2.209000000000000026e-05 1.882862000000000000e+06 1.705730000000000000e+06
1.000000000000000000e+00 -2.440000000000000155e-02 4.300000000000000003e-03 -8.459999999999999465e-02 -6.719999999999999585e-02 -1.264000000000000123e-01 -1.050000000000000065e-02 2.199999999999997097e-03 6.769999999999999629e-02 2.419999999999999929e-02 -2.000000000000001776e-03 -4.650000000000001354e-02 -1.470000000000000126e-02 5.953600000000000732e-04 1.849000000000000085e-05 7.157159999999999217e-03 4.515839999999999264e-03 1.597696000000000185e-02 1.102500000000000100e-04 4.839999999999987541e-06 4.583289999999999413e-03 5.856400000000000104e-04 4.000000000000007442e-06 2.162250000000001410e-03 2.160900000000000266e-04 1.880869000000000000e+06 1.703785625000000000e+06
1.000000000000000000e+00 -3.189999999999999780e-02 -4.499999999999999660e-03 -1.560999999999999888e-01 -8.930000000000000437e-02 -1.233000000000000068e-01 -4.499999999999999660e-03 -7.499999999999996253e-03 -8.799999999999998795e-03 -7.149999999999999412e-02 -2.210000000000000853e-02 3.100000000000005529e-03 6.000000000000000992e-03 1.017609999999999956e-03 2.024999999999999755e-05 2.436720999999999679e-02 7.974490000000000745e-03 1.520289000000000189e-02 2.024999999999999755e-05 5.624999999999994425e-05 7.743999999999997684e-05 5.112249999999998740e-03 4.884100000000004280e-04 9.610000000000035045e-06 3.600000000000001446e-05 1.882408000000000000e+06 1.705849875000000000e+06
1.000000000000000000e+00 -4.719999999999999890e-02 -2.960000000000000131e-02 -9.189999999999999558e-02 -9.310000000000000220e-02 -9.769999999999999518e-02 -7.300000000000000065e-03 -1.530000000000000110e-02 -2.510000000000000078e-02 6.419999999999999318e-02 -3.799999999999997824e-03 2.560000000000001164e-02 -2.800000000000000405e-03 2.227840000000000029e-03 8.761600000000000681e-04 8.445609999999999229e-03 8.667610000000000939e-03 9.545289999999999678e-03 5.328999999999999970e-05 2.340900000000000305e-04 6.300100000000000752e-04 4.121639999999999332e-03 1.443999999999998372e-05 6.553600000000005558e-04 7.840000000000002864e-06 1.881232750000000000e+06 1.706735750000000000e+06
1.000000000000000000e+00 -6.779999999999999916e-02 1.872000000000000053e-01 1.208000000000000046e-01 -1.400000000000000133e-01 -9.979999999999999982e-02 3.700000000000000164e-03 -2.060000000000000026e-02 2.167999999999999927e-01 2.127000000000000002e-01 -4.690000000000001112e-02 -2.100000000000004641e-03 1.099999999999999936e-02 4.596839999999999607e-03 3.504383999999999971e-02 1.459264000000000047e-02 1.960000000000000284e-02 9.960039999999999866e-03 1.369000000000000106e-05 4.243600000000000367e-04 4.700223999999999375e-02 4.524129000000000345e-02 2.199610000000001148e-03 4.410000000000019610e-06 1.209999999999999867e-04 1.883330375000000000e+06 1.709118625000000000e+06
1.000000000000000000e+00 -2.380000000000000171e-02 -8.169999999999999485e-02 -2.149999999999999967e-01 -1.164000000000000035e-01 -7.770000000000000517e-02 2.419999999999999929e-02 4.399999999999999745e-02 -2.689000000000000279e-01 -3.357999999999999874e-01 2.360000000000000986e-02 2.209999999999999465e-02 2.049999999999999739e-02 5.664400000000000858e-04 6.674889999999999296e-03 4.622499999999999526e-02 1.354896000000000052e-02 6.037290000000000711e-03 5.856400000000000104e-04 1.935999999999999787e-03 7.230721000000001064e-02 1.127616399999999963e-01 5.569600000000004408e-04 4.884099999999997775e-04 4.202499999999998880e-04 1.881482750000000000e+06 1.707236125000000000e+06
1.000000000000000000e+00 -4.510000000000000120e-02 -9.900000000000000813e-03 -9.210000000000000131e-02 -5.460000000000000270e-02 -1.484999999999999931e-01 2.380000000000000171e-02 -2.129999999999999949e-02 7.179999999999998883e-02 1.228999999999999954e-01 6.180000000000000077e-02 -7.079999999999998794e-02 -3.999999999999975797e-04 2.034010000000000158e-03 9.801000000000001876e-05 8.482410000000000991e-03 2.981160000000000494e-03 2.205224999999999894e-02 5.664400000000000858e-04 4.536899999999999744e-04 5.155239999999998435e-03 1.510440999999999867e-02 3.819240000000000222e-03 5.012639999999997896e-03 1.599999999999980711e-07 1.881605500000000000e+06 1.706804625000000000e+06
1.000000000000000000e+00 -2.149999999999999828e-02 -4.290000000000000063e-02 -2.860000000000000042e-02 -6.029999999999999943e-02 -1.579000000000000126e-01 -1.119999999999999989e-02 2.360000000000000292e-02 -3.300000000000000155e-02 6.350000000000000089e-02 -5.699999999999996736e-03 -9.400000000000019451e-03 -3.500000000000000333e-02 4.622499999999999331e-04 1.840410000000000006e-03 8.179600000000000629e-04 3.636089999999999808e-03 2.493241000000000554e-02 1.254399999999999916e-04 5.569600000000001156e-04 1.089000000000000124e-03 4.032250000000000244e-03 3.248999999999996167e-05 8.836000000000036696e-05 1.225000000000000177e-03 1.881509125000000000e+06 1.707311250000000000e+06
1.000000000000000000e+00 -3.429999999999999716e-02 -1.564000000000000112e-01 -2.121000000000000107e-01 -6.629999999999999782e-02 -1.600000000000000077e-03 -6.899999999999999883e-03 -1.279999999999999888e-02 -1.135000000000000175e-01 -1.834999999999999964e-01 -5.999999999999998390e-03 1.563000000000000222e-01 4.300000000000000003e-03 1.176489999999999871e-03 2.446096000000000381e-02 4.498641000000000445e-02 4.395689999999999840e-03 2.560000000000000054e-06 4.760999999999999987e-05 1.638399999999999763e-04 1.288225000000000481e-02 3.367225000000000079e-02 3.599999999999998058e-05 2.442969000000000737e-02 1.849000000000000085e-05 1.878269625000000000e+06 1.702563000000000000e+06
1.000000000000000000e+00 -3.790000000000000313e-02 1.983000000000000040e-01 1.073999999999999955e-01 -7.169999999999999984e-02 -6.900000000000000577e-02 -2.270000000000000143e-02 -3.600000000000005973e-03 3.547000000000000153e-01 3.195000000000000062e-01 -5.400000000000002021e-03 -6.740000000000000158e-02 -1.580000000000000154e-02 1.436410000000000161e-03 3.932288999999999923e-02 1.153475999999999980e-02 5.140890000000000390e-03 4.761000000000000475e-03 5.152900000000000622e-04 1.296000000000004363e-05 1.258120900000000153e-01 1.020802499999999974e-01 2.916000000000002236e-05 4.542759999999999854e-03 2.496400000000000290e-04 1.881145125000000000e+06 1.703549500000000000e+06
1.000000000000000000e+00 -3.409999999999999837e-02 5.750000000000000250e-02 -1.629999999999999852e-02 -7.739999999999999658e-02 -6.260000000000000286e-02 -2.029999999999999860e-02 3.800000000000004763e-03 -1.408000000000000085e-01 -1.236999999999999905e-01 -5.699999999999996736e-03 6.400000000000002909e-03 2.400000000000002826e-03 1.162809999999999799e-03 3.306250000000000161e-03 2.656899999999999583e-04 5.990759999999999488e-03 3.918760000000000299e-03 4.120899999999999390e-04 1.444000000000003623e-05 1.982464000000000101e-02 1.530168999999999800e-02 3.248999999999996167e-05 4.096000000000003474e-05 5.760000000000013461e-06 1.880415500000000000e+06 1.703041000000000000e+06
1.000000000000000000e+00 -4.379999999999999866e-02 -1.184999999999999942e-01 -2.200000000000000011e-01 -1.168000000000000010e-01 -4.700000000000000011e-02 -1.940000000000000058e-02 -9.700000000000000289e-03 -1.759999999999999898e-01 -2.036999999999999922e-01 -3.940000000000000446e-02 1.560000000000000275e-02 8.999999999999980238e-04 1.918439999999999989e-03 1.404224999999999918e-02 4.839999999999999858e-02 1.364223999999999992e-02 2.209000000000000026e-03 3.763600000000000083e-04 9.409000000000000208e-05 3.097599999999999659e-02 4.149368999999999974e-02 1.552360000000000458e-03 2.433600000000000823e-04 8.099999999999964799e-07 1.882280500000000000e+06 1.704605250000000000e+06
1.000000000000000000e+00 -4.309999999999999942e-02 -1.554999999999999993e-01 -1.328999999999999904e-01 -1.126000000000000056e-01 -5.739999999999999963e-02 -1.450000000000000074e-02 6.999999999999992339e-04 -3.700000000000000511e-02 8.710000000000001075e-02 4.199999999999995404e-03 -1.039999999999999952e-02 4.899999999999999842e-03 1.857609999999999990e-03 2.418025000000000035e-02 1.766240999999999645e-02 1.267876000000000072e-02 3.294759999999999876e-03 2.102500000000000148e-04 4.899999999999989084e-07 1.369000000000000425e-03 7.586410000000001763e-03 1.763999999999995986e-05 1.081599999999999944e-04 2.400999999999999882e-05 1.879384000000000000e+06 1.705916875000000000e+06
1.000000000000000000e+00 -5.659999999999999754e-02 2.699999999999999969e-02 7.610000000000000098e-02 -5.430000000000000104e-02 -1.058000000000000052e-01 -1.200000000000000025e-02 -1.349999999999999811e-02 1.824999999999999956e-01 2.089999999999999913e-01 5.830000000000000460e-02 -4.840000000000000552e-02 2.500000000000000486e-03 3.203559999999999828e-03 7.289999999999999388e-04 5.791209999999999761e-03 2.948490000000000225e-03 1.119364000000000123e-02 1.440000000000000036e-04 1.822499999999999576e-04 3.330624999999999558e-02 4.368099999999999761e-02 3.398890000000000331e-03 2.342560000000000475e-03 6.250000000000002841e-06 1.879007625000000000e+06 1.704002000000000000e+06
1.000000000000000000e+00 -4.039999999999999841e-02 4.710000000000000298e-02 4.549999999999999878e-02 -3.289999999999999869e-02 -7.860000000000000320e-02 2.399999999999999790e-03 1.619999999999999912e-02 2.010000000000000328e-02 -3.060000000000000220e-02 2.140000000000000235e-02 2.720000000000000195e-02 1.439999999999999961e-02 1.632159999999999904e-03 2.218410000000000087e-03 2.070250000000000042e-03 1.082410000000000013e-03 6.177960000000000569e-03 5.759999999999999062e-06 2.624399999999999606e-04 4.040100000000001112e-04 9.363600000000001219e-04 4.579600000000000944e-04 7.398400000000000722e-04 2.073599999999999933e-04 1.882362000000000000e+06 1.706627500000000000e+06
