1.000000000000000000e+00 -0.000000000000000000e+00 0.000000000000000000e+00 0.000000000000000000e+00 0.000000000000000000e+00 0.000000000000000000e+00 -0.000000000000000000e+00 0.000000000000000000e+00 0.000000000000000000e+00 0.000000000000000000e+00 0.000000000000000000e+00 0.000000000000000000e+00 0.000000000000000000e+00 0.000000000000000000e+00 0.000000000000000000e+00 0.000000000000000000e+00 0.000000000000000000e+00 0.000000000000000000e+00 0.000000000000000000e+00 0.000000000000000000e+00 0.000000000000000000e+00 0.000000000000000000e+00 0.000000000000000000e+00 0.000000000000000000e+00 0.000000000000000000e+00 1.136753750000000000e+06 1.206282500000000000e+06
1.000000000000000000e+00 -8.600000000000000006e-03 1.645999999999999963e-01 3.437000000000000055e-01 4.599999999999999922e-03 4.580000000000000043e-02 8.999999999999999754e-04 -8.600000000000000006e-03 1.645999999999999963e-01 3.437000000000000055e-01 4.599999999999999922e-03 4.580000000000000043e-02 8.999999999999999754e-04 7.396000000000000339e-05 2.709315999999999808e-02 1.181296900000000094e-01 2.116000000000000069e-05 2.097640000000000008e-03 8.099999999999999739e-07 7.396000000000000339e-05 2.709315999999999808e-02 1.181296900000000094e-01 2.116000000000000069e-05 2.097640000000000008e-03 8.099999999999999739e-07 1.133877500000000000e+06 1.205935625000000000e+06
1.000000000000000000e+00 -2.769999999999999893e-02 1.552999999999999936e-01 5.293999999999999817e-01 1.290000000000000001e-02 -1.275000000000000022e-01 1.660000000000000017e-02 -1.909999999999999892e-02 -9.300000000000002709e-03 1.856999999999999762e-01 8.300000000000000086e-03 -1.733000000000000096e-01 1.569999999999999868e-02 7.672899999999998992e-04 2.411808999999999828e-02 2.802643599999999902e-01 1.664100000000000008e-04 1.625624999999999987e-02 2.755599999999999977e-04 3.648099999999999715e-04 8.649000000000004774e-05 3.448448999999999265e-02 6.888999999999999941e-05 3.003289000000000306e-02 2.464899999999999795e-04 1.137142375000000000e+06 1.207672375000000000e+06
1.000000000000000000e+00 -1.200000000000000025e-02 -2.500000000000000052e-03 4.430000000000000049e-01 1.220000000000000077e-02 -2.038000000000000089e-01 3.440000000000000002e-02 1.569999999999999868e-02 -1.577999999999999958e-01 -8.639999999999997682e-02 -6.999999999999992339e-04 -7.630000000000000671e-02 1.779999999999999985e-02 1.440000000000000036e-04 6.250000000000000300e-06 1.962490000000000068e-01 1.488400000000000183e-04 4.153444000000000580e-02 1.183360000000000054e-03 2.464899999999999795e-04 2.490083999999999700e-02 7.464959999999996182e-03 4.899999999999989084e-07 5.821690000000000892e-03 3.168399999999999819e-04 1.137115125000000000e+06 1.207846250000000000e+06
1.000000000000000000e+00 8.099999999999999561e-03 9.400000000000000369e-03 1.913999999999999868e-01 5.599999999999999943e-03 -1.310999999999999943e-01 2.539999999999999897e-02 2.009999999999999981e-02 1.190000000000000085e-02 -2.516000000000000458e-01 -6.600000000000000831e-03 7.270000000000001461e-02 -9.000000000000001055e-03 6.560999999999999016e-05 8.836000000000000104e-05 3.663395999999999320e-02 3.135999999999999790e-05 1.718720999999999791e-02 6.451599999999999826e-04 4.040100000000000028e-04 1.416100000000000214e-04 6.330256000000002159e-02 4.356000000000000984e-05 5.285290000000002382e-03 8.100000000000001730e-05 1.139063500000000000e+06 1.213690000000000000e+06
1.000000000000000000e+00 4.599999999999999922e-03 7.589999999999999525e-02 2.134999999999999953e-01 1.450000000000000074e-02 -1.054999999999999966e-01 4.499999999999999833e-02 -3.499999999999999639e-03 6.649999999999998967e-02 2.210000000000000853e-02 8.900000000000001660e-03 2.559999999999999776e-02 1.959999999999999937e-02 2.116000000000000069e-05 5.760809999999999022e-03 4.558224999999999777e-02 2.102500000000000148e-04 1.113024999999999952e-02 2.024999999999999890e-03 1.224999999999999791e-05 4.422249999999998231e-03 4.884100000000004280e-04 7.921000000000003613e-05 6.553599999999999053e-04 3.841599999999999811e-04 1.137241125000000000e+06 1.212550125000000000e+06
1.000000000000000000e+00 -3.700000000000000164e-03 1.844000000000000083e-01 5.603000000000000203e-01 1.739999999999999880e-02 -1.393000000000000071e-01 6.049999999999999822e-02 -8.300000000000000086e-03 1.085000000000000131e-01 3.467999999999999972e-01 2.899999999999998065e-03 -3.380000000000001059e-02 1.549999999999999989e-02 1.369000000000000106e-05 3.400336000000000330e-02 3.139360900000000010e-01 3.027599999999999541e-04 1.940449000000000340e-02 3.660249999999999875e-03 6.888999999999999941e-05 1.177225000000000320e-02 1.202702400000000005e-01 8.409999999999988936e-06 1.142440000000000642e-03 2.402499999999999851e-04 1.134411375000000000e+06 1.212559750000000000e+06
1.000000000000000000e+00 -1.679999999999999896e-02 1.789000000000000035e-01 4.691000000000000170e-01 1.830000000000000029e-02 -2.535000000000000031e-01 6.890000000000000291e-02 -1.309999999999999880e-02 -5.500000000000004885e-03 -9.120000000000000329e-02 9.000000000000014932e-04 -1.141999999999999960e-01 8.400000000000004685e-03 2.822399999999999540e-04 3.200520999999999922e-02 2.200548100000000173e-01 3.348900000000000141e-04 6.426225000000000687e-02 4.747209999999999971e-03 1.716099999999999646e-04 3.025000000000005427e-05 8.317440000000000597e-03 8.100000000000027268e-07 1.304163999999999844e-02 7.056000000000008337e-05 1.135368625000000000e+06 1.207978125000000000e+06
1.000000000000000000e+00 3.000000000000000062e-03 1.359999999999999924e-02 5.816000000000000059e-01 1.810000000000000150e-02 -2.906000000000000250e-01 9.669999999999999429e-02 1.979999999999999816e-02 -1.653000000000000025e-01 1.124999999999999889e-01 -1.999999999999987899e-04 -3.710000000000002185e-02 2.779999999999999138e-02 9.000000000000000228e-06 1.849599999999999910e-04 3.382585599999999859e-01 3.276100000000000431e-04 8.444836000000001397e-02 9.350889999999998856e-03 3.920399999999999124e-04 2.732409000000000227e-02 1.265624999999999736e-02 3.999999999999951776e-08 1.376410000000001521e-03 7.728399999999995733e-04 1.137548375000000000e+06 1.208913500000000000e+06
1.000000000000000000e+00 5.729999999999999677e-02 1.307000000000000106e-01 -3.397000000000000020e-01 1.750000000000000167e-02 -1.642000000000000126e-01 1.292999999999999983e-01 5.429999999999999410e-02 1.171000000000000096e-01 -9.213000000000000078e-01 -5.999999999999998390e-04 1.264000000000000123e-01 3.260000000000000397e-02 3.283289999999999473e-03 1.708249000000000226e-02 1.153960900000000067e-01 3.062500000000000443e-04 2.696164000000000546e-02 1.671848999999999905e-02 2.948489999999999358e-03 1.371241000000000300e-02 8.487936900000000451e-01 3.599999999999997825e-07 1.597696000000000185e-02 1.062760000000000267e-03 1.137930250000000000e+06 1.223346125000000000e+06
1.000000000000000000e+00 9.199999999999999845e-03 2.708999999999999742e-01 7.477000000000000313e-01 9.100000000000000450e-03 -2.575999999999999956e-01 1.484000000000000041e-01 -4.809999999999999692e-02 1.401999999999999635e-01 1.087400000000000144e+00 -8.400000000000001216e-03 -9.339999999999998304e-02 1.910000000000000586e-02 8.464000000000000278e-05 7.338680999999998289e-02 5.590552900000000935e-01 8.281000000000000166e-05 6.635776000000000174e-02 2.202256000000000005e-02 2.313609999999999799e-03 1.965603999999998922e-02 1.182438760000000366e+00 7.056000000000001561e-05 8.723559999999996525e-03 3.648100000000002426e-04 1.136850750000000000e+06 1.210421750000000000e+06
1.000000000000000000e+00 1.359999999999999924e-02 6.460000000000000464e-02 1.084899999999999975e+00 -4.000000000000000083e-03 -3.740999999999999881e-01 1.607000000000000095e-01 4.399999999999999398e-03 -2.062999999999999834e-01 3.371999999999999442e-01 -1.310000000000000053e-02 -1.164999999999999925e-01 1.230000000000000537e-02 1.849599999999999910e-04 4.173160000000000411e-03 1.177008009999999993e+00 1.599999999999999928e-05 1.399508099999999811e-01 2.582449000000000203e-02 1.935999999999999421e-05 4.255968999999999031e-02 1.137038399999999588e-01 1.716100000000000188e-04 1.357224999999999751e-02 1.512900000000001321e-04 1.135770250000000000e+06 1.209520750000000000e+06
1.000000000000000000e+00 1.540000000000000049e-02 2.119000000000000050e-01 4.859999999999999737e-02 -3.500000000000000073e-03 -9.990000000000000269e-02 1.633999999999999897e-01 1.800000000000001252e-03 1.472999999999999865e-01 -1.036299999999999999e+00 5.000000000000000104e-04 2.741999999999999993e-01 2.699999999999980194e-03 2.371600000000000129e-04 4.490161000000000152e-02 2.361959999999999754e-03 1.225000000000000130e-05 9.980010000000000964e-03 2.669955999999999718e-02 3.240000000000004554e-06 2.169728999999999755e-02 1.073917690000000036e+00 2.499999999999999887e-07 7.518563999999999803e-02 7.289999999999892933e-06 1.137093125000000000e+06 1.214776000000000000e+06
1.000000000000000000e+00 6.289999999999999758e-02 3.624999999999999889e-01 2.924999999999999822e-01 7.300000000000000065e-03 -9.510000000000000397e-02 1.990000000000000102e-02 4.750000000000000056e-02 1.505999999999999839e-01 2.438999999999999779e-01 1.080000000000000057e-02 4.799999999999998712e-03 -1.434999999999999887e-01 3.956409999999999615e-03 1.314062500000000022e-01 8.555624999999998648e-02 5.328999999999999970e-05 9.044009999999999896e-03 3.960100000000000252e-04 2.256250000000000009e-03 2.268035999999999663e-02 5.948720999999999176e-02 1.166400000000000081e-04 2.303999999999998608e-05 2.059224999999999597e-02 1.133688125000000000e+06 1.208532625000000000e+06
1.000000000000000000e+00 4.420000000000000318e-02 2.525999999999999912e-01 8.716000000000000414e-01 1.129999999999999928e-02 -2.629000000000000226e-01 4.030000000000000249e-02 -1.869999999999999440e-02 -1.098999999999999977e-01 5.791000000000000592e-01 3.999999999999999216e-03 -1.678000000000000047e-01 2.040000000000000147e-02 1.953640000000000411e-03 6.380675999999999015e-02 7.596865600000001217e-01 1.276899999999999921e-04 6.911641000000001700e-02 1.624090000000000126e-03 3.496899999999997775e-04 1.207801000000000013e-02 3.353568100000000607e-01 1.599999999999999250e-05 2.815684000000000242e-02 4.161600000000000542e-04 1.129673125000000000e+06 1.195706500000000000e+06
1.000000000000000000e+00 7.209999999999999742e-02 -8.540000000000000369e-02 1.902000000000000079e-01 2.099999999999999870e-03 -2.222000000000000086e-01 3.599999999999999728e-02 2.789999999999999425e-02 -3.379999999999999671e-01 -6.814000000000000057e-01 -9.199999999999999845e-03 4.070000000000001394e-02 -4.300000000000005207e-03 5.198409999999999663e-03 7.293160000000000788e-03 3.617603999999999959e-02 4.409999999999999282e-06 4.937284000000000117e-02 1.295999999999999843e-03 7.784099999999996708e-04 1.142439999999999845e-01 4.643059600000000176e-01 8.464000000000000278e-05 1.656490000000001130e-03 1.849000000000004489e-05 1.132904500000000000e+06 1.206220875000000000e+06
1.000000000000000000e+00 6.850000000000000533e-02 3.759000000000000119e-01 2.361999999999999933e-01 5.899999999999999863e-03 7.950000000000000122e-02 3.670000000000000345e-02 -3.599999999999992095e-03 4.613000000000000433e-01 4.599999999999998535e-02 3.799999999999999992e-03 3.017000000000000237e-01 7.000000000000061728e-04 4.692250000000001108e-03 1.413008099999999989e-01 5.579043999999999670e-02 3.481000000000000045e-05 6.320250000000000347e-03 1.346890000000000327e-03 1.295999999999994368e-05 2.127976900000000393e-01 2.115999999999998524e-03 1.444000000000000066e-05 9.102289000000000907e-02 4.900000000000086493e-07 1.134813375000000000e+06 1.210167125000000000e+06
1.000000000000000000e+00 5.220000000000000334e-02 4.111000000000000210e-01 7.126000000000000112e-01 1.409999999999999969e-02 -1.713000000000000078e-01 4.299999999999999656e-02 -1.630000000000000199e-02 3.520000000000000906e-02 4.764000000000000457e-01 8.199999999999998956e-03 -2.508000000000000229e-01 6.299999999999993106e-03 2.724840000000000508e-03 1.690032100000000148e-01 5.077987600000000157e-01 1.988100000000000023e-04 2.934369000000000213e-02 1.848999999999999732e-03 2.656900000000000667e-04 1.239040000000000714e-03 2.269569600000000409e-01 6.723999999999998641e-05 6.290064000000000766e-02 3.968999999999991307e-05 1.133048750000000000e+06 1.206335375000000000e+06
1.000000000000000000e+00 6.740000000000000158e-02 2.160000000000000114e-02 3.845000000000000084e-01 1.030000000000000013e-02 -1.203999999999999931e-01 5.109999999999999959e-02 1.519999999999999823e-02 -3.895000000000000129e-01 -3.281000000000000028e-01 -3.799999999999999559e-03 5.090000000000001468e-02 8.100000000000003031e-03 4.542759999999999854e-03 4.665600000000000324e-04 1.478402500000000064e-01 1.060900000000000092e-04 1.449615999999999752e-02 2.611210000000000094e-03 2.310399999999999563e-04 1.517102500000000187e-01 1.076496100000000067e-01 1.443999999999999727e-05 2.590810000000001549e-03 6.561000000000004437e-05 1.131141750000000000e+06 1.199768000000000000e+06
1.000000000000000000e+00 8.019999999999999352e-02 -4.499999999999999660e-03 1.748000000000000109e-01 -3.399999999999999811e-03 -1.958000000000000018e-01 6.510000000000000508e-02 1.279999999999999194e-02 -2.610000000000000167e-02 -2.096999999999999975e-01 -1.370000000000000037e-02 -7.540000000000000868e-02 1.400000000000000550e-02 6.432039999999999112e-03 2.024999999999999755e-05 3.055504000000000553e-02 1.155999999999999943e-05 3.833763999999999922e-02 4.238010000000000388e-03 1.638399999999997866e-04 6.812100000000001271e-04 4.397409000000000040e-02 1.876900000000000139e-04 5.685160000000001601e-03 1.960000000000001563e-04 1.132129375000000000e+06 1.204770000000000000e+06
1.000000000000000000e+00 6.980000000000000093e-02 2.565999999999999948e-01 4.088999999999999857e-01 1.069999999999999944e-02 7.599999999999999985e-03 5.530000000000000193e-02 -1.039999999999999258e-02 2.610999999999999988e-01 2.340999999999999748e-01 1.409999999999999969e-02 2.033999999999999975e-01 -9.800000000000003153e-03 4.872040000000000225e-03 6.584355999999999542e-02 1.671992099999999870e-01 1.144899999999999830e-04 5.776000000000000264e-05 3.058090000000000287e-03 1.081599999999998454e-04 6.817320999999999798e-02 5.480280999999998653e-02 1.988100000000000023e-04 4.137156000000000167e-02 9.604000000000006304e-05 1.131049250000000000e+06 1.206576000000000000e+06
1.000000000000000000e+00 5.229999999999999927e-02 1.295000000000000040e-01 7.870000000000000329e-01 2.239999999999999977e-02 -3.066999999999999726e-01 4.680000000000000132e-02 -1.750000000000000167e-02 -1.270999999999999908e-01 3.781000000000000472e-01 1.170000000000000033e-02 -3.142999999999999683e-01 -8.500000000000000611e-03 2.735290000000000030e-03 1.677025000000000043e-02 6.193690000000000584e-01 5.017599999999999665e-04 9.406488999999998435e-02 2.190239999999999982e-03 3.062500000000000443e-04 1.615440999999999752e-02 1.429596100000000425e-01 1.368899999999999989e-04 9.878448999999997482e-02 7.225000000000000790e-05 1.132528750000000000e+06 1.203552750000000000e+06
1.000000000000000000e+00 7.860000000000000320e-02 3.230000000000000232e-02 3.048000000000000154e-01 1.899999999999999953e-02 -1.517000000000000015e-01 3.549999999999999684e-02 2.630000000000000393e-02 -9.720000000000000862e-02 -4.822000000000000175e-01 -3.400000000000000244e-03 1.549999999999999711e-01 -1.130000000000000449e-02 6.177960000000000569e-03 1.043290000000000103e-03 9.290304000000000617e-02 3.609999999999999928e-04 2.301289000000000112e-02 1.260249999999999869e-03 6.916900000000002300e-04 9.447840000000002486e-03 2.325168400000000302e-01 1.156000000000000113e-05 2.402499999999999081e-02 1.276900000000001005e-04 1.132130500000000000e+06 1.204936750000000000e+06
1.000000000000000000e+00 8.390000000000000235e-02 1.272000000000000075e-01 2.442999999999999894e-01 1.969999999999999876e-02 -3.389999999999999958e-02 3.119999999999999857e-02 5.299999999999999156e-03 9.490000000000001212e-02 -6.050000000000002598e-02 6.999999999999992339e-04 1.178000000000000019e-01 -4.299999999999998268e-03 7.039210000000000605e-03 1.617984000000000089e-02 5.968248999999999777e-02 3.880899999999999519e-04 1.149209999999999902e-03 9.734399999999998956e-04 2.808999999999999025e-05 9.006010000000001792e-03 3.660250000000003345e-03 4.899999999999989084e-07 1.387683999999999966e-02 1.848999999999998391e-05 1.132765750000000000e+06 1.208176875000000000e+06
1.000000000000000000e+00 7.480000000000000537e-02 2.677999999999999825e-01 4.012000000000000011e-01 2.920000000000000026e-02 -4.070000000000000007e-02 2.610000000000000167e-02 -9.099999999999996980e-03 1.405999999999999750e-01 1.569000000000000117e-01 9.500000000000001499e-03 -6.800000000000000488e-03 -5.099999999999996897e-03 5.595040000000000777e-03 7.171683999999999004e-02 1.609614400000000112e-01 8.526399999999999951e-04 1.656490000000000046e-03 6.812100000000001271e-04 8.280999999999994745e-05 1.976835999999999177e-02 2.461761000000000504e-02 9.025000000000002530e-05 4.624000000000000451e-05 2.600999999999996951e-05 1.131198250000000000e+06 1.210169625000000000e+06
1.000000000000000000e+00 6.219999999999999835e-02 1.559999999999999998e-01 5.062999999999999723e-01 3.790000000000000313e-02 -1.612000000000000099e-01 1.859999999999999848e-02 -1.260000000000000703e-02 -1.117999999999999827e-01 1.050999999999999712e-01 8.700000000000002870e-03 -1.205000000000000099e-01 -7.500000000000003192e-03 3.868839999999999692e-03 2.433599999999999999e-02 2.563396899999999534e-01 1.436410000000000161e-03 2.598544000000000201e-02 3.459599999999999199e-04 1.587600000000001673e-04 1.249923999999999653e-02 1.104600999999999326e-02 7.569000000000005628e-05 1.452025000000000191e-02 5.625000000000004589e-05 1.132307625000000000e+06 1.204948875000000000e+06
1.000000000000000000e+00 8.799999999999999489e-02 5.260000000000000092e-02 3.073000000000000176e-01 3.059999999999999873e-02 -1.504999999999999949e-01 1.540000000000000049e-02 2.579999999999999655e-02 -1.033999999999999919e-01 -1.989999999999999547e-01 -7.300000000000004402e-03 1.070000000000001505e-02 -3.199999999999997985e-03 7.743999999999999148e-03 2.766760000000000053e-03 9.443329000000001694e-02 9.363599999999999051e-04 2.265024999999999678e-02 2.371600000000000129e-04 6.656399999999997865e-04 1.069155999999999752e-02 3.960099999999998344e-02 5.329000000000006746e-05 1.144900000000003218e-04 1.023999999999998666e-05 1.133576250000000000e+06 1.207387375000000000e+06
1.000000000000000000e+00 9.120000000000000329e-02 1.670999999999999985e-01 2.660000000000000142e-01 3.049999999999999933e-02 -2.100000000000000130e-02 8.800000000000000530e-03 3.200000000000008393e-03 1.144999999999999907e-01 -4.130000000000000338e-02 -9.999999999999939493e-05 1.295000000000000040e-01 -6.599999999999999964e-03 8.317440000000000597e-03 2.792240999999999820e-02 7.075600000000001333e-02 9.302499999999999788e-04 4.410000000000000400e-04 7.744000000000000395e-05 1.024000000000005442e-05 1.311024999999999864e-02 1.705690000000000374e-03 9.999999999999879441e-09 1.677025000000000043e-02 4.355999999999999629e-05 1.133432250000000000e+06 1.212611125000000000e+06
1.000000000000000000e+00 7.979999999999999594e-02 3.639000000000000012e-01 3.321999999999999953e-01 1.899999999999999953e-02 -2.079999999999999905e-02 2.239999999999999977e-02 -1.140000000000000735e-02 1.968000000000000027e-01 6.619999999999998108e-02 -1.149999999999999981e-02 2.000000000000022593e-04 1.359999999999999924e-02 6.368039999999999291e-03 1.324232100000000134e-01 1.103568399999999977e-01 3.609999999999999928e-04 4.326399999999999777e-04 5.017599999999999665e-04 1.299600000000001720e-04 3.873023999999999911e-02 4.382439999999997865e-03 1.322499999999999891e-04 4.000000000000090081e-08 1.849599999999999910e-04 1.133758750000000000e+06 1.213152625000000000e+06
1.000000000000000000e+00 7.220000000000000029e-02 2.217000000000000082e-01 4.646000000000000130e-01 9.199999999999999845e-03 -2.474999999999999978e-01 2.939999999999999905e-02 -7.599999999999995648e-03 -1.421999999999999931e-01 1.324000000000000177e-01 -9.799999999999999684e-03 -2.267000000000000126e-01 6.999999999999999278e-03 5.212839999999999835e-03 4.915089000000000263e-02 2.158531600000000161e-01 8.464000000000000278e-05 6.125624999999999820e-02 8.643599999999999981e-04 5.775999999999993488e-05 2.022083999999999687e-02 1.752976000000000534e-02 9.603999999999999527e-05 5.139289000000000357e-02 4.899999999999999164e-05 1.133742125000000000e+06 1.209886000000000000e+06
1.000000000000000000e+00 8.000000000000000167e-02 -6.869999999999999718e-02 3.822999999999999732e-01 6.499999999999999702e-03 -1.933999999999999886e-01 2.769999999999999893e-02 7.800000000000001377e-03 -2.903999999999999915e-01 -8.230000000000003979e-02 -2.700000000000000143e-03 5.410000000000000919e-02 -1.700000000000000122e-03 6.400000000000000307e-03 4.719689999999999476e-03 1.461532899999999913e-01 4.224999999999999698e-05 3.740355999999999542e-02 7.672899999999998992e-04 6.084000000000002058e-05 8.433215999999998935e-02 6.773290000000006458e-03 7.290000000000000507e-06 2.926810000000001043e-03 2.890000000000000282e-06 1.135443625000000000e+06 1.212057375000000000e+06
1.000000000000000000e+00 8.640000000000000457e-02 2.313000000000000056e-01 1.948999999999999899e-01 3.899999999999999821e-03 -6.679999999999999827e-02 2.819999999999999937e-02 6.400000000000002909e-03 2.999999999999999889e-01 -1.873999999999999833e-01 -2.599999999999999881e-03 1.265999999999999903e-01 5.000000000000004441e-04 7.464960000000000519e-03 5.349969000000000252e-02 3.798600999999999367e-02 1.520999999999999837e-05 4.462240000000000130e-03 7.952400000000000094e-04 4.096000000000003474e-05 8.999999999999999667e-02 3.511875999999999193e-02 6.759999999999999652e-06 1.602755999999999625e-02 2.500000000000004651e-07 1.134939875000000000e+06 1.216235375000000000e+06
1.000000000000000000e+00 8.559999999999999554e-02 4.239999999999999880e-01 3.340000000000000191e-01 6.799999999999999621e-03 -3.409999999999999837e-02 3.980000000000000204e-02 -8.000000000000090372e-04 1.926999999999999824e-01 1.391000000000000292e-01 2.899999999999999800e-03 3.269999999999999990e-02 1.160000000000000267e-02 7.327359999999998909e-03 1.797759999999999914e-01 1.115560000000000163e-01 4.623999999999999774e-05 1.162809999999999799e-03 1.584040000000000101e-03 6.400000000000144130e-07 3.713328999999999241e-02 1.934881000000000795e-02 8.409999999999999101e-06 1.069290000000000084e-03 1.345600000000000669e-04 1.133713500000000000e+06 1.215861500000000000e+06
1.000000000000000000e+00 6.629999999999999782e-02 3.309000000000000274e-01 7.922000000000000153e-01 1.140000000000000041e-02 -2.411000000000000087e-01 5.630000000000000282e-02 -1.929999999999999771e-02 -9.309999999999996056e-02 4.581999999999999962e-01 4.600000000000000790e-03 -2.070000000000000173e-01 1.650000000000000078e-02 4.395689999999999840e-03 1.094948100000000119e-01 6.275808400000000287e-01 1.299600000000000093e-04 5.812921000000000754e-02 3.169690000000000181e-03 3.724899999999998980e-04 8.667609999999992265e-03 2.099472400000000072e-01 2.116000000000000747e-05 4.284900000000000514e-02 2.722500000000000310e-04 1.133970375000000000e+06 1.208292750000000000e+06
1.000000000000000000e+00 8.730000000000000260e-02 -1.179000000000000048e-01 2.320000000000000118e-01 4.000000000000000192e-04 -1.991999999999999882e-01 5.879999999999999810e-02 2.100000000000000477e-02 -4.488000000000000322e-01 -5.602000000000000313e-01 -1.100000000000000110e-02 4.190000000000002056e-02 2.499999999999995282e-03 7.621290000000000182e-03 1.390041000000000193e-02 5.382400000000000378e-02 1.600000000000000033e-07 3.968063999999999619e-02 3.457439999999999992e-03 4.410000000000002026e-04 2.014214400000000349e-01 3.138240400000000263e-01 1.210000000000000273e-04 1.755610000000001631e-03 6.249999999999976583e-06 1.133268500000000000e+06 1.207554625000000000e+06
1.000000000000000000e+00 9.410000000000000309e-02 3.513999999999999901e-01 2.272000000000000131e-01 -8.999999999999999754e-04 -1.015000000000000069e-01 6.130000000000000032e-02 6.800000000000000488e-03 4.692999999999999949e-01 -4.799999999999998712e-03 -1.299999999999999940e-03 9.769999999999998130e-02 2.500000000000002220e-03 8.854810000000001152e-03 1.234819599999999878e-01 5.161984000000000711e-02 8.099999999999999739e-07 1.030225000000000064e-02 3.757690000000000162e-03 4.624000000000000451e-05 2.202424899999999852e-01 2.303999999999998608e-05 1.689999999999999913e-06 9.545289999999996208e-03 6.250000000000011311e-06 1.132886375000000000e+06 1.205404375000000000e+06
1.000000000000000000e+00 7.409999999999999920e-02 3.996999999999999997e-01 4.398000000000000242e-01 4.799999999999999580e-03 -2.036999999999999922e-01 7.109999999999999654e-02 -2.000000000000000389e-02 4.830000000000000959e-02 2.126000000000000112e-01 5.699999999999999338e-03 -1.021999999999999853e-01 9.799999999999996214e-03 5.490809999999999615e-03 1.597600899999999935e-01 1.934240400000000193e-01 2.303999999999999625e-05 4.149368999999999974e-02 5.055209999999999218e-03 4.000000000000001818e-04 2.332890000000001091e-03 4.519876000000000449e-02 3.248999999999999555e-05 1.044483999999999690e-02 9.603999999999992751e-05 1.131350000000000000e+06 1.202936250000000000e+06
1.000000000000000000e+00 9.370000000000000551e-02 -2.680000000000000090e-02 2.975999999999999757e-01 5.000000000000000104e-03 -2.403000000000000136e-01 7.230000000000000315e-02 1.960000000000000631e-02 -4.264999999999999902e-01 -1.422000000000000486e-01 2.000000000000005246e-04 -3.660000000000002141e-02 1.200000000000006617e-03 8.779690000000001451e-03 7.182400000000000893e-04 8.856575999999997950e-02 2.500000000000000120e-05 5.774409000000000486e-02 5.227290000000000755e-03 3.841600000000002521e-04 1.819022499999999876e-01 2.022084000000001422e-02 4.000000000000021260e-08 1.339560000000001574e-03 1.440000000000015859e-06 1.132141625000000000e+06 1.200783250000000000e+06
1.000000000000000000e+00 9.170000000000000373e-02 4.130000000000000338e-02 2.139999999999999958e-01 2.500000000000000052e-03 -1.582000000000000073e-01 7.439999999999999392e-02 -2.000000000000001776e-03 6.810000000000000775e-02 -8.359999999999997988e-02 -2.500000000000000052e-03 8.210000000000000631e-02 2.099999999999990763e-03 8.408890000000000461e-03 1.705690000000000374e-03 4.579599999999999643e-02 6.250000000000000300e-06 2.502724000000000268e-02 5.535359999999998719e-03 4.000000000000007442e-06 4.637610000000001211e-03 6.988959999999996321e-03 6.250000000000000300e-06 6.740410000000001366e-03 4.409999999999961165e-06 1.132245125000000000e+06 1.203192125000000000e+06
1.000000000000000000e+00 8.809999999999999776e-02 1.670999999999999985e-01 3.688000000000000167e-01 1.039999999999999952e-02 -1.393000000000000071e-01 6.260000000000000286e-02 -3.600000000000005973e-03 1.257999999999999952e-01 1.548000000000000209e-01 7.899999999999999037e-03 1.890000000000000013e-02 -1.179999999999999105e-02 7.761609999999999517e-03 2.792240999999999820e-02 1.360134400000000132e-01 1.081599999999999944e-04 1.940449000000000340e-02 3.918760000000000299e-03 1.296000000000004363e-05 1.582563999999999846e-02 2.396304000000000489e-02 6.240999999999998014e-05 3.572100000000000036e-04 1.392399999999997849e-04 1.131181875000000000e+06 1.206268000000000000e+06
1.000000000000000000e+00 7.099999999999999367e-02 7.539999999999999480e-02 5.181000000000000050e-01 1.290000000000000001e-02 -2.856000000000000205e-01 7.330000000000000404e-02 -1.710000000000000409e-02 -9.170000000000000373e-02 1.492999999999999883e-01 2.500000000000000486e-03 -1.463000000000000134e-01 1.070000000000000118e-02 5.040999999999999474e-03 5.685159999999998999e-03 2.684276099999999832e-01 1.664100000000000008e-04 8.156736000000000542e-02 5.372890000000000825e-03 2.924100000000001633e-04 8.408890000000000461e-03 2.229048999999999614e-02 6.250000000000002841e-06 2.140369000000000299e-02 1.144900000000000236e-04 1.131416125000000000e+06 1.202861125000000000e+06
1.000000000000000000e+00 8.920000000000000151e-02 2.179999999999999993e-02 2.693999999999999728e-01 1.830000000000000029e-02 -2.001000000000000001e-01 5.120000000000000245e-02 1.820000000000000784e-02 -5.359999999999999487e-02 -2.487000000000000322e-01 5.400000000000000286e-03 8.550000000000002043e-02 -2.210000000000000159e-02 7.956640000000000934e-03 4.752399999999999832e-04 7.257635999999997867e-02 3.348900000000000141e-04 4.004001000000000088e-02 2.621440000000000055e-03 3.312400000000002777e-04 2.872959999999999490e-03 6.185169000000001471e-02 2.916000000000000203e-05 7.310250000000003377e-03 4.884100000000001027e-04 1.131423625000000000e+06 1.204977250000000000e+06
1.000000000000000000e+00 8.469999999999999751e-02 2.288000000000000034e-01 3.705999999999999850e-01 2.829999999999999877e-02 7.330000000000000404e-02 3.030000000000000054e-02 -4.500000000000003997e-03 2.070000000000000173e-01 1.012000000000000122e-01 9.999999999999998473e-03 2.733999999999999764e-01 -2.090000000000000191e-02 7.174089999999999287e-03 5.234944000000000403e-02 1.373443599999999987e-01 8.008899999999999570e-04 5.372890000000000825e-03 9.180899999999999868e-04 2.025000000000003482e-05 4.284900000000000514e-02 1.024144000000000269e-02 9.999999999999996413e-05 7.474755999999999068e-02 4.368100000000000953e-04 1.130918875000000000e+06 1.207739500000000000e+06
1.000000000000000000e+00 6.930000000000000049e-02 2.257000000000000117e-01 5.808999999999999719e-01 2.970000000000000070e-02 -2.480999999999999872e-01 4.170000000000000095e-02 -1.539999999999999702e-02 -3.099999999999991651e-03 2.102999999999999869e-01 1.400000000000001937e-03 -3.214000000000000190e-01 1.140000000000000041e-02 4.802490000000000404e-03 5.094049000000000493e-02 3.374448099999999839e-01 8.820900000000000876e-04 6.155360999999999472e-02 1.738890000000000097e-03 2.371599999999999045e-04 9.609999999999948648e-06 4.422608999999999568e-02 1.960000000000005375e-06 1.032979600000000081e-01 1.299600000000000093e-04 1.131920250000000000e+06 1.205410625000000000e+06
1.000000000000000000e+00 7.270000000000000073e-02 2.232000000000000095e-01 5.541000000000000369e-01 2.450000000000000094e-02 -1.063000000000000056e-01 5.120000000000000245e-02 3.400000000000000244e-03 -2.500000000000002220e-03 -2.679999999999993499e-02 -5.199999999999999761e-03 1.417999999999999816e-01 9.500000000000001499e-03 5.285289999999999780e-03 4.981824000000000668e-02 3.070268100000000389e-01 6.002500000000000890e-04 1.129969000000000112e-02 2.621440000000000055e-03 1.156000000000000113e-05 6.250000000000011311e-06 7.182399999999965114e-04 2.703999999999999861e-05 2.010723999999999498e-02 9.025000000000002530e-05 1.133357500000000000e+06 1.206674750000000000e+06
1.000000000000000000e+00 9.500000000000000111e-02 7.560000000000000053e-02 2.793999999999999817e-01 1.220000000000000077e-02 -2.558000000000000274e-01 5.630000000000000282e-02 2.230000000000000038e-02 -1.476000000000000090e-01 -2.747000000000000552e-01 -1.230000000000000017e-02 -1.495000000000000218e-01 5.100000000000000366e-03 9.025000000000000036e-03 5.715360000000000058e-03 7.806435999999998543e-02 1.488400000000000183e-04 6.543364000000001512e-02 3.169690000000000181e-03 4.972900000000000584e-04 2.178576000000000124e-02 7.546009000000003519e-02 1.512899999999999965e-04 2.235025000000000553e-02 2.601000000000000339e-05 1.135017375000000000e+06 1.212821250000000000e+06
1.000000000000000000e+00 9.810000000000000664e-02 3.023000000000000131e-01 2.852999999999999980e-01 1.609999999999999973e-02 6.900000000000000577e-02 3.749999999999999861e-02 3.100000000000005529e-03 2.267000000000000126e-01 5.900000000000016342e-03 3.899999999999998954e-03 3.248000000000000331e-01 -1.880000000000000421e-02 9.623610000000001191e-03 9.138529000000000790e-02 8.139609000000000427e-02 2.592100000000000068e-04 4.761000000000000475e-03 1.406249999999999948e-03 9.610000000000035045e-06 5.139289000000000357e-02 3.481000000000019018e-05 1.520999999999999159e-05 1.054950400000000260e-01 3.534400000000001668e-04 1.133578125000000000e+06 1.216383250000000000e+06
1.000000000000000000e+00 8.000000000000000167e-02 3.524999999999999800e-01 4.208999999999999964e-01 1.239999999999999956e-02 -1.665000000000000091e-01 5.109999999999999959e-02 -1.810000000000000497e-02 5.019999999999996687e-02 1.355999999999999983e-01 -3.700000000000000164e-03 -2.355000000000000149e-01 1.360000000000000098e-02 6.400000000000000307e-03 1.242562499999999848e-01 1.771568099999999979e-01 1.537599999999999915e-04 2.772225000000000383e-02 2.611210000000000094e-03 3.276100000000002057e-04 2.520039999999996831e-03 1.838735999999999843e-02 1.369000000000000106e-05 5.546025000000000954e-02 1.849600000000000181e-04 1.131448000000000000e+06 1.210298375000000000e+06
1.000000000000000000e+00 8.050000000000000211e-02 1.907999999999999974e-01 5.070000000000000062e-01 2.819999999999999937e-02 -1.400000000000000133e-01 7.420000000000000207e-02 5.000000000000004441e-04 -1.616999999999999826e-01 8.610000000000000986e-02 1.580000000000000154e-02 2.649999999999999578e-02 2.310000000000000248e-02 6.480250000000000767e-03 3.640464000000000200e-02 2.570490000000000275e-01 7.952400000000000094e-04 1.960000000000000284e-02 5.505640000000000013e-03 2.500000000000004651e-07 2.614688999999999555e-02 7.413210000000001673e-03 2.496400000000000290e-04 7.022499999999997494e-04 5.336100000000001172e-04 1.130427000000000000e+06 1.204361125000000000e+06
1.000000000000000000e+00 9.249999999999999889e-02 -9.750000000000000333e-02 2.046000000000000041e-01 1.179999999999999973e-02 -1.930000000000000049e-01 7.389999999999999347e-02 1.199999999999999678e-02 -2.883000000000000007e-01 -3.024000000000000021e-01 -1.639999999999999791e-02 -5.299999999999999156e-02 -3.000000000000085931e-04 8.556249999999999620e-03 9.506250000000000810e-03 4.186116000000000142e-02 1.392400000000000018e-04 3.724900000000000433e-02 5.461209999999999329e-03 1.439999999999999223e-04 8.311688999999999883e-02 9.144576000000000093e-02 2.689599999999999456e-04 2.808999999999998998e-03 9.000000000000516018e-08 1.130735125000000000e+06 1.203743250000000000e+06
1.000000000000000000e+00 9.550000000000000155e-02 3.825999999999999956e-01 2.797999999999999932e-01 1.519999999999999997e-02 5.349999999999999895e-02 4.440000000000000197e-02 3.000000000000002665e-03 4.800999999999999712e-01 7.519999999999998908e-02 3.400000000000000244e-03 2.464999999999999969e-01 -2.949999999999999151e-02 9.120249999999999885e-03 1.463827600000000007e-01 7.828803999999998930e-02 2.310400000000000106e-04 2.862249999999999777e-03 1.971360000000000126e-03 9.000000000000015475e-06 2.304960099999999734e-01 5.655039999999998332e-03 1.156000000000000113e-05 6.076224999999999682e-02 8.702499999999994962e-04 1.135032625000000000e+06 1.215011750000000000e+06
1.000000000000000000e+00 7.560000000000000053e-02 3.108000000000000207e-01 6.682000000000000162e-01 1.650000000000000078e-02 -3.210000000000000075e-01 6.090000000000000274e-02 -1.990000000000000102e-02 -7.179999999999997495e-02 3.884000000000000230e-01 1.300000000000000808e-03 -3.744999999999999996e-01 1.650000000000000078e-02 5.715360000000000058e-03 9.659664000000001138e-02 4.464912400000000114e-01 2.722500000000000310e-04 1.030410000000000076e-01 3.708810000000000318e-03 3.960100000000000252e-04 5.155239999999996700e-03 1.508545600000000264e-01 1.690000000000002031e-06 1.402502499999999930e-01 2.722500000000000310e-04 1.137371625000000000e+06 1.213470000000000000e+06
1.000000000000000000e+00 9.099999999999999756e-02 -3.980000000000000204e-02 3.270000000000000129e-01 4.300000000000000003e-03 -1.965000000000000080e-01 5.489999999999999741e-02 1.539999999999999702e-02 -3.506000000000000227e-01 -3.412000000000000033e-01 -1.220000000000000077e-02 1.244999999999999996e-01 -6.000000000000005329e-03 8.281000000000000166e-03 1.584040000000000101e-03 1.069290000000000102e-01 1.849000000000000085e-05 3.861225000000000074e-02 3.014009999999999693e-03 2.371599999999999045e-04 1.229203600000000202e-01 1.164174399999999970e-01 1.488400000000000183e-04 1.550025000000000014e-02 3.600000000000006190e-05 1.134562250000000000e+06 1.207789125000000000e+06
1.000000000000000000e+00 1.052000000000000018e-01 1.927000000000000102e-01 1.062000000000000027e-01 -3.399999999999999811e-03 -1.489999999999999936e-01 5.059999999999999915e-02 1.420000000000000429e-02 2.325000000000000122e-01 -2.207999999999999963e-01 -7.700000000000000247e-03 4.750000000000001443e-02 -4.299999999999998268e-03 1.106704000000000021e-02 3.713329000000000629e-02 1.127844000000000069e-02 1.155999999999999943e-05 2.220099999999999851e-02 2.560359999999999806e-03 2.016400000000001091e-04 5.405625000000000707e-02 4.875263999999999986e-02 5.929000000000000324e-05 2.256250000000001310e-03 1.848999999999998391e-05 1.133380125000000000e+06 1.206079875000000000e+06
1.000000000000000000e+00 9.750000000000000333e-02 2.309999999999999901e-02 1.414999999999999869e-01 -8.600000000000000006e-03 -7.860000000000000320e-02 6.019999999999999657e-02 -7.699999999999998512e-03 -1.696000000000000008e-01 3.529999999999998417e-02 -5.199999999999999761e-03 7.039999999999999036e-02 9.599999999999997424e-03 9.506250000000000810e-03 5.336099999999999004e-04 2.002224999999999491e-02 7.396000000000000339e-05 6.177960000000000569e-03 3.624039999999999380e-03 5.928999999999997613e-05 2.876416000000000042e-02 1.246089999999998961e-03 2.703999999999999861e-05 4.956159999999998518e-03 9.215999999999994433e-05 1.129451125000000000e+06 1.204693000000000000e+06
1.000000000000000000e+00 9.719999999999999474e-02 3.372999999999999887e-01 4.734999999999999765e-01 -4.400000000000000265e-03 -1.199000000000000066e-01 7.149999999999999412e-02 -3.000000000000085931e-04 3.141999999999999793e-01 3.319999999999999618e-01 4.199999999999999740e-03 -4.130000000000000338e-02 1.129999999999999755e-02 9.447839999999999017e-03 1.137712899999999971e-01 2.242022499999999641e-01 1.936000000000000099e-05 1.437601000000000157e-02 5.112249999999998740e-03 9.000000000000516018e-08 9.872163999999998552e-02 1.102239999999999748e-01 1.763999999999999713e-05 1.705690000000000374e-03 1.276899999999999379e-04 1.127620125000000000e+06 1.201855250000000000e+06
1.000000000000000000e+00 9.220000000000000417e-02 -5.709999999999999798e-02 5.615999999999999881e-01 -4.000000000000000192e-04 -2.549000000000000155e-01 6.940000000000000335e-02 -4.999999999999990563e-03 -3.943999999999999728e-01 8.810000000000001164e-02 4.000000000000000083e-03 -1.350000000000000089e-01 -2.099999999999990763e-03 8.500840000000000826e-03 3.260409999999999611e-03 3.153945599999999905e-01 1.600000000000000033e-07 6.497401000000001259e-02 4.816360000000000433e-03 2.499999999999990633e-05 1.555513599999999719e-01 7.761610000000002119e-03 1.599999999999999928e-05 1.822500000000000162e-02 4.409999999999961165e-06 1.130340500000000000e+06 1.202076000000000000e+06
1.000000000000000000e+00 1.035999999999999976e-01 5.499999999999999681e-03 4.492999999999999772e-01 -7.100000000000000408e-03 -1.769999999999999907e-01 5.380000000000000060e-02 1.139999999999999347e-02 6.260000000000000286e-02 -1.123000000000000109e-01 -6.700000000000000226e-03 7.790000000000002478e-02 -1.560000000000000275e-02 1.073295999999999972e-02 3.024999999999999667e-05 2.018704899999999858e-01 5.041000000000000694e-05 3.132899999999999574e-02 2.894439999999999860e-03 1.299599999999998467e-04 3.918760000000000299e-03 1.261129000000000243e-02 4.489000000000000558e-05 6.068410000000004113e-03 2.433600000000000823e-04 1.133722250000000000e+06 1.208358000000000000e+06
1.000000000000000000e+00 1.025999999999999968e-01 4.097000000000000086e-01 5.167000000000000481e-01 5.999999999999999474e-04 -1.025999999999999968e-01 5.290000000000000258e-02 -1.000000000000000888e-03 4.042000000000000037e-01 6.740000000000007097e-02 7.700000000000000247e-03 7.439999999999999392e-02 -8.999999999999980238e-04 1.052675999999999959e-02 1.678540900000000113e-01 2.669788900000000242e-01 3.599999999999999414e-07 1.052675999999999959e-02 2.798410000000000307e-03 1.000000000000001861e-06 1.633776399999999906e-01 4.542760000000009395e-03 5.929000000000000324e-05 5.535359999999998719e-03 8.099999999999964799e-07 1.133244375000000000e+06 1.212073625000000000e+06
1.000000000000000000e+00 7.820000000000000562e-02 8.140000000000000013e-02 6.874000000000000110e-01 -5.700000000000000205e-03 -2.921000000000000263e-01 5.220000000000000334e-02 -2.439999999999999114e-02 -3.283000000000000362e-01 1.706999999999999629e-01 -6.300000000000000044e-03 -1.895000000000000295e-01 -6.999999999999992339e-04 6.115240000000000953e-03 6.625960000000000183e-03 4.725187600000000376e-01 3.249000000000000233e-05 8.532241000000001518e-02 2.724840000000000508e-03 5.953599999999995311e-04 1.077808900000000181e-01 2.913848999999998565e-02 3.969000000000000116e-05 3.591025000000001161e-02 4.899999999999989084e-07 1.131744125000000000e+06 1.205047875000000000e+06
1.000000000000000000e+00 9.329999999999999405e-02 -3.420000000000000123e-02 6.318000000000000282e-01 -5.999999999999999474e-04 -2.437000000000000000e-01 5.569999999999999951e-02 1.509999999999998843e-02 -1.156000000000000083e-01 -5.559999999999998277e-02 5.100000000000000366e-03 4.840000000000002633e-02 3.499999999999996170e-03 8.704889999999998115e-03 1.169640000000000003e-03 3.991712400000000383e-01 3.599999999999999414e-07 5.938969000000000192e-02 3.102489999999999849e-03 2.280099999999996550e-04 1.336336000000000121e-02 3.091359999999998293e-03 2.601000000000000339e-05 2.342560000000002644e-03 1.224999999999997250e-05 1.133179250000000000e+06 1.208480375000000000e+06
1.000000000000000000e+00 1.060999999999999999e-01 1.499999999999999944e-01 1.595999999999999919e-01 -5.599999999999999943e-03 6.400000000000000133e-02 5.279999999999999971e-02 1.280000000000000582e-02 1.842000000000000026e-01 -4.722000000000000641e-01 -5.000000000000000104e-03 3.076999999999999735e-01 -2.899999999999999800e-03 1.125721000000000013e-02 2.249999999999999917e-02 2.547215999999999717e-02 3.135999999999999790e-05 4.095999999999999815e-03 2.787839999999999763e-03 1.638400000000001390e-04 3.392964000000000396e-02 2.229728400000000610e-01 2.500000000000000120e-05 9.467928999999998541e-02 8.409999999999999101e-06 1.132497375000000000e+06 1.213747625000000000e+06
1.000000000000000000e+00 9.740000000000000047e-02 2.326000000000000012e-01 2.833999999999999853e-01 -5.799999999999999600e-03 -7.910000000000000364e-02 5.790000000000000008e-02 -8.699999999999999400e-03 8.260000000000000675e-02 1.237999999999999934e-01 -1.999999999999996572e-04 -1.431000000000000050e-01 5.100000000000000366e-03 9.486760000000000331e-03 5.410275999999999974e-02 8.031555999999999418e-02 3.363999999999999640e-05 6.256810000000000670e-03 3.352410000000000112e-03 7.568999999999998852e-05 6.822760000000001497e-03 1.532643999999999847e-02 3.999999999999986187e-08 2.047761000000000026e-02 2.601000000000000339e-05 1.131112625000000000e+06 1.209488750000000000e+06
1.000000000000000000e+00 8.730000000000000260e-02 1.077000000000000041e-01 6.298000000000000265e-01 5.000000000000000104e-03 -3.960000000000000325e-02 6.679999999999999827e-02 -1.009999999999999787e-02 -1.248999999999999971e-01 3.464000000000000412e-01 1.080000000000000057e-02 3.950000000000000039e-02 8.899999999999998190e-03 7.621290000000000182e-03 1.159929000000000168e-02 3.966480400000000350e-01 2.500000000000000120e-05 1.568160000000000300e-03 4.462240000000000130e-03 1.020099999999999534e-04 1.560000999999999922e-02 1.199929600000000235e-01 1.166400000000000081e-04 1.560250000000000005e-03 7.920999999999996837e-05 1.133201750000000000e+06 1.205539750000000000e+06
1.000000000000000000e+00 1.040999999999999981e-01 4.799999999999999580e-03 3.450000000000000289e-02 -1.080000000000000057e-02 -1.804000000000000048e-01 6.110000000000000153e-02 1.679999999999999549e-02 -1.029000000000000054e-01 -5.953000000000000513e-01 -1.580000000000000154e-02 -1.408000000000000085e-01 -5.699999999999996736e-03 1.083680999999999880e-02 2.303999999999999625e-05 1.190250000000000119e-03 1.166400000000000081e-04 3.254416000000000253e-02 3.733210000000000261e-03 2.822399999999998456e-04 1.058841000000000122e-02 3.543820900000000385e-01 2.496400000000000290e-04 1.982464000000000101e-02 3.248999999999996167e-05 1.134379500000000000e+06 1.209376875000000000e+06
1.000000000000000000e+00 1.032000000000000001e-01 2.033999999999999975e-01 1.627000000000000113e-01 -2.999999999999999737e-04 1.406000000000000028e-01 5.210000000000000048e-02 -8.999999999999980238e-04 1.985999999999999988e-01 1.282000000000000084e-01 1.050000000000000065e-02 3.210000000000000075e-01 -9.000000000000001055e-03 1.065024000000000005e-02 4.137156000000000167e-02 2.647129000000000495e-02 8.999999999999998534e-08 1.976836000000000218e-02 2.714410000000000000e-03 8.099999999999964799e-07 3.944195999999999813e-02 1.643524000000000374e-02 1.102500000000000100e-04 1.030410000000000076e-01 8.100000000000001730e-05 1.132563875000000000e+06 1.208977125000000000e+06
1.000000000000000000e+00 8.740000000000000546e-02 2.819999999999999729e-01 6.953000000000000291e-01 -8.300000000000000086e-03 -1.087999999999999939e-01 5.410000000000000225e-02 -1.579999999999999460e-02 7.859999999999997544e-02 5.325999999999999623e-01 -8.000000000000000167e-03 -2.494000000000000106e-01 2.000000000000001776e-03 7.638760000000001382e-03 7.952399999999998359e-02 4.834420900000000465e-01 6.888999999999999941e-05 1.183743999999999942e-02 2.926810000000000175e-03 2.496399999999998121e-04 6.177959999999996232e-03 2.836627599999999583e-01 6.399999999999999710e-05 6.220036000000000315e-02 4.000000000000007442e-06 1.131373875000000000e+06 1.208145250000000000e+06
1.000000000000000000e+00 7.049999999999999323e-02 1.248999999999999971e-01 8.615000000000000435e-01 -1.020000000000000073e-02 -2.528000000000000247e-01 4.159999999999999809e-02 -1.690000000000001223e-02 -1.570999999999999619e-01 1.662000000000000144e-01 -1.900000000000000647e-03 -1.440000000000000169e-01 -1.250000000000000416e-02 4.970249999999998974e-03 1.560000999999999922e-02 7.421822500000000433e-01 1.040400000000000135e-04 6.390784000000000742e-02 1.730559999999999911e-03 2.856100000000004317e-04 2.468040999999998944e-02 2.762244000000000504e-02 3.610000000000002282e-06 2.073600000000000443e-02 1.562500000000001117e-04 1.133592375000000000e+06 1.204989625000000000e+06
1.000000000000000000e+00 8.799999999999999489e-02 1.340000000000000080e-01 2.701000000000000068e-01 -2.050000000000000086e-02 -1.607999999999999985e-01 2.380000000000000171e-02 1.750000000000000167e-02 9.100000000000010858e-03 -5.914000000000000368e-01 -1.030000000000000013e-02 9.200000000000002620e-02 -1.779999999999999638e-02 7.743999999999999148e-03 1.795600000000000321e-02 7.295400999999999969e-02 4.202500000000000506e-04 2.585664000000000018e-02 5.664400000000000858e-04 3.062500000000000443e-04 8.281000000000019140e-05 3.497539600000000304e-01 1.060900000000000092e-04 8.464000000000004506e-03 3.168399999999998735e-04 1.134854375000000000e+06 1.209489625000000000e+06
1.000000000000000000e+00 8.959999999999999909e-02 3.024000000000000021e-01 3.221999999999999864e-01 -2.029999999999999860e-02 -1.376999999999999891e-01 2.200000000000000133e-03 1.600000000000004197e-03 1.683999999999999941e-01 5.209999999999997966e-02 2.000000000000022593e-04 2.310000000000000941e-02 -2.160000000000000114e-02 8.028159999999999463e-03 9.144576000000000093e-02 1.038128399999999896e-01 4.120899999999999390e-04 1.896128999999999870e-02 4.840000000000000247e-06 2.560000000000013606e-06 2.835855999999999794e-02 2.714409999999997831e-03 4.000000000000090081e-08 5.336100000000004425e-04 4.665600000000000324e-04 1.133564375000000000e+06 1.210610875000000000e+06
1.000000000000000000e+00 6.400000000000000133e-02 2.878999999999999893e-01 5.689999999999999503e-01 -2.599999999999999881e-02 -2.838999999999999857e-01 1.600000000000000033e-02 -2.559999999999999776e-02 -1.450000000000001288e-02 2.467999999999999639e-01 -5.700000000000000205e-03 -1.461999999999999966e-01 1.379999999999999977e-02 4.095999999999999815e-03 8.288640999999999370e-02 3.237609999999999655e-01 6.759999999999999516e-04 8.059920999999999058e-02 2.559999999999999884e-04 6.553599999999999053e-04 2.102500000000003672e-04 6.091023999999998356e-02 3.249000000000000233e-05 2.137443999999999802e-02 1.904399999999999995e-04 1.132475250000000000e+06 1.207180125000000000e+06
1.000000000000000000e+00 7.929999999999999549e-02 1.260999999999999899e-01 3.842999999999999750e-01 -2.949999999999999845e-02 -2.765000000000000235e-01 1.820000000000000090e-02 1.529999999999999416e-02 -1.617999999999999994e-01 -1.846999999999999753e-01 -3.499999999999999639e-03 7.399999999999962164e-03 2.200000000000000566e-03 6.288489999999999011e-03 1.590120999999999896e-02 1.476864899999999758e-01 8.702499999999999299e-04 7.645225000000001325e-02 3.312400000000000067e-04 2.340899999999998136e-04 2.617923999999999946e-02 3.411408999999999275e-02 1.224999999999999791e-05 5.475999999999944183e-05 4.840000000000002788e-06 1.134279250000000000e+06 1.206351500000000000e+06
1.000000000000000000e+00 9.790000000000000091e-02 3.310000000000000164e-01 1.801000000000000101e-01 -3.939999999999999752e-02 -1.389999999999999916e-02 -5.899999999999999863e-03 1.860000000000000542e-02 2.049000000000000266e-01 -2.041999999999999649e-01 -9.899999999999999079e-03 2.626000000000000001e-01 -2.409999999999999989e-02 9.584409999999999805e-03 1.095610000000000056e-01 3.243601000000000123e-02 1.552359999999999808e-03 1.932099999999999746e-04 3.481000000000000045e-05 3.459600000000001910e-04 4.198401000000000910e-02 4.169763999999998721e-02 9.800999999999997811e-05 6.895875999999999395e-02 5.808099999999999635e-04 1.133470750000000000e+06 1.209507250000000000e+06
1.000000000000000000e+00 8.069999999999999396e-02 4.559000000000000274e-01 4.274999999999999911e-01 -3.429999999999999716e-02 -3.819999999999999785e-02 -4.700000000000000185e-03 -1.720000000000000695e-02 1.249000000000000110e-01 2.473999999999999810e-01 5.100000000000000366e-03 -2.429999999999999868e-02 1.199999999999999678e-03 6.512489999999999252e-03 2.078448100000000187e-01 1.827562499999999812e-01 1.176489999999999871e-03 1.459239999999999886e-03 2.209000000000000026e-05 2.958400000000002304e-04 1.560001000000000269e-02 6.120675999999999201e-02 2.601000000000000339e-05 5.904899999999999385e-04 1.439999999999999130e-06 1.133112625000000000e+06 1.211997500000000000e+06
1.000000000000000000e+00 9.260000000000000175e-02 2.555999999999999939e-01 4.944999999999999951e-01 -2.649999999999999925e-02 -4.150000000000000216e-02 6.000000000000000125e-03 1.190000000000000779e-02 -2.003000000000000336e-01 6.700000000000000400e-02 7.799999999999997907e-03 -3.300000000000004319e-03 1.070000000000000118e-02 8.574760000000000715e-03 6.533135999999999111e-02 2.445302500000000046e-01 7.022499999999999663e-04 1.722250000000000256e-03 3.600000000000000091e-05 1.416100000000001841e-04 4.012009000000001102e-02 4.489000000000000802e-03 6.083999999999996637e-05 1.089000000000002787e-05 1.144900000000000236e-04 1.135532500000000000e+06 1.210007375000000000e+06
1.000000000000000000e+00 9.180000000000000659e-02 3.769999999999999740e-02 2.447000000000000008e-01 -3.629999999999999893e-02 6.599999999999999964e-03 -4.400000000000000265e-03 -7.999999999999951594e-04 -2.178999999999999826e-01 -2.497999999999999943e-01 -9.799999999999999684e-03 4.810000000000000386e-02 -1.039999999999999952e-02 8.427240000000000772e-03 1.421289999999999750e-03 5.987809000000000187e-02 1.317689999999999834e-03 4.355999999999999629e-05 1.936000000000000099e-05 6.399999999999922842e-07 4.748040999999999373e-02 6.240003999999999690e-02 9.603999999999999527e-05 2.313610000000000232e-03 1.081599999999999944e-04 1.132265125000000000e+06 1.210931625000000000e+06
1.000000000000000000e+00 6.819999999999999674e-02 4.072999999999999954e-01 7.553999999999999604e-01 -3.960000000000000325e-02 -1.136000000000000065e-01 1.000000000000000048e-04 -2.360000000000000986e-02 3.695999999999999841e-01 5.106999999999999318e-01 -3.300000000000004319e-03 -1.202000000000000013e-01 4.500000000000000527e-03 4.651239999999999195e-03 1.658932899999999988e-01 5.706291599999999686e-01 1.568160000000000300e-03 1.290496000000000178e-02 1.000000000000000021e-08 5.569600000000004408e-04 1.366041599999999745e-01 2.608144899999999544e-01 1.089000000000002787e-05 1.444804000000000054e-02 2.025000000000000432e-05 1.131385875000000000e+06 1.207754125000000000e+06
1.000000000000000000e+00 7.739999999999999658e-02 -1.637000000000000122e-01 3.176999999999999824e-01 -4.220000000000000140e-02 -1.567000000000000060e-01 1.149999999999999981e-02 9.199999999999999845e-03 -5.709999999999999520e-01 -4.376999999999999780e-01 -2.599999999999998146e-03 -4.309999999999999942e-02 1.140000000000000041e-02 5.990759999999999488e-03 2.679769000000000248e-02 1.009332899999999950e-01 1.780840000000000114e-03 2.455489000000000283e-02 1.322499999999999891e-04 8.464000000000000278e-05 3.260409999999999697e-01 1.915812899999999874e-01 6.759999999999990334e-06 1.857609999999999990e-03 1.299600000000000093e-04 1.132820625000000000e+06 1.204701625000000000e+06
1.000000000000000000e+00 8.010000000000000453e-02 -8.740000000000000546e-02 2.921000000000000263e-01 -4.379999999999999866e-02 -1.048000000000000043e-01 -3.000000000000000062e-03 2.700000000000007949e-03 7.630000000000000671e-02 -2.559999999999995612e-02 -1.599999999999997258e-03 5.190000000000000169e-02 -1.449999999999999900e-02 6.416010000000000636e-03 7.638760000000001382e-03 8.532241000000001518e-02 1.918439999999999989e-03 1.098304000000000120e-02 9.000000000000000228e-06 7.290000000000042858e-06 5.821690000000000892e-03 6.553599999999977369e-04 2.559999999999991160e-06 2.693610000000000362e-03 2.102499999999999606e-04 1.132767125000000000e+06 1.205406250000000000e+06
1.000000000000000000e+00 7.019999999999999851e-02 4.112999999999999989e-01 3.553999999999999937e-01 -4.769999999999999934e-02 -3.109999999999999917e-02 -4.100000000000000346e-03 -9.900000000000006017e-03 4.987000000000000322e-01 6.329999999999996740e-02 -3.900000000000000688e-03 7.370000000000000162e-02 -1.100000000000000283e-03 4.928039999999999851e-03 1.691676900000000094e-01 1.263091600000000037e-01 2.275290000000000125e-03 9.672099999999999231e-04 1.681000000000000338e-05 9.801000000000011363e-05 2.487016900000000308e-01 4.006889999999995594e-03 1.521000000000000515e-05 5.431690000000000303e-03 1.210000000000000697e-06 1.132090875000000000e+06 1.207115875000000000e+06
1.000000000000000000e+00 5.290000000000000258e-02 3.876000000000000001e-01 5.628999999999999559e-01 -5.120000000000000245e-02 -1.673999999999999932e-01 -7.000000000000000146e-03 -1.729999999999999594e-02 -2.369999999999999885e-02 2.074999999999999623e-01 -3.500000000000003109e-03 -1.363000000000000045e-01 -2.899999999999999800e-03 2.798410000000000307e-03 1.502337599999999940e-01 3.168564099999999772e-01 2.621440000000000055e-03 2.802275999999999725e-02 4.900000000000000519e-05 2.992899999999998535e-04 5.616899999999999974e-04 4.305624999999998342e-02 1.225000000000002163e-05 1.857769000000000087e-02 8.409999999999999101e-06 1.132905625000000000e+06 1.206616500000000000e+06
1.000000000000000000e+00 7.349999999999999589e-02 -2.270000000000000143e-02 3.286000000000000032e-01 -5.990000000000000185e-02 -1.068000000000000060e-01 -1.490000000000000005e-02 2.059999999999999332e-02 -4.102999999999999980e-01 -2.342999999999999527e-01 -8.699999999999999400e-03 6.059999999999998721e-02 -7.900000000000000772e-03 5.402249999999999067e-03 5.152900000000000622e-04 1.079779599999999978e-01 3.588010000000000418e-03 1.140624000000000152e-02 2.220099999999999971e-04 4.243599999999997114e-04 1.683460900000000038e-01 5.489648999999997836e-02 7.568999999999998852e-05 3.672359999999998646e-03 6.241000000000000724e-05 1.135517750000000000e+06 1.209213375000000000e+06
1.000000000000000000e+00 6.890000000000000291e-02 1.370000000000000107e-01 3.572000000000000175e-01 -5.909999999999999976e-02 -2.460000000000000034e-02 2.000000000000000042e-03 -4.599999999999992983e-03 1.597000000000000086e-01 2.860000000000001430e-02 8.000000000000020983e-04 8.220000000000000917e-02 1.689999999999999836e-02 4.747209999999999971e-03 1.876900000000000443e-02 1.275918400000000119e-01 3.492809999999999838e-03 6.051599999999999861e-04 3.999999999999999819e-06 2.115999999999993632e-05 2.550409000000000356e-02 8.179600000000008218e-04 6.400000000000034015e-07 6.756840000000001803e-03 2.856099999999999438e-04 1.133466000000000000e+06 1.210239375000000000e+06
1.000000000000000000e+00 4.449999999999999789e-02 1.584000000000000130e-01 6.086000000000000298e-01 -5.600000000000000117e-02 -1.156999999999999973e-01 -2.500000000000000052e-03 -2.440000000000000502e-02 2.140000000000000235e-02 2.514000000000000123e-01 3.099999999999998590e-03 -9.110000000000000042e-02 -4.500000000000000527e-03 1.980249999999999806e-03 2.509056000000000480e-02 3.703939600000000221e-01 3.136000000000000332e-03 1.338648999999999915e-02 6.250000000000000300e-06 5.953600000000002900e-04 4.579600000000000944e-04 6.320196000000000147e-02 9.609999999999991000e-06 8.299209999999999574e-03 2.025000000000000432e-05 1.130937625000000000e+06 1.204538750000000000e+06
1.000000000000000000e+00 6.660000000000000642e-02 -2.149999999999999828e-02 3.563999999999999946e-01 -4.710000000000000298e-02 -7.679999999999999327e-02 -2.040000000000000147e-02 2.210000000000000853e-02 -1.799000000000000044e-01 -2.522000000000000353e-01 8.899999999999998190e-03 3.890000000000000402e-02 -1.790000000000000271e-02 4.435560000000000717e-03 4.622499999999999331e-04 1.270209599999999883e-01 2.218410000000000087e-03 5.898239999999999039e-03 4.161600000000000542e-04 4.884100000000004280e-04 3.236400999999999861e-02 6.360484000000002358e-02 7.920999999999996837e-05 1.513210000000000293e-03 3.204100000000000849e-04 1.133429000000000000e+06 1.205577000000000000e+06
1.000000000000000000e+00 6.990000000000000380e-02 5.129999999999999838e-02 9.320000000000000506e-02 -3.540000000000000091e-02 1.149999999999999981e-02 -3.389999999999999958e-02 3.299999999999997380e-03 7.280000000000000360e-02 -2.631999999999999895e-01 1.170000000000000207e-02 8.829999999999998961e-02 -1.349999999999999811e-02 4.886010000000000526e-03 2.631689999999999897e-03 8.686240000000001321e-03 1.253160000000000125e-03 1.322499999999999891e-04 1.149209999999999902e-03 1.088999999999998213e-05 5.299840000000000106e-03 6.927424000000000082e-02 1.368900000000000531e-04 7.796889999999998162e-03 1.822499999999999576e-04 1.133851625000000000e+06 1.207825250000000000e+06
1.000000000000000000e+00 4.719999999999999890e-02 2.823999999999999844e-01 5.941999999999999504e-01 -4.830000000000000265e-02 -3.599999999999999901e-03 -4.479999999999999954e-02 -2.270000000000000490e-02 2.310999999999999721e-01 5.009999999999998899e-01 -1.290000000000000174e-02 -1.509999999999999884e-02 -1.089999999999999997e-02 2.227840000000000029e-03 7.974975999999998899e-02 3.530736399999999664e-01 2.332890000000000224e-03 1.295999999999999958e-05 2.007039999999999866e-03 5.152900000000001706e-04 5.340720999999998969e-02 2.510009999999998631e-01 1.664100000000000551e-04 2.280099999999999532e-04 1.188099999999999958e-04 1.131569375000000000e+06 1.207148750000000000e+06
1.000000000000000000e+00 4.719999999999999890e-02 1.171999999999999986e-01 7.099999999999999645e-01 -8.469999999999999751e-02 -1.540999999999999870e-01 -9.400000000000000369e-03 0.000000000000000000e+00 -1.651999999999999857e-01 1.158000000000000140e-01 -3.639999999999999486e-02 -1.504999999999999949e-01 3.540000000000000091e-02 2.227840000000000029e-03 1.373583999999999916e-02 5.040999999999999925e-01 7.174089999999999287e-03 2.374680999999999667e-02 8.836000000000000104e-05 0.000000000000000000e+00 2.729103999999999558e-02 1.340964000000000392e-02 1.324959999999999593e-03 2.265024999999999678e-02 1.253160000000000125e-03 1.134913375000000000e+06 1.206859000000000000e+06
1.000000000000000000e+00 6.479999999999999649e-02 1.451000000000000068e-01 3.663000000000000145e-01 -4.970000000000000112e-02 1.131999999999999951e-01 -3.299999999999999982e-03 1.759999999999999759e-02 2.790000000000000813e-02 -3.436999999999999500e-01 3.499999999999999639e-02 2.672999999999999821e-01 6.100000000000000387e-03 4.199039999999999370e-03 2.105401000000000147e-02 1.341756900000000141e-01 2.470090000000000306e-03 1.281423999999999931e-02 1.088999999999999907e-05 3.097599999999999074e-04 7.784100000000004297e-04 1.181296899999999678e-01 1.224999999999999744e-03 7.144928999999998476e-02 3.721000000000000457e-05 1.135630125000000000e+06 1.210294750000000000e+06
1.000000000000000000e+00 7.820000000000000562e-02 2.553000000000000269e-01 3.538999999999999924e-01 -9.679999999999999716e-02 3.236999999999999877e-01 -1.319999999999999993e-02 1.340000000000000913e-02 1.102000000000000202e-01 -1.240000000000002212e-02 -4.709999999999999604e-02 2.104999999999999927e-01 -9.899999999999999079e-03 6.115240000000000953e-03 6.517809000000000796e-02 1.252452099999999957e-01 9.370240000000000166e-03 1.047816899999999968e-01 1.742399999999999852e-04 1.795600000000002392e-04 1.214404000000000525e-02 1.537600000000005607e-04 2.218409999999999653e-03 4.431024999999999547e-02 9.800999999999997811e-05 1.135993250000000000e+06 1.215783625000000000e+06
1.000000000000000000e+00 6.660000000000000642e-02 3.547000000000000153e-01 5.678999999999999604e-01 -1.653000000000000025e-01 2.160999999999999865e-01 1.779999999999999985e-02 -1.159999999999999920e-02 9.939999999999998836e-02 2.139999999999999680e-01 -6.850000000000000533e-02 -1.076000000000000012e-01 3.099999999999999978e-02 4.435560000000000717e-03 1.258120900000000153e-01 3.225104099999999696e-01 2.732409000000000227e-02 4.669920999999999101e-02 3.168399999999999819e-04 1.345599999999999856e-04 9.880359999999997755e-03 4.579599999999998949e-02 4.692250000000001108e-03 1.157775999999999944e-02 9.609999999999999402e-04 1.133986500000000000e+06 1.210039250000000000e+06
1.000000000000000000e+00 5.220000000000000334e-02 9.279999999999999361e-02 4.214999999999999858e-01 -2.132999999999999896e-01 -1.653999999999999915e-01 1.110000000000000049e-02 -1.440000000000000308e-02 -2.619000000000000217e-01 -1.463999999999999746e-01 -4.799999999999998712e-02 -3.814999999999999503e-01 -6.699999999999999359e-03 2.724840000000000508e-03 8.611839999999999079e-03 1.776622499999999938e-01 4.549688999999999817e-02 2.735715999999999842e-02 1.232100000000000079e-04 2.073600000000001017e-04 6.859161000000001118e-02 2.143295999999999396e-02 2.303999999999998757e-03 1.455422499999999564e-01 4.488999999999999203e-05 1.134479125000000000e+06 1.205420375000000000e+06
1.000000000000000000e+00 6.529999999999999694e-02 -8.160000000000000586e-02 2.129999999999999949e-01 -1.230000000000000017e-02 -3.819999999999999785e-02 -1.099999999999999936e-02 1.309999999999999359e-02 -1.743999999999999995e-01 -2.084999999999999909e-01 2.009999999999999842e-01 1.271999999999999797e-01 -2.210000000000000159e-02 4.264089999999999894e-03 6.658560000000000867e-03 4.536899999999999961e-02 1.512899999999999965e-04 1.459239999999999886e-03 1.209999999999999867e-04 1.716099999999998291e-04 3.041535999999999892e-02 4.347224999999999701e-02 4.040099999999999247e-02 1.617983999999999395e-02 4.884100000000001027e-04 1.134086000000000000e+06 1.204715250000000000e+06
1.000000000000000000e+00 8.770000000000000018e-02 8.688000000000000167e-01 1.298200000000000021e+00 3.099999999999999891e-03 -7.679999999999999327e-02 8.500000000000000611e-03 2.240000000000000324e-02 9.504000000000000226e-01 1.085199999999999942e+00 1.540000000000000049e-02 -3.859999999999999543e-02 1.949999999999999997e-02 7.691289999999999932e-03 7.548134400000000577e-01 1.685323240000000000e+00 9.609999999999999470e-06 5.898239999999999039e-03 7.225000000000000790e-05 5.017600000000001833e-04 9.032601600000000897e-01 1.177659039999999768e+00 2.371600000000000129e-04 1.489959999999999592e-03 3.802499999999999999e-04 1.130940000000000000e+06 1.210320500000000000e+06
1.000000000000000000e+00 9.959999999999999409e-02 2.378000000000000114e-01 3.734999999999999987e-01 1.969999999999999876e-02 1.199999999999999895e-03 -3.960000000000000325e-02 1.189999999999999392e-02 -6.310000000000000053e-01 -9.247000000000000774e-01 1.660000000000000017e-02 7.799999999999999989e-02 -4.810000000000000386e-02 9.920159999999999048e-03 5.654884000000000299e-02 1.395022499999999943e-01 3.880899999999999519e-04 1.439999999999999765e-06 1.568160000000000300e-03 1.416099999999998588e-04 3.981609999999999872e-01 8.550700900000001159e-01 2.755599999999999977e-04 6.083999999999999998e-03 2.313610000000000232e-03 1.135116625000000000e+06 1.206378375000000000e+06
1.000000000000000000e+00 9.270000000000000462e-02 -3.981999999999999984e-01 -4.877000000000000224e-01 4.100000000000000172e-02 5.899999999999999863e-03 -1.220000000000000077e-02 -6.899999999999989475e-03 -6.360000000000000098e-01 -8.611999999999999655e-01 2.130000000000000296e-02 4.700000000000000185e-03 2.740000000000000074e-02 8.593290000000001691e-03 1.585632399999999942e-01 2.378512900000000208e-01 1.681000000000000202e-03 3.481000000000000045e-05 1.488400000000000183e-04 4.760999999999985757e-05 4.044960000000000222e-01 7.416654399999998981e-01 4.536900000000001370e-04 2.209000000000000026e-05 7.507600000000000558e-04 1.136480625000000000e+06 1.211032375000000000e+06
1.000000000000000000e+00 6.010000000000000064e-02 3.689999999999999947e-01 7.782000000000000028e-01 5.430000000000000104e-02 -1.564000000000000112e-01 -3.269999999999999990e-02 -3.260000000000000397e-02 7.671999999999999931e-01 1.265900000000000025e+00 1.329999999999999932e-02 -1.622999999999999998e-01 -2.049999999999999739e-02 3.612010000000000134e-03 1.361610000000000043e-01 6.055952399999999791e-01 2.948490000000000225e-03 2.446096000000000381e-02 1.069290000000000084e-03 1.062760000000000267e-03 5.885958399999999813e-01 1.602502810000000055e+00 1.768899999999999954e-04 2.634128999999999984e-02 4.202499999999998880e-04 1.134617125000000000e+06 1.202674875000000000e+06
1.000000000000000000e+00 5.929999999999999855e-02 2.074000000000000010e-01 5.472000000000000197e-01 3.500000000000000333e-02 -1.087999999999999939e-01 -2.790000000000000119e-02 -8.000000000000020983e-04 -1.615999999999999936e-01 -2.309999999999999831e-01 -1.929999999999999771e-02 4.760000000000001730e-02 4.799999999999998712e-03 3.516489999999999720e-03 4.301475999999999911e-02 2.994278400000000007e-01 1.225000000000000177e-03 1.183743999999999942e-02 7.784100000000001044e-04 6.400000000000034015e-07 2.611455999999999847e-02 5.336099999999999177e-02 3.724899999999998980e-04 2.265760000000001644e-03 2.303999999999998608e-05 1.132287000000000000e+06 1.195939000000000000e+06
1.000000000000000000e+00 3.230000000000000232e-02 1.689999999999999836e-02 3.809000000000000163e-01 3.189999999999999780e-02 -1.696999999999999897e-01 -2.589999999999999941e-02 -2.699999999999999623e-02 -1.905000000000000027e-01 -1.663000000000000034e-01 -3.100000000000005529e-03 -6.089999999999999580e-02 2.000000000000001776e-03 1.043290000000000103e-03 2.856099999999999438e-04 1.450848100000000085e-01 1.017609999999999956e-03 2.879808999999999494e-02 6.708099999999999827e-04 7.289999999999998304e-04 3.629025000000000306e-02 2.765569000000000013e-02 9.610000000000035045e-06 3.708809999999999451e-03 4.000000000000007442e-06 1.131985875000000000e+06 1.190232500000000000e+06
1.000000000000000000e+00 5.090000000000000080e-02 2.998000000000000109e-01 6.559000000000000385e-01 3.470000000000000168e-02 -6.429999999999999605e-02 -2.249999999999999917e-02 1.859999999999999848e-02 2.829000000000000403e-01 2.750000000000000222e-01 2.800000000000003875e-03 1.053999999999999937e-01 3.400000000000000244e-03 2.590810000000000248e-03 8.988004000000000826e-02 4.302048100000000486e-01 1.204090000000000108e-03 4.134489999999999346e-03 5.062499999999999726e-04 3.459599999999999199e-04 8.003241000000002603e-02 7.562500000000001166e-02 7.840000000000021499e-06 1.110915999999999813e-02 1.156000000000000113e-05 1.131659375000000000e+06 1.197932750000000000e+06
1.000000000000000000e+00 4.850000000000000144e-02 2.775000000000000244e-01 2.869999999999999774e-01 2.800000000000000058e-02 -1.175999999999999962e-01 -3.640000000000000180e-02 -2.399999999999999356e-03 -2.229999999999998650e-02 -3.689000000000000612e-01 -6.700000000000001094e-03 -5.330000000000000016e-02 -1.390000000000000263e-02 2.352250000000000174e-03 7.700625000000001219e-02 8.236899999999998390e-02 7.840000000000000831e-04 1.382975999999999997e-02 1.324960000000000027e-03 5.759999999999996521e-06 4.972899999999994079e-04 1.360872100000000418e-01 4.489000000000001236e-05 2.840889999999999995e-03 1.932100000000000831e-04 1.135733500000000000e+06 1.206644000000000000e+06
1.000000000000000000e+00 4.929999999999999660e-02 3.957999999999999852e-01 1.794999999999999929e-01 2.980000000000000010e-02 -1.690000000000000113e-01 -1.890000000000000013e-02 7.999999999999951594e-04 1.182999999999999607e-01 -1.074999999999999845e-01 1.799999999999999517e-03 -5.140000000000001512e-02 1.750000000000000167e-02 2.430489999999999561e-03 1.566576399999999869e-01 3.222024999999999889e-02 8.880399999999999882e-04 2.856100000000000305e-02 3.572100000000000036e-04 6.399999999999922842e-07 1.399488999999999074e-02 1.155624999999999708e-02 3.239999999999998202e-06 2.641960000000001356e-03 3.062500000000000443e-04 1.137925750000000000e+06 1.206907125000000000e+06
1.000000000000000000e+00 2.939999999999999905e-02 1.161999999999999977e-01 4.426999999999999824e-01 2.309999999999999901e-02 -2.777999999999999914e-01 -2.019999999999999921e-02 -1.989999999999999755e-02 -2.795999999999999597e-01 2.631999999999999895e-01 -6.700000000000001094e-03 -1.087999999999999801e-01 -1.299999999999999073e-03 8.643599999999999981e-04 1.350243999999999923e-02 1.959832899999999767e-01 5.336099999999999004e-04 7.717283999999999256e-02 4.080399999999999761e-04 3.960099999999999168e-04 7.817615999999998067e-02 6.927424000000000082e-02 4.489000000000001236e-05 1.183743999999999595e-02 1.689999999999997584e-06 1.135787500000000000e+06 1.203706625000000000e+06
1.000000000000000000e+00 4.950000000000000233e-02 9.639999999999999958e-02 5.393000000000000016e-01 2.469999999999999973e-02 -2.046999999999999931e-01 -4.479999999999999954e-02 2.010000000000000328e-02 -1.979999999999999816e-02 9.660000000000001918e-02 1.600000000000000727e-03 7.309999999999999831e-02 -2.460000000000000034e-02 2.450250000000000171e-03 9.292959999999999415e-03 2.908444900000000111e-01 6.100899999999999813e-04 4.190208999999999601e-02 2.007039999999999866e-03 4.040100000000001112e-04 3.920399999999999124e-04 9.331560000000004365e-03 2.560000000000002171e-06 5.343609999999999506e-03 6.051599999999999861e-04 1.136437125000000000e+06 1.207668875000000000e+06
1.000000000000000000e+00 4.569999999999999757e-02 2.757000000000000006e-01 2.907000000000000139e-01 -2.399999999999999790e-03 -7.090000000000000469e-02 -6.289999999999999758e-02 -3.800000000000004763e-03 1.793000000000000149e-01 -2.485999999999999877e-01 -2.709999999999999909e-02 1.337999999999999745e-01 -1.809999999999999803e-02 2.088489999999999704e-03 7.601049000000000000e-02 8.450649000000000355e-02 5.759999999999999062e-06 5.026810000000000479e-03 3.956409999999999615e-03 1.444000000000003623e-05 3.214849000000000873e-02 6.180195999999999606e-02 7.344099999999999023e-04 1.790243999999999169e-02 3.276099999999999347e-04 1.136334125000000000e+06 1.211398500000000000e+06
1.000000000000000000e+00 3.280000000000000276e-02 3.073000000000000176e-01 5.797999999999999821e-01 -1.420000000000000082e-02 -3.055999999999999828e-01 -6.890000000000000291e-02 -1.289999999999999480e-02 3.160000000000001696e-02 2.890999999999999681e-01 -1.180000000000000146e-02 -2.346999999999999642e-01 -6.000000000000005329e-03 1.075840000000000216e-03 9.443329000000001694e-02 3.361680400000000013e-01 2.016400000000000278e-04 9.339135999999999271e-02 4.747209999999999971e-03 1.664099999999998653e-04 9.985600000000009833e-04 8.357880999999997562e-02 1.392400000000000289e-04 5.508408999999998140e-02 3.600000000000006190e-05 1.134970750000000000e+06 1.209577875000000000e+06
1.000000000000000000e+00 3.090000000000000038e-02 2.756000000000000116e-01 2.983999999999999986e-01 -3.899999999999999821e-03 -1.451000000000000068e-01 -7.710000000000000187e-02 -1.900000000000002381e-03 -3.170000000000000595e-02 -2.813999999999999835e-01 1.030000000000000013e-02 1.604999999999999760e-01 -8.199999999999998956e-03 9.548100000000000554e-04 7.595535999999999954e-02 8.904255999999999283e-02 1.520999999999999837e-05 2.105401000000000147e-02 5.944410000000000666e-03 3.610000000000009059e-06 1.004890000000000470e-03 7.918595999999998580e-02 1.060900000000000092e-04 2.576024999999999149e-02 6.723999999999998641e-05 1.134622250000000000e+06 1.204751125000000000e+06
1.000000000000000000e+00 1.980000000000000163e-02 2.553000000000000269e-01 7.546000000000000485e-01 1.899999999999999996e-03 -2.097999999999999865e-01 -7.900000000000000078e-02 -1.109999999999999876e-02 -2.029999999999998472e-02 4.562000000000000499e-01 5.799999999999999600e-03 -6.469999999999997975e-02 -1.899999999999998912e-03 3.920400000000000751e-04 6.517809000000000796e-02 5.694211600000000928e-01 3.610000000000000165e-06 4.401603999999999239e-02 6.241000000000000020e-03 1.232099999999999808e-04 4.120899999999993969e-04 2.081184400000000434e-01 3.363999999999999640e-05 4.186089999999997348e-03 3.609999999999995930e-06 1.134129750000000000e+06 1.200715500000000000e+06
1.000000000000000000e+00 4.070000000000000007e-02 2.464000000000000079e-01 3.553999999999999937e-01 -1.170000000000000033e-02 -2.041000000000000036e-01 -8.060000000000000497e-02 2.089999999999999844e-02 -8.900000000000019007e-03 -3.992000000000000548e-01 -1.360000000000000098e-02 5.699999999999982858e-03 -1.600000000000004197e-03 1.656490000000000046e-03 6.071296000000000331e-02 1.263091600000000037e-01 1.368899999999999989e-04 4.165681000000000245e-02 6.496360000000000502e-03 4.368099999999999327e-04 7.921000000000033429e-05 1.593606400000000534e-01 1.849600000000000181e-04 3.248999999999980582e-05 2.560000000000013606e-06 1.135446375000000000e+06 1.206944125000000000e+06
1.000000000000000000e+00 3.509999999999999926e-02 4.101000000000000201e-01 6.592000000000000082e-01 3.500000000000000333e-02 -3.523000000000000020e-01 -6.300000000000000044e-02 -5.600000000000000810e-03 1.637000000000000122e-01 3.038000000000000145e-01 4.670000000000000540e-02 -1.481999999999999984e-01 1.760000000000000453e-02 1.232009999999999963e-03 1.681820100000000207e-01 4.345446400000000375e-01 1.225000000000000177e-03 1.241152900000000031e-01 3.969000000000000306e-03 3.136000000000001146e-05 2.679769000000000248e-02 9.229444000000000536e-02 2.180890000000000432e-03 2.196323999999999846e-02 3.097600000000001784e-04 1.133688125000000000e+06 1.209926750000000000e+06
1.000000000000000000e+00 6.469999999999999363e-02 3.103000000000000203e-01 3.287999999999999812e-01 3.780000000000000027e-02 -3.296000000000000041e-01 -1.460000000000000013e-02 2.959999999999999437e-02 -9.979999999999999982e-02 -3.304000000000000270e-01 2.799999999999996936e-03 2.269999999999999796e-02 4.839999999999999858e-02 4.186089999999999083e-03 9.628609000000001861e-02 1.081094399999999872e-01 1.428840000000000015e-03 1.086361600000000094e-01 2.131599999999999988e-04 8.761599999999996344e-04 9.960039999999999866e-03 1.091641600000000240e-01 7.839999999999982535e-06 5.152899999999999538e-04 2.342560000000000042e-03 1.136358500000000000e+06 1.211797750000000000e+06
1.000000000000000000e+00 3.780000000000000027e-02 1.945000000000000062e-01 5.097000000000000419e-01 1.159999999999999920e-02 -2.457999999999999907e-01 -4.610000000000000209e-02 -2.689999999999999336e-02 -1.158000000000000140e-01 1.809000000000000608e-01 -2.620000000000000107e-02 8.380000000000001337e-02 -3.150000000000000022e-02 1.428840000000000015e-03 3.783025000000000276e-02 2.597940900000000330e-01 1.345599999999999856e-04 6.041763999999999468e-02 2.125210000000000207e-03 7.236099999999996398e-04 1.340964000000000392e-02 3.272481000000002083e-02 6.864400000000000753e-04 7.022440000000002187e-03 9.922500000000000764e-04 1.132943875000000000e+06 1.211083375000000000e+06
1.000000000000000000e+00 6.250000000000000000e-02 3.431000000000000161e-01 5.889999999999999680e-01 8.000000000000000383e-04 -1.409999999999999865e-01 -6.169999999999999790e-02 2.469999999999999973e-02 1.486000000000000099e-01 7.929999999999992610e-02 -1.079999999999999884e-02 1.048000000000000043e-01 -1.559999999999999581e-02 3.906250000000000000e-03 1.177176100000000142e-01 3.469209999999999794e-01 6.400000000000000134e-07 1.988099999999999590e-02 3.806889999999999840e-03 6.100899999999999813e-04 2.208196000000000464e-02 6.288489999999988603e-03 1.166399999999999810e-04 1.098304000000000120e-02 2.433599999999998655e-04 1.136701750000000000e+06 1.215924500000000000e+06
1.000000000000000000e+00 7.939999999999999836e-02 3.166999999999999815e-01 1.050999999999999990e-01 1.170000000000000033e-02 -8.680000000000000215e-02 -7.599999999999999811e-02 1.689999999999999836e-02 -2.640000000000003455e-02 -4.838999999999999968e-01 1.089999999999999997e-02 5.419999999999998430e-02 -1.430000000000000021e-02 6.304360000000000172e-03 1.002988899999999878e-01 1.104601000000000020e-02 1.368899999999999989e-04 7.534240000000000208e-03 5.775999999999999884e-03 2.856099999999999438e-04 6.969600000000017838e-04 2.341592100000000065e-01 1.188099999999999958e-04 2.937639999999998308e-03 2.044900000000000157e-04 1.136258250000000000e+06 1.222668125000000000e+06
1.000000000000000000e+00 7.380000000000000449e-02 -5.050000000000000322e-02 6.019999999999999657e-02 -1.119999999999999989e-02 -2.298000000000000043e-01 -6.339999999999999802e-02 -5.599999999999993872e-03 -3.671999999999999709e-01 -4.490000000000000241e-02 -2.290000000000000022e-02 -1.430000000000000160e-01 1.260000000000000009e-02 5.446440000000000309e-03 2.550250000000000433e-03 3.624039999999999380e-03 1.254399999999999916e-04 5.280804000000000054e-02 4.019560000000000147e-03 3.135999999999993014e-05 1.348358399999999846e-01 2.016010000000000371e-03 5.244100000000000020e-04 2.044900000000000537e-02 1.587600000000000046e-04 1.137055875000000000e+06 1.212008375000000000e+06
1.000000000000000000e+00 7.589999999999999525e-02 2.038000000000000089e-01 4.262000000000000233e-01 -1.319999999999999993e-02 -8.229999999999999816e-02 -5.870000000000000218e-02 2.099999999999990763e-03 2.543000000000000260e-01 3.660000000000000475e-01 -2.000000000000000042e-03 1.475000000000000200e-01 4.699999999999995848e-03 5.760809999999999022e-03 4.153444000000000580e-02 1.816464400000000201e-01 1.742399999999999852e-04 6.773289999999999519e-03 3.445690000000000384e-03 4.409999999999961165e-06 6.466849000000000902e-02 1.339560000000000473e-01 3.999999999999999819e-06 2.175625000000000475e-02 2.208999999999995960e-05 1.135251000000000000e+06 1.211155125000000000e+06
1.000000000000000000e+00 6.859999999999999432e-02 1.087999999999999939e-01 3.522000000000000131e-01 -1.430000000000000021e-02 -8.630000000000000171e-02 -6.740000000000000158e-02 -7.300000000000000933e-03 -9.500000000000001499e-02 -7.400000000000001021e-02 -1.100000000000000283e-03 -4.000000000000003553e-03 -8.699999999999999400e-03 4.705959999999999484e-03 1.183743999999999942e-02 1.240448400000000034e-01 2.044900000000000157e-04 7.447689999999999866e-03 4.542759999999999854e-03 5.329000000000001325e-05 9.025000000000003506e-03 5.476000000000001700e-03 1.210000000000000697e-06 1.600000000000002977e-05 7.568999999999998852e-05 1.134816500000000000e+06 1.208198250000000000e+06
1.000000000000000000e+00 4.660000000000000253e-02 2.301999999999999880e-01 6.130999999999999783e-01 -1.830000000000000029e-02 -2.260999999999999954e-01 -6.819999999999999674e-02 -2.199999999999999178e-02 1.213999999999999940e-01 2.608999999999999653e-01 -4.000000000000000083e-03 -1.397999999999999798e-01 -7.999999999999951594e-04 2.171560000000000330e-03 5.299203999999999720e-02 3.758916099999999871e-01 3.348900000000000141e-04 5.112121000000000026e-02 4.651239999999999195e-03 4.839999999999996215e-04 1.473795999999999787e-02 6.806880999999997961e-02 1.599999999999999928e-05 1.954403999999999517e-02 6.399999999999922842e-07 1.133161625000000000e+06 1.206711625000000000e+06
1.000000000000000000e+00 5.700000000000000205e-02 7.370000000000000162e-02 5.490000000000000435e-01 -1.810000000000000150e-02 -2.230000000000000038e-01 -6.069999999999999701e-02 1.039999999999999952e-02 -1.564999999999999725e-01 -6.409999999999993481e-02 1.999999999999987899e-04 3.099999999999991651e-03 7.499999999999999722e-03 3.249000000000000152e-03 5.431690000000000303e-03 3.014010000000000300e-01 3.276100000000000431e-04 4.972900000000000237e-02 3.684489999999999467e-03 1.081599999999999944e-04 2.449224999999998972e-02 4.108809999999991393e-03 3.999999999999951776e-08 9.609999999999948648e-06 5.624999999999999846e-05 1.136679250000000000e+06 1.208839250000000000e+06
1.000000000000000000e+00 6.350000000000000089e-02 2.316000000000000003e-01 1.458000000000000129e-01 -2.309999999999999901e-02 -1.857999999999999929e-01 -7.710000000000000187e-02 6.499999999999998834e-03 1.578999999999999848e-01 -4.032000000000000028e-01 -4.999999999999997502e-03 3.720000000000001084e-02 -1.640000000000000485e-02 4.032250000000000244e-03 5.363856000000000179e-02 2.125764000000000473e-02 5.336099999999999004e-04 3.452163999999999927e-02 5.944410000000000666e-03 4.224999999999998342e-05 2.493240999999999513e-02 1.625702400000000047e-01 2.499999999999997409e-05 1.383840000000000764e-03 2.689600000000001625e-04 1.138029750000000000e+06 1.214579625000000000e+06
1.000000000000000000e+00 3.860000000000000236e-02 1.660999999999999976e-01 6.431999999999999940e-01 -2.330000000000000127e-02 -2.938999999999999946e-01 -4.800000000000000100e-02 -2.489999999999999852e-02 -6.550000000000000266e-02 4.973999999999999533e-01 -2.000000000000022593e-04 -1.081000000000000016e-01 2.910000000000000087e-02 1.489960000000000243e-03 2.758920999999999943e-02 4.137062400000000029e-01 5.428900000000000826e-04 8.637720999999999594e-02 2.304000000000000058e-03 6.200099999999999405e-04 4.290250000000000660e-03 2.474067599999999478e-01 4.000000000000090081e-08 1.168561000000000079e-02 8.468100000000000323e-04 1.135746875000000000e+06 1.208158250000000000e+06
1.000000000000000000e+00 6.029999999999999943e-02 1.084999999999999992e-01 4.008999999999999786e-01 -2.440000000000000155e-02 -2.331000000000000016e-01 -5.070000000000000201e-02 2.169999999999999707e-02 -5.759999999999999842e-02 -2.423000000000000154e-01 -1.100000000000000283e-03 6.079999999999999294e-02 -2.700000000000001010e-03 3.636089999999999808e-03 1.177224999999999973e-02 1.607208099999999917e-01 5.953600000000000732e-04 5.433560999999999946e-02 2.570490000000000361e-03 4.708899999999998504e-04 3.317759999999999893e-03 5.870929000000000425e-02 1.210000000000000697e-06 3.696639999999999301e-03 7.290000000000005589e-06 1.133452375000000000e+06 1.209778250000000000e+06
1.000000000000000000e+00 6.169999999999999790e-02 3.865999999999999992e-01 2.505000000000000004e-01 -3.130000000000000143e-02 -1.739999999999999880e-02 -4.250000000000000305e-02 1.399999999999998468e-03 2.781000000000000139e-01 -1.503999999999999782e-01 -6.899999999999999883e-03 2.157000000000000028e-01 8.199999999999998956e-03 3.806889999999999840e-03 1.494595599999999913e-01 6.275024999999999353e-02 9.796900000000000747e-04 3.027599999999999541e-04 1.806250000000000347e-03 1.959999999999995634e-06 7.733961000000000308e-02 2.262015999999999333e-02 4.760999999999999987e-05 4.652649000000000368e-02 6.723999999999998641e-05 1.132636125000000000e+06 1.211406250000000000e+06
1.000000000000000000e+00 5.109999999999999959e-02 2.687999999999999834e-01 4.642000000000000015e-01 -2.620000000000000107e-02 -2.611999999999999877e-01 -2.299999999999999961e-02 -1.059999999999999831e-02 -1.178000000000000158e-01 2.137000000000000011e-01 5.100000000000000366e-03 -2.437999999999999889e-01 1.950000000000000344e-02 2.611210000000000094e-03 7.225343999999998823e-02 2.154816400000000021e-01 6.864400000000000753e-04 6.822543999999999831e-02 5.289999999999999564e-04 1.123599999999999610e-04 1.387684000000000313e-02 4.566769000000000384e-02 2.601000000000000339e-05 5.943843999999999517e-02 3.802500000000001083e-04 1.136122000000000000e+06 1.210129000000000000e+06
1.000000000000000000e+00 4.540000000000000285e-02 1.907000000000000084e-01 3.911999999999999922e-01 -3.629999999999999893e-02 -8.740000000000000546e-02 -1.420000000000000082e-02 -5.699999999999996736e-03 -7.809999999999997500e-02 -7.300000000000000933e-02 -1.009999999999999787e-02 1.737999999999999823e-01 8.799999999999998795e-03 2.061160000000000249e-03 3.636649000000000131e-02 1.530374399999999968e-01 1.317689999999999834e-03 7.638760000000001382e-03 2.016400000000000278e-04 3.248999999999996167e-05 6.099609999999995764e-03 5.329000000000001271e-03 1.020099999999999534e-04 3.020643999999999413e-02 7.743999999999997684e-05 1.134368625000000000e+06 1.211149250000000000e+06
1.000000000000000000e+00 5.269999999999999685e-02 2.715000000000000191e-01 6.602999999999999980e-01 -2.549999999999999836e-02 -1.419999999999999873e-01 -5.300000000000000024e-03 7.299999999999993994e-03 8.080000000000001070e-02 2.691000000000000059e-01 1.080000000000000057e-02 -5.459999999999998188e-02 8.900000000000001660e-03 2.777289999999999533e-03 7.371225000000000693e-02 4.359960900000000028e-01 6.502499999999998949e-04 2.016399999999999790e-02 2.809000000000000041e-05 5.328999999999991160e-05 6.528640000000001352e-03 7.241481000000001000e-02 1.166400000000000081e-04 2.981159999999997891e-03 7.921000000000003613e-05 1.136068500000000000e+06 1.208759500000000000e+06
1.000000000000000000e+00 7.330000000000000404e-02 1.756000000000000061e-01 2.308000000000000052e-01 -1.580000000000000154e-02 -7.749999999999999944e-02 -1.490000000000000005e-02 2.060000000000000719e-02 -9.590000000000001301e-02 -4.294999999999999929e-01 9.699999999999996819e-03 6.449999999999998790e-02 -9.600000000000000894e-03 5.372890000000000825e-03 3.083536000000000263e-02 5.326863999999999905e-02 2.496400000000000290e-04 6.006250000000000304e-03 2.220099999999999971e-04 4.243600000000003077e-04 9.196810000000003177e-03 1.844702500000000023e-01 9.408999999999993432e-05 4.160249999999998151e-03 9.216000000000001209e-05 1.135527000000000000e+06 1.213116625000000000e+06
1.000000000000000000e+00 4.859999999999999737e-02 4.541000000000000036e-01 4.289000000000000035e-01 -4.399999999999999745e-02 -1.292999999999999983e-01 -4.189999999999999974e-02 -2.470000000000000667e-02 2.784999999999999698e-01 1.980999999999999983e-01 -2.819999999999999590e-02 -5.179999999999999882e-02 -2.699999999999999969e-02 2.361959999999999754e-03 2.062068099999999904e-01 1.839552100000000079e-01 1.935999999999999787e-03 1.671848999999999905e-02 1.755609999999999896e-03 6.100900000000003065e-04 7.756224999999998537e-02 3.924360999999999822e-02 7.952399999999997925e-04 2.683239999999999931e-03 7.289999999999999388e-04 1.133542250000000000e+06 1.207048000000000000e+06
1.000000000000000000e+00 7.190000000000000557e-02 1.469000000000000028e-01 1.302000000000000102e-01 -4.549999999999999878e-02 -8.519999999999999796e-02 -4.420000000000000318e-02 2.330000000000000820e-02 -3.072000000000000286e-01 -2.986999999999999655e-01 -1.500000000000001332e-03 4.410000000000000031e-02 -2.300000000000003431e-03 5.169610000000000698e-03 2.157961000000000254e-02 1.695204000000000155e-02 2.070250000000000042e-03 7.259039999999999590e-03 1.953640000000000411e-03 5.428900000000004078e-04 9.437184000000001238e-02 8.922168999999997852e-02 2.250000000000003869e-06 1.944809999999999942e-03 5.290000000000015420e-06 1.134199750000000000e+06 1.209722625000000000e+06
1.000000000000000000e+00 4.900000000000000189e-02 1.552000000000000046e-01 4.585000000000000187e-01 -5.580000000000000238e-02 -1.587999999999999967e-01 -5.009999999999999870e-02 -2.290000000000000369e-02 8.300000000000001821e-03 3.283000000000000362e-01 -1.030000000000000360e-02 -7.359999999999999876e-02 -5.899999999999995526e-03 2.401000000000000356e-03 2.408704000000000053e-02 2.102222500000000271e-01 3.113640000000000418e-03 2.521744000000000069e-02 2.510010000000000019e-03 5.244100000000002188e-04 6.889000000000002652e-05 1.077808900000000181e-01 1.060900000000000769e-04 5.416960000000000178e-03 3.480999999999994624e-05 1.134634375000000000e+06 1.206177250000000000e+06
1.000000000000000000e+00 8.300000000000000433e-02 7.190000000000000557e-02 7.116000000000000103e-01 -4.170000000000000095e-02 -2.371999999999999942e-01 -7.589999999999999525e-02 3.400000000000000244e-02 -8.329999999999999905e-02 2.530999999999999917e-01 1.410000000000000142e-02 -7.839999999999999747e-02 -2.579999999999999655e-02 6.889000000000001026e-03 5.169610000000000698e-03 5.063745600000000291e-01 1.738890000000000097e-03 5.626383999999999552e-02 5.760809999999999022e-03 1.156000000000000126e-03 6.938889999999999642e-03 6.405960999999998906e-02 1.988100000000000294e-04 6.146559999999999697e-03 6.656399999999997865e-04 1.131359000000000000e+06 1.204263250000000000e+06
1.000000000000000000e+00 2.272000000000000131e-01 7.227000000000000091e-01 2.258300000000000196e+00 -1.713999999999999968e-01 -5.195999999999999508e-01 1.297999999999999987e-01 1.441999999999999948e-01 6.508000000000000451e-01 1.546700000000000186e+00 -1.296999999999999820e-01 -2.823999999999999844e-01 2.056999999999999940e-01 5.161984000000000711e-02 5.222952899999999676e-01 5.099918890000000538e+00 2.937795999999999810e-02 2.699841599999999731e-01 1.684803999999999816e-02 2.079363999999999865e-02 4.235406400000000793e-01 2.392280890000000770e+00 1.682208999999999441e-02 7.974975999999998899e-02 4.231248999999999427e-02 1.129067000000000000e+06 1.213622875000000000e+06
1.000000000000000000e+00 2.328999999999999959e-01 6.803000000000000158e-01 2.232299999999999951e+00 -2.132000000000000006e-01 -6.030999999999999694e-01 1.376000000000000001e-01 5.699999999999982858e-03 -4.239999999999999325e-02 -2.600000000000024514e-02 -4.180000000000000382e-02 -8.350000000000001865e-02 7.800000000000001377e-03 5.424240999999999785e-02 4.628080900000000053e-01 4.983163289999999357e+00 4.545423999999999992e-02 3.637296099999999810e-01 1.893376000000000087e-02 3.248999999999980582e-05 1.797759999999999376e-03 6.760000000000127452e-04 1.747240000000000381e-03 6.972250000000002751e-03 6.084000000000002058e-05 1.127553500000000000e+06 1.204047875000000000e+06
1.000000000000000000e+00 -5.330000000000000016e-02 5.589999999999999830e-02 3.251000000000000001e-01 2.529999999999999957e-02 -2.381999999999999951e-01 1.632000000000000117e-01 -2.862000000000000099e-01 -6.244000000000000661e-01 -1.907200000000000006e+00 2.384999999999999898e-01 3.649000000000000021e-01 2.560000000000001164e-02 2.840889999999999995e-03 3.124810000000000001e-03 1.056900100000000009e-01 6.400899999999999515e-04 5.673923999999999634e-02 2.663424000000000347e-02 8.191044000000000103e-02 3.898753600000000596e-01 3.637411839999999952e+00 5.688224999999999532e-02 1.331520100000000151e-01 6.553600000000005558e-04 1.130777750000000000e+06 1.209232375000000000e+06
1.000000000000000000e+00 -3.099999999999999978e-02 9.510000000000000397e-02 2.250999999999999945e-01 3.509999999999999926e-02 -1.945000000000000062e-01 1.517000000000000015e-01 2.230000000000000038e-02 3.920000000000000567e-02 -1.000000000000000056e-01 9.799999999999999684e-03 4.369999999999998885e-02 -1.150000000000001021e-02 9.609999999999999402e-04 9.044009999999999896e-03 5.067000999999999450e-02 1.232009999999999963e-03 3.783025000000000276e-02 2.301289000000000112e-02 4.972900000000000584e-04 1.536640000000000358e-03 1.000000000000000194e-02 9.603999999999999527e-05 1.909689999999999045e-03 1.322500000000002330e-04 1.129495875000000000e+06 1.205198625000000000e+06
