1.000000000000000000e+00 0.000000000000000000e+00 0.000000000000000000e+00 -0.000000000000000000e+00 0.000000000000000000e+00 -0.000000000000000000e+00 0.000000000000000000e+00 0.000000000000000000e+00 0.000000000000000000e+00 0.000000000000000000e+00 0.000000000000000000e+00 0.000000000000000000e+00 0.000000000000000000e+00 0.000000000000000000e+00 0.000000000000000000e+00 0.000000000000000000e+00 0.000000000000000000e+00 0.000000000000000000e+00 0.000000000000000000e+00 0.000000000000000000e+00 0.000000000000000000e+00 0.000000000000000000e+00 0.000000000000000000e+00 0.000000000000000000e+00 0.000000000000000000e+00 1.597413750000000000e+06 1.630894250000000000e+06
1.000000000000000000e+00 9.900000000000000813e-03 -1.959999999999999937e-02 -1.770000000000000046e-02 2.099999999999999870e-03 1.899999999999999953e-02 -3.099999999999999891e-03 9.900000000000000813e-03 -1.959999999999999937e-02 -1.770000000000000046e-02 2.099999999999999870e-03 1.899999999999999953e-02 -3.099999999999999891e-03 9.801000000000001876e-05 3.841599999999999811e-04 3.132900000000000311e-04 4.409999999999999282e-06 3.609999999999999928e-04 9.609999999999999470e-06 9.801000000000001876e-05 3.841599999999999811e-04 3.132900000000000311e-04 4.409999999999999282e-06 3.609999999999999928e-04 9.609999999999999470e-06 1.599474500000000000e+06 1.636090000000000000e+06
1.000000000000000000e+00 4.700000000000000185e-03 -2.099999999999999870e-03 -6.130000000000000032e-02 7.000000000000000146e-03 7.900000000000000772e-03 8.999999999999999754e-04 -5.200000000000000629e-03 1.749999999999999820e-02 -4.359999999999999987e-02 4.899999999999999842e-03 -1.109999999999999876e-02 4.000000000000000083e-03 2.209000000000000026e-05 4.409999999999999282e-06 3.757690000000000162e-03 4.900000000000000519e-05 6.241000000000000724e-05 8.099999999999999739e-07 2.704000000000000538e-05 3.062499999999999359e-04 1.900959999999999933e-03 2.400999999999999882e-05 1.232099999999999808e-04 1.599999999999999928e-05 1.600643250000000000e+06 1.637285125000000000e+06
1.000000000000000000e+00 -8.000000000000000167e-03 4.329999999999999821e-02 3.309999999999999748e-02 -1.000000000000000021e-02 4.199999999999999740e-03 4.300000000000000003e-03 -1.269999999999999948e-02 4.539999999999999591e-02 9.439999999999999780e-02 -1.700000000000000122e-02 -3.700000000000001031e-03 3.400000000000000244e-03 6.399999999999999710e-05 1.874889999999999933e-03 1.095609999999999900e-03 1.000000000000000048e-04 1.763999999999999713e-05 1.849000000000000085e-05 1.612899999999999957e-04 2.061159999999999815e-03 8.911360000000000114e-03 2.890000000000000316e-04 1.369000000000000784e-05 1.156000000000000113e-05 1.597926125000000000e+06 1.633002500000000000e+06
1.000000000000000000e+00 -1.699999999999999905e-03 -2.599999999999999881e-03 7.739999999999999658e-02 -1.039999999999999952e-02 1.540000000000000049e-02 -6.700000000000000226e-03 6.300000000000000044e-03 -4.589999999999999636e-02 4.429999999999999910e-02 -3.999999999999993144e-04 1.120000000000000162e-02 -1.099999999999999936e-02 2.889999999999999859e-06 6.759999999999999652e-06 5.990759999999999488e-03 1.081599999999999944e-04 2.371600000000000129e-04 4.489000000000000558e-05 3.969000000000000116e-05 2.106809999999999759e-03 1.962489999999999894e-03 1.599999999999994475e-07 1.254400000000000458e-04 1.209999999999999867e-04 1.597655750000000000e+06 1.632235125000000000e+06
1.000000000000000000e+00 -6.100000000000000387e-03 -8.319999999999999618e-02 -2.330000000000000127e-02 -2.239999999999999977e-02 1.149999999999999981e-02 -5.799999999999999600e-03 -4.400000000000000265e-03 -8.059999999999999110e-02 -1.006999999999999978e-01 -1.200000000000000025e-02 -3.900000000000000688e-03 9.000000000000006259e-04 3.721000000000000457e-05 6.922239999999999643e-03 5.428900000000000826e-04 5.017599999999999665e-04 1.322499999999999891e-04 3.363999999999999640e-05 1.936000000000000099e-05 6.496359999999998767e-03 1.014049000000000027e-02 1.440000000000000036e-04 1.521000000000000515e-05 8.100000000000011386e-07 1.601305125000000000e+06 1.639065875000000000e+06
1.000000000000000000e+00 4.100000000000000172e-02 -4.599999999999999922e-03 -5.899999999999999863e-03 4.050000000000000128e-02 -1.119999999999999989e-02 -4.000000000000000083e-03 4.710000000000000298e-02 7.860000000000000320e-02 1.740000000000000227e-02 6.289999999999999758e-02 -2.269999999999999796e-02 1.799999999999999517e-03 1.681000000000000202e-03 2.116000000000000069e-05 3.481000000000000045e-05 1.640249999999999998e-03 1.254399999999999916e-04 1.599999999999999928e-05 2.218410000000000087e-03 6.177960000000000569e-03 3.027600000000000625e-04 3.956409999999999615e-03 5.152899999999999538e-04 3.239999999999998202e-06 1.599036375000000000e+06 1.639354125000000000e+06
1.000000000000000000e+00 7.499999999999999722e-03 -9.829999999999999849e-02 -1.959999999999999937e-02 1.379999999999999977e-02 -4.000000000000000083e-03 -5.999999999999999474e-04 -3.350000000000000200e-02 -9.370000000000000551e-02 -1.370000000000000037e-02 -2.670000000000000151e-02 7.199999999999999803e-03 3.400000000000000244e-03 5.624999999999999846e-05 9.662890000000000368e-03 3.841599999999999811e-04 1.904399999999999995e-04 1.599999999999999928e-05 3.599999999999999414e-07 1.122250000000000201e-03 8.779690000000001451e-03 1.876900000000000139e-04 7.128900000000000948e-04 5.183999999999999833e-05 1.156000000000000113e-05 1.598665000000000000e+06 1.634290000000000000e+06
1.000000000000000000e+00 -5.269999999999999685e-02 8.600000000000000006e-03 -8.029999999999999638e-02 -5.729999999999999677e-02 1.700000000000000122e-02 -2.299999999999999961e-03 -6.019999999999999657e-02 1.068999999999999950e-01 -6.069999999999999701e-02 -7.109999999999999654e-02 2.100000000000000130e-02 -1.700000000000000122e-03 2.777289999999999533e-03 7.396000000000000339e-05 6.448089999999999204e-03 3.283289999999999473e-03 2.890000000000000316e-04 5.290000000000000174e-06 3.624039999999999380e-03 1.142760999999999950e-02 3.684489999999999467e-03 5.055209999999999218e-03 4.410000000000000400e-04 2.890000000000000282e-06 1.596761250000000000e+06 1.631766625000000000e+06
1.000000000000000000e+00 -1.679999999999999896e-02 2.630000000000000046e-02 -6.079999999999999988e-02 7.100000000000000408e-03 1.890000000000000013e-02 4.700000000000000185e-03 3.590000000000000135e-02 1.770000000000000046e-02 1.949999999999999650e-02 6.439999999999999891e-02 1.899999999999998912e-03 7.000000000000000146e-03 2.822399999999999540e-04 6.916900000000000132e-04 3.696640000000000169e-03 5.041000000000000694e-05 3.572100000000000036e-04 2.209000000000000026e-05 1.288810000000000042e-03 3.132900000000000311e-04 3.802499999999998373e-04 4.147360000000000109e-03 3.609999999999995930e-06 4.900000000000000519e-05 1.596157875000000000e+06 1.630163000000000000e+06
1.000000000000000000e+00 -4.000000000000000083e-02 -8.999999999999999320e-03 6.679999999999999827e-02 -5.279999999999999971e-02 2.929999999999999966e-02 -2.730000000000000135e-02 -2.320000000000000187e-02 -3.529999999999999805e-02 1.275999999999999912e-01 -5.990000000000000185e-02 1.039999999999999952e-02 -3.200000000000000067e-02 1.600000000000000077e-03 8.099999999999999019e-05 4.462240000000000130e-03 2.787839999999999763e-03 8.584899999999999476e-04 7.452900000000001234e-04 5.382400000000000509e-04 1.246089999999999828e-03 1.628175999999999929e-02 3.588010000000000418e-03 1.081599999999999944e-04 1.023999999999999954e-03 1.597855000000000000e+06 1.633774875000000000e+06
1.000000000000000000e+00 2.000000000000000096e-04 7.300000000000000065e-03 6.439999999999999891e-02 1.519999999999999997e-02 3.280000000000000276e-02 -1.859999999999999848e-02 4.019999999999999962e-02 1.629999999999999852e-02 -2.399999999999999356e-03 6.800000000000000488e-02 3.500000000000003109e-03 8.700000000000002870e-03 4.000000000000000084e-08 5.328999999999999970e-05 4.147360000000000109e-03 2.310400000000000106e-04 1.075840000000000216e-03 3.459599999999999199e-04 1.616040000000000011e-03 2.656899999999999583e-04 5.759999999999996521e-06 4.624000000000000506e-03 1.225000000000002163e-05 7.569000000000005628e-05 1.597142000000000000e+06 1.633942500000000000e+06
1.000000000000000000e+00 -5.009999999999999870e-02 -8.399999999999999481e-03 -1.549999999999999989e-02 -5.580000000000000238e-02 4.170000000000000095e-02 -2.450000000000000094e-02 -5.029999999999999749e-02 -1.569999999999999868e-02 -7.989999999999999880e-02 -7.100000000000000755e-02 8.899999999999998190e-03 -5.900000000000002465e-03 2.510010000000000019e-03 7.055999999999998851e-05 2.402499999999999851e-04 3.113640000000000418e-03 1.738890000000000097e-03 6.002500000000000890e-04 2.530089999999999596e-03 2.464899999999999795e-04 6.384009999999999858e-03 5.041000000000001209e-03 7.920999999999996837e-05 3.481000000000002755e-05 1.598242125000000000e+06 1.635620500000000000e+06
1.000000000000000000e+00 -4.199999999999999740e-03 -1.890000000000000013e-02 1.720000000000000001e-02 1.379999999999999977e-02 5.310000000000000137e-02 -2.999999999999999889e-02 4.589999999999999636e-02 -1.050000000000000065e-02 3.269999999999999990e-02 6.959999999999999520e-02 1.140000000000000041e-02 -5.499999999999997946e-03 1.763999999999999713e-05 3.572100000000000036e-04 2.958400000000000135e-04 1.904399999999999995e-04 2.819610000000000172e-03 8.999999999999999754e-04 2.106809999999999759e-03 1.102500000000000100e-04 1.069290000000000084e-03 4.844159999999999265e-03 1.299600000000000093e-04 3.024999999999997634e-05 1.597902625000000000e+06 1.634872875000000000e+06
1.000000000000000000e+00 -3.490000000000000047e-02 7.340000000000000691e-02 6.890000000000000291e-02 -4.109999999999999765e-02 6.930000000000000049e-02 -3.320000000000000034e-02 -3.070000000000000159e-02 9.230000000000000704e-02 5.170000000000000290e-02 -5.489999999999999741e-02 1.619999999999999912e-02 -3.200000000000001454e-03 1.218010000000000056e-03 5.387560000000001306e-03 4.747209999999999971e-03 1.689209999999999800e-03 4.802490000000000404e-03 1.102239999999999991e-03 9.424900000000001462e-04 8.519290000000000543e-03 2.672890000000000248e-03 3.014009999999999693e-03 2.624399999999999606e-04 1.024000000000000868e-05 1.591423000000000000e+06 1.628936375000000000e+06
1.000000000000000000e+00 7.799999999999999642e-03 1.054999999999999966e-01 1.897000000000000075e-01 -1.299999999999999940e-02 -4.050000000000000128e-02 -2.000000000000000042e-02 4.270000000000000184e-02 3.209999999999998965e-02 1.208000000000000046e-01 2.809999999999999998e-02 -1.098000000000000087e-01 1.319999999999999993e-02 6.083999999999999348e-05 1.113024999999999952e-02 3.598609000000000530e-02 1.689999999999999879e-04 1.640249999999999998e-03 4.000000000000000192e-04 1.823290000000000197e-03 1.030409999999999399e-03 1.459264000000000047e-02 7.896100000000000514e-04 1.205604000000000224e-02 1.742399999999999852e-04 1.600056250000000000e+06 1.643965125000000000e+06
1.000000000000000000e+00 -4.529999999999999999e-02 4.590000000000000330e-02 1.532999999999999918e-01 -1.122999999999999970e-01 3.679999999999999938e-02 -3.359999999999999792e-02 -5.310000000000000137e-02 -5.959999999999999326e-02 -3.640000000000001568e-02 -9.929999999999999938e-02 7.730000000000000759e-02 -1.359999999999999751e-02 2.052089999999999904e-03 2.106810000000000193e-03 2.350088999999999650e-02 1.261128999999999896e-02 1.354240000000000044e-03 1.128959999999999816e-03 2.819610000000000172e-03 3.552159999999999086e-03 1.324960000000001111e-03 9.860489999999999533e-03 5.975290000000001156e-03 1.849599999999999367e-04 1.602773500000000000e+06 1.648898125000000000e+06
1.000000000000000000e+00 5.000000000000000104e-03 -3.330000000000000321e-02 2.100000000000000130e-02 -4.549999999999999878e-02 1.262999999999999956e-01 -4.070000000000000007e-02 5.029999999999999749e-02 -7.920000000000000651e-02 -1.323000000000000009e-01 6.679999999999999827e-02 8.949999999999999623e-02 -7.100000000000002143e-03 2.500000000000000120e-05 1.108890000000000179e-03 4.410000000000000400e-04 2.070250000000000042e-03 1.595168999999999754e-02 1.656490000000000046e-03 2.530089999999999596e-03 6.272640000000001201e-03 1.750329000000000121e-02 4.462240000000000130e-03 8.010250000000000009e-03 5.041000000000002727e-05 1.598568375000000000e+06 1.641137500000000000e+06
1.000000000000000000e+00 -4.150000000000000216e-02 -5.979999999999999899e-02 -2.799999999999999972e-03 -3.819999999999999785e-02 8.219999999999999529e-02 -4.979999999999999705e-02 -4.649999999999999967e-02 -2.649999999999999578e-02 -2.380000000000000171e-02 7.300000000000000933e-03 -4.410000000000000031e-02 -9.099999999999996980e-03 1.722250000000000256e-03 3.576039999999999948e-03 7.839999999999999476e-06 1.459239999999999886e-03 6.756839999999999201e-03 2.480039999999999762e-03 2.162250000000000109e-03 7.022499999999997494e-04 5.664400000000000858e-04 5.329000000000001325e-05 1.944809999999999942e-03 8.280999999999994745e-05 1.598800750000000000e+06 1.638882750000000000e+06
1.000000000000000000e+00 6.999999999999999929e-04 -7.720000000000000473e-02 -6.719999999999999585e-02 -3.189999999999999780e-02 9.020000000000000240e-02 -3.200000000000000067e-02 4.220000000000000140e-02 -1.740000000000000574e-02 -6.439999999999999891e-02 6.300000000000000044e-03 8.000000000000007105e-03 1.779999999999999638e-02 4.899999999999999672e-07 5.959840000000000970e-03 4.515839999999999264e-03 1.017609999999999956e-03 8.136040000000000633e-03 1.023999999999999954e-03 1.780840000000000114e-03 3.027600000000002251e-04 4.147360000000000109e-03 3.969000000000000116e-05 6.400000000000011908e-05 3.168399999999998735e-04 1.600148250000000000e+06 1.643058250000000000e+06
1.000000000000000000e+00 -5.340000000000000302e-02 -9.919999999999999651e-02 -1.325999999999999956e-01 -1.980000000000000163e-02 5.680000000000000326e-02 -4.510000000000000120e-02 -5.410000000000000225e-02 -2.199999999999999178e-02 -6.539999999999999980e-02 1.209999999999999618e-02 -3.339999999999999913e-02 -1.310000000000000053e-02 2.851560000000000379e-03 9.840639999999999457e-03 1.758275999999999936e-02 3.920400000000000751e-04 3.226240000000000444e-03 2.034010000000000158e-03 2.926810000000000175e-03 4.839999999999996215e-04 4.277160000000000337e-03 1.464099999999998942e-04 1.115560000000000032e-03 1.716100000000000188e-04 1.602483500000000000e+06 1.642296250000000000e+06
1.000000000000000000e+00 -2.999999999999999737e-04 -9.439999999999999780e-02 -5.739999999999999963e-02 -1.870000000000000134e-02 7.979999999999999594e-02 -4.229999999999999732e-02 5.310000000000000137e-02 4.799999999999998712e-03 7.519999999999998908e-02 1.100000000000000283e-03 2.299999999999999267e-02 2.800000000000003875e-03 8.999999999999998534e-08 8.911360000000000114e-03 3.294759999999999876e-03 3.496900000000000485e-04 6.368039999999999291e-03 1.789289999999999804e-03 2.819610000000000172e-03 2.303999999999998608e-05 5.655039999999998332e-03 1.210000000000000697e-06 5.289999999999996311e-04 7.840000000000021499e-06 1.600326875000000000e+06 1.637240500000000000e+06
1.000000000000000000e+00 -7.549999999999999767e-02 -2.019999999999999921e-02 -3.780000000000000027e-02 -1.060000000000000005e-02 7.159999999999999698e-02 -8.999999999999999320e-03 -7.520000000000000295e-02 7.420000000000000207e-02 1.959999999999999937e-02 8.100000000000001296e-03 -8.199999999999998956e-03 3.329999999999999627e-02 5.700249999999999588e-03 4.080399999999999761e-04 1.428840000000000015e-03 1.123600000000000016e-04 5.126559999999999624e-03 8.099999999999999019e-05 5.655040000000000067e-03 5.505640000000000013e-03 3.841599999999999811e-04 6.561000000000001726e-05 6.723999999999998641e-05 1.108889999999999746e-03 1.597866500000000000e+06 1.631640375000000000e+06
1.000000000000000000e+00 -2.110000000000000070e-02 -2.759999999999999953e-02 -5.299999999999999850e-02 -1.209999999999999964e-02 4.739999999999999769e-02 -1.370000000000000037e-02 5.439999999999999697e-02 -7.400000000000000328e-03 -1.519999999999999823e-02 -1.499999999999999598e-03 -2.419999999999999929e-02 -4.700000000000001052e-03 4.452100000000000285e-04 7.617599999999999979e-04 2.808999999999999865e-03 1.464100000000000026e-04 2.246759999999999990e-03 1.876900000000000139e-04 2.959359999999999855e-03 5.476000000000000426e-05 2.310399999999999563e-04 2.249999999999998786e-06 5.856400000000000104e-04 2.209000000000001042e-05 1.596043875000000000e+06 1.626388500000000000e+06
1.000000000000000000e+00 -2.290000000000000022e-02 9.799999999999999684e-03 -8.799999999999999489e-02 -1.060000000000000005e-02 9.020000000000000240e-02 -1.400000000000000029e-02 -1.799999999999999517e-03 3.740000000000000269e-02 -3.499999999999999639e-02 1.499999999999999598e-03 4.280000000000000471e-02 -2.999999999999999195e-04 5.244100000000000020e-04 9.603999999999999527e-05 7.743999999999999148e-03 1.123600000000000016e-04 8.136040000000000633e-03 1.960000000000000208e-04 3.239999999999998202e-06 1.398760000000000194e-03 1.224999999999999744e-03 2.249999999999998786e-06 1.831840000000000378e-03 8.999999999999994563e-08 1.596219000000000000e+06 1.624837125000000000e+06
1.000000000000000000e+00 -1.389999999999999916e-02 -2.630000000000000046e-02 -6.060000000000000109e-02 2.999999999999999737e-04 6.759999999999999343e-02 -2.450000000000000094e-02 9.000000000000001055e-03 -3.610000000000000014e-02 2.739999999999999380e-02 1.089999999999999997e-02 -2.260000000000000897e-02 -1.050000000000000065e-02 1.932099999999999746e-04 6.916900000000000132e-04 3.672359999999999947e-03 8.999999999999998534e-08 4.569759999999999101e-03 6.002500000000000890e-04 8.100000000000001730e-05 1.303209999999999959e-03 7.507599999999996221e-04 1.188099999999999958e-04 5.107600000000004021e-04 1.102500000000000100e-04 1.596902000000000000e+06 1.624007125000000000e+06
1.000000000000000000e+00 -2.630000000000000046e-02 -1.228000000000000064e-01 -5.689999999999999919e-02 2.000000000000000096e-04 5.829999999999999766e-02 -1.629999999999999852e-02 -1.240000000000000130e-02 -9.650000000000000244e-02 3.700000000000001898e-03 -9.999999999999996413e-05 -9.299999999999995770e-03 8.200000000000002426e-03 6.916900000000000132e-04 1.507984000000000234e-02 3.237609999999999707e-03 4.000000000000000084e-08 3.398889999999999897e-03 2.656899999999999583e-04 1.537600000000000457e-04 9.312250000000001082e-03 1.369000000000001462e-05 9.999999999999993592e-09 8.648999999999992577e-05 6.724000000000004062e-05 1.594866375000000000e+06 1.617954125000000000e+06
1.000000000000000000e+00 -3.379999999999999671e-02 -5.829999999999999766e-02 -4.429999999999999910e-02 2.799999999999999972e-03 5.410000000000000225e-02 -4.000000000000000083e-03 -7.499999999999996253e-03 6.450000000000000178e-02 1.260000000000000009e-02 2.599999999999999881e-03 -4.199999999999995404e-03 1.229999999999999843e-02 1.142439999999999775e-03 3.398889999999999897e-03 1.962489999999999894e-03 7.839999999999999476e-06 2.926810000000000175e-03 1.599999999999999928e-05 5.624999999999994425e-05 4.160249999999999886e-03 1.587600000000000046e-04 6.759999999999999652e-06 1.763999999999995986e-05 1.512899999999999694e-04 1.595250500000000000e+06 1.619153000000000000e+06
1.000000000000000000e+00 -2.790000000000000119e-02 -3.300000000000000155e-02 -2.599999999999999881e-03 1.140000000000000041e-02 3.740000000000000269e-02 -6.700000000000000226e-03 5.899999999999995526e-03 2.529999999999999610e-02 4.170000000000000095e-02 8.600000000000000006e-03 -1.669999999999999957e-02 -2.700000000000000143e-03 7.784100000000001044e-04 1.089000000000000124e-03 6.759999999999999652e-06 1.299600000000000093e-04 1.398760000000000194e-03 4.489000000000000558e-05 3.480999999999994624e-05 6.400899999999998431e-04 1.738890000000000097e-03 7.396000000000000339e-05 2.788900000000000081e-04 7.290000000000000507e-06 1.598169875000000000e+06 1.625408875000000000e+06
1.000000000000000000e+00 -3.150000000000000022e-02 -4.290000000000000063e-02 4.059999999999999720e-02 8.999999999999999320e-03 2.019999999999999921e-02 -1.000000000000000048e-04 -3.599999999999999034e-03 -9.899999999999999079e-03 4.319999999999999535e-02 -2.400000000000001091e-03 -1.720000000000000348e-02 6.599999999999999964e-03 9.922500000000000764e-04 1.840410000000000006e-03 1.648359999999999756e-03 8.099999999999999019e-05 4.080399999999999761e-04 1.000000000000000021e-08 1.295999999999999281e-05 9.800999999999997811e-05 1.866239999999999696e-03 5.760000000000004991e-06 2.958400000000001220e-04 4.355999999999999629e-05 1.600291000000000000e+06 1.632547125000000000e+06
1.000000000000000000e+00 -4.449999999999999789e-02 -4.750000000000000056e-02 -4.510000000000000120e-02 -6.499999999999999702e-03 3.729999999999999982e-02 9.199999999999999845e-03 -1.299999999999999767e-02 -4.599999999999999922e-03 -8.569999999999999840e-02 -1.549999999999999989e-02 1.710000000000000062e-02 9.299999999999999239e-03 1.980249999999999806e-03 2.256250000000000009e-03 2.034010000000000158e-03 4.224999999999999698e-05 1.391289999999999888e-03 8.464000000000000278e-05 1.689999999999999337e-04 2.116000000000000069e-05 7.344489999999999526e-03 2.402499999999999851e-04 2.924100000000000006e-04 8.648999999999997998e-05 1.600172750000000000e+06 1.636189375000000000e+06
1.000000000000000000e+00 -4.649999999999999967e-02 -6.829999999999999960e-02 1.349999999999999985e-02 -4.499999999999999660e-03 4.920000000000000068e-02 1.110000000000000049e-02 -2.000000000000001776e-03 -2.079999999999999905e-02 5.859999999999999931e-02 2.000000000000000042e-03 1.190000000000000085e-02 1.900000000000000647e-03 2.162250000000000109e-03 4.664889999999999662e-03 1.822499999999999847e-04 2.024999999999999755e-05 2.420639999999999945e-03 1.232100000000000079e-04 4.000000000000007442e-06 4.326399999999999777e-04 3.433959999999999790e-03 3.999999999999999819e-06 1.416100000000000214e-04 3.610000000000002282e-06 1.594758000000000000e+06 1.620857125000000000e+06
1.000000000000000000e+00 -3.109999999999999917e-02 -1.000000000000000021e-03 7.040000000000000424e-02 1.500000000000000031e-03 2.549999999999999836e-02 -2.000000000000000096e-04 1.540000000000000049e-02 6.729999999999999871e-02 5.690000000000000613e-02 6.000000000000000125e-03 -2.370000000000000231e-02 -1.130000000000000102e-02 9.672099999999999231e-04 9.999999999999999547e-07 4.956160000000000253e-03 2.250000000000000057e-06 6.502499999999998949e-04 4.000000000000000084e-08 2.371600000000000129e-04 4.529290000000000052e-03 3.237610000000000574e-03 3.600000000000000091e-05 5.616900000000001059e-04 1.276900000000000192e-04 1.595938250000000000e+06 1.623363250000000000e+06
1.000000000000000000e+00 -2.079999999999999905e-02 1.909999999999999892e-02 4.019999999999999962e-02 1.430000000000000021e-02 3.109999999999999917e-02 7.799999999999999642e-03 1.030000000000000013e-02 2.009999999999999981e-02 -3.020000000000000462e-02 1.280000000000000061e-02 5.600000000000000810e-03 8.000000000000000167e-03 4.326399999999999777e-04 3.648099999999999715e-04 1.616040000000000011e-03 2.044900000000000157e-04 9.672099999999999231e-04 6.083999999999999348e-05 1.060900000000000092e-04 4.040100000000000028e-04 9.120400000000002463e-04 1.638400000000000034e-04 3.136000000000001146e-05 6.399999999999999710e-05 1.599442000000000000e+06 1.633500000000000000e+06
1.000000000000000000e+00 -1.349999999999999985e-02 -1.069999999999999944e-02 -2.539999999999999897e-02 2.479999999999999913e-02 4.959999999999999826e-02 -4.100000000000000346e-03 7.299999999999999198e-03 -2.980000000000000010e-02 -6.559999999999999165e-02 1.049999999999999892e-02 1.849999999999999908e-02 -1.190000000000000085e-02 1.822499999999999847e-04 1.144899999999999830e-04 6.451599999999999826e-04 6.150399999999999661e-04 2.460159999999999864e-03 1.681000000000000338e-05 5.328999999999998614e-05 8.880399999999999882e-04 4.303359999999999130e-03 1.102499999999999829e-04 3.422499999999999436e-04 1.416100000000000214e-04 1.596662000000000000e+06 1.629652500000000000e+06
1.000000000000000000e+00 2.779999999999999832e-02 -4.490000000000000241e-02 6.049999999999999822e-02 3.910000000000000281e-02 6.149999999999999911e-02 -4.870000000000000023e-02 4.129999999999999644e-02 -3.420000000000000123e-02 8.590000000000000413e-02 1.430000000000000368e-02 1.190000000000000085e-02 -4.460000000000000075e-02 7.728399999999998986e-04 2.016010000000000371e-03 3.660249999999999875e-03 1.528810000000000238e-03 3.782250000000000022e-03 2.371690000000000083e-03 1.705689999999999724e-03 1.169640000000000003e-03 7.378810000000000403e-03 2.044900000000000970e-04 1.416100000000000214e-04 1.989160000000000234e-03 1.595090750000000000e+06 1.624640750000000000e+06
1.000000000000000000e+00 1.389999999999999916e-02 1.329999999999999932e-02 -8.939999999999999336e-02 3.919999999999999873e-02 8.340000000000000191e-02 -1.959999999999999937e-02 -1.389999999999999916e-02 5.820000000000000173e-02 -1.498999999999999777e-01 9.999999999999592548e-05 2.190000000000000280e-02 2.910000000000000087e-02 1.932099999999999746e-04 1.768899999999999954e-04 7.992359999999998701e-03 1.536639999999999924e-03 6.955560000000000388e-03 3.841599999999999811e-04 1.932099999999999746e-04 3.387240000000000129e-03 2.247000999999999166e-02 9.999999999999184609e-09 4.796100000000001057e-04 8.468100000000000323e-04 1.599021625000000000e+06 1.629916750000000000e+06
1.000000000000000000e+00 4.050000000000000128e-02 -5.929999999999999855e-02 -9.819999999999999563e-02 1.080000000000000057e-02 9.450000000000000067e-02 -4.199999999999999740e-03 2.660000000000000211e-02 -7.259999999999999787e-02 -8.800000000000002265e-03 -2.839999999999999816e-02 1.109999999999999876e-02 1.540000000000000049e-02 1.640249999999999998e-03 3.516489999999999720e-03 9.643239999999999104e-03 1.166400000000000081e-04 8.930250000000000687e-03 1.763999999999999713e-05 7.075600000000000899e-04 5.270759999999999335e-03 7.744000000000004461e-05 8.065599999999998942e-04 1.232099999999999808e-04 2.371600000000000129e-04 1.602225375000000000e+06 1.636797000000000000e+06
1.000000000000000000e+00 2.170000000000000054e-02 -4.760000000000000342e-02 5.009999999999999870e-02 -1.370000000000000037e-02 1.239999999999999956e-02 -4.000000000000000083e-03 -1.880000000000000074e-02 1.169999999999999513e-02 1.482999999999999874e-01 -2.450000000000000094e-02 -8.210000000000000631e-02 1.999999999999996572e-04 4.708900000000000130e-04 2.265760000000000343e-03 2.510010000000000019e-03 1.876900000000000139e-04 1.537599999999999915e-04 1.599999999999999928e-05 3.534400000000000042e-04 1.368899999999998905e-04 2.199288999999999758e-02 6.002500000000000890e-04 6.740410000000001366e-03 3.999999999999986187e-08 1.598943750000000000e+06 1.633644750000000000e+06
1.000000000000000000e+00 -5.979999999999999899e-02 -3.450000000000000289e-02 2.170000000000000054e-02 -2.359999999999999945e-02 2.570000000000000062e-02 2.040000000000000147e-02 -8.150000000000000300e-02 1.310000000000000053e-02 -2.839999999999999816e-02 -9.899999999999999079e-03 1.330000000000000106e-02 2.440000000000000155e-02 3.576039999999999948e-03 1.190250000000000119e-03 4.708900000000000130e-04 5.569600000000000072e-04 6.604900000000000137e-04 4.161600000000000542e-04 6.642250000000000584e-03 1.716100000000000188e-04 8.065599999999998942e-04 9.800999999999997811e-05 1.768900000000000225e-04 5.953600000000000732e-04 1.599915375000000000e+06 1.634990625000000000e+06
1.000000000000000000e+00 1.179999999999999973e-02 1.299999999999999940e-03 1.700000000000000122e-02 -2.139999999999999888e-02 2.580000000000000002e-02 -7.000000000000000146e-03 7.159999999999999698e-02 3.580000000000000543e-02 -4.699999999999999317e-03 2.200000000000000566e-03 9.999999999999939493e-05 -2.740000000000000074e-02 1.392400000000000018e-04 1.689999999999999913e-06 2.890000000000000316e-04 4.579599999999999318e-04 6.656400000000000034e-04 4.900000000000000519e-05 5.126559999999999624e-03 1.281640000000000340e-03 2.208999999999999348e-05 4.840000000000002788e-06 9.999999999999879441e-09 7.507600000000000558e-04 1.599791125000000000e+06 1.635449375000000000e+06
1.000000000000000000e+00 -4.499999999999999660e-03 -1.260000000000000009e-02 1.569999999999999868e-02 -2.149999999999999828e-02 3.370000000000000079e-02 3.450000000000000289e-02 -1.629999999999999852e-02 -1.389999999999999916e-02 -1.300000000000002542e-03 -9.999999999999939493e-05 7.900000000000000772e-03 4.150000000000000216e-02 2.024999999999999755e-05 1.587600000000000046e-04 2.464899999999999795e-04 4.622499999999999331e-04 1.135689999999999963e-03 1.190250000000000119e-03 2.656899999999999583e-04 1.932099999999999746e-04 1.690000000000006689e-06 9.999999999999879441e-09 6.241000000000000724e-05 1.722250000000000256e-03 1.600173125000000000e+06 1.635902875000000000e+06
1.000000000000000000e+00 1.559999999999999928e-02 3.299999999999999982e-03 5.149999999999999717e-02 -1.909999999999999892e-02 -3.599999999999999901e-03 5.000000000000000104e-04 2.009999999999999981e-02 1.590000000000000094e-02 3.579999999999999849e-02 2.399999999999999356e-03 -3.729999999999999982e-02 -3.400000000000000244e-02 2.433599999999999739e-04 1.088999999999999907e-05 2.652249999999999660e-03 3.648099999999999715e-04 1.295999999999999958e-05 2.499999999999999887e-07 4.040100000000000028e-04 2.528100000000000139e-04 1.281639999999999906e-03 5.759999999999996521e-06 1.391289999999999888e-03 1.156000000000000126e-03 1.600074500000000000e+06 1.634978875000000000e+06
1.000000000000000000e+00 1.499999999999999944e-02 4.479999999999999954e-02 4.649999999999999967e-02 -1.400000000000000029e-02 1.020000000000000073e-02 2.570000000000000062e-02 -5.999999999999998390e-04 4.150000000000000216e-02 -4.999999999999997502e-03 5.099999999999998632e-03 1.379999999999999977e-02 2.520000000000000018e-02 2.249999999999999938e-04 2.007039999999999866e-03 2.162250000000000109e-03 1.960000000000000208e-04 1.040400000000000135e-04 6.604900000000000137e-04 3.599999999999997825e-07 1.722250000000000256e-03 2.499999999999997409e-05 2.600999999999998645e-05 1.904399999999999995e-04 6.350400000000000185e-04 1.600669500000000000e+06 1.636708625000000000e+06
1.000000000000000000e+00 1.499999999999999944e-02 2.149999999999999828e-02 -2.899999999999999800e-03 -1.729999999999999941e-02 3.500000000000000073e-03 1.299999999999999940e-03 0.000000000000000000e+00 -2.330000000000000127e-02 -4.939999999999999947e-02 -3.299999999999999115e-03 -6.700000000000001094e-03 -2.440000000000000155e-02 2.249999999999999938e-04 4.622499999999999331e-04 8.409999999999999101e-06 2.992899999999999619e-04 1.225000000000000130e-05 1.689999999999999913e-06 0.000000000000000000e+00 5.428900000000000826e-04 2.440359999999999925e-03 1.088999999999999399e-05 4.489000000000001236e-05 5.953600000000000732e-04 1.600733625000000000e+06 1.633332375000000000e+06
1.000000000000000000e+00 1.899999999999999996e-03 -7.900000000000000772e-03 3.610000000000000014e-02 -2.549999999999999836e-02 -4.170000000000000095e-02 6.040000000000000230e-02 -1.309999999999999880e-02 -2.939999999999999905e-02 3.899999999999999994e-02 -8.199999999999998956e-03 -4.520000000000000406e-02 5.909999999999999976e-02 3.610000000000000165e-06 6.241000000000000724e-05 1.303209999999999959e-03 6.502499999999998949e-04 1.738890000000000097e-03 3.648160000000000118e-03 1.716099999999999646e-04 8.643599999999999981e-04 1.521000000000000000e-03 6.723999999999998641e-05 2.043040000000000307e-03 3.492809999999999838e-03 1.600806375000000000e+06 1.634978875000000000e+06
1.000000000000000000e+00 2.319999999999999840e-02 -1.469999999999999953e-02 4.750000000000000056e-02 -1.899999999999999953e-02 -1.399999999999999986e-03 -5.199999999999999761e-03 2.129999999999999949e-02 -6.799999999999998754e-03 1.140000000000000041e-02 6.499999999999998834e-03 4.030000000000000249e-02 -6.560000000000000553e-02 5.382399999999999424e-04 2.160899999999999995e-04 2.256250000000000009e-03 3.609999999999999928e-04 1.959999999999999869e-06 2.703999999999999861e-05 4.536899999999999744e-04 4.623999999999998419e-05 1.299600000000000093e-04 4.224999999999998342e-05 1.624090000000000126e-03 4.303360000000000865e-03 1.600655750000000000e+06 1.639218625000000000e+06
1.000000000000000000e+00 1.609999999999999973e-02 3.200000000000000153e-03 4.619999999999999801e-02 -1.720000000000000001e-02 5.979999999999999899e-02 7.900000000000000772e-03 -7.099999999999998673e-03 1.789999999999999925e-02 -1.300000000000002542e-03 1.799999999999999517e-03 6.119999999999999746e-02 1.310000000000000053e-02 2.592100000000000068e-04 1.024000000000000021e-05 2.134439999999999601e-03 2.958400000000000135e-04 3.576039999999999948e-03 6.241000000000000724e-05 5.040999999999997984e-05 3.204099999999999765e-04 1.690000000000006689e-06 3.239999999999998202e-06 3.745439999999999620e-03 1.716100000000000188e-04 1.591666875000000000e+06 1.616915375000000000e+06
1.000000000000000000e+00 2.699999999999999969e-02 2.939999999999999905e-02 1.106000000000000039e-01 -1.149999999999999981e-02 -2.799999999999999972e-03 1.199999999999999895e-03 1.089999999999999997e-02 2.619999999999999760e-02 6.440000000000001279e-02 5.700000000000000205e-03 -6.260000000000000286e-02 -6.700000000000001094e-03 7.289999999999999388e-04 8.643599999999999981e-04 1.223236000000000115e-02 1.322499999999999891e-04 7.839999999999999476e-06 1.439999999999999765e-06 1.188099999999999958e-04 6.864399999999998584e-04 4.147360000000001844e-03 3.249000000000000233e-05 3.918760000000000299e-03 4.489000000000001236e-05 1.589072500000000000e+06 1.607515750000000000e+06
1.000000000000000000e+00 4.100000000000000346e-03 2.779999999999999832e-02 7.190000000000000557e-02 -3.219999999999999946e-02 3.860000000000000236e-02 -8.200000000000000691e-03 -2.290000000000000022e-02 -1.600000000000000727e-03 -3.869999999999999829e-02 -2.069999999999999965e-02 4.139999999999999930e-02 -9.400000000000000369e-03 1.681000000000000338e-05 7.728399999999998986e-04 5.169610000000000698e-03 1.036840000000000027e-03 1.489960000000000243e-03 6.724000000000001352e-05 5.244100000000000020e-04 2.560000000000002171e-06 1.497689999999999872e-03 4.284900000000000124e-04 1.713960000000000049e-03 8.836000000000000104e-05 1.594570125000000000e+06 1.617283375000000000e+06
1.000000000000000000e+00 1.540000000000000049e-02 -8.480000000000000038e-02 -6.690000000000000113e-02 -1.880000000000000074e-02 -2.299999999999999961e-03 -2.809999999999999998e-02 1.130000000000000102e-02 -1.126000000000000056e-01 -1.388000000000000067e-01 1.339999999999999872e-02 -4.090000000000000580e-02 -1.990000000000000102e-02 2.371600000000000129e-04 7.191040000000000106e-03 4.475610000000000525e-03 3.534400000000000042e-04 5.290000000000000174e-06 7.896100000000000514e-04 1.276900000000000192e-04 1.267876000000000072e-02 1.926544000000000173e-02 1.795599999999999681e-04 1.672810000000000486e-03 3.960100000000000252e-04 1.600333625000000000e+06 1.633795000000000000e+06
1.000000000000000000e+00 8.500000000000000611e-03 -8.820000000000000062e-02 -1.444000000000000006e-01 -1.559999999999999928e-02 7.309999999999999831e-02 1.299999999999999940e-03 -6.899999999999999883e-03 -3.400000000000000244e-03 -7.749999999999999944e-02 3.200000000000001454e-03 7.539999999999999480e-02 2.939999999999999905e-02 7.225000000000000790e-05 7.779239999999999766e-03 2.085135999999999934e-02 2.433599999999999739e-04 5.343609999999999506e-03 1.689999999999999913e-06 4.760999999999999987e-05 1.156000000000000113e-05 6.006250000000000304e-03 1.024000000000000868e-05 5.685159999999998999e-03 8.643599999999999981e-04 1.600388875000000000e+06 1.638467625000000000e+06
1.000000000000000000e+00 5.999999999999999474e-04 -1.097999999999999948e-01 -9.299999999999999933e-02 -2.210000000000000159e-02 2.199999999999999872e-02 9.100000000000000450e-03 -7.900000000000000772e-03 -2.159999999999999420e-02 5.140000000000000124e-02 -6.500000000000002304e-03 -5.109999999999999959e-02 7.800000000000000509e-03 3.599999999999999414e-07 1.205603999999999877e-02 8.649000000000000438e-03 4.884100000000001027e-04 4.839999999999999468e-04 8.281000000000000166e-05 6.241000000000000724e-05 4.665599999999997614e-04 2.641960000000000055e-03 4.225000000000003086e-05 2.611210000000000094e-03 6.084000000000000703e-05 1.599524125000000000e+06 1.638234875000000000e+06
1.000000000000000000e+00 1.299999999999999940e-03 -3.200000000000000153e-03 4.889999999999999902e-02 -2.740000000000000074e-02 1.010999999999999954e-01 8.899999999999999925e-03 6.999999999999999929e-04 1.066000000000000003e-01 1.418999999999999984e-01 -5.299999999999999156e-03 7.910000000000000364e-02 -2.000000000000005246e-04 1.689999999999999913e-06 1.024000000000000021e-05 2.391209999999999950e-03 7.507600000000000558e-04 1.022120999999999967e-02 7.920999999999999547e-05 4.899999999999999672e-07 1.136355999999999998e-02 2.013560999999999823e-02 2.808999999999999025e-05 6.256810000000000670e-03 4.000000000000021260e-08 1.597980625000000000e+06 1.633353875000000000e+06
1.000000000000000000e+00 4.700000000000000185e-03 4.599999999999999922e-03 3.009999999999999828e-02 -2.500000000000000139e-02 4.349999999999999700e-02 -3.500000000000000073e-03 3.400000000000000244e-03 7.799999999999999642e-03 -1.880000000000000074e-02 2.399999999999999356e-03 -5.759999999999999842e-02 -1.239999999999999956e-02 2.209000000000000026e-05 2.116000000000000069e-05 9.060099999999998450e-04 6.250000000000001214e-04 1.892249999999999835e-03 1.225000000000000130e-05 1.156000000000000113e-05 6.083999999999999348e-05 3.534400000000000042e-04 5.759999999999996521e-06 3.317759999999999893e-03 1.537599999999999915e-04 1.599457750000000000e+06 1.633735875000000000e+06
1.000000000000000000e+00 5.999999999999999474e-04 -1.069999999999999944e-02 1.280000000000000061e-02 -2.479999999999999913e-02 4.599999999999999922e-02 2.899999999999999800e-03 -4.100000000000000346e-03 -1.529999999999999936e-02 -1.729999999999999594e-02 2.000000000000022593e-04 2.500000000000002220e-03 6.399999999999999439e-03 3.599999999999999414e-07 1.144899999999999830e-04 1.638400000000000034e-04 6.150399999999999661e-04 2.115999999999999825e-03 8.409999999999999101e-06 1.681000000000000338e-05 2.340899999999999763e-04 2.992899999999998535e-04 4.000000000000090081e-08 6.250000000000011311e-06 4.095999999999999408e-05 1.598605250000000000e+06 1.626811375000000000e+06
1.000000000000000000e+00 1.000000000000000021e-03 -3.570000000000000256e-02 2.280000000000000082e-02 -1.930000000000000118e-02 4.610000000000000209e-02 1.799999999999999951e-03 4.000000000000000734e-04 -2.500000000000000139e-02 1.000000000000000021e-02 5.499999999999997946e-03 1.000000000000028644e-04 -1.099999999999999849e-03 9.999999999999999547e-07 1.274490000000000085e-03 5.198400000000000373e-04 3.724900000000000606e-04 2.125210000000000207e-03 3.239999999999999896e-06 1.600000000000000563e-07 6.250000000000001214e-04 1.000000000000000048e-04 3.024999999999997634e-05 1.000000000000057262e-08 1.209999999999999638e-06 1.595470250000000000e+06 1.624926875000000000e+06
1.000000000000000000e+00 2.520000000000000018e-02 5.700000000000000205e-03 4.979999999999999705e-02 -2.589999999999999941e-02 5.349999999999999895e-02 -7.700000000000000247e-03 2.419999999999999929e-02 4.140000000000000624e-02 2.699999999999999623e-02 -6.599999999999998229e-03 7.399999999999996858e-03 -9.499999999999999764e-03 6.350400000000000185e-04 3.249000000000000233e-05 2.480039999999999762e-03 6.708099999999999827e-04 2.862249999999999777e-03 5.929000000000000324e-05 5.856400000000000104e-04 1.713960000000000483e-03 7.289999999999998304e-04 4.355999999999997596e-05 5.475999999999995682e-05 9.024999999999999819e-05 1.598131125000000000e+06 1.629599125000000000e+06
1.000000000000000000e+00 2.999999999999999737e-04 -2.110000000000000070e-02 5.630000000000000282e-02 -3.049999999999999933e-02 4.710000000000000298e-02 7.499999999999999722e-03 -2.489999999999999852e-02 -2.680000000000000090e-02 6.500000000000005773e-03 -4.599999999999999922e-03 -6.399999999999995970e-03 1.519999999999999997e-02 8.999999999999998534e-08 4.452100000000000285e-04 3.169690000000000181e-03 9.302499999999999788e-04 2.218410000000000087e-03 5.624999999999999846e-05 6.200099999999999405e-04 7.182400000000000893e-04 4.225000000000007829e-05 2.116000000000000069e-05 4.095999999999994665e-05 2.310400000000000106e-04 1.598195125000000000e+06 1.629053375000000000e+06
1.000000000000000000e+00 2.630000000000000046e-02 -3.119999999999999857e-02 2.129999999999999949e-02 -2.120000000000000009e-02 7.080000000000000182e-02 -2.580000000000000002e-02 2.599999999999999881e-02 -1.009999999999999787e-02 -3.500000000000000333e-02 9.299999999999999239e-03 2.369999999999999885e-02 -3.329999999999999627e-02 6.916900000000000132e-04 9.734399999999998956e-04 4.536899999999999744e-04 4.494400000000000066e-04 5.012640000000000498e-03 6.656400000000000034e-04 6.759999999999999516e-04 1.020099999999999534e-04 1.225000000000000177e-03 8.648999999999997998e-05 5.616899999999999974e-04 1.108889999999999746e-03 1.597631000000000000e+06 1.630950125000000000e+06
1.000000000000000000e+00 1.990000000000000102e-02 -5.199999999999999761e-03 -3.780000000000000027e-02 -2.359999999999999945e-02 3.030000000000000054e-02 -7.799999999999999642e-03 -6.399999999999999439e-03 2.599999999999999881e-02 -5.909999999999999976e-02 -2.399999999999999356e-03 -4.050000000000000128e-02 1.800000000000000211e-02 3.960100000000000252e-04 2.703999999999999861e-05 1.428840000000000015e-03 5.569600000000000072e-04 9.180899999999999868e-04 6.083999999999999348e-05 4.095999999999999408e-05 6.759999999999999516e-04 3.492809999999999838e-03 5.759999999999996521e-06 1.640249999999999998e-03 3.240000000000000692e-04 1.598489875000000000e+06 1.629377375000000000e+06
1.000000000000000000e+00 2.520000000000000018e-02 3.700000000000000164e-03 1.370000000000000037e-02 -1.839999999999999969e-02 4.320000000000000229e-02 -6.100000000000000387e-03 5.299999999999999156e-03 8.899999999999999925e-03 5.150000000000000411e-02 5.199999999999999761e-03 1.290000000000000174e-02 1.699999999999999255e-03 6.350400000000000185e-04 1.369000000000000106e-05 1.876900000000000139e-04 3.385600000000000111e-04 1.866240000000000130e-03 3.721000000000000457e-05 2.808999999999999025e-05 7.920999999999999547e-05 2.652250000000000527e-03 2.703999999999999861e-05 1.664100000000000551e-04 2.889999999999997318e-06 1.601919125000000000e+06 1.641347750000000000e+06
1.000000000000000000e+00 2.249999999999999917e-02 2.899999999999999800e-03 -1.500000000000000031e-03 -1.779999999999999985e-02 3.749999999999999861e-02 -1.069999999999999944e-02 -2.700000000000001010e-03 -8.000000000000003636e-04 -1.519999999999999997e-02 5.999999999999998390e-04 -5.700000000000003675e-03 -4.599999999999999055e-03 5.062499999999999726e-04 8.409999999999999101e-06 2.250000000000000057e-06 3.168399999999999819e-04 1.406249999999999948e-03 1.144899999999999830e-04 7.290000000000005589e-06 6.400000000000005428e-07 2.310400000000000106e-04 3.599999999999997825e-07 3.249000000000004299e-05 2.115999999999999053e-05 1.599657125000000000e+06 1.635532500000000000e+06
1.000000000000000000e+00 8.500000000000000611e-03 -2.359999999999999945e-02 -1.149999999999999981e-02 -1.750000000000000167e-02 2.069999999999999965e-02 1.699999999999999905e-03 -1.399999999999999856e-02 -2.649999999999999925e-02 -1.000000000000000021e-02 2.999999999999981848e-04 -1.679999999999999896e-02 1.239999999999999956e-02 7.225000000000000790e-05 5.569600000000000072e-04 1.322499999999999891e-04 3.062500000000000443e-04 4.284900000000000124e-04 2.889999999999999859e-06 1.959999999999999666e-04 7.022499999999999663e-04 1.000000000000000048e-04 8.999999999999891331e-08 2.822399999999999540e-04 1.537599999999999915e-04 1.596418500000000000e+06 1.628066125000000000e+06
1.000000000000000000e+00 -3.200000000000000153e-03 2.800000000000000058e-02 -5.639999999999999875e-02 -3.080000000000000099e-02 3.969999999999999918e-02 -9.700000000000000289e-03 -1.170000000000000033e-02 5.160000000000000003e-02 -4.489999999999999547e-02 -1.329999999999999932e-02 1.899999999999999953e-02 -1.140000000000000041e-02 1.024000000000000021e-05 7.840000000000000831e-04 3.180960000000000037e-03 9.486400000000000518e-04 1.576090000000000043e-03 9.409000000000000208e-05 1.368899999999999989e-04 2.662560000000000014e-03 2.016009999999999504e-03 1.768899999999999954e-04 3.609999999999999928e-04 1.299600000000000093e-04 1.598824875000000000e+06 1.636485250000000000e+06
1.000000000000000000e+00 -4.499999999999999660e-03 -1.060000000000000005e-02 -5.890000000000000097e-02 -3.239999999999999825e-02 2.989999999999999949e-02 -8.300000000000000086e-03 -1.299999999999999507e-03 -3.860000000000000236e-02 -2.500000000000002220e-03 -1.599999999999997258e-03 -9.799999999999999684e-03 1.400000000000000203e-03 2.024999999999999755e-05 1.123600000000000016e-04 3.469209999999999915e-03 1.049759999999999843e-03 8.940099999999999870e-04 6.888999999999999941e-05 1.689999999999998642e-06 1.489960000000000243e-03 6.250000000000011311e-06 2.559999999999991160e-06 9.603999999999999527e-05 1.960000000000000716e-06 1.601602125000000000e+06 1.640905625000000000e+06
1.000000000000000000e+00 -3.700000000000000164e-03 -8.200000000000000691e-03 4.809999999999999692e-02 -3.009999999999999828e-02 4.100000000000000172e-02 -5.599999999999999943e-03 7.999999999999994962e-04 2.399999999999999356e-03 1.069999999999999979e-01 2.299999999999999961e-03 1.110000000000000223e-02 2.700000000000000143e-03 1.369000000000000106e-05 6.724000000000001352e-05 2.313609999999999799e-03 9.060099999999998450e-04 1.681000000000000202e-03 3.135999999999999790e-05 6.399999999999991664e-07 5.759999999999996521e-06 1.144899999999999911e-02 5.290000000000000174e-06 1.232100000000000621e-04 7.290000000000000507e-06 1.600606500000000000e+06 1.640448625000000000e+06
1.000000000000000000e+00 -7.900000000000000772e-03 -8.200000000000000691e-03 -9.400000000000000369e-03 -3.409999999999999837e-02 5.000000000000000278e-02 -8.200000000000000691e-03 -4.200000000000000608e-03 0.000000000000000000e+00 -5.749999999999999556e-02 -4.000000000000000083e-03 9.000000000000001055e-03 -2.600000000000000748e-03 6.241000000000000724e-05 6.724000000000001352e-05 8.836000000000000104e-05 1.162809999999999799e-03 2.500000000000000486e-03 6.724000000000001352e-05 1.764000000000000390e-05 0.000000000000000000e+00 3.306249999999999294e-03 1.599999999999999928e-05 8.100000000000001730e-05 6.760000000000003887e-06 1.600711500000000000e+06 1.639848375000000000e+06
1.000000000000000000e+00 -2.340000000000000066e-02 -2.649999999999999925e-02 1.760000000000000106e-02 -3.899999999999999994e-02 1.940000000000000058e-02 -3.500000000000000073e-03 -1.549999999999999989e-02 -1.829999999999999682e-02 2.700000000000000316e-02 -4.900000000000001577e-03 -3.060000000000000220e-02 4.700000000000001052e-03 5.475599999999999955e-04 7.022499999999999663e-04 3.097600000000000158e-04 1.521000000000000000e-03 3.763600000000000083e-04 1.225000000000000130e-05 2.402499999999999851e-04 3.348899999999999056e-04 7.290000000000001557e-04 2.401000000000001576e-05 9.363600000000001219e-04 2.209000000000001042e-05 1.600616875000000000e+06 1.637304250000000000e+06
1.000000000000000000e+00 -1.909999999999999892e-02 2.149999999999999828e-02 2.520000000000000018e-02 -3.570000000000000256e-02 3.540000000000000091e-02 -2.500000000000000052e-03 4.300000000000001737e-03 4.800000000000000100e-02 7.599999999999999117e-03 3.299999999999997380e-03 1.600000000000000033e-02 1.000000000000000021e-03 3.648099999999999715e-04 4.622499999999999331e-04 6.350400000000000185e-04 1.274490000000000085e-03 1.253160000000000125e-03 6.250000000000000300e-06 1.849000000000001440e-05 2.304000000000000058e-03 5.775999999999998909e-05 1.088999999999998213e-05 2.559999999999999884e-04 9.999999999999999547e-07 1.601113250000000000e+06 1.638624000000000000e+06
1.000000000000000000e+00 -1.030000000000000013e-02 5.040000000000000036e-02 -1.399999999999999986e-03 -2.960000000000000131e-02 2.270000000000000143e-02 -5.400000000000000286e-03 8.799999999999998795e-03 2.890000000000000208e-02 -2.659999999999999865e-02 6.100000000000001255e-03 -1.269999999999999948e-02 -2.900000000000000234e-03 1.060900000000000092e-04 2.540160000000000074e-03 1.959999999999999869e-06 8.761600000000000681e-04 5.152900000000000622e-04 2.916000000000000203e-05 7.743999999999997684e-05 8.352100000000000756e-04 7.075599999999999815e-04 3.721000000000001813e-05 1.612899999999999957e-04 8.410000000000000795e-06 1.599576625000000000e+06 1.638087250000000000e+06
1.000000000000000000e+00 -1.359999999999999924e-02 -4.120000000000000051e-02 -4.899999999999999842e-03 -3.119999999999999857e-02 2.740000000000000074e-02 -8.500000000000000611e-03 -3.299999999999999115e-03 -9.160000000000000087e-02 -3.499999999999999639e-03 -1.599999999999997258e-03 4.699999999999999317e-03 -3.100000000000000325e-03 1.849599999999999910e-04 1.697440000000000147e-03 2.400999999999999882e-05 9.734399999999998956e-04 7.507600000000000558e-04 7.225000000000000790e-05 1.088999999999999399e-05 8.390560000000000032e-03 1.224999999999999791e-05 2.559999999999991160e-06 2.208999999999999348e-05 9.610000000000002858e-06 1.600424000000000000e+06 1.639140750000000000e+06
1.000000000000000000e+00 -1.880000000000000074e-02 -2.850000000000000103e-02 -4.700000000000000185e-03 -3.579999999999999849e-02 5.340000000000000302e-02 -1.080000000000000057e-02 -5.200000000000001496e-03 1.269999999999999948e-02 1.999999999999996572e-04 -4.599999999999999922e-03 2.600000000000000228e-02 -2.299999999999999961e-03 3.534400000000000042e-04 8.122500000000000379e-04 2.209000000000000026e-05 1.281639999999999906e-03 2.851560000000000379e-03 1.166400000000000081e-04 2.704000000000001555e-05 1.612899999999999957e-04 3.999999999999986187e-08 2.116000000000000069e-05 6.760000000000001685e-04 5.290000000000000174e-06 1.600715250000000000e+06 1.640804375000000000e+06
1.000000000000000000e+00 -1.839999999999999969e-02 -2.649999999999999925e-02 1.500000000000000031e-03 -3.930000000000000160e-02 3.409999999999999837e-02 -1.080000000000000057e-02 4.000000000000010492e-04 2.000000000000001776e-03 6.200000000000000649e-03 -3.500000000000003109e-03 -1.930000000000000465e-02 0.000000000000000000e+00 3.385600000000000111e-04 7.022499999999999663e-04 2.250000000000000057e-06 1.544490000000000142e-03 1.162809999999999799e-03 1.166400000000000081e-04 1.600000000000008504e-07 4.000000000000007442e-06 3.844000000000001143e-05 1.225000000000002163e-05 3.724900000000001691e-04 0.000000000000000000e+00 1.599282250000000000e+06 1.638286000000000000e+06
1.000000000000000000e+00 -1.779999999999999985e-02 -1.629999999999999852e-02 -1.080000000000000057e-02 -3.590000000000000135e-02 5.059999999999999915e-02 -1.480000000000000066e-02 5.999999999999998390e-04 1.020000000000000073e-02 -1.230000000000000017e-02 3.400000000000000244e-03 1.650000000000000078e-02 -4.000000000000000083e-03 3.168399999999999819e-04 2.656899999999999583e-04 1.166400000000000081e-04 1.288810000000000042e-03 2.560359999999999806e-03 2.190400000000000170e-04 3.599999999999997825e-07 1.040400000000000135e-04 1.512899999999999965e-04 1.156000000000000113e-05 2.722500000000000310e-04 1.599999999999999928e-05 1.598927000000000000e+06 1.638315125000000000e+06
1.000000000000000000e+00 -2.469999999999999973e-02 3.130000000000000143e-02 6.329999999999999516e-02 -3.409999999999999837e-02 3.649999999999999772e-02 -1.770000000000000046e-02 -6.899999999999999883e-03 4.760000000000000342e-02 7.409999999999999920e-02 1.800000000000002986e-03 -1.410000000000000142e-02 -2.899999999999999800e-03 6.100899999999999813e-04 9.796900000000000747e-04 4.006889999999999064e-03 1.162809999999999799e-03 1.332249999999999884e-03 3.132900000000000311e-04 4.760999999999999987e-05 2.265760000000000343e-03 5.490809999999999615e-03 3.240000000000010907e-06 1.988100000000000294e-04 8.409999999999999101e-06 1.598285375000000000e+06 1.637006500000000000e+06
1.000000000000000000e+00 -2.350000000000000006e-02 3.780000000000000027e-02 7.270000000000000073e-02 -3.169999999999999901e-02 6.590000000000000024e-02 -1.619999999999999912e-02 1.199999999999999678e-03 6.499999999999998834e-03 9.400000000000005573e-03 2.399999999999999356e-03 2.940000000000000252e-02 1.500000000000001332e-03 5.522500000000000065e-04 1.428840000000000015e-03 5.285289999999999780e-03 1.004890000000000037e-03 4.342809999999999900e-03 2.624399999999999606e-04 1.439999999999999130e-06 4.224999999999998342e-05 8.836000000000010946e-05 5.759999999999996521e-06 8.643600000000001065e-04 2.250000000000003869e-06 1.597892500000000000e+06 1.634435000000000000e+06
1.000000000000000000e+00 -1.830000000000000029e-02 3.289999999999999869e-02 1.567000000000000060e-01 -3.359999999999999792e-02 3.090000000000000038e-02 -2.179999999999999993e-02 5.199999999999999761e-03 -4.900000000000001577e-03 8.400000000000000522e-02 -1.899999999999998912e-03 -3.500000000000000333e-02 -5.600000000000000810e-03 3.348900000000000141e-04 1.082410000000000013e-03 2.455489000000000283e-02 1.128959999999999816e-03 9.548100000000000554e-04 4.752399999999999832e-04 2.703999999999999861e-05 2.401000000000001576e-05 7.056000000000000640e-03 3.609999999999995930e-06 1.225000000000000177e-03 3.136000000000001146e-05 1.592318625000000000e+06 1.629586000000000000e+06
1.000000000000000000e+00 -6.300000000000000044e-03 5.210000000000000048e-02 7.670000000000000429e-02 -2.790000000000000119e-02 7.570000000000000340e-02 -3.280000000000000276e-02 1.200000000000000025e-02 1.920000000000000179e-02 -8.000000000000000167e-02 5.699999999999996736e-03 4.480000000000000648e-02 -1.100000000000000283e-02 3.969000000000000116e-05 2.714410000000000000e-03 5.882890000000000862e-03 7.784100000000001044e-04 5.730490000000000410e-03 1.075840000000000216e-03 1.440000000000000036e-04 3.686400000000000484e-04 6.400000000000000307e-03 3.248999999999996167e-05 2.007040000000000733e-03 1.210000000000000680e-04 1.598730875000000000e+06 1.633676625000000000e+06
1.000000000000000000e+00 -3.130000000000000143e-02 7.539999999999999480e-02 2.192999999999999949e-01 -1.131000000000000061e-01 -1.129999999999999928e-02 -1.058000000000000052e-01 -2.500000000000000139e-02 2.329999999999999433e-02 1.426000000000000045e-01 -8.519999999999999796e-02 -8.700000000000000788e-02 -7.300000000000000933e-02 9.796900000000000747e-04 5.685159999999998999e-03 4.809248999999999469e-02 1.279161000000000187e-02 1.276899999999999921e-04 1.119364000000000123e-02 6.250000000000001214e-04 5.428899999999997573e-04 2.033476000000000034e-02 7.259039999999999590e-03 7.569000000000001074e-03 5.329000000000001271e-03 1.597508125000000000e+06 1.634269750000000000e+06
1.000000000000000000e+00 -3.250000000000000111e-02 3.420000000000000123e-02 3.034999999999999920e-01 -1.295000000000000040e-01 5.840000000000000052e-02 -1.074999999999999983e-01 -1.199999999999999678e-03 -4.119999999999999357e-02 8.419999999999999707e-02 -1.639999999999999791e-02 6.969999999999999807e-02 -1.699999999999993183e-03 1.056250000000000114e-03 1.169640000000000003e-03 9.211224999999999274e-02 1.677025000000000043e-02 3.410559999999999981e-03 1.155624999999999881e-02 1.439999999999999130e-06 1.697439999999999496e-03 7.089639999999999484e-03 2.689599999999999456e-04 4.858089999999999804e-03 2.889999999999976989e-06 1.601778250000000000e+06 1.641883125000000000e+06
1.000000000000000000e+00 -4.390000000000000152e-02 -8.229999999999999816e-02 -2.800000000000000058e-02 -3.160000000000000309e-02 7.860000000000000320e-02 -7.470000000000000251e-02 -1.140000000000000041e-02 -1.164999999999999925e-01 -3.315000000000000169e-01 9.790000000000000091e-02 2.020000000000000268e-02 3.279999999999999583e-02 1.927210000000000164e-03 6.773289999999999519e-03 7.840000000000000831e-04 9.985600000000001159e-04 6.177960000000000569e-03 5.580090000000000224e-03 1.299600000000000093e-04 1.357224999999999751e-02 1.098922500000000108e-01 9.584409999999999805e-03 4.080400000000000845e-04 1.075839999999999783e-03 1.596528875000000000e+06 1.635013875000000000e+06
1.000000000000000000e+00 -4.019999999999999962e-02 -1.102000000000000063e-01 -1.845999999999999863e-01 -1.100000000000000066e-03 6.469999999999999363e-02 -7.259999999999999787e-02 3.700000000000001898e-03 -2.790000000000000813e-02 -1.565999999999999892e-01 3.050000000000000280e-02 -1.390000000000000957e-02 2.100000000000004641e-03 1.616040000000000011e-03 1.214404000000000178e-02 3.407715999999999523e-02 1.210000000000000062e-06 4.186089999999999083e-03 5.270759999999999335e-03 1.369000000000001462e-05 7.784100000000004297e-04 2.452355999999999633e-02 9.302500000000001957e-04 1.932100000000002728e-04 4.410000000000019610e-06 1.593806125000000000e+06 1.628240375000000000e+06
1.000000000000000000e+00 -7.499999999999999722e-02 -1.381000000000000005e-01 -1.627000000000000113e-01 -5.100000000000000366e-03 3.690000000000000224e-02 -2.299999999999999961e-03 -3.479999999999999760e-02 -2.789999999999999425e-02 2.189999999999997504e-02 -4.000000000000000083e-03 -2.779999999999999138e-02 7.030000000000000138e-02 5.624999999999999792e-03 1.907160999999999926e-02 2.647129000000000495e-02 2.601000000000000339e-05 1.361610000000000077e-03 5.290000000000000174e-06 1.211039999999999816e-03 7.784099999999996708e-04 4.796099999999989131e-04 1.599999999999999928e-05 7.728399999999995733e-04 4.942090000000000545e-03 1.597105875000000000e+06 1.631354750000000000e+06
1.000000000000000000e+00 -7.810000000000000275e-02 -4.730000000000000177e-02 -1.329999999999999932e-02 -1.100000000000000066e-03 1.039999999999999952e-01 -5.000000000000000104e-04 -3.100000000000005529e-03 9.079999999999999183e-02 1.494000000000000050e-01 4.000000000000000083e-03 6.709999999999999298e-02 1.799999999999999951e-03 6.099610000000000101e-03 2.237290000000000285e-03 1.768899999999999954e-04 1.210000000000000062e-06 1.081599999999999923e-02 2.499999999999999887e-07 9.610000000000035045e-06 8.244639999999999261e-03 2.232036000000000089e-02 1.599999999999999928e-05 4.502409999999999225e-03 3.239999999999999896e-06 1.596119875000000000e+06 1.628078000000000000e+06
1.000000000000000000e+00 -1.389999999999999916e-02 -4.569999999999999757e-02 -2.400000000000000050e-02 -7.499999999999999722e-03 6.370000000000000662e-02 3.099999999999999891e-03 6.420000000000000706e-02 1.600000000000004197e-03 -1.070000000000000118e-02 -6.399999999999999439e-03 -4.029999999999998861e-02 3.599999999999999901e-03 1.932099999999999746e-04 2.088489999999999704e-03 5.760000000000000146e-04 5.624999999999999846e-05 4.057690000000000949e-03 9.609999999999999470e-06 4.121640000000001067e-03 2.560000000000013606e-06 1.144900000000000236e-04 4.095999999999999408e-05 1.624089999999999041e-03 1.295999999999999958e-05 1.596912500000000000e+06 1.626200000000000000e+06
1.000000000000000000e+00 -4.400000000000000265e-03 -1.700000000000000122e-02 1.089999999999999997e-02 -1.500000000000000031e-03 5.689999999999999919e-02 -1.699999999999999905e-03 9.499999999999998029e-03 2.869999999999999635e-02 3.490000000000000047e-02 6.000000000000000125e-03 -6.800000000000007427e-03 -4.799999999999999580e-03 1.936000000000000099e-05 2.890000000000000316e-04 1.188099999999999958e-04 2.250000000000000057e-06 3.237609999999999707e-03 2.889999999999999859e-06 9.024999999999995753e-05 8.236899999999997522e-04 1.218010000000000056e-03 3.600000000000000091e-05 4.624000000000009938e-05 2.303999999999999625e-05 1.595978500000000000e+06 1.624682750000000000e+06
1.000000000000000000e+00 2.000000000000000042e-03 6.700000000000000226e-03 -1.209999999999999964e-02 -6.000000000000000125e-03 5.279999999999999971e-02 -7.599999999999999985e-03 6.400000000000000307e-03 2.370000000000000231e-02 -2.299999999999999961e-02 -4.500000000000000527e-03 -4.099999999999999478e-03 -5.899999999999999863e-03 3.999999999999999819e-06 4.489000000000000558e-05 1.464100000000000026e-04 3.600000000000000091e-05 2.787839999999999763e-03 5.776000000000000264e-05 4.096000000000000086e-05 5.616900000000001059e-04 5.289999999999999564e-04 2.025000000000000432e-05 1.680999999999999660e-05 3.481000000000000045e-05 1.595785750000000000e+06 1.624487000000000000e+06
1.000000000000000000e+00 8.999999999999999754e-04 -6.700000000000000226e-03 -5.899999999999999689e-02 -6.400000000000000307e-03 5.029999999999999749e-02 -1.299999999999999940e-02 -1.100000000000000066e-03 -1.340000000000000045e-02 -4.689999999999999725e-02 -4.000000000000001818e-04 -2.500000000000002220e-03 -5.399999999999999419e-03 8.099999999999999739e-07 4.489000000000000558e-05 3.480999999999999719e-03 4.096000000000000086e-05 2.530089999999999596e-03 1.689999999999999879e-04 1.210000000000000062e-06 1.795600000000000223e-04 2.199609999999999847e-03 1.600000000000001357e-07 6.250000000000011311e-06 2.915999999999999525e-05 1.595957000000000000e+06 1.624213875000000000e+06
1.000000000000000000e+00 -7.700000000000000247e-03 -5.240000000000000213e-02 -6.189999999999999669e-02 -5.100000000000000366e-03 5.689999999999999919e-02 -1.399999999999999986e-03 -8.600000000000000006e-03 -4.570000000000000451e-02 -2.899999999999999800e-03 1.299999999999999940e-03 6.600000000000001699e-03 1.159999999999999920e-02 5.929000000000000324e-05 2.745760000000000301e-03 3.831609999999999617e-03 2.601000000000000339e-05 3.237609999999999707e-03 1.959999999999999869e-06 7.396000000000000339e-05 2.088490000000000572e-03 8.409999999999999101e-06 1.689999999999999913e-06 4.356000000000002340e-05 1.345599999999999856e-04 1.595833500000000000e+06 1.621204625000000000e+06
1.000000000000000000e+00 -5.400000000000000286e-03 -4.300000000000000003e-03 -1.149999999999999981e-02 8.099999999999999561e-03 5.779999999999999721e-02 1.119999999999999989e-02 2.299999999999999961e-03 4.810000000000000386e-02 5.040000000000000036e-02 1.319999999999999993e-02 8.999999999999980238e-04 1.260000000000000009e-02 2.916000000000000203e-05 1.849000000000000085e-05 1.322499999999999891e-04 6.560999999999999016e-05 3.340839999999999869e-03 1.254399999999999916e-04 5.290000000000000174e-06 2.313610000000000232e-03 2.540160000000000074e-03 1.742399999999999852e-04 8.099999999999964799e-07 1.587600000000000046e-04 1.593104875000000000e+06 1.615214875000000000e+06
1.000000000000000000e+00 -2.149999999999999828e-02 -7.760000000000000231e-02 -5.559999999999999665e-02 -1.000000000000000021e-02 6.619999999999999496e-02 1.510000000000000057e-02 -1.609999999999999626e-02 -7.330000000000000404e-02 -4.410000000000000031e-02 -1.809999999999999803e-02 8.399999999999997746e-03 3.900000000000000688e-03 4.622499999999999331e-04 6.021760000000000133e-03 3.091359999999999594e-03 1.000000000000000048e-04 4.382439999999999600e-03 2.280100000000000074e-04 2.592099999999998984e-04 5.372890000000000825e-03 1.944809999999999942e-03 3.276099999999999347e-04 7.055999999999996140e-05 1.521000000000000515e-05 1.596518125000000000e+06 1.620544375000000000e+06
1.000000000000000000e+00 -2.620000000000000107e-02 -2.079999999999999905e-02 -1.236000000000000015e-01 -7.100000000000000408e-03 5.090000000000000080e-02 2.500000000000000139e-02 -4.700000000000002787e-03 5.680000000000000326e-02 -6.800000000000000488e-02 2.899999999999999800e-03 -1.529999999999999416e-02 9.900000000000000813e-03 6.864400000000000753e-04 4.326399999999999777e-04 1.527696000000000089e-02 5.041000000000000694e-05 2.590810000000000248e-03 6.250000000000001214e-04 2.209000000000002737e-05 3.226240000000000444e-03 4.624000000000000506e-03 8.409999999999999101e-06 2.340899999999998136e-04 9.801000000000001876e-05 1.602005250000000000e+06 1.635215000000000000e+06
1.000000000000000000e+00 -2.239999999999999977e-02 -5.510000000000000314e-02 -1.460000000000000013e-02 -1.100000000000000066e-03 3.620000000000000301e-02 1.640000000000000138e-02 3.800000000000001293e-03 -3.430000000000000410e-02 1.089999999999999997e-01 6.000000000000000125e-03 -1.469999999999999779e-02 -8.600000000000000006e-03 5.017599999999999665e-04 3.036010000000000444e-03 2.131599999999999988e-04 1.210000000000000062e-06 1.310440000000000172e-03 2.689600000000000541e-04 1.444000000000000913e-05 1.176490000000000305e-03 1.188099999999999920e-02 3.600000000000000091e-05 2.160899999999999453e-04 7.396000000000000339e-05 1.600152625000000000e+06 1.636194250000000000e+06
1.000000000000000000e+00 -2.670000000000000151e-02 1.940000000000000058e-02 5.759999999999999842e-02 -2.299999999999999961e-03 4.080000000000000293e-02 2.510000000000000078e-02 -4.300000000000001737e-03 7.450000000000001066e-02 7.220000000000000029e-02 -1.199999999999999895e-03 4.599999999999999922e-03 8.699999999999999400e-03 7.128900000000000948e-04 3.763600000000000083e-04 3.317759999999999893e-03 5.290000000000000174e-06 1.664640000000000217e-03 6.300100000000000752e-04 1.849000000000001440e-05 5.550250000000001363e-03 5.212839999999999835e-03 1.439999999999999765e-06 2.116000000000000069e-05 7.568999999999998852e-05 1.600305625000000000e+06 1.635592875000000000e+06
1.000000000000000000e+00 -3.350000000000000200e-02 8.000000000000000383e-04 -2.900000000000000147e-02 2.599999999999999881e-03 3.660000000000000059e-02 3.160000000000000309e-02 -6.800000000000000488e-03 -1.860000000000000195e-02 -8.659999999999999643e-02 4.899999999999999842e-03 -4.200000000000002343e-03 6.500000000000002304e-03 1.122250000000000201e-03 6.400000000000000134e-07 8.410000000000000591e-04 6.759999999999999652e-06 1.339560000000000056e-03 9.985600000000001159e-04 4.624000000000000451e-05 3.459600000000000826e-04 7.499559999999999733e-03 2.400999999999999882e-05 1.764000000000002084e-05 4.225000000000003086e-05 1.599587500000000000e+06 1.634072625000000000e+06
1.000000000000000000e+00 -2.960000000000000131e-02 3.869999999999999829e-02 -8.699999999999999400e-03 1.859999999999999848e-02 4.089999999999999886e-02 3.500000000000000333e-02 3.900000000000000688e-03 3.789999999999999619e-02 2.030000000000000207e-02 1.600000000000000033e-02 4.299999999999998268e-03 3.400000000000000244e-03 8.761600000000000681e-04 1.497689999999999872e-03 7.568999999999998852e-05 3.459599999999999199e-04 1.672809999999999835e-03 1.225000000000000177e-03 1.521000000000000515e-05 1.436409999999999727e-03 4.120900000000001016e-04 2.559999999999999884e-04 1.848999999999998391e-05 1.156000000000000113e-05 1.599310875000000000e+06 1.631847750000000000e+06
1.000000000000000000e+00 -1.849999999999999908e-02 8.200000000000000344e-02 6.550000000000000266e-02 3.030000000000000054e-02 4.780000000000000221e-02 1.810000000000000150e-02 1.110000000000000223e-02 4.330000000000000515e-02 7.420000000000000207e-02 1.170000000000000207e-02 6.900000000000003353e-03 -1.690000000000000183e-02 3.422499999999999436e-04 6.724000000000000810e-03 4.290250000000000660e-03 9.180899999999999868e-04 2.284840000000000221e-03 3.276100000000000431e-04 1.232100000000000621e-04 1.874890000000000367e-03 5.505640000000000013e-03 1.368900000000000531e-04 4.761000000000004730e-05 2.856100000000000522e-04 1.600297125000000000e+06 1.631896500000000000e+06
1.000000000000000000e+00 -2.290000000000000022e-02 2.560000000000000123e-02 6.469999999999999363e-02 1.409999999999999969e-02 2.280000000000000082e-02 4.540000000000000285e-02 -4.400000000000001132e-03 -5.640000000000000568e-02 -8.000000000000090372e-04 -1.619999999999999912e-02 -2.500000000000000139e-02 2.730000000000000135e-02 5.244100000000000020e-04 6.553600000000000137e-04 4.186089999999999083e-03 1.988100000000000023e-04 5.198400000000000373e-04 2.061160000000000249e-03 1.936000000000001115e-05 3.180960000000000471e-03 6.400000000000144130e-07 2.624399999999999606e-04 6.250000000000001214e-04 7.452900000000001234e-04 1.595508000000000000e+06 1.628521625000000000e+06
1.000000000000000000e+00 -8.600000000000000006e-03 6.140000000000000319e-02 8.740000000000000546e-02 -6.800000000000000488e-02 -9.049999999999999711e-02 8.329999999999999905e-02 1.430000000000000021e-02 3.579999999999999849e-02 2.270000000000001183e-02 -8.210000000000000631e-02 -1.132999999999999979e-01 3.789999999999999619e-02 7.396000000000000339e-05 3.769960000000000585e-03 7.638760000000001382e-03 4.624000000000000506e-03 8.190249999999999614e-03 6.938889999999999642e-03 2.044900000000000157e-04 1.281639999999999906e-03 5.152900000000004959e-04 6.740410000000001366e-03 1.283689000000000011e-02 1.436409999999999727e-03 1.603047000000000000e+06 1.644846500000000000e+06
1.000000000000000000e+00 -1.250000000000000069e-02 -8.000000000000000383e-04 1.390000000000000124e-01 -2.340000000000000066e-02 -6.320000000000000617e-02 2.380000000000000171e-02 -3.900000000000000688e-03 -6.220000000000000528e-02 5.160000000000000697e-02 4.460000000000000075e-02 2.729999999999999094e-02 -5.949999999999999734e-02 1.562500000000000304e-04 6.400000000000000134e-07 1.932100000000000484e-02 5.475599999999999955e-04 3.994240000000000464e-03 5.664400000000000858e-04 1.521000000000000515e-05 3.868840000000000560e-03 2.662560000000000881e-03 1.989160000000000234e-03 7.452899999999994729e-04 3.540249999999999560e-03 1.605564750000000000e+06 1.653707750000000000e+06
1.000000000000000000e+00 9.799999999999999684e-03 -2.819999999999999937e-02 -7.069999999999999896e-02 -7.499999999999999722e-02 7.180000000000000271e-02 -3.700000000000000164e-03 2.230000000000000038e-02 -2.740000000000000074e-02 -2.096999999999999975e-01 -5.159999999999999309e-02 1.350000000000000089e-01 -2.750000000000000361e-02 9.603999999999999527e-05 7.952400000000000094e-04 4.998489999999999531e-03 5.624999999999999792e-03 5.155240000000000170e-03 1.369000000000000106e-05 4.972900000000000584e-04 7.507600000000000558e-04 4.397409000000000040e-02 2.662559999999999146e-03 1.822500000000000162e-02 7.562500000000001946e-04 1.598830750000000000e+06 1.645042375000000000e+06
1.000000000000000000e+00 -2.009999999999999981e-02 -8.480000000000000038e-02 -8.939999999999999336e-02 -2.210000000000000159e-02 8.419999999999999707e-02 3.749999999999999861e-02 -2.989999999999999949e-02 -5.659999999999999754e-02 -1.869999999999999440e-02 5.289999999999999564e-02 1.239999999999999436e-02 4.120000000000000051e-02 4.040100000000000028e-04 7.191040000000000106e-03 7.992359999999998701e-03 4.884100000000001027e-04 7.089639999999999484e-03 1.406249999999999948e-03 8.940099999999999870e-04 3.203559999999999828e-03 3.496899999999997775e-04 2.798409999999999440e-03 1.537599999999998560e-04 1.697440000000000147e-03 1.597223250000000000e+06 1.639102500000000000e+06
1.000000000000000000e+00 1.000000000000000021e-03 -1.949999999999999997e-02 6.590000000000000024e-02 -1.129999999999999928e-02 1.121000000000000052e-01 6.700000000000000226e-03 2.110000000000000070e-02 6.529999999999999694e-02 1.552999999999999936e-01 1.080000000000000231e-02 2.790000000000000813e-02 -3.079999999999999752e-02 9.999999999999999547e-07 3.802499999999999999e-04 4.342809999999999900e-03 1.276899999999999921e-04 1.256641000000000181e-02 4.489000000000000558e-05 4.452100000000000285e-04 4.264089999999999894e-03 2.411808999999999828e-02 1.166400000000000488e-04 7.784100000000004297e-04 9.486399999999998349e-04 1.597311625000000000e+06 1.635785250000000000e+06
1.000000000000000000e+00 -3.200000000000000067e-02 -1.026999999999999996e-01 -8.290000000000000147e-02 -6.499999999999999702e-03 8.959999999999999909e-02 4.750000000000000056e-02 -3.300000000000000155e-02 -8.319999999999999618e-02 -1.487999999999999878e-01 4.799999999999999580e-03 -2.250000000000000611e-02 4.080000000000000293e-02 1.023999999999999954e-03 1.054728999999999910e-02 6.872410000000000671e-03 4.224999999999999698e-05 8.028159999999999463e-03 2.256250000000000009e-03 1.089000000000000124e-03 6.922239999999999643e-03 2.214143999999999488e-02 2.303999999999999625e-05 5.062500000000002979e-04 1.664640000000000217e-03 1.600166375000000000e+06 1.641263000000000000e+06
1.000000000000000000e+00 -2.040000000000000147e-02 -7.539999999999999480e-02 -8.340000000000000191e-02 -8.000000000000000167e-03 8.390000000000000235e-02 2.000000000000000042e-02 1.159999999999999920e-02 2.730000000000000482e-02 -5.000000000000004441e-04 -1.500000000000000465e-03 -5.699999999999996736e-03 -2.750000000000000014e-02 4.161600000000000542e-04 5.685159999999998999e-03 6.955560000000000388e-03 6.399999999999999710e-05 7.039210000000000605e-03 4.000000000000000192e-04 1.345599999999999856e-04 7.452900000000002318e-04 2.500000000000004651e-07 2.250000000000001328e-06 3.248999999999996167e-05 7.562499999999999778e-04 1.599251250000000000e+06 1.638695000000000000e+06
1.000000000000000000e+00 -4.340000000000000108e-02 -2.589999999999999941e-02 -3.500000000000000073e-03 1.699999999999999905e-03 2.929999999999999966e-02 7.939999999999999836e-02 -2.299999999999999961e-02 4.949999999999999539e-02 7.989999999999999880e-02 9.700000000000000289e-03 -5.460000000000000270e-02 5.939999999999999447e-02 1.883560000000000052e-03 6.708099999999999827e-04 1.225000000000000130e-05 2.889999999999999859e-06 8.584899999999999476e-04 6.304360000000000172e-03 5.289999999999999564e-04 2.450249999999999737e-03 6.384009999999999858e-03 9.409000000000000208e-05 2.981160000000000494e-03 3.528359999999999483e-03 1.599272000000000000e+06 1.638986000000000000e+06
1.000000000000000000e+00 -2.340000000000000066e-02 -9.679999999999999716e-02 -1.224999999999999978e-01 1.490000000000000005e-02 1.729999999999999941e-02 2.110000000000000070e-02 2.000000000000000042e-02 -7.089999999999999081e-02 -1.189999999999999947e-01 1.319999999999999993e-02 -1.200000000000000025e-02 -5.829999999999999766e-02 5.475599999999999955e-04 9.370240000000000166e-03 1.500624999999999876e-02 2.220099999999999971e-04 2.992899999999999619e-04 4.452100000000000285e-04 4.000000000000000192e-04 5.026809999999998745e-03 1.416099999999999824e-02 1.742399999999999852e-04 1.440000000000000036e-04 3.398889999999999897e-03 1.599680625000000000e+06 1.634373250000000000e+06
1.000000000000000000e+00 -2.719999999999999848e-02 -2.989999999999999949e-02 -4.660000000000000253e-02 1.060000000000000005e-02 9.599999999999999159e-03 2.359999999999999945e-02 -3.799999999999997824e-03 6.690000000000000113e-02 7.589999999999999525e-02 -4.300000000000000003e-03 -7.700000000000000247e-03 2.499999999999998751e-03 7.398399999999999638e-04 8.940099999999999870e-04 2.171560000000000330e-03 1.123600000000000016e-04 9.215999999999998499e-05 5.569600000000000072e-04 1.443999999999998372e-05 4.475610000000000525e-03 5.760809999999999022e-03 1.849000000000000085e-05 5.929000000000000324e-05 6.249999999999993523e-06 1.597534375000000000e+06 1.628825125000000000e+06
1.000000000000000000e+00 -3.459999999999999881e-02 -8.099999999999999561e-03 4.370000000000000273e-02 9.599999999999999159e-03 3.049999999999999933e-02 2.630000000000000046e-02 -7.400000000000000328e-03 2.179999999999999993e-02 9.030000000000000526e-02 -1.000000000000000888e-03 2.090000000000000191e-02 2.700000000000001010e-03 1.197159999999999848e-03 6.560999999999999016e-05 1.909690000000000346e-03 9.215999999999998499e-05 9.302499999999999788e-04 6.916900000000000132e-04 5.476000000000000426e-05 4.752399999999999832e-04 8.154090000000000990e-03 1.000000000000001861e-06 4.368100000000000953e-04 7.290000000000005589e-06 1.597028000000000000e+06 1.625632250000000000e+06
1.000000000000000000e+00 -4.109999999999999765e-02 -2.620000000000000107e-02 1.329999999999999932e-02 5.700000000000000205e-03 2.719999999999999848e-02 2.790000000000000119e-02 -6.499999999999998834e-03 -1.810000000000000150e-02 -3.040000000000000341e-02 -3.899999999999998954e-03 -3.300000000000000849e-03 1.600000000000000727e-03 1.689209999999999800e-03 6.864400000000000753e-04 1.768899999999999954e-04 3.249000000000000233e-05 7.398399999999999638e-04 7.784100000000001044e-04 4.224999999999998342e-05 3.276100000000000431e-04 9.241600000000002590e-04 1.520999999999999159e-05 1.089000000000000585e-05 2.560000000000002171e-06 1.598148125000000000e+06 1.624517750000000000e+06
1.000000000000000000e+00 -4.429999999999999910e-02 -2.750000000000000014e-02 -1.020000000000000073e-02 4.499999999999999660e-03 3.350000000000000200e-02 2.560000000000000123e-02 -3.200000000000001454e-03 -1.299999999999999073e-03 -2.350000000000000006e-02 -1.200000000000000545e-03 6.300000000000003514e-03 -2.299999999999999961e-03 1.962489999999999894e-03 7.562499999999999778e-04 1.040400000000000135e-04 2.024999999999999755e-05 1.122250000000000201e-03 6.553600000000000137e-04 1.024000000000000868e-05 1.689999999999997584e-06 5.522500000000000065e-04 1.440000000000001248e-06 3.969000000000004182e-05 5.290000000000000174e-06 1.596456000000000000e+06 1.622461750000000000e+06
1.000000000000000000e+00 -4.179999999999999688e-02 2.899999999999999800e-03 3.059999999999999873e-02 7.499999999999999722e-03 2.869999999999999982e-02 2.149999999999999828e-02 2.500000000000002220e-03 3.039999999999999994e-02 4.080000000000000293e-02 3.000000000000000062e-03 -4.800000000000002182e-03 -4.100000000000002948e-03 1.747239999999999731e-03 8.409999999999999101e-06 9.363599999999999051e-04 5.624999999999999846e-05 8.236899999999999691e-04 4.622499999999999331e-04 6.250000000000011311e-06 9.241600000000000422e-04 1.664640000000000217e-03 9.000000000000000228e-06 2.304000000000001996e-05 1.681000000000002371e-05 1.597827750000000000e+06 1.623633750000000000e+06
1.000000000000000000e+00 -3.910000000000000281e-02 1.779999999999999985e-02 1.669999999999999957e-02 9.499999999999999764e-03 2.359999999999999945e-02 1.389999999999999916e-02 2.699999999999994071e-03 1.490000000000000005e-02 -1.389999999999999916e-02 2.000000000000000042e-03 -5.100000000000000366e-03 -7.599999999999999117e-03 1.528810000000000238e-03 3.168399999999999819e-04 2.788900000000000081e-04 9.024999999999999819e-05 5.569600000000000072e-04 1.932099999999999746e-04 7.289999999999968319e-06 2.220099999999999971e-04 1.932099999999999746e-04 3.999999999999999819e-06 2.601000000000000339e-05 5.775999999999998909e-05 1.599563875000000000e+06 1.631435375000000000e+06
1.000000000000000000e+00 -3.359999999999999792e-02 4.390000000000000152e-02 3.059999999999999873e-02 1.669999999999999957e-02 3.209999999999999659e-02 1.190000000000000085e-02 5.500000000000004885e-03 2.610000000000000167e-02 1.389999999999999916e-02 7.199999999999999803e-03 8.499999999999997141e-03 -1.999999999999998307e-03 1.128959999999999816e-03 1.927210000000000164e-03 9.363599999999999051e-04 2.788900000000000081e-04 1.030409999999999833e-03 1.416100000000000214e-04 3.025000000000005427e-05 6.812100000000001271e-04 1.932099999999999746e-04 5.183999999999999833e-05 7.224999999999995369e-05 3.999999999999993043e-06 1.600276000000000000e+06 1.636072750000000000e+06
1.000000000000000000e+00 -2.709999999999999909e-02 -5.100000000000000366e-03 8.219999999999999529e-02 1.799999999999999864e-02 2.630000000000000046e-02 3.500000000000000073e-03 6.499999999999998834e-03 -4.900000000000000189e-02 5.159999999999999309e-02 1.299999999999999073e-03 -5.799999999999996131e-03 -8.400000000000001216e-03 7.344099999999999023e-04 2.601000000000000339e-05 6.756839999999999201e-03 3.239999999999999608e-04 6.916900000000000132e-04 1.225000000000000130e-05 4.224999999999998342e-05 2.401000000000000356e-03 2.662559999999999146e-03 1.689999999999997584e-06 3.363999999999995574e-05 7.056000000000001561e-05 1.599288625000000000e+06 1.633942000000000000e+06
1.000000000000000000e+00 -2.620000000000000107e-02 3.080000000000000099e-02 1.160000000000000059e-01 2.440000000000000155e-02 3.490000000000000047e-02 9.400000000000000369e-03 8.999999999999980238e-04 3.590000000000000135e-02 3.380000000000001059e-02 6.400000000000002909e-03 8.600000000000000006e-03 5.900000000000000730e-03 6.864400000000000753e-04 9.486400000000000518e-04 1.345600000000000095e-02 5.953600000000000732e-04 1.218010000000000056e-03 8.836000000000000104e-05 8.099999999999964799e-07 1.288810000000000042e-03 1.142440000000000642e-03 4.096000000000003474e-05 7.396000000000000339e-05 3.481000000000000722e-05 1.596395875000000000e+06 1.627741750000000000e+06
1.000000000000000000e+00 -7.199999999999999803e-03 1.335999999999999965e-01 1.282000000000000084e-01 2.079999999999999905e-02 -1.710000000000000062e-02 1.329999999999999932e-02 1.900000000000000300e-02 1.028000000000000025e-01 1.220000000000000251e-02 -3.600000000000002504e-03 -5.200000000000000455e-02 3.899999999999998954e-03 5.183999999999999833e-05 1.784896000000000052e-02 1.643524000000000374e-02 4.326399999999999777e-04 2.924100000000000006e-04 1.768899999999999954e-04 3.610000000000001012e-04 1.056784000000000022e-02 1.488400000000000725e-04 1.296000000000001822e-05 2.704000000000000674e-03 1.520999999999999159e-05 1.595376375000000000e+06 1.626626500000000000e+06
1.000000000000000000e+00 -2.620000000000000107e-02 9.800000000000000377e-02 1.960000000000000075e-01 -9.600000000000000200e-02 -1.024000000000000049e-01 2.790000000000000119e-02 -1.900000000000000300e-02 -3.559999999999999276e-02 6.779999999999999916e-02 -1.168000000000000010e-01 -8.530000000000000082e-02 1.460000000000000187e-02 6.864400000000000753e-04 9.604000000000001425e-03 3.841600000000000570e-02 9.216000000000000233e-03 1.048576000000000022e-02 7.784100000000001044e-04 3.610000000000001012e-04 1.267359999999999494e-03 4.596839999999999607e-03 1.364223999999999992e-02 7.276089999999999815e-03 2.131600000000000530e-04 1.603959125000000000e+06 1.647361625000000000e+06
1.000000000000000000e+00 -5.299999999999999850e-02 3.590000000000000135e-02 4.349999999999999700e-02 -7.340000000000000691e-02 4.200000000000000261e-02 6.640000000000000069e-02 -2.679999999999999744e-02 -6.210000000000000242e-02 -1.525000000000000244e-01 2.259999999999999509e-02 1.444000000000000006e-01 3.849999999999999950e-02 2.808999999999999865e-03 1.288810000000000042e-03 1.892249999999999835e-03 5.387560000000001306e-03 1.764000000000000160e-03 4.408959999999999962e-03 7.182399999999998725e-04 3.856410000000000220e-03 2.325625000000000608e-02 5.107599999999997515e-04 2.085135999999999934e-02 1.482250000000000061e-03 1.608074625000000000e+06 1.658657875000000000e+06
1.000000000000000000e+00 -6.090000000000000274e-02 5.179999999999999882e-02 -1.519999999999999997e-02 -7.900000000000000078e-02 1.213999999999999940e-01 6.180000000000000077e-02 -7.900000000000004241e-03 1.589999999999999747e-02 -5.869999999999999524e-02 -5.599999999999993872e-03 7.939999999999999836e-02 -4.599999999999999922e-03 3.708810000000000318e-03 2.683239999999999931e-03 2.310400000000000106e-04 6.241000000000000020e-03 1.473795999999999787e-02 3.819240000000000222e-03 6.241000000000006146e-05 2.528099999999999055e-04 3.445689999999999517e-03 3.135999999999993014e-05 6.304360000000000172e-03 2.116000000000000069e-05 1.603839875000000000e+06 1.649892125000000000e+06
1.000000000000000000e+00 -4.240000000000000019e-02 -7.799999999999999989e-02 7.960000000000000409e-02 -6.700000000000000226e-03 5.310000000000000137e-02 3.259999999999999704e-02 1.850000000000000255e-02 -1.297999999999999987e-01 9.480000000000000926e-02 7.230000000000000315e-02 -6.829999999999999960e-02 -2.920000000000000373e-02 1.797760000000000026e-03 6.083999999999999998e-03 6.336160000000000403e-03 4.489000000000000558e-05 2.819610000000000172e-03 1.062759999999999833e-03 3.422500000000001062e-04 1.684803999999999816e-02 8.987040000000001694e-03 5.227290000000000755e-03 4.664889999999999662e-03 8.526400000000002120e-04 1.599880625000000000e+06 1.643357125000000000e+06
1.000000000000000000e+00 1.340000000000000045e-02 -7.580000000000000626e-02 -3.370000000000000079e-02 -1.110000000000000049e-02 6.550000000000000266e-02 3.719999999999999696e-02 5.580000000000000238e-02 2.199999999999993627e-03 -1.133000000000000118e-01 -4.400000000000000265e-03 1.240000000000000130e-02 4.599999999999999922e-03 1.795600000000000223e-04 5.745640000000000643e-03 1.135689999999999963e-03 1.232100000000000079e-04 4.290250000000000660e-03 1.383839999999999680e-03 3.113640000000000418e-03 4.839999999999972295e-06 1.283689000000000184e-02 1.936000000000000099e-05 1.537600000000000457e-04 2.116000000000000069e-05 1.598845125000000000e+06 1.641911875000000000e+06
1.000000000000000000e+00 -4.209999999999999853e-02 -7.660000000000000142e-02 -2.879999999999999921e-02 2.999999999999999737e-04 5.720000000000000084e-02 3.679999999999999938e-02 -5.550000000000000072e-02 -7.999999999999951594e-04 4.900000000000001577e-03 1.140000000000000041e-02 -8.300000000000001821e-03 -3.999999999999975797e-04 1.772409999999999871e-03 5.867559999999999963e-03 8.294399999999999733e-04 8.999999999999998534e-08 3.271840000000000252e-03 1.354240000000000044e-03 3.080250000000000089e-03 6.399999999999922842e-07 2.401000000000001576e-05 1.299600000000000093e-04 6.889000000000002652e-05 1.599999999999980711e-07 1.599301500000000000e+06 1.639938125000000000e+06
1.000000000000000000e+00 1.779999999999999985e-02 -8.480000000000000038e-02 -6.090000000000000274e-02 3.700000000000000164e-03 6.850000000000000533e-02 4.120000000000000051e-02 5.989999999999999492e-02 -8.199999999999998956e-03 -3.210000000000000353e-02 3.400000000000000244e-03 1.130000000000000449e-02 4.400000000000001132e-03 3.168399999999999819e-04 7.191040000000000106e-03 3.708810000000000318e-03 1.369000000000000106e-05 4.692250000000001108e-03 1.697440000000000147e-03 3.588009999999999550e-03 6.723999999999998641e-05 1.030410000000000267e-03 1.156000000000000113e-05 1.276900000000001005e-04 1.936000000000001115e-05 1.599671250000000000e+06 1.637369625000000000e+06
1.000000000000000000e+00 -3.910000000000000281e-02 -9.990000000000000269e-02 -9.909999999999999365e-02 1.450000000000000074e-02 7.549999999999999767e-02 2.290000000000000022e-02 -5.690000000000000613e-02 -1.510000000000000231e-02 -3.819999999999999091e-02 1.080000000000000057e-02 6.999999999999992339e-03 -1.830000000000000029e-02 1.528810000000000238e-03 9.980010000000000964e-03 9.820809999999999262e-03 2.102500000000000148e-04 5.700249999999999588e-03 5.244100000000000020e-04 3.237610000000000574e-03 2.280100000000000616e-04 1.459239999999999236e-03 1.166400000000000081e-04 4.899999999999989000e-05 3.348900000000000141e-04 1.600161250000000000e+06 1.635430250000000000e+06
1.000000000000000000e+00 2.359999999999999945e-02 -5.990000000000000185e-02 -3.699999999999999817e-02 1.849999999999999908e-02 9.329999999999999405e-02 3.740000000000000269e-02 6.270000000000000573e-02 4.000000000000000083e-02 6.209999999999999548e-02 3.999999999999998349e-03 1.779999999999999638e-02 1.450000000000000247e-02 5.569600000000000072e-04 3.588010000000000418e-03 1.368999999999999774e-03 3.422499999999999436e-04 8.704889999999998115e-03 1.398760000000000194e-03 3.931290000000000479e-03 1.600000000000000077e-03 3.856409999999999352e-03 1.599999999999998572e-05 3.168399999999998735e-04 2.102500000000000690e-04 1.595410250000000000e+06 1.627762750000000000e+06
1.000000000000000000e+00 -5.899999999999999689e-02 -1.580000000000000154e-02 -7.929999999999999549e-02 3.160000000000000309e-02 3.780000000000000027e-02 7.589999999999999525e-02 -8.259999999999999287e-02 4.410000000000000031e-02 -4.229999999999999732e-02 1.310000000000000400e-02 -5.549999999999999378e-02 3.849999999999999256e-02 3.480999999999999719e-03 2.496400000000000290e-04 6.288489999999999011e-03 9.985600000000001159e-04 1.428840000000000015e-03 5.760809999999999022e-03 6.822759999999998895e-03 1.944809999999999942e-03 1.789289999999999804e-03 1.716100000000001001e-04 3.080249999999999221e-03 1.482249999999999410e-03 1.595636250000000000e+06 1.624619500000000000e+06
1.000000000000000000e+00 3.269999999999999990e-02 -1.084999999999999992e-01 -9.389999999999999736e-02 5.909999999999999976e-02 3.139999999999999736e-02 6.930000000000000049e-02 9.170000000000000373e-02 -9.270000000000000462e-02 -1.460000000000000187e-02 2.749999999999999667e-02 -6.400000000000002909e-03 -6.599999999999994760e-03 1.069290000000000084e-03 1.177224999999999973e-02 8.817209999999998937e-03 3.492809999999999838e-03 9.859599999999999181e-04 4.802490000000000404e-03 8.408890000000000461e-03 8.593290000000001691e-03 2.131600000000000530e-04 7.562499999999998694e-04 4.096000000000003474e-05 4.355999999999992853e-05 1.598263750000000000e+06 1.630227750000000000e+06
1.000000000000000000e+00 6.060000000000000109e-02 -5.600000000000000117e-02 -1.095000000000000001e-01 1.799999999999999951e-03 2.819999999999999937e-02 -3.200000000000000153e-03 2.790000000000000119e-02 5.249999999999999806e-02 -1.560000000000000275e-02 -5.729999999999999677e-02 -3.199999999999997985e-03 -7.249999999999999500e-02 3.672359999999999947e-03 3.136000000000000332e-03 1.199024999999999917e-02 3.239999999999999896e-06 7.952400000000000094e-04 1.024000000000000021e-05 7.784100000000001044e-04 2.756249999999999586e-03 2.433600000000000823e-04 3.283289999999999473e-03 1.023999999999998666e-05 5.256249999999999638e-03 1.596343500000000000e+06 1.628158250000000000e+06
1.000000000000000000e+00 4.760000000000000342e-02 -4.170000000000000095e-02 8.300000000000000086e-03 -1.099999999999999936e-02 4.639999999999999680e-02 -2.599999999999999881e-03 -1.299999999999999767e-02 1.430000000000000021e-02 1.178000000000000019e-01 -1.279999999999999888e-02 1.819999999999999743e-02 6.000000000000002727e-04 2.265760000000000343e-03 1.738890000000000097e-03 6.888999999999999941e-05 1.209999999999999867e-04 2.152959999999999770e-03 6.759999999999999652e-06 1.689999999999999337e-04 2.044900000000000157e-04 1.387683999999999966e-02 1.638399999999999763e-04 3.312399999999998982e-04 3.600000000000003119e-07 1.592809125000000000e+06 1.619442125000000000e+06
1.000000000000000000e+00 -4.139999999999999930e-02 -3.080000000000000099e-02 3.130000000000000143e-02 -1.030000000000000013e-02 2.149999999999999828e-02 2.500000000000000052e-03 -8.899999999999999578e-02 1.089999999999999997e-02 2.299999999999999961e-02 6.999999999999992339e-04 -2.489999999999999852e-02 5.100000000000000366e-03 1.713960000000000049e-03 9.486400000000000518e-04 9.796900000000000747e-04 1.060900000000000092e-04 4.622499999999999331e-04 6.250000000000000300e-06 7.920999999999999222e-03 1.188099999999999958e-04 5.289999999999999564e-04 4.899999999999989084e-07 6.200099999999999405e-04 2.601000000000000339e-05 1.592479625000000000e+06 1.618695875000000000e+06
1.000000000000000000e+00 -2.809999999999999998e-02 -1.050000000000000065e-02 4.469999999999999668e-02 -1.080000000000000057e-02 8.300000000000000086e-03 -9.299999999999999239e-03 1.329999999999999932e-02 2.029999999999999860e-02 1.339999999999999525e-02 -5.000000000000004441e-04 -1.319999999999999819e-02 -1.179999999999999973e-02 7.896100000000000514e-04 1.102500000000000100e-04 1.998089999999999675e-03 1.166400000000000081e-04 6.888999999999999941e-05 8.648999999999997998e-05 1.768899999999999954e-04 4.120899999999999390e-04 1.795599999999998597e-04 2.500000000000004651e-07 1.742399999999999581e-04 1.392400000000000018e-04 1.593711625000000000e+06 1.623576875000000000e+06
1.000000000000000000e+00 -3.899999999999999994e-02 -3.209999999999999659e-02 1.770000000000000046e-02 -2.040000000000000147e-02 1.359999999999999924e-02 -2.440000000000000155e-02 -1.089999999999999997e-02 -2.159999999999999420e-02 -2.699999999999999623e-02 -9.600000000000000894e-03 5.299999999999999156e-03 -1.510000000000000231e-02 1.521000000000000000e-03 1.030409999999999833e-03 3.132900000000000311e-04 4.161600000000000542e-04 1.849599999999999910e-04 5.953600000000000732e-04 1.188099999999999958e-04 4.665599999999997614e-04 7.289999999999998304e-04 9.216000000000001209e-05 2.808999999999999025e-05 2.280100000000000616e-04 1.597475875000000000e+06 1.631116750000000000e+06
1.000000000000000000e+00 -5.179999999999999882e-02 -5.000000000000000104e-03 -8.500000000000000611e-03 -2.390000000000000110e-02 -9.900000000000000813e-03 -1.230000000000000017e-02 -1.279999999999999888e-02 2.709999999999999562e-02 -2.620000000000000107e-02 -3.499999999999999639e-03 -2.350000000000000006e-02 1.210000000000000138e-02 2.683239999999999931e-03 2.500000000000000120e-05 7.225000000000000790e-05 5.712100000000000554e-04 9.801000000000001876e-05 1.512899999999999965e-04 1.638399999999999763e-04 7.344099999999997939e-04 6.864400000000000753e-04 1.224999999999999791e-05 5.522500000000000065e-04 1.464100000000000297e-04 1.598508375000000000e+06 1.634419125000000000e+06
