1.000000000000000000e+00 -0.000000000000000000e+00 -0.000000000000000000e+00 -0.000000000000000000e+00 0.000000000000000000e+00 0.000000000000000000e+00 0.000000000000000000e+00 0.000000000000000000e+00 0.000000000000000000e+00 0.000000000000000000e+00 0.000000000000000000e+00 0.000000000000000000e+00 0.000000000000000000e+00 0.000000000000000000e+00 0.000000000000000000e+00 0.000000000000000000e+00 0.000000000000000000e+00 0.000000000000000000e+00 0.000000000000000000e+00 0.000000000000000000e+00 0.000000000000000000e+00 0.000000000000000000e+00 0.000000000000000000e+00 0.000000000000000000e+00 0.000000000000000000e+00 1.499629125000000000e+06 1.610532875000000000e+06
1.000000000000000000e+00 -7.729999999999999372e-02 5.600000000000000117e-02 -8.200000000000000691e-03 -7.639999999999999569e-02 5.589999999999999830e-02 -1.969999999999999876e-02 -7.729999999999999372e-02 5.600000000000000117e-02 -8.200000000000000691e-03 -7.639999999999999569e-02 5.589999999999999830e-02 -1.969999999999999876e-02 5.975289999999999421e-03 3.136000000000000332e-03 6.724000000000001352e-05 5.836959999999999545e-03 3.124810000000000001e-03 3.880899999999999519e-04 5.975289999999999421e-03 3.136000000000000332e-03 6.724000000000001352e-05 5.836959999999999545e-03 3.124810000000000001e-03 3.880899999999999519e-04 1.498667500000000000e+06 1.611332625000000000e+06
1.000000000000000000e+00 -3.429999999999999716e-02 1.006999999999999978e-01 2.110000000000000070e-02 -5.439999999999999697e-02 3.910000000000000281e-02 -1.170000000000000033e-02 4.299999999999999656e-02 4.469999999999999668e-02 2.929999999999999966e-02 2.199999999999999872e-02 -1.679999999999999549e-02 7.999999999999998432e-03 1.176489999999999871e-03 1.014049000000000027e-02 4.452100000000000285e-04 2.959359999999999855e-03 1.528810000000000238e-03 1.368899999999999989e-04 1.848999999999999732e-03 1.998089999999999675e-03 8.584899999999999476e-04 4.839999999999999468e-04 2.822399999999998456e-04 6.399999999999997000e-05 1.499051750000000000e+06 1.609734500000000000e+06
1.000000000000000000e+00 -3.330000000000000321e-02 7.910000000000000364e-02 -7.439999999999999392e-02 -4.889999999999999902e-02 1.205999999999999989e-01 -4.270000000000000184e-02 9.999999999999939493e-04 -2.159999999999999420e-02 -9.550000000000000155e-02 5.499999999999997946e-03 8.149999999999998912e-02 -3.099999999999999978e-02 1.108890000000000179e-03 6.256810000000000670e-03 5.535359999999998719e-03 2.391209999999999950e-03 1.454435999999999923e-02 1.823290000000000197e-03 9.999999999999878845e-07 4.665599999999997614e-04 9.120249999999999885e-03 3.024999999999997634e-05 6.642249999999997982e-03 9.609999999999999402e-04 1.499591500000000000e+06 1.611598125000000000e+06
1.000000000000000000e+00 -2.100000000000000130e-02 -6.700000000000000226e-03 -4.929999999999999660e-02 -4.950000000000000233e-02 9.810000000000000664e-02 -4.730000000000000177e-02 1.230000000000000190e-02 -8.580000000000000127e-02 2.509999999999999731e-02 -6.000000000000033085e-04 -2.249999999999999223e-02 -4.599999999999999922e-03 4.410000000000000400e-04 4.489000000000000558e-05 2.430489999999999561e-03 2.450250000000000171e-03 9.623610000000001191e-03 2.237290000000000285e-03 1.512900000000000507e-04 7.361640000000000024e-03 6.300099999999998583e-04 3.600000000000039648e-07 5.062499999999996473e-04 2.116000000000000069e-05 1.500060875000000000e+06 1.611270375000000000e+06
1.000000000000000000e+00 -1.940000000000000058e-02 -1.461000000000000076e-01 -6.690000000000000113e-02 -2.239999999999999977e-02 1.897000000000000075e-01 8.000000000000000383e-04 1.600000000000000727e-03 -1.393999999999999961e-01 -1.760000000000000453e-02 2.710000000000000256e-02 9.160000000000000087e-02 4.810000000000000386e-02 3.763600000000000083e-04 2.134521000000000335e-02 4.475610000000000525e-03 5.017599999999999665e-04 3.598609000000000530e-02 6.400000000000000134e-07 2.560000000000002171e-06 1.943235999999999922e-02 3.097600000000001784e-04 7.344100000000001191e-04 8.390560000000000032e-03 2.313610000000000232e-03 1.500489125000000000e+06 1.612781875000000000e+06
1.000000000000000000e+00 -4.209999999999999853e-02 1.269999999999999948e-02 -3.740000000000000269e-02 8.000000000000000167e-03 1.850999999999999868e-01 3.540000000000000091e-02 -2.269999999999999796e-02 1.587999999999999967e-01 2.949999999999999845e-02 3.039999999999999994e-02 -4.600000000000020739e-03 3.459999999999999881e-02 1.772409999999999871e-03 1.612899999999999957e-04 1.398760000000000194e-03 6.399999999999999710e-05 3.426200999999999552e-02 1.253160000000000125e-03 5.152899999999999538e-04 2.521744000000000069e-02 8.702499999999999299e-04 9.241600000000000422e-04 2.116000000000019043e-05 1.197159999999999848e-03 1.503688375000000000e+06 1.617954625000000000e+06
1.000000000000000000e+00 6.999999999999999929e-04 7.290000000000000646e-02 -8.409999999999999420e-02 1.000000000000000048e-04 1.113999999999999990e-01 6.149999999999999911e-02 4.279999999999999777e-02 6.020000000000000351e-02 -4.669999999999999152e-02 -7.900000000000000772e-03 -7.369999999999998774e-02 2.609999999999999820e-02 4.899999999999999672e-07 5.314410000000001182e-03 7.072809999999998820e-03 1.000000000000000021e-08 1.240995999999999939e-02 3.782250000000000022e-03 1.831839999999999727e-03 3.624040000000000247e-03 2.180889999999999131e-03 6.241000000000000724e-05 5.431689999999998568e-03 6.812099999999999102e-04 1.501636750000000000e+06 1.612876125000000000e+06
1.000000000000000000e+00 3.099999999999999891e-03 -2.359999999999999945e-02 -1.137999999999999984e-01 1.080000000000000057e-02 7.330000000000000404e-02 9.180000000000000659e-02 2.399999999999999790e-03 -9.650000000000000244e-02 -2.970000000000000417e-02 1.070000000000000118e-02 -3.809999999999999498e-02 3.030000000000000748e-02 9.609999999999999470e-06 5.569600000000000072e-04 1.295043999999999883e-02 1.166400000000000081e-04 5.372890000000000825e-03 8.427240000000000772e-03 5.759999999999999062e-06 9.312250000000001082e-03 8.820900000000001960e-04 1.144900000000000236e-04 1.451609999999999663e-03 9.180900000000004205e-04 1.500154500000000000e+06 1.611794125000000000e+06
1.000000000000000000e+00 -6.439999999999999891e-02 -1.380000000000000115e-01 -6.690000000000000113e-02 -6.300000000000000044e-02 6.099999999999999867e-02 8.039999999999999925e-02 -6.750000000000000444e-02 -1.144000000000000156e-01 4.689999999999999725e-02 -7.380000000000000449e-02 -1.230000000000000537e-02 -1.140000000000000735e-02 4.147360000000000109e-03 1.904400000000000190e-02 4.475610000000000525e-03 3.969000000000000306e-03 3.720999999999999915e-03 6.464160000000000045e-03 4.556250000000000404e-03 1.308736000000000274e-02 2.199609999999999847e-03 5.446440000000000309e-03 1.512900000000001321e-04 1.299600000000001720e-04 1.500811500000000000e+06 1.608994000000000000e+06
1.000000000000000000e+00 -7.739999999999999658e-02 2.040000000000000147e-02 -7.270000000000000073e-02 -8.989999999999999380e-02 3.830000000000000071e-02 7.960000000000000409e-02 -1.299999999999999767e-02 1.584000000000000130e-01 -5.799999999999999600e-03 -2.689999999999999336e-02 -2.269999999999999796e-02 -7.999999999999951594e-04 5.990759999999999488e-03 4.161600000000000542e-04 5.285289999999999780e-03 8.082009999999998848e-03 1.466889999999999991e-03 6.336160000000000403e-03 1.689999999999999337e-04 2.509056000000000480e-02 3.363999999999999640e-05 7.236099999999996398e-04 5.152899999999999538e-04 6.399999999999922842e-07 1.502589250000000000e+06 1.612813500000000000e+06
1.000000000000000000e+00 -7.779999999999999416e-02 6.769999999999999629e-02 -1.990000000000000102e-02 -1.275999999999999912e-01 1.519999999999999997e-02 9.400000000000000369e-03 -3.999999999999975797e-04 4.729999999999999483e-02 5.279999999999999971e-02 -3.769999999999999740e-02 -2.310000000000000248e-02 -7.019999999999999851e-02 6.052839999999999436e-03 4.583289999999999413e-03 3.960100000000000252e-04 1.628175999999999929e-02 2.310400000000000106e-04 8.836000000000000104e-05 1.599999999999980711e-07 2.237289999999999418e-03 2.787839999999999763e-03 1.421289999999999750e-03 5.336100000000001172e-04 4.928039999999999851e-03 1.503002250000000000e+06 1.614865000000000000e+06
1.000000000000000000e+00 -7.660000000000000142e-02 1.844000000000000083e-01 -1.008000000000000007e-01 -1.257000000000000062e-01 9.130000000000000615e-02 -2.599999999999999881e-02 1.199999999999992739e-03 1.167000000000000121e-01 -8.089999999999999969e-02 1.899999999999985034e-03 7.610000000000000098e-02 -3.540000000000000091e-02 5.867559999999999963e-03 3.400336000000000330e-02 1.016064000000000030e-02 1.580049000000000037e-02 8.335690000000001501e-03 6.759999999999999516e-04 1.439999999999982613e-06 1.361889000000000328e-02 6.544809999999999864e-03 3.609999999999942990e-06 5.791209999999999761e-03 1.253160000000000125e-03 1.501967000000000000e+06 1.612536000000000000e+06
1.000000000000000000e+00 -9.020000000000000240e-02 1.025999999999999968e-01 -1.168000000000000010e-01 -1.441999999999999948e-01 5.940000000000000141e-02 -1.050000000000000065e-02 -1.360000000000000098e-02 -8.180000000000001159e-02 -1.600000000000000033e-02 -1.849999999999998868e-02 -3.190000000000000474e-02 1.549999999999999815e-02 8.136040000000000633e-03 1.052675999999999959e-02 1.364223999999999992e-02 2.079363999999999865e-02 3.528360000000000350e-03 1.102500000000000100e-04 1.849600000000000181e-04 6.691240000000001943e-03 2.559999999999999884e-04 3.422499999999995641e-04 1.017610000000000389e-03 2.402499999999999308e-04 1.499650500000000000e+06 1.611572625000000000e+06
1.000000000000000000e+00 -8.550000000000000655e-02 4.100000000000000172e-02 -8.690000000000000502e-02 -1.315000000000000058e-01 8.880000000000000393e-02 -1.569999999999999868e-02 4.699999999999995848e-03 -6.159999999999999504e-02 2.989999999999999603e-02 1.269999999999998908e-02 2.940000000000000252e-02 -5.199999999999998027e-03 7.310250000000000775e-03 1.681000000000000202e-03 7.551610000000001134e-03 1.729225000000000206e-02 7.885440000000000504e-03 2.464899999999999795e-04 2.208999999999995960e-05 3.794559999999999340e-03 8.940099999999997701e-04 1.612899999999997246e-04 8.643600000000001065e-04 2.703999999999997828e-05 1.500745000000000000e+06 1.610422375000000000e+06
1.000000000000000000e+00 -7.000000000000000666e-02 4.030000000000000249e-02 -1.229999999999999982e-01 -5.609999999999999709e-02 1.320000000000000062e-01 -1.400000000000000029e-02 1.549999999999999989e-02 -6.999999999999992339e-04 -3.609999999999999321e-02 7.540000000000000868e-02 4.320000000000000229e-02 1.699999999999998387e-03 4.900000000000000709e-03 1.624090000000000126e-03 1.512900000000000009e-02 3.147209999999999678e-03 1.742400000000000199e-02 1.960000000000000208e-04 2.402499999999999851e-04 4.899999999999989084e-07 1.303209999999999525e-03 5.685160000000001601e-03 1.866240000000000130e-03 2.889999999999994353e-06 1.500373750000000000e+06 1.612939000000000000e+06
1.000000000000000000e+00 -9.360000000000000264e-02 -8.099999999999999561e-03 -9.389999999999999736e-02 -8.379999999999999949e-02 7.789999999999999702e-02 -3.109999999999999917e-02 -2.359999999999999598e-02 -4.839999999999999858e-02 2.910000000000000087e-02 -2.770000000000000240e-02 -5.410000000000000919e-02 -1.709999999999999715e-02 8.760959999999999928e-03 6.560999999999999016e-05 8.817209999999998937e-03 7.022439999999999585e-03 6.068409999999999777e-03 9.672099999999999231e-04 5.569599999999997903e-04 2.342560000000000042e-03 8.468100000000000323e-04 7.672900000000001160e-04 2.926810000000001043e-03 2.924099999999998922e-04 1.500522125000000000e+06 1.610270125000000000e+06
1.000000000000000000e+00 -8.469999999999999751e-02 7.099999999999999367e-02 -1.045999999999999985e-01 -8.069999999999999396e-02 1.313999999999999890e-01 -8.800000000000000530e-03 8.900000000000005129e-03 7.909999999999998976e-02 -1.070000000000000118e-02 3.100000000000005529e-03 5.349999999999999201e-02 2.230000000000000038e-02 7.174089999999999287e-03 5.040999999999999474e-03 1.094116000000000012e-02 6.512489999999999252e-03 1.726595999999999687e-02 7.744000000000000395e-05 7.921000000000009034e-05 6.256809999999998068e-03 1.144900000000000236e-04 9.610000000000035045e-06 2.862249999999999343e-03 4.972900000000000584e-04 1.498830625000000000e+06 1.611729500000000000e+06
1.000000000000000000e+00 -3.039999999999999994e-02 1.243999999999999967e-01 -1.368999999999999939e-01 -2.050000000000000086e-02 1.242999999999999938e-01 2.709999999999999909e-02 5.430000000000000104e-02 5.340000000000000302e-02 -3.229999999999999538e-02 6.019999999999998963e-02 -7.099999999999995204e-03 3.590000000000000135e-02 9.241600000000000422e-04 1.547535999999999877e-02 1.874160999999999883e-02 4.202500000000000506e-04 1.545048999999999902e-02 7.344099999999999023e-04 2.948490000000000225e-03 2.851560000000000379e-03 1.043289999999999669e-03 3.624039999999998946e-03 5.040999999999993240e-05 1.288810000000000042e-03 1.500379625000000000e+06 1.609163125000000000e+06
1.000000000000000000e+00 -1.200000000000000025e-02 1.839999999999999969e-02 -1.726999999999999924e-01 1.720000000000000001e-02 1.522999999999999909e-01 4.839999999999999858e-02 1.839999999999999969e-02 -1.059999999999999970e-01 -3.579999999999999849e-02 3.769999999999999740e-02 2.799999999999999711e-02 2.129999999999999949e-02 1.440000000000000036e-04 3.385600000000000111e-04 2.982528999999999736e-02 2.958400000000000135e-04 2.319528999999999688e-02 2.342560000000000042e-03 3.385600000000000111e-04 1.123599999999999946e-02 1.281639999999999906e-03 1.421289999999999750e-03 7.839999999999998663e-04 4.536899999999999744e-04 1.500125250000000000e+06 1.613106625000000000e+06
1.000000000000000000e+00 2.450000000000000094e-02 -1.035999999999999976e-01 -5.759999999999999842e-02 -1.209999999999999964e-02 9.990000000000000269e-02 8.580000000000000127e-02 3.650000000000000466e-02 -1.219999999999999973e-01 1.150999999999999940e-01 -2.929999999999999966e-02 -5.239999999999998825e-02 3.740000000000000269e-02 6.002500000000000890e-04 1.073295999999999972e-02 3.317759999999999893e-03 1.464100000000000026e-04 9.980010000000000964e-03 7.361640000000000024e-03 1.332250000000000318e-03 1.488399999999999966e-02 1.324800999999999930e-02 8.584899999999999476e-04 2.745759999999998566e-03 1.398760000000000194e-03 1.499150750000000000e+06 1.608835375000000000e+06
1.000000000000000000e+00 -3.000000000000000062e-03 8.509999999999999509e-02 -4.469999999999999668e-02 2.040000000000000147e-02 1.502000000000000002e-01 1.175999999999999962e-01 -2.750000000000000014e-02 1.886999999999999789e-01 1.290000000000000174e-02 3.250000000000000111e-02 5.029999999999999749e-02 3.179999999999999494e-02 9.000000000000000228e-06 7.242009999999999247e-03 1.998089999999999675e-03 4.161600000000000542e-04 2.256003999999999995e-02 1.382975999999999997e-02 7.562499999999999778e-04 3.560768999999999046e-02 1.664100000000000551e-04 1.056250000000000114e-03 2.530089999999999596e-03 1.011239999999999622e-03 1.501058875000000000e+06 1.611492375000000000e+06
1.000000000000000000e+00 2.460000000000000034e-02 1.754999999999999893e-01 -8.319999999999999618e-02 -4.660000000000000253e-02 1.366999999999999882e-01 6.250000000000000000e-02 2.759999999999999953e-02 9.039999999999999425e-02 -3.849999999999999950e-02 -6.700000000000000400e-02 -1.350000000000001199e-02 -5.509999999999999620e-02 6.051599999999999861e-04 3.080024999999999777e-02 6.922239999999999643e-03 2.171560000000000330e-03 1.868688999999999767e-02 3.906250000000000000e-03 7.617599999999999979e-04 8.172159999999999494e-03 1.482250000000000061e-03 4.489000000000000802e-03 1.822500000000003371e-04 3.036009999999999577e-03 1.502196250000000000e+06 1.609725250000000000e+06
1.000000000000000000e+00 -7.939999999999999836e-02 -3.409999999999999837e-02 -1.015000000000000069e-01 -7.309999999999999831e-02 1.038000000000000034e-01 6.679999999999999827e-02 -1.039999999999999952e-01 -2.095999999999999808e-01 -1.830000000000001070e-02 -2.649999999999999578e-02 -3.289999999999998481e-02 4.299999999999998268e-03 6.304360000000000172e-03 1.162809999999999799e-03 1.030225000000000064e-02 5.343609999999999506e-03 1.077444000000000145e-02 4.462240000000000130e-03 1.081599999999999923e-02 4.393215999999999094e-02 3.348900000000003935e-04 7.022499999999997494e-04 1.082409999999998929e-03 1.848999999999998391e-05 1.502346000000000000e+06 1.610954875000000000e+06
1.000000000000000000e+00 -6.450000000000000178e-02 -1.669999999999999957e-02 -1.199999999999999956e-01 -4.569999999999999757e-02 1.355999999999999983e-01 3.269999999999999990e-02 1.489999999999999658e-02 1.739999999999999880e-02 -1.849999999999998868e-02 2.740000000000000074e-02 3.179999999999999494e-02 -3.409999999999999837e-02 4.160249999999999886e-03 2.788900000000000081e-04 1.439999999999999961e-02 2.088489999999999704e-03 1.838735999999999843e-02 1.069290000000000084e-03 2.220099999999998886e-04 3.027599999999999541e-04 3.422499999999995641e-04 7.507600000000000558e-04 1.011239999999999622e-03 1.162809999999999799e-03 1.500268125000000000e+06 1.610416750000000000e+06
1.000000000000000000e+00 -5.750000000000000250e-02 -1.810000000000000150e-02 -1.796999999999999986e-01 -5.750000000000000250e-02 1.134000000000000008e-01 3.150000000000000022e-02 6.999999999999999278e-03 -1.400000000000001937e-03 -5.970000000000000306e-02 -1.180000000000000493e-02 -2.219999999999999751e-02 -1.199999999999999678e-03 3.306250000000000161e-03 3.276100000000000431e-04 3.229209000000000246e-02 3.306250000000000161e-03 1.285956000000000078e-02 9.922500000000000764e-04 4.899999999999999164e-05 1.960000000000005375e-06 3.564090000000000227e-03 1.392400000000001102e-04 4.928399999999999231e-04 1.439999999999999130e-06 1.502085375000000000e+06 1.610464750000000000e+06
1.000000000000000000e+00 -6.900000000000000577e-02 4.660000000000000253e-02 -1.562999999999999945e-01 -6.019999999999999657e-02 1.486000000000000099e-01 -6.100000000000000387e-03 -1.150000000000000328e-02 6.470000000000000751e-02 2.340000000000000413e-02 -2.699999999999994071e-03 3.520000000000000906e-02 -3.760000000000000148e-02 4.761000000000000475e-03 2.171560000000000330e-03 2.442968999999999696e-02 3.624039999999999380e-03 2.208196000000000464e-02 3.721000000000000457e-05 1.322500000000000704e-04 4.186090000000000817e-03 5.475600000000002123e-04 7.289999999999968319e-06 1.239040000000000714e-03 1.413760000000000017e-03 1.500856625000000000e+06 1.614103500000000000e+06
1.000000000000000000e+00 -5.990000000000000185e-02 6.099999999999999867e-02 -8.300000000000000433e-02 -4.549999999999999878e-02 1.340999999999999970e-01 -1.260000000000000009e-02 9.100000000000003919e-03 1.439999999999999614e-02 7.329999999999999016e-02 1.469999999999999779e-02 -1.450000000000001288e-02 -6.499999999999999702e-03 3.588010000000000418e-03 3.720999999999999915e-03 6.889000000000001026e-03 2.070250000000000042e-03 1.798280999999999838e-02 1.587600000000000046e-04 8.281000000000006943e-05 2.073599999999998849e-04 5.372889999999998223e-03 2.160899999999999453e-04 2.102500000000003672e-04 4.224999999999999698e-05 1.501894125000000000e+06 1.611716375000000000e+06
1.000000000000000000e+00 -8.050000000000000211e-02 -3.459999999999999881e-02 -5.390000000000000346e-02 -6.119999999999999746e-02 1.356999999999999873e-01 5.100000000000000366e-03 -2.060000000000000026e-02 -9.559999999999999054e-02 2.910000000000000087e-02 -1.569999999999999868e-02 1.599999999999990319e-03 1.770000000000000046e-02 6.480250000000000767e-03 1.197159999999999848e-03 2.905210000000000518e-03 3.745439999999999620e-03 1.841448999999999517e-02 2.601000000000000339e-05 4.243600000000000367e-04 9.139359999999997416e-03 8.468100000000000323e-04 2.464899999999999795e-04 2.559999999999969137e-06 3.132900000000000311e-04 1.500647625000000000e+06 1.612342375000000000e+06
1.000000000000000000e+00 -6.119999999999999746e-02 -1.250000000000000069e-02 -1.194999999999999951e-01 -4.549999999999999878e-02 1.419999999999999873e-01 2.510000000000000078e-02 1.930000000000000465e-02 2.209999999999999812e-02 -6.559999999999999165e-02 1.569999999999999868e-02 6.300000000000000044e-03 2.000000000000000042e-02 3.745439999999999620e-03 1.562500000000000304e-04 1.428024999999999954e-02 2.070250000000000042e-03 2.016399999999999790e-02 6.300100000000000752e-04 3.724900000000001691e-04 4.884099999999998859e-04 4.303359999999999130e-03 2.464899999999999795e-04 3.969000000000000116e-05 4.000000000000000192e-04 1.500620625000000000e+06 1.609754250000000000e+06
1.000000000000000000e+00 -6.489999999999999936e-02 7.459999999999999964e-02 -7.180000000000000271e-02 -3.219999999999999946e-02 1.469000000000000028e-01 1.779999999999999985e-02 -3.700000000000001898e-03 8.709999999999999687e-02 4.769999999999999241e-02 1.329999999999999932e-02 4.900000000000015454e-03 -7.300000000000000933e-03 4.212009999999999539e-03 5.565159999999999552e-03 5.155240000000000170e-03 1.036840000000000027e-03 2.157961000000000254e-02 3.168399999999999819e-04 1.369000000000001462e-05 7.586409999999999161e-03 2.275289999999999258e-03 1.768899999999999954e-04 2.401000000000015128e-05 5.329000000000001325e-05 1.500856875000000000e+06 1.607868000000000000e+06
1.000000000000000000e+00 -4.569999999999999757e-02 1.358000000000000040e-01 -1.781999999999999973e-01 -4.499999999999999660e-03 1.612999999999999989e-01 2.220000000000000098e-02 1.920000000000000179e-02 6.120000000000000440e-02 -1.063999999999999946e-01 2.769999999999999893e-02 1.439999999999999614e-02 4.400000000000001132e-03 2.088489999999999704e-03 1.844164000000000220e-02 3.175523999999999708e-02 2.024999999999999755e-05 2.601768999999999957e-02 4.928400000000000315e-04 3.686400000000000484e-04 3.745440000000000488e-03 1.132095999999999970e-02 7.672899999999998992e-04 2.073599999999998849e-04 1.936000000000001115e-05 1.500213000000000000e+06 1.607566625000000000e+06
1.000000000000000000e+00 -3.649999999999999772e-02 -8.190000000000000058e-02 -1.275999999999999912e-01 -5.040000000000000036e-02 1.504000000000000059e-01 3.830000000000000071e-02 9.199999999999999845e-03 -2.177000000000000046e-01 5.060000000000000608e-02 -4.590000000000000330e-02 -1.089999999999999303e-02 1.609999999999999973e-02 1.332249999999999884e-03 6.707610000000000135e-03 1.628175999999999929e-02 2.540160000000000074e-03 2.262016000000000027e-02 1.466889999999999991e-03 8.464000000000000278e-05 4.739329000000000458e-02 2.560360000000000674e-03 2.106810000000000193e-03 1.188099999999998467e-04 2.592100000000000068e-04 1.501444250000000000e+06 1.608149000000000000e+06
1.000000000000000000e+00 -4.499999999999999660e-03 -1.899999999999999953e-02 -5.530000000000000193e-02 4.100000000000000346e-03 1.277000000000000079e-01 6.539999999999999980e-02 3.200000000000000067e-02 6.289999999999999758e-02 7.229999999999998928e-02 5.449999999999999983e-02 -2.269999999999999796e-02 2.709999999999999909e-02 2.024999999999999755e-05 3.609999999999999928e-04 3.058090000000000287e-03 1.681000000000000338e-05 1.630729000000000206e-02 4.277160000000000337e-03 1.023999999999999954e-03 3.956409999999999615e-03 5.227289999999998153e-03 2.970249999999999800e-03 5.152899999999999538e-04 7.344099999999999023e-04 1.502377625000000000e+06 1.611697000000000000e+06
1.000000000000000000e+00 -5.999999999999999474e-04 1.100000000000000066e-03 -1.917999999999999983e-01 -2.359999999999999945e-02 1.524999999999999967e-01 8.229999999999999816e-02 3.899999999999999821e-03 2.009999999999999981e-02 -1.365000000000000102e-01 -2.769999999999999893e-02 2.479999999999998872e-02 1.689999999999999836e-02 3.599999999999999414e-07 1.210000000000000062e-06 3.678723999999999883e-02 5.569600000000000072e-04 2.325624999999999915e-02 6.773289999999999519e-03 1.520999999999999837e-05 4.040100000000000028e-04 1.863225000000000298e-02 7.672899999999998992e-04 6.150399999999994240e-04 2.856099999999999438e-04 1.504102750000000000e+06 1.612959375000000000e+06
1.000000000000000000e+00 -8.830000000000000349e-02 2.479999999999999913e-02 -9.260000000000000175e-02 -1.419999999999999873e-01 1.945000000000000062e-01 3.699999999999999817e-02 -8.770000000000000018e-02 2.369999999999999885e-02 9.919999999999999651e-02 -1.183999999999999914e-01 4.200000000000000955e-02 -4.529999999999999999e-02 7.796890000000000764e-03 6.150399999999999661e-04 8.574760000000000715e-03 2.016399999999999790e-02 3.783025000000000276e-02 1.368999999999999774e-03 7.691289999999999932e-03 5.616899999999999974e-04 9.840639999999999457e-03 1.401855999999999762e-02 1.764000000000000810e-03 2.052089999999999904e-03 1.505223250000000000e+06 1.615968875000000000e+06
1.000000000000000000e+00 -9.059999999999999998e-02 3.180000000000000188e-02 -1.185999999999999971e-01 -1.683000000000000052e-01 1.270000000000000018e-01 5.929999999999999855e-02 -2.299999999999996492e-03 7.000000000000002748e-03 -2.599999999999999534e-02 -2.630000000000001781e-02 -6.750000000000000444e-02 2.230000000000000038e-02 8.208359999999999615e-03 1.011240000000000056e-03 1.406595999999999888e-02 2.832489000000000187e-02 1.612900000000000097e-02 3.516489999999999720e-03 5.289999999999984080e-06 4.900000000000003908e-05 6.759999999999997348e-04 6.916900000000009889e-04 4.556250000000000404e-03 4.972900000000000584e-04 1.504457625000000000e+06 1.613687375000000000e+06
1.000000000000000000e+00 -8.859999999999999820e-02 1.043000000000000038e-01 -9.360000000000000264e-02 -6.090000000000000274e-02 1.477999999999999869e-01 4.680000000000000132e-02 2.000000000000001776e-03 7.250000000000000888e-02 2.499999999999999445e-02 1.073999999999999955e-01 2.079999999999998517e-02 -1.249999999999999722e-02 7.849959999999999577e-03 1.087849000000000108e-02 8.760959999999999928e-03 3.708810000000000318e-03 2.184483999999999732e-02 2.190239999999999982e-03 4.000000000000007442e-06 5.256250000000001373e-03 6.249999999999996877e-04 1.153475999999999980e-02 4.326399999999993814e-04 1.562499999999999219e-04 1.502651500000000000e+06 1.613621125000000000e+06
1.000000000000000000e+00 -6.469999999999999363e-02 5.609999999999999709e-02 -2.209000000000000130e-01 -6.529999999999999694e-02 2.006999999999999895e-01 4.410000000000000031e-02 2.390000000000000457e-02 -4.820000000000000673e-02 -1.273000000000000242e-01 -4.399999999999994194e-03 5.290000000000000258e-02 -2.700000000000001010e-03 4.186089999999999083e-03 3.147209999999999678e-03 4.879681000000000296e-02 4.264089999999999894e-03 4.028048999999999519e-02 1.944809999999999942e-03 5.712100000000002722e-04 2.323240000000000721e-03 1.620529000000000761e-02 1.935999999999995017e-05 2.798410000000000307e-03 7.290000000000005589e-06 1.504241875000000000e+06 1.612361250000000000e+06
1.000000000000000000e+00 -1.282999999999999974e-01 2.800000000000000058e-02 -1.059999999999999970e-01 -1.125000000000000028e-01 1.685000000000000109e-01 5.009999999999999870e-02 -6.360000000000000375e-02 -2.809999999999999651e-02 1.149000000000000160e-01 -4.720000000000000584e-02 -3.219999999999997864e-02 5.999999999999998390e-03 1.646088999999999886e-02 7.840000000000000831e-04 1.123599999999999946e-02 1.265625000000000083e-02 2.839225000000000429e-02 2.510010000000000019e-03 4.044960000000000222e-03 7.896099999999998346e-04 1.320201000000000360e-02 2.227840000000000462e-03 1.036839999999998726e-03 3.599999999999998058e-05 1.503687125000000000e+06 1.615056125000000000e+06
1.000000000000000000e+00 -1.247000000000000053e-01 3.429999999999999716e-02 1.370000000000000037e-02 -1.444000000000000006e-01 5.770000000000000129e-02 2.829999999999999877e-02 3.599999999999992095e-03 6.299999999999996575e-03 1.197000000000000008e-01 -3.189999999999999780e-02 -1.108000000000000096e-01 -2.179999999999999993e-02 1.555009000000000079e-02 1.176489999999999871e-03 1.876900000000000139e-04 2.085135999999999934e-02 3.329289999999999940e-03 8.008899999999999570e-04 1.295999999999994368e-05 3.968999999999995372e-05 1.432808999999999992e-02 1.017609999999999956e-03 1.227664000000000186e-02 4.752399999999999832e-04 1.504233750000000000e+06 1.613599875000000000e+06
1.000000000000000000e+00 -1.140999999999999931e-01 3.500000000000000073e-03 -9.420000000000000595e-02 -1.640999999999999959e-01 3.370000000000000079e-02 3.219999999999999946e-02 1.060000000000001219e-02 -3.079999999999999752e-02 -1.079000000000000098e-01 -1.969999999999999529e-02 -2.400000000000000050e-02 3.900000000000000688e-03 1.301880999999999872e-02 1.225000000000000130e-05 8.873640000000000347e-03 2.692880999999999747e-02 1.135689999999999963e-03 1.036840000000000027e-03 1.123600000000002591e-04 9.486399999999998349e-04 1.164241000000000234e-02 3.880899999999997893e-04 5.760000000000000146e-04 1.521000000000000515e-05 1.503551375000000000e+06 1.614055000000000000e+06
1.000000000000000000e+00 -8.890000000000000679e-02 6.460000000000000464e-02 -1.234999999999999987e-01 -1.032000000000000001e-01 8.500000000000000611e-02 4.000000000000000192e-04 2.519999999999998630e-02 6.110000000000000153e-02 -2.929999999999999272e-02 6.089999999999999580e-02 5.130000000000000532e-02 -3.180000000000000188e-02 7.903210000000000790e-03 4.173160000000000411e-03 1.525225000000000018e-02 1.065024000000000005e-02 7.225000000000001386e-03 1.600000000000000033e-07 6.350399999999992596e-04 3.733210000000000261e-03 8.584899999999996223e-04 3.708809999999999451e-03 2.631690000000000331e-03 1.011240000000000056e-03 1.502447625000000000e+06 1.609871000000000000e+06
1.000000000000000000e+00 -1.174000000000000044e-01 9.969999999999999696e-02 -5.559999999999999665e-02 -9.089999999999999469e-02 6.629999999999999782e-02 9.799999999999999684e-03 -2.849999999999999756e-02 3.509999999999999232e-02 6.790000000000000202e-02 1.230000000000000537e-02 -1.870000000000000828e-02 9.400000000000000369e-03 1.378276000000000154e-02 9.940089999999998649e-03 3.091359999999999594e-03 8.262809999999998906e-03 4.395689999999999840e-03 9.603999999999999527e-05 8.122499999999998211e-04 1.232009999999999529e-03 4.610410000000000549e-03 1.512900000000001321e-04 3.496900000000003196e-04 8.836000000000000104e-05 1.501978000000000000e+06 1.607777625000000000e+06
1.000000000000000000e+00 -9.360000000000000264e-02 6.210000000000000242e-02 -1.126999999999999946e-01 -8.759999999999999731e-02 7.370000000000000162e-02 -8.999999999999999320e-03 2.380000000000000171e-02 -3.759999999999999454e-02 -5.709999999999999798e-02 3.299999999999997380e-03 7.400000000000003797e-03 -1.879999999999999727e-02 8.760959999999999928e-03 3.856410000000000220e-03 1.270128999999999876e-02 7.673759999999999956e-03 5.431690000000000303e-03 8.099999999999999019e-05 5.664400000000000858e-04 1.413759999999999583e-03 3.260409999999999611e-03 1.088999999999998213e-05 5.476000000000005847e-05 3.534399999999998957e-04 1.501925125000000000e+06 1.608531500000000000e+06
1.000000000000000000e+00 -1.400000000000000133e-01 -2.500000000000000139e-02 -5.500000000000000028e-02 -1.165000000000000063e-01 3.849999999999999950e-02 1.119999999999999989e-02 -4.640000000000001068e-02 -8.710000000000001075e-02 5.769999999999999435e-02 -2.890000000000000902e-02 -3.520000000000000212e-02 2.019999999999999921e-02 1.960000000000000284e-02 6.250000000000001214e-04 3.024999999999999911e-03 1.357225000000000098e-02 1.482250000000000061e-03 1.254399999999999916e-04 2.152960000000001071e-03 7.586410000000001763e-03 3.329289999999999507e-03 8.352100000000005093e-04 1.239040000000000063e-03 4.080399999999999761e-04 1.501386000000000000e+06 1.605034125000000000e+06
1.000000000000000000e+00 -1.209999999999999964e-01 7.230000000000000315e-02 -8.169999999999999485e-02 -1.071000000000000008e-01 4.229999999999999732e-02 -1.830000000000000029e-02 1.900000000000001688e-02 9.729999999999999760e-02 -2.669999999999999457e-02 9.400000000000005573e-03 3.799999999999997824e-03 -2.949999999999999845e-02 1.464099999999999950e-02 5.227290000000000755e-03 6.674889999999999296e-03 1.147041000000000033e-02 1.789289999999999804e-03 3.348900000000000141e-04 3.610000000000006433e-04 9.467289999999999733e-03 7.128899999999996611e-04 8.836000000000010946e-05 1.443999999999998372e-05 8.702499999999999299e-04 1.501536125000000000e+06 1.606543750000000000e+06
1.000000000000000000e+00 -6.740000000000000158e-02 6.049999999999999822e-02 -5.040000000000000036e-02 -1.236000000000000015e-01 9.890000000000000180e-02 3.399999999999999811e-03 5.359999999999999487e-02 -1.180000000000000493e-02 3.129999999999999449e-02 -1.650000000000000078e-02 5.660000000000000447e-02 2.170000000000000054e-02 4.542759999999999854e-03 3.660249999999999875e-03 2.540160000000000074e-03 1.527696000000000089e-02 9.781210000000000251e-03 1.155999999999999943e-05 2.872959999999999490e-03 1.392400000000001102e-04 9.796899999999996410e-04 2.722500000000000310e-04 3.203560000000000695e-03 4.708900000000000130e-04 1.501620250000000000e+06 1.605960250000000000e+06
1.000000000000000000e+00 -4.130000000000000338e-02 1.959999999999999937e-02 -7.090000000000000469e-02 -1.173000000000000015e-01 9.110000000000000042e-02 -2.079999999999999905e-02 2.609999999999999820e-02 -4.089999999999999886e-02 -2.050000000000000433e-02 6.300000000000000044e-03 -7.800000000000001377e-03 -2.419999999999999929e-02 1.705690000000000374e-03 3.841599999999999811e-04 5.026810000000000479e-03 1.375929000000000041e-02 8.299209999999999574e-03 4.326399999999999777e-04 6.812099999999999102e-04 1.672809999999999835e-03 4.202500000000001590e-04 3.969000000000000116e-05 6.084000000000002058e-05 5.856400000000000104e-04 1.501932875000000000e+06 1.608982000000000000e+06
1.000000000000000000e+00 -8.140000000000000013e-02 2.730000000000000135e-02 -2.500000000000000139e-02 -1.461999999999999966e-01 5.759999999999999842e-02 2.400000000000000050e-02 -4.009999999999999676e-02 7.700000000000001982e-03 4.590000000000000330e-02 -2.889999999999999514e-02 -3.350000000000000200e-02 4.479999999999999954e-02 6.625960000000000183e-03 7.452900000000001234e-04 6.250000000000001214e-04 2.137443999999999802e-02 3.317759999999999893e-03 5.760000000000000146e-04 1.608009999999999778e-03 5.929000000000003034e-05 2.106810000000000193e-03 8.352099999999997504e-04 1.122250000000000201e-03 2.007039999999999866e-03 1.499927250000000000e+06 1.607976875000000000e+06
1.000000000000000000e+00 -7.240000000000000602e-02 4.760000000000000342e-02 -6.419999999999999318e-02 -1.597000000000000086e-01 3.960000000000000325e-02 1.909999999999999892e-02 8.999999999999994116e-03 2.030000000000000207e-02 -3.919999999999999180e-02 -1.350000000000001199e-02 -1.799999999999999517e-02 -4.900000000000001577e-03 5.241760000000000690e-03 2.265760000000000343e-03 4.121639999999999332e-03 2.550409000000000356e-02 1.568160000000000300e-03 3.648099999999999715e-04 8.099999999999989533e-05 4.120900000000001016e-04 1.536639999999999274e-03 1.822500000000003371e-04 3.239999999999998524e-04 2.401000000000001576e-05 1.500504375000000000e+06 1.606810875000000000e+06
1.000000000000000000e+00 -1.625999999999999945e-01 1.063999999999999946e-01 -1.048000000000000043e-01 -1.512000000000000011e-01 5.360000000000000181e-02 2.970000000000000070e-02 -9.019999999999998852e-02 5.879999999999999116e-02 -4.060000000000001108e-02 8.500000000000007550e-03 1.399999999999999856e-02 1.060000000000000178e-02 2.643875999999999865e-02 1.132095999999999970e-02 1.098304000000000120e-02 2.286144000000000023e-02 2.872960000000000357e-03 8.820900000000000876e-04 8.136039999999997163e-03 3.457439999999999125e-03 1.648360000000000840e-03 7.225000000000012987e-05 1.959999999999999666e-04 1.123600000000000423e-04 1.501273625000000000e+06 1.609927625000000000e+06
1.000000000000000000e+00 -1.461999999999999966e-01 6.329999999999999516e-02 -4.590000000000000330e-02 -1.617999999999999994e-01 5.229999999999999927e-02 -5.100000000000000366e-03 1.639999999999999791e-02 -4.309999999999999942e-02 5.890000000000000097e-02 -1.059999999999999831e-02 -1.300000000000002542e-03 -3.479999999999999760e-02 2.137443999999999802e-02 4.006889999999999064e-03 2.106810000000000193e-03 2.617923999999999946e-02 2.735290000000000030e-03 2.601000000000000339e-05 2.689599999999999456e-04 1.857609999999999990e-03 3.469209999999999915e-03 1.123599999999999610e-04 1.690000000000006689e-06 1.211039999999999816e-03 1.502615375000000000e+06 1.610474625000000000e+06
1.000000000000000000e+00 -6.329999999999999516e-02 1.401999999999999913e-01 -9.679999999999999716e-02 -7.140000000000000513e-02 1.504999999999999949e-01 3.099999999999999891e-03 8.290000000000000147e-02 7.689999999999999614e-02 -5.089999999999999386e-02 9.039999999999999425e-02 9.819999999999999563e-02 8.200000000000000691e-03 4.006889999999999064e-03 1.965603999999999615e-02 9.370240000000000166e-03 5.097960000000000338e-03 2.265024999999999678e-02 9.609999999999999470e-06 6.872410000000000671e-03 5.913609999999999700e-03 2.590809999999999381e-03 8.172159999999999494e-03 9.643239999999999104e-03 6.724000000000001352e-05 1.503910750000000000e+06 1.615682125000000000e+06
1.000000000000000000e+00 -1.679999999999999896e-02 1.658999999999999919e-01 -1.683000000000000052e-01 -3.640000000000000180e-02 2.258999999999999897e-01 -2.239999999999999977e-02 4.649999999999999967e-02 2.570000000000000062e-02 -7.150000000000000799e-02 3.500000000000000333e-02 7.539999999999999480e-02 -2.549999999999999836e-02 2.822399999999999540e-04 2.752280999999999825e-02 2.832489000000000187e-02 1.324960000000000027e-03 5.103080999999999590e-02 5.017599999999999665e-04 2.162250000000000109e-03 6.604900000000000137e-04 5.112250000000001342e-03 1.225000000000000177e-03 5.685159999999998999e-03 6.502499999999998949e-04 1.506674750000000000e+06 1.616254875000000000e+06
1.000000000000000000e+00 -3.479999999999999760e-02 -8.840000000000000635e-02 -2.747999999999999887e-01 -2.649999999999999925e-02 2.373999999999999999e-01 2.999999999999999889e-02 -1.799999999999999864e-02 -2.542999999999999705e-01 -1.064999999999999836e-01 9.900000000000002548e-03 1.150000000000001021e-02 5.240000000000000213e-02 1.211039999999999816e-03 7.814560000000001644e-03 7.551503999999999162e-02 7.022499999999999663e-04 5.635876000000000080e-02 8.999999999999999754e-04 3.239999999999999608e-04 6.466848999999998127e-02 1.134224999999999643e-02 9.801000000000004587e-05 1.322500000000002330e-04 2.745760000000000301e-03 1.507469250000000000e+06 1.623202000000000000e+06
1.000000000000000000e+00 -5.879999999999999810e-02 4.039999999999999841e-02 -1.418000000000000094e-01 3.479999999999999760e-02 1.734999999999999876e-01 -5.700000000000000205e-03 -2.400000000000000050e-02 1.287999999999999978e-01 1.329999999999999793e-01 6.129999999999999338e-02 -6.390000000000001235e-02 -3.569999999999999563e-02 3.457439999999999992e-03 1.632159999999999904e-03 2.010724000000000192e-02 1.211039999999999816e-03 3.010224999999999707e-02 3.249000000000000233e-05 5.760000000000000146e-04 1.658944000000000044e-02 1.768899999999999292e-02 3.757689999999999295e-03 4.083210000000001179e-03 1.274489999999999651e-03 1.508249250000000000e+06 1.617268000000000000e+06
1.000000000000000000e+00 -4.950000000000000233e-02 -2.179999999999999993e-02 -1.640000000000000069e-01 -2.649999999999999925e-02 1.625000000000000056e-01 4.669999999999999846e-02 9.299999999999995770e-03 -6.219999999999999835e-02 -2.219999999999999751e-02 -6.129999999999999338e-02 -1.099999999999998201e-02 5.240000000000000213e-02 2.450250000000000171e-03 4.752399999999999832e-04 2.689600000000000324e-02 7.022499999999999663e-04 2.640625000000000264e-02 2.180889999999999999e-03 8.648999999999992577e-05 3.868839999999999692e-03 4.928399999999999231e-04 3.757689999999999295e-03 1.209999999999996072e-04 2.745760000000000301e-03 1.509546125000000000e+06 1.622041125000000000e+06
1.000000000000000000e+00 -5.410000000000000225e-02 -6.219999999999999835e-02 -8.079999999999999682e-02 -9.220000000000000417e-02 1.058999999999999941e-01 2.319999999999999840e-02 -4.599999999999999922e-03 -4.039999999999999841e-02 8.320000000000001006e-02 -6.570000000000000839e-02 -5.660000000000001141e-02 -2.350000000000000006e-02 2.926810000000000175e-03 3.868839999999999692e-03 6.528639999999999617e-03 8.500840000000000826e-03 1.121480999999999867e-02 5.382399999999999424e-04 2.116000000000000069e-05 1.632159999999999904e-03 6.922240000000001378e-03 4.316490000000000951e-03 3.203560000000001129e-03 5.522500000000000065e-04 1.508772125000000000e+06 1.618010875000000000e+06
1.000000000000000000e+00 -7.799999999999999989e-02 1.930000000000000118e-02 -3.939999999999999752e-02 -1.292000000000000093e-01 6.069999999999999701e-02 5.489999999999999741e-02 -2.389999999999999764e-02 8.150000000000000300e-02 4.139999999999999930e-02 -3.700000000000000511e-02 -4.519999999999999712e-02 3.169999999999999901e-02 6.083999999999999998e-03 3.724900000000000606e-04 1.552359999999999808e-03 1.669264000000000164e-02 3.684489999999999467e-03 3.014009999999999693e-03 5.712099999999998385e-04 6.642250000000000584e-03 1.713960000000000049e-03 1.369000000000000425e-03 2.043039999999999873e-03 1.004890000000000037e-03 1.505533875000000000e+06 1.613980625000000000e+06
1.000000000000000000e+00 -8.210000000000000631e-02 4.200000000000000261e-02 -5.369999999999999774e-02 -1.335000000000000075e-01 6.049999999999999822e-02 1.729999999999999941e-02 -4.100000000000006417e-03 2.270000000000000143e-02 -1.430000000000000021e-02 -4.299999999999998268e-03 -1.999999999999987899e-04 -3.759999999999999454e-02 6.740410000000001366e-03 1.764000000000000160e-03 2.883689999999999951e-03 1.782225000000000129e-02 3.660249999999999875e-03 2.992899999999999619e-04 1.681000000000005420e-05 5.152900000000000622e-04 2.044900000000000157e-04 1.848999999999998391e-05 3.999999999999951776e-08 1.413759999999999583e-03 1.502783875000000000e+06 1.605534875000000000e+06
1.000000000000000000e+00 -1.135000000000000037e-01 7.829999999999999460e-02 -7.789999999999999702e-02 -1.217000000000000026e-01 3.880000000000000115e-02 4.100000000000000172e-02 -3.139999999999999736e-02 3.629999999999999200e-02 -2.419999999999999929e-02 1.180000000000000493e-02 -2.169999999999999707e-02 2.370000000000000231e-02 1.288225000000000134e-02 6.130889999999999083e-03 6.068409999999999777e-03 1.481089000000000017e-02 1.505440000000000033e-03 1.681000000000000202e-03 9.859599999999999181e-04 1.317689999999999400e-03 5.856400000000000104e-04 1.392400000000001102e-04 4.708899999999998504e-04 5.616900000000001059e-04 1.501738750000000000e+06 1.603459375000000000e+06
1.000000000000000000e+00 -1.106000000000000039e-01 1.170000000000000033e-02 -3.799999999999999906e-02 -1.287999999999999978e-01 9.589999999999999913e-02 -2.800000000000000058e-02 2.899999999999999800e-03 -6.659999999999999254e-02 3.989999999999999797e-02 -7.099999999999995204e-03 5.709999999999999798e-02 -6.900000000000000577e-02 1.223236000000000115e-02 1.368899999999999989e-04 1.443999999999999971e-03 1.658944000000000044e-02 9.196809999999999707e-03 7.840000000000000831e-04 8.409999999999999101e-06 4.435559999999998983e-03 1.592009999999999823e-03 5.040999999999993240e-05 3.260409999999999611e-03 4.761000000000000475e-03 1.499995250000000000e+06 1.601542750000000000e+06
1.000000000000000000e+00 -1.653999999999999915e-01 6.419999999999999318e-02 -5.500000000000000028e-02 -1.748000000000000109e-01 7.470000000000000251e-02 -1.880000000000000074e-02 -5.479999999999998761e-02 5.249999999999999112e-02 -1.700000000000000122e-02 -4.600000000000001310e-02 -2.119999999999999662e-02 9.199999999999999845e-03 2.735715999999999842e-02 4.121639999999999332e-03 3.024999999999999911e-03 3.055504000000000553e-02 5.580090000000000224e-03 3.534400000000000042e-04 3.003039999999998488e-03 2.756249999999999152e-03 2.890000000000000316e-04 2.116000000000001127e-03 4.494399999999998440e-04 8.464000000000000278e-05 1.501399625000000000e+06 1.603839750000000000e+06
1.000000000000000000e+00 -1.529999999999999971e-01 4.359999999999999987e-02 -6.909999999999999476e-02 -1.423000000000000098e-01 8.160000000000000586e-02 -6.930000000000000049e-02 1.239999999999999436e-02 -2.059999999999999332e-02 -1.409999999999999448e-02 3.250000000000000111e-02 6.900000000000003353e-03 -5.050000000000000322e-02 2.340899999999999925e-02 1.900959999999999933e-03 4.774809999999999124e-03 2.024929000000000312e-02 6.658560000000000867e-03 4.802490000000000404e-03 1.537599999999998560e-04 4.243599999999997114e-04 1.988099999999998397e-04 1.056250000000000114e-03 4.761000000000004730e-05 2.550250000000000433e-03 1.502662250000000000e+06 1.605464250000000000e+06
1.000000000000000000e+00 -8.079999999999999682e-02 7.090000000000000469e-02 -2.879999999999999921e-02 -1.645999999999999963e-01 8.150000000000000300e-02 -5.619999999999999996e-02 7.220000000000000029e-02 2.730000000000000482e-02 4.029999999999999555e-02 -2.229999999999998650e-02 -1.000000000000028644e-04 1.310000000000000053e-02 6.528639999999999617e-03 5.026810000000000479e-03 8.294399999999999733e-04 2.709315999999999808e-02 6.642250000000000584e-03 3.158440000000000206e-03 5.212839999999999835e-03 7.452900000000002318e-04 1.624089999999999692e-03 4.972899999999994079e-04 1.000000000000057262e-08 1.716100000000000188e-04 1.502045125000000000e+06 1.607012250000000000e+06
1.000000000000000000e+00 -6.980000000000000093e-02 1.250000000000000069e-02 -7.149999999999999412e-02 -9.339999999999999691e-02 9.610000000000000486e-02 -5.800000000000000294e-02 1.099999999999999589e-02 -5.840000000000000746e-02 -4.269999999999999490e-02 7.119999999999999940e-02 1.460000000000000187e-02 -1.800000000000002986e-03 4.872040000000000225e-03 1.562500000000000304e-04 5.112249999999998740e-03 8.723559999999999995e-03 9.235210000000000641e-03 3.364000000000000237e-03 1.209999999999999054e-04 3.410560000000000848e-03 1.823289999999999546e-03 5.069439999999999710e-03 2.131600000000000530e-04 3.240000000000010907e-06 1.501783625000000000e+06 1.608429250000000000e+06
1.000000000000000000e+00 -9.560000000000000442e-02 1.053000000000000047e-01 -9.829999999999999849e-02 -8.110000000000000542e-02 9.009999999999999953e-02 -1.450000000000000074e-02 -2.580000000000000349e-02 9.280000000000000748e-02 -2.680000000000000437e-02 1.229999999999999150e-02 -6.000000000000005329e-03 4.350000000000000394e-02 9.139360000000000886e-03 1.108809000000000183e-02 9.662890000000000368e-03 6.577210000000000868e-03 8.118010000000000156e-03 2.102500000000000148e-04 6.656400000000002202e-04 8.611840000000000814e-03 7.182400000000001977e-04 1.512899999999997797e-04 3.600000000000006190e-05 1.892250000000000269e-03 1.503577750000000000e+06 1.609392125000000000e+06
1.000000000000000000e+00 -7.290000000000000646e-02 1.252000000000000057e-01 -1.097999999999999948e-01 -5.249999999999999806e-02 1.028000000000000025e-01 -8.899999999999999925e-03 2.269999999999999796e-02 1.990000000000000102e-02 -1.149999999999999634e-02 2.860000000000000736e-02 1.270000000000000295e-02 5.600000000000000810e-03 5.314410000000001182e-03 1.567504000000000119e-02 1.205603999999999877e-02 2.756249999999999586e-03 1.056784000000000022e-02 7.920999999999999547e-05 5.152899999999999538e-04 3.960100000000000252e-04 1.322499999999999078e-04 8.179600000000003882e-04 1.612900000000000770e-04 3.136000000000001146e-05 1.505666875000000000e+06 1.614708125000000000e+06
1.000000000000000000e+00 -9.439999999999999780e-02 -1.379999999999999977e-02 -1.356999999999999873e-01 -7.389999999999999347e-02 8.770000000000000018e-02 -1.679999999999999896e-02 -2.149999999999999134e-02 -1.390000000000000124e-01 -2.589999999999999247e-02 -2.139999999999999541e-02 -1.510000000000000231e-02 -7.899999999999999037e-03 8.911360000000000114e-03 1.904399999999999995e-04 1.841448999999999517e-02 5.461209999999999329e-03 7.691289999999999932e-03 2.822399999999999540e-04 4.622499999999996078e-04 1.932100000000000484e-02 6.708099999999996574e-04 4.579599999999998234e-04 2.280100000000000616e-04 6.240999999999998014e-05 1.507881000000000000e+06 1.616128375000000000e+06
1.000000000000000000e+00 -8.459999999999999465e-02 8.379999999999999949e-02 -1.383000000000000063e-01 -5.940000000000000141e-02 1.272999999999999965e-01 3.500000000000000073e-03 9.800000000000003153e-03 9.759999999999999232e-02 -2.600000000000018963e-03 1.449999999999999206e-02 3.959999999999999631e-02 2.029999999999999860e-02 7.157159999999999217e-03 7.022439999999999585e-03 1.912689000000000056e-02 3.528360000000000350e-03 1.620529000000000067e-02 1.225000000000000130e-05 9.604000000000006304e-05 9.525759999999997701e-03 6.760000000000098755e-06 2.102499999999997708e-04 1.568159999999999650e-03 4.120899999999999390e-04 1.508383625000000000e+06 1.618023625000000000e+06
1.000000000000000000e+00 -9.320000000000000506e-02 -3.399999999999999811e-03 -1.055999999999999994e-01 -8.619999999999999885e-02 1.202000000000000013e-01 5.199999999999999761e-03 -8.600000000000010414e-03 -8.719999999999999973e-02 3.270000000000000684e-02 -2.679999999999999744e-02 -7.099999999999995204e-03 1.699999999999999688e-03 8.686240000000001321e-03 1.155999999999999943e-05 1.115135999999999905e-02 7.430439999999999962e-03 1.444804000000000054e-02 2.703999999999999861e-05 7.396000000000017957e-05 7.603839999999999731e-03 1.069290000000000518e-03 7.182399999999998725e-04 5.040999999999993240e-05 2.889999999999999012e-06 1.508921500000000000e+06 1.616465750000000000e+06
1.000000000000000000e+00 -8.640000000000000457e-02 8.599999999999999312e-02 -8.569999999999999840e-02 -6.450000000000000178e-02 1.550999999999999879e-01 1.839999999999999969e-02 6.800000000000000488e-03 8.939999999999999336e-02 1.990000000000000102e-02 2.169999999999999707e-02 3.489999999999998659e-02 1.319999999999999993e-02 7.464960000000000519e-03 7.395999999999998929e-03 7.344489999999999526e-03 4.160249999999999886e-03 2.405600999999999573e-02 3.385600000000000111e-04 4.624000000000000451e-05 7.992359999999998701e-03 3.960100000000000252e-04 4.708899999999998504e-04 1.218009999999998972e-03 1.742399999999999852e-04 1.509201750000000000e+06 1.618503250000000000e+06
1.000000000000000000e+00 -7.710000000000000187e-02 4.610000000000000209e-02 -1.363999999999999935e-01 -7.069999999999999896e-02 1.554999999999999993e-01 3.869999999999999829e-02 9.300000000000002709e-03 -3.989999999999999103e-02 -5.069999999999999507e-02 -6.199999999999997180e-03 4.000000000000114575e-04 2.029999999999999860e-02 5.944410000000000666e-03 2.125210000000000207e-03 1.860495999999999678e-02 4.998489999999999531e-03 2.418025000000000035e-02 1.497689999999999872e-03 8.649000000000004774e-05 1.592009999999999389e-03 2.570489999999999494e-03 3.843999999999996400e-05 1.600000000000091619e-07 4.120899999999999390e-04 1.507625875000000000e+06 1.614092875000000000e+06
1.000000000000000000e+00 -7.850000000000000033e-02 5.460000000000000270e-02 -1.151999999999999968e-01 -4.680000000000000132e-02 1.880000000000000004e-01 5.650000000000000161e-02 -1.399999999999998468e-03 8.500000000000000611e-03 2.119999999999999662e-02 2.389999999999999764e-02 3.250000000000000111e-02 1.780000000000000332e-02 6.162250000000000193e-03 2.981160000000000494e-03 1.327103999999999957e-02 2.190239999999999982e-03 3.534400000000000042e-02 3.192250000000000209e-03 1.959999999999995634e-06 7.225000000000000790e-05 4.494399999999998440e-04 5.712099999999998385e-04 1.056250000000000114e-03 3.168400000000001445e-04 1.507727000000000000e+06 1.613423000000000000e+06
1.000000000000000000e+00 -6.829999999999999960e-02 -7.149999999999999412e-02 -1.426999999999999935e-01 -3.740000000000000269e-02 1.817999999999999894e-01 7.320000000000000118e-02 1.020000000000000073e-02 -1.260999999999999899e-01 -2.749999999999999667e-02 9.399999999999998634e-03 -6.200000000000011058e-03 1.669999999999999957e-02 4.664889999999999662e-03 5.112249999999998740e-03 2.036328999999999917e-02 1.398760000000000194e-03 3.305123999999999562e-02 5.358240000000000225e-03 1.040400000000000135e-04 1.590120999999999896e-02 7.562499999999998694e-04 8.835999999999997394e-05 3.844000000000014018e-05 2.788900000000000081e-04 1.507486125000000000e+06 1.612890000000000000e+06
1.000000000000000000e+00 -7.409999999999999920e-02 -5.689999999999999919e-02 -1.197000000000000008e-01 -5.290000000000000258e-02 8.870000000000000107e-02 5.809999999999999887e-02 -5.799999999999999600e-03 1.459999999999999493e-02 2.299999999999999267e-02 -1.549999999999999989e-02 -9.309999999999998832e-02 -1.510000000000000231e-02 5.490809999999999615e-03 3.237609999999999707e-03 1.432808999999999992e-02 2.798410000000000307e-03 7.867690000000000100e-03 3.375609999999999809e-03 3.363999999999999640e-05 2.131599999999998633e-04 5.289999999999996311e-04 2.402499999999999851e-04 8.667609999999997469e-03 2.280100000000000616e-04 1.508241500000000000e+06 1.614730875000000000e+06
1.000000000000000000e+00 -5.290000000000000258e-02 4.229999999999999732e-02 -8.609999999999999598e-02 -6.329999999999999516e-02 1.146999999999999964e-01 5.970000000000000306e-02 2.119999999999999662e-02 9.919999999999999651e-02 3.360000000000000486e-02 -1.039999999999999258e-02 2.599999999999999534e-02 1.600000000000004197e-03 2.798410000000000307e-03 1.789289999999999804e-03 7.413209999999999071e-03 4.006889999999999064e-03 1.315608999999999876e-02 3.564090000000000227e-03 4.494399999999998440e-04 9.840639999999999457e-03 1.128960000000000250e-03 1.081599999999998454e-04 6.759999999999997348e-04 2.560000000000013606e-06 1.507869750000000000e+06 1.615076625000000000e+06
1.000000000000000000e+00 -4.229999999999999732e-02 7.230000000000000315e-02 -1.451000000000000068e-01 -5.299999999999999850e-02 1.053000000000000047e-01 1.810000000000000150e-02 1.060000000000000525e-02 3.000000000000000583e-02 -5.900000000000001077e-02 1.029999999999999666e-02 -9.399999999999991696e-03 -4.159999999999999809e-02 1.789289999999999804e-03 5.227290000000000755e-03 2.105401000000000147e-02 2.808999999999999865e-03 1.108809000000000183e-02 3.276100000000000431e-04 1.123600000000001101e-04 9.000000000000003006e-04 3.481000000000001454e-03 1.060899999999999278e-04 8.835999999999983841e-05 1.730559999999999911e-03 1.508540125000000000e+06 1.615568875000000000e+06
1.000000000000000000e+00 -5.410000000000000225e-02 1.200999999999999984e-01 -6.279999999999999472e-02 -7.810000000000000275e-02 7.259999999999999787e-02 4.200000000000000261e-02 -1.180000000000000493e-02 4.779999999999999527e-02 8.230000000000001203e-02 -2.510000000000000425e-02 -3.270000000000000684e-02 2.390000000000000110e-02 2.926810000000000175e-03 1.442400999999999926e-02 3.943839999999999672e-03 6.099610000000000101e-03 5.270759999999999335e-03 1.764000000000000160e-03 1.392400000000001102e-04 2.284839999999999354e-03 6.773290000000002122e-03 6.300100000000001836e-04 1.069290000000000518e-03 5.712100000000000554e-04 1.505913375000000000e+06 1.612576500000000000e+06
1.000000000000000000e+00 -3.729999999999999982e-02 -1.779999999999999985e-02 -7.180000000000000271e-02 -6.660000000000000642e-02 8.609999999999999598e-02 1.050000000000000065e-02 1.680000000000000243e-02 -1.378999999999999948e-01 -9.000000000000007994e-03 1.149999999999999634e-02 1.349999999999999811e-02 -3.150000000000000022e-02 1.391289999999999888e-03 3.168399999999999819e-04 5.155240000000000170e-03 4.435560000000000717e-03 7.413209999999999071e-03 1.102500000000000100e-04 2.822400000000000624e-04 1.901640999999999748e-02 8.100000000000013927e-05 1.322499999999999078e-04 1.822499999999999576e-04 9.922500000000000764e-04 1.507009250000000000e+06 1.609461875000000000e+06
1.000000000000000000e+00 -5.109999999999999959e-02 4.349999999999999700e-02 -7.870000000000000606e-02 -7.259999999999999787e-02 1.572000000000000064e-01 5.190000000000000169e-02 -1.379999999999999977e-02 6.129999999999999338e-02 -6.900000000000003353e-03 -5.999999999999991451e-03 7.110000000000001041e-02 4.139999999999999930e-02 2.611210000000000094e-03 1.892249999999999835e-03 6.193690000000000827e-03 5.270759999999999335e-03 2.471184000000000228e-02 2.693610000000000362e-03 1.904399999999999995e-04 3.757689999999999295e-03 4.761000000000004730e-05 3.599999999999989927e-05 5.055210000000001820e-03 1.713960000000000049e-03 1.506780750000000000e+06 1.610491250000000000e+06
1.000000000000000000e+00 -3.500000000000000333e-02 3.300000000000000155e-02 -1.819000000000000061e-01 -6.160000000000000198e-02 1.993000000000000049e-01 2.610000000000000167e-02 1.609999999999999626e-02 -1.049999999999999545e-02 -1.032000000000000001e-01 1.099999999999999589e-02 4.209999999999999853e-02 -2.580000000000000002e-02 1.225000000000000177e-03 1.089000000000000124e-03 3.308761000000000341e-02 3.794560000000000207e-03 3.972049000000000413e-02 6.812100000000001271e-04 2.592099999999998984e-04 1.102499999999999016e-04 1.065024000000000005e-02 1.209999999999999054e-04 1.772409999999999871e-03 6.656400000000000034e-04 1.510632000000000000e+06 1.611700750000000000e+06
1.000000000000000000e+00 -7.040000000000000424e-02 8.740000000000000546e-02 -1.024000000000000049e-01 -8.849999999999999534e-02 1.708000000000000074e-01 6.270000000000000573e-02 -3.540000000000000091e-02 5.440000000000000391e-02 7.950000000000000122e-02 -2.689999999999999336e-02 -2.849999999999999756e-02 3.660000000000000753e-02 4.956160000000000253e-03 7.638760000000001382e-03 1.048576000000000022e-02 7.832249999999998935e-03 2.917264000000000315e-02 3.931290000000000479e-03 1.253160000000000125e-03 2.959360000000000289e-03 6.320250000000000347e-03 7.236099999999996398e-04 8.122499999999998211e-04 1.339560000000000490e-03 1.510870250000000000e+06 1.617500375000000000e+06
1.000000000000000000e+00 -3.889999999999999708e-02 4.529999999999999999e-02 -4.549999999999999878e-02 -7.000000000000000666e-02 8.780000000000000304e-02 4.870000000000000023e-02 3.150000000000000716e-02 -4.210000000000000547e-02 5.690000000000000613e-02 1.849999999999998868e-02 -8.300000000000000433e-02 -1.400000000000000550e-02 1.513209999999999859e-03 2.052089999999999904e-03 2.070250000000000042e-03 4.900000000000000709e-03 7.708840000000000657e-03 2.371690000000000083e-03 9.922500000000005101e-04 1.772410000000000522e-03 3.237610000000000574e-03 3.422499999999995641e-04 6.889000000000001026e-03 1.960000000000001563e-04 1.511467375000000000e+06 1.616036500000000000e+06
1.000000000000000000e+00 -7.580000000000000626e-02 2.700000000000000143e-03 -1.145999999999999935e-01 -9.529999999999999583e-02 5.929999999999999855e-02 4.929999999999999660e-02 -3.690000000000000918e-02 -4.259999999999999898e-02 -6.909999999999999476e-02 -2.529999999999998916e-02 -2.850000000000000450e-02 5.999999999999963696e-04 5.745640000000000643e-03 7.290000000000000507e-06 1.313315999999999789e-02 9.082089999999999261e-03 3.516489999999999720e-03 2.430489999999999561e-03 1.361610000000000728e-03 1.814759999999999898e-03 4.774809999999999124e-03 6.400899999999994094e-04 8.122500000000002548e-04 3.599999999999956533e-07 1.510003875000000000e+06 1.617546625000000000e+06
1.000000000000000000e+00 -7.870000000000000606e-02 1.386999999999999900e-01 2.149999999999999828e-02 -9.479999999999999538e-02 1.399999999999999986e-03 7.000000000000000666e-02 -2.899999999999999800e-03 1.359999999999999820e-01 1.360999999999999988e-01 5.000000000000004441e-04 -5.790000000000000008e-02 2.070000000000001006e-02 6.193690000000000827e-03 1.923768999999999826e-02 4.622499999999999331e-04 8.987039999999999959e-03 1.959999999999999869e-06 4.900000000000000709e-03 8.409999999999999101e-06 1.849599999999999508e-02 1.852320999999999829e-02 2.500000000000004651e-07 3.352410000000000112e-03 4.284900000000003918e-04 1.509390000000000000e+06 1.613938875000000000e+06
1.000000000000000000e+00 -1.062000000000000027e-01 2.580000000000000002e-02 -1.602999999999999980e-01 -1.187000000000000000e-01 -8.099999999999999561e-03 6.990000000000000380e-02 -2.749999999999999667e-02 -1.128999999999999865e-01 -1.817999999999999894e-01 -2.390000000000000457e-02 -9.499999999999999764e-03 -1.000000000000028644e-04 1.127844000000000069e-02 6.656400000000000034e-04 2.569608999999999782e-02 1.408969000000000020e-02 6.560999999999999016e-05 4.886010000000000526e-03 7.562499999999998694e-04 1.274640999999999622e-02 3.305123999999999562e-02 5.712100000000002722e-04 9.024999999999999819e-05 1.000000000000057262e-08 1.508644625000000000e+06 1.615659625000000000e+06
1.000000000000000000e+00 -1.045999999999999985e-01 1.243999999999999967e-01 -9.539999999999999869e-02 -1.222000000000000031e-01 7.639999999999999569e-02 3.090000000000000038e-02 1.600000000000004197e-03 9.859999999999999321e-02 6.489999999999999936e-02 -3.500000000000003109e-03 8.449999999999999178e-02 -3.900000000000000688e-02 1.094116000000000012e-02 1.547535999999999877e-02 9.101160000000000500e-03 1.493284000000000104e-02 5.836959999999999545e-03 9.548100000000000554e-04 2.560000000000013606e-06 9.721959999999998242e-03 4.212009999999999539e-03 1.225000000000002163e-05 7.140249999999999028e-03 1.521000000000000433e-03 1.507777875000000000e+06 1.614199750000000000e+06
1.000000000000000000e+00 -1.142999999999999988e-01 1.779999999999999916e-01 -3.699999999999999817e-02 -1.476999999999999980e-01 -6.899999999999999883e-03 7.389999999999999347e-02 -9.700000000000000289e-03 5.359999999999999487e-02 5.840000000000000052e-02 -2.549999999999999489e-02 -8.329999999999999905e-02 4.299999999999999656e-02 1.306448999999999978e-02 3.168399999999999689e-02 1.368999999999999774e-03 2.181529000000000107e-02 4.760999999999999987e-05 5.461209999999999329e-03 9.409000000000000208e-05 2.872959999999999490e-03 3.410559999999999981e-03 6.502499999999997865e-04 6.938889999999999642e-03 1.848999999999999732e-03 1.507189750000000000e+06 1.613398500000000000e+06
1.000000000000000000e+00 -1.398999999999999966e-01 9.599999999999999159e-03 -9.420000000000000595e-02 -1.749999999999999889e-01 -4.719999999999999890e-02 5.909999999999999976e-02 -2.559999999999999776e-02 -1.683999999999999941e-01 -5.720000000000000778e-02 -2.729999999999999094e-02 -4.030000000000000249e-02 -1.479999999999999372e-02 1.957200999999999733e-02 9.215999999999998499e-05 8.873640000000000347e-03 3.062499999999999598e-02 2.227840000000000029e-03 3.492809999999999838e-03 6.553599999999999053e-04 2.835855999999999794e-02 3.271840000000000685e-03 7.452899999999994729e-04 1.624090000000000126e-03 2.190399999999998273e-04 1.505046500000000000e+06 1.616569625000000000e+06
1.000000000000000000e+00 -1.215999999999999998e-01 2.449999999999999956e-01 -1.729999999999999941e-02 -1.032000000000000001e-01 4.730000000000000177e-02 -2.330000000000000127e-02 1.829999999999999682e-02 2.353999999999999981e-01 7.690000000000001001e-02 7.179999999999998883e-02 9.450000000000000067e-02 -8.240000000000000102e-02 1.478656000000000068e-02 6.002499999999999503e-02 2.992899999999999619e-04 1.065024000000000005e-02 2.237290000000000285e-03 5.428900000000000826e-04 3.348899999999999056e-04 5.541315999999999603e-02 5.913610000000001435e-03 5.155239999999998435e-03 8.930250000000000687e-03 6.789760000000000587e-03 1.506548000000000000e+06 1.614799125000000000e+06
1.000000000000000000e+00 -4.529999999999999999e-02 1.343000000000000027e-01 -1.526000000000000134e-01 -1.053000000000000047e-01 6.189999999999999669e-02 3.009999999999999828e-02 7.630000000000000671e-02 -1.106999999999999929e-01 -1.353000000000000036e-01 -2.100000000000004641e-03 1.459999999999999493e-02 5.340000000000000302e-02 2.052089999999999904e-03 1.803649000000000224e-02 2.328676000000000357e-02 1.108809000000000183e-02 3.831609999999999617e-03 9.060099999999998450e-04 5.821690000000000892e-03 1.225448999999999809e-02 1.830609000000000056e-02 4.410000000000019610e-06 2.131599999999998633e-04 2.851560000000000379e-03 1.507486375000000000e+06 1.618853250000000000e+06
1.000000000000000000e+00 -1.105000000000000010e-01 1.269999999999999948e-02 -1.627000000000000113e-01 -9.569999999999999341e-02 1.043000000000000038e-01 1.089999999999999997e-02 -6.520000000000000795e-02 -1.215999999999999998e-01 -1.009999999999999787e-02 9.600000000000011302e-03 4.240000000000000713e-02 -1.919999999999999832e-02 1.221025000000000062e-02 1.612899999999999957e-04 2.647129000000000495e-02 9.158489999999998299e-03 1.087849000000000108e-02 1.188099999999999958e-04 4.251040000000001068e-03 1.478656000000000068e-02 1.020099999999999534e-04 9.216000000000021538e-05 1.797760000000000677e-03 3.686399999999999400e-04 1.508921375000000000e+06 1.617297875000000000e+06
1.000000000000000000e+00 -2.929999999999999966e-02 1.237000000000000044e-01 4.750000000000000056e-02 -1.038000000000000034e-01 -1.937000000000000111e-01 1.270999999999999908e-01 8.119999999999999440e-02 1.110000000000000014e-01 2.101999999999999980e-01 -8.100000000000009970e-03 -2.980000000000000426e-01 1.161999999999999977e-01 8.584899999999999476e-04 1.530169000000000147e-02 2.256250000000000009e-03 1.077444000000000145e-02 3.751969000000000137e-02 1.615440999999999752e-02 6.593439999999999024e-03 1.232100000000000035e-02 4.418404000000000081e-02 6.561000000000016634e-05 8.880400000000002181e-02 1.350243999999999923e-02 1.503756125000000000e+06 1.618587750000000000e+06
1.000000000000000000e+00 -8.369999999999999662e-02 7.950000000000000122e-02 -5.050000000000000322e-02 -1.150999999999999940e-01 -2.777999999999999914e-01 7.370000000000000162e-02 -5.439999999999999697e-02 -4.420000000000000318e-02 -9.800000000000000377e-02 -1.129999999999999061e-02 -8.409999999999998033e-02 -5.339999999999998914e-02 7.005689999999999314e-03 6.320250000000000347e-03 2.550250000000000433e-03 1.324800999999999930e-02 7.717283999999999256e-02 5.431690000000000303e-03 2.959359999999999855e-03 1.953640000000000411e-03 9.604000000000001425e-03 1.276899999999997753e-04 7.072809999999997085e-03 2.851559999999998644e-03 1.504593500000000000e+06 1.616813000000000000e+06
1.000000000000000000e+00 1.789999999999999925e-02 3.175000000000000044e-01 -7.389999999999999347e-02 -1.057000000000000023e-01 9.289999999999999647e-02 7.300000000000000065e-03 1.015999999999999959e-01 2.379999999999999893e-01 -2.339999999999999025e-02 9.399999999999991696e-03 3.706999999999999740e-01 -6.640000000000000069e-02 3.204099999999999765e-04 1.008062500000000000e-01 5.461209999999999329e-03 1.117249000000000020e-02 8.630409999999999818e-03 5.328999999999999970e-05 1.032255999999999972e-02 5.664399999999999297e-02 5.475599999999995618e-04 8.835999999999983841e-05 1.374184899999999765e-01 4.408959999999999962e-03 1.506749250000000000e+06 1.620273250000000000e+06
1.000000000000000000e+00 -3.880000000000000115e-02 1.879000000000000115e-01 -2.249999999999999917e-02 -1.048000000000000043e-01 1.953999999999999904e-01 -1.399999999999999986e-03 -5.670000000000000040e-02 -1.295999999999999930e-01 5.139999999999999430e-02 8.999999999999980238e-04 1.024999999999999939e-01 -8.699999999999999400e-03 1.505440000000000033e-03 3.530641000000000335e-02 5.062499999999999726e-04 1.098304000000000120e-02 3.818115999999999871e-02 1.959999999999999869e-06 3.214890000000000195e-03 1.679615999999999748e-02 2.641959999999999621e-03 8.099999999999964799e-07 1.050624999999999823e-02 7.568999999999998852e-05 1.506618750000000000e+06 1.616775000000000000e+06
1.000000000000000000e+00 -6.719999999999999585e-02 -8.949999999999999623e-02 -1.804000000000000048e-01 -1.048999999999999932e-01 1.025999999999999968e-01 3.000000000000000062e-03 -2.839999999999999469e-02 -2.773999999999999799e-01 -1.579000000000000126e-01 -9.999999999998898659e-05 -9.279999999999999361e-02 4.400000000000000265e-03 4.515839999999999264e-03 8.010250000000000009e-03 3.254416000000000253e-02 1.100400999999999810e-02 1.052675999999999959e-02 9.000000000000000228e-06 8.065599999999996774e-04 7.695075999999999306e-02 2.493241000000000554e-02 9.999999999997796600e-09 8.611839999999999079e-03 1.936000000000000099e-05 1.504618250000000000e+06 1.617090500000000000e+06
1.000000000000000000e+00 -5.480000000000000149e-02 -4.469999999999999668e-02 -2.910000000000000087e-02 -1.084999999999999992e-01 -1.129999999999999928e-02 -8.000000000000000383e-04 1.239999999999999436e-02 4.479999999999999954e-02 1.512999999999999901e-01 -3.600000000000005973e-03 -1.139000000000000012e-01 -3.799999999999999992e-03 3.003040000000000223e-03 1.998089999999999675e-03 8.468100000000000323e-04 1.177224999999999973e-02 1.276899999999999921e-04 6.400000000000000134e-07 1.537599999999998560e-04 2.007039999999999866e-03 2.289168999999999579e-02 1.296000000000004363e-05 1.297321000000000064e-02 1.444000000000000066e-05 1.502330125000000000e+06 1.611220500000000000e+06
1.000000000000000000e+00 -1.023000000000000020e-01 3.670000000000000345e-02 6.619999999999999496e-02 -1.519999999999999962e-01 -6.239999999999999714e-02 -2.999999999999999889e-02 -4.750000000000000056e-02 8.140000000000000013e-02 9.529999999999999583e-02 -4.349999999999999700e-02 -5.109999999999999959e-02 -2.920000000000000026e-02 1.046529000000000036e-02 1.346890000000000327e-03 4.382439999999999600e-03 2.310399999999999954e-02 3.893759999999999583e-03 8.999999999999999754e-04 2.256250000000000009e-03 6.625960000000000183e-03 9.082089999999999261e-03 1.892249999999999835e-03 2.611210000000000094e-03 8.526399999999999951e-04 1.501993125000000000e+06 1.612288125000000000e+06
1.000000000000000000e+00 -1.159000000000000030e-01 5.779999999999999721e-02 -1.355999999999999983e-01 -1.627000000000000113e-01 1.949999999999999997e-02 -6.320000000000000617e-02 -1.360000000000000098e-02 2.109999999999999376e-02 -2.017999999999999794e-01 -1.070000000000001505e-02 8.190000000000000058e-02 -3.320000000000000728e-02 1.343280999999999989e-02 3.340839999999999869e-03 1.838735999999999843e-02 2.647129000000000495e-02 3.802499999999999999e-04 3.994240000000000464e-03 1.849600000000000181e-04 4.452099999999997574e-04 4.072323999999999389e-02 1.144900000000003218e-04 6.707610000000000135e-03 1.102240000000000424e-03 1.504042375000000000e+06 1.614405750000000000e+06
1.000000000000000000e+00 -9.139999999999999514e-02 1.663000000000000034e-01 -5.759999999999999842e-02 -7.589999999999999525e-02 5.689999999999999919e-02 -5.770000000000000129e-02 2.450000000000000788e-02 1.085000000000000131e-01 7.799999999999999989e-02 8.680000000000001603e-02 3.740000000000000269e-02 5.500000000000004885e-03 8.353959999999998817e-03 2.765569000000000013e-02 3.317759999999999893e-03 5.760809999999999022e-03 3.237609999999999707e-03 3.329289999999999940e-03 6.002500000000004143e-04 1.177225000000000320e-02 6.083999999999999998e-03 7.534240000000002810e-03 1.398760000000000194e-03 3.025000000000005427e-05 1.502558750000000000e+06 1.614902000000000000e+06
1.000000000000000000e+00 -1.703000000000000069e-01 7.739999999999999658e-02 -8.999999999999999754e-04 -1.610000000000000042e-01 -7.799999999999999642e-03 -3.320000000000000034e-02 -7.890000000000001179e-02 -8.890000000000000679e-02 5.670000000000000040e-02 -8.510000000000000897e-02 -6.469999999999999363e-02 2.450000000000000094e-02 2.900209000000000120e-02 5.990759999999999488e-03 8.099999999999999739e-07 2.592100000000000307e-02 6.083999999999999348e-05 1.102239999999999991e-03 6.225210000000001853e-03 7.903210000000000790e-03 3.214890000000000195e-03 7.242010000000001849e-03 4.186089999999999083e-03 6.002500000000000890e-04 1.499748625000000000e+06 1.611582125000000000e+06
1.000000000000000000e+00 -1.532000000000000028e-01 1.980000000000000163e-02 -3.629999999999999893e-02 -1.403999999999999970e-01 -6.270000000000000573e-02 -5.639999999999999875e-02 1.710000000000000409e-02 -5.759999999999999842e-02 -3.540000000000000091e-02 2.060000000000000719e-02 -5.490000000000000435e-02 -2.319999999999999840e-02 2.347023999999999985e-02 3.920400000000000751e-04 1.317689999999999834e-03 1.971215999999999940e-02 3.931290000000000479e-03 3.180960000000000037e-03 2.924100000000001633e-04 3.317759999999999893e-03 1.253160000000000125e-03 4.243600000000003077e-04 3.014010000000000560e-03 5.382399999999999424e-04 1.500638500000000000e+06 1.613035875000000000e+06
1.000000000000000000e+00 -8.989999999999999380e-02 1.540999999999999870e-01 7.989999999999999880e-02 -9.619999999999999385e-02 4.199999999999999740e-03 -1.092999999999999944e-01 6.330000000000000904e-02 1.342999999999999750e-01 1.161999999999999977e-01 4.420000000000000318e-02 6.690000000000000113e-02 -5.289999999999999564e-02 8.082009999999998848e-03 2.374680999999999667e-02 6.384009999999999858e-03 9.254439999999999195e-03 1.763999999999999713e-05 1.194648999999999885e-02 4.006890000000000798e-03 1.803648999999999183e-02 1.350243999999999923e-02 1.953640000000000411e-03 4.475610000000000525e-03 2.798409999999999440e-03 1.499336875000000000e+06 1.613561875000000000e+06
1.000000000000000000e+00 -7.950000000000000122e-02 1.524999999999999967e-01 -7.180000000000000271e-02 -6.210000000000000242e-02 -1.609999999999999973e-02 3.090000000000000038e-02 1.039999999999999258e-02 -1.599999999999990319e-03 -1.517000000000000015e-01 3.409999999999999143e-02 -2.029999999999999860e-02 1.401999999999999913e-01 6.320250000000000347e-03 2.325624999999999915e-02 5.155240000000000170e-03 3.856410000000000220e-03 2.592100000000000068e-04 9.548100000000000554e-04 1.081599999999998454e-04 2.559999999999969137e-06 2.301289000000000112e-02 1.162809999999999365e-03 4.120899999999999390e-04 1.965603999999999615e-02 1.501549250000000000e+06 1.612780250000000000e+06
1.000000000000000000e+00 -6.410000000000000420e-02 4.039999999999999841e-02 -1.933999999999999886e-01 -6.599999999999999964e-03 9.900000000000000813e-03 5.639999999999999875e-02 1.539999999999999702e-02 -1.121000000000000052e-01 -1.215999999999999859e-01 5.550000000000000072e-02 2.600000000000000228e-02 2.549999999999999836e-02 4.108810000000000934e-03 1.632159999999999904e-03 3.740355999999999542e-02 4.355999999999999629e-05 9.801000000000001876e-05 3.180960000000000037e-03 2.371599999999999045e-04 1.256641000000000181e-02 1.478655999999999721e-02 3.080250000000000089e-03 6.760000000000001685e-04 6.502499999999998949e-04 1.503182125000000000e+06 1.616931125000000000e+06
1.000000000000000000e+00 -7.560000000000000053e-02 8.680000000000000215e-02 2.730000000000000135e-02 -2.160000000000000114e-02 6.959999999999999520e-02 2.949999999999999845e-02 -1.149999999999999634e-02 4.640000000000000374e-02 2.206999999999999795e-01 -1.500000000000000118e-02 5.969999999999999613e-02 -2.690000000000000030e-02 5.715360000000000058e-03 7.534240000000000208e-03 7.452900000000001234e-04 4.665600000000000324e-04 4.844159999999999265e-03 8.702499999999999299e-04 1.322499999999999078e-04 2.152960000000000203e-03 4.870848999999999318e-02 2.250000000000000481e-04 3.564089999999999359e-03 7.236099999999999650e-04 1.501817500000000000e+06 1.611949500000000000e+06
1.000000000000000000e+00 -7.620000000000000384e-02 -9.799999999999999684e-03 -8.169999999999999485e-02 -9.560000000000000442e-02 4.170000000000000095e-02 5.790000000000000008e-02 -6.000000000000033085e-04 -9.660000000000000531e-02 -1.089999999999999997e-01 -7.400000000000001021e-02 -2.789999999999999425e-02 2.840000000000000163e-02 5.806440000000000386e-03 9.603999999999999527e-05 6.674889999999999296e-03 9.139360000000000886e-03 1.738890000000000097e-03 3.352410000000000112e-03 3.600000000000039648e-07 9.331560000000000896e-03 1.188099999999999920e-02 5.476000000000001700e-03 7.784099999999996708e-04 8.065600000000001111e-04 1.500915500000000000e+06 1.614531375000000000e+06
1.000000000000000000e+00 -9.199999999999999845e-02 6.019999999999999657e-02 -1.629999999999999852e-02 -1.625999999999999945e-01 2.009999999999999981e-02 -1.053000000000000047e-01 -1.579999999999999460e-02 6.999999999999999278e-02 6.539999999999999980e-02 -6.699999999999999012e-02 -2.160000000000000114e-02 -1.632000000000000117e-01 8.463999999999999302e-03 3.624039999999999380e-03 2.656899999999999583e-04 2.643875999999999865e-02 4.040100000000000028e-04 1.108809000000000183e-02 2.496399999999998121e-04 4.899999999999998974e-03 4.277160000000000337e-03 4.488999999999999067e-03 4.665600000000000324e-04 2.663424000000000347e-02 1.501649000000000000e+06 1.614706875000000000e+06
1.000000000000000000e+00 -1.038000000000000034e-01 1.668000000000000038e-01 1.034000000000000058e-01 -1.472999999999999865e-01 2.549999999999999836e-02 -3.839999999999999664e-02 -1.180000000000000493e-02 1.066000000000000003e-01 1.197000000000000008e-01 1.530000000000000804e-02 5.399999999999998551e-03 6.690000000000001501e-02 1.077444000000000145e-02 2.782224000000000155e-02 1.069156000000000099e-02 2.169728999999999755e-02 6.502499999999998949e-04 1.474559999999999760e-03 1.392400000000001102e-04 1.136355999999999998e-02 1.432808999999999992e-02 2.340900000000002473e-04 2.915999999999998509e-05 4.475610000000002260e-03 1.500182375000000000e+06 1.613970250000000000e+06
1.000000000000000000e+00 -1.174000000000000044e-01 6.950000000000000622e-02 -2.882000000000000117e-01 -3.030000000000000054e-02 -5.599999999999999943e-03 9.239999999999999603e-02 -1.360000000000000098e-02 -9.729999999999999760e-02 -3.916000000000000036e-01 1.169999999999999929e-01 -3.109999999999999917e-02 1.307999999999999996e-01 1.378276000000000154e-02 4.830250000000001209e-03 8.305924000000000640e-02 9.180899999999999868e-04 3.135999999999999790e-05 8.537759999999998406e-03 1.849600000000000181e-04 9.467289999999999733e-03 1.533505599999999969e-01 1.368899999999999804e-02 9.672099999999999231e-04 1.710864000000000135e-02 1.498204750000000000e+06 1.612694250000000000e+06
1.000000000000000000e+00 -9.020000000000000240e-02 8.160000000000000586e-02 -1.001999999999999974e-01 -2.069999999999999965e-02 3.540000000000000091e-02 3.740000000000000269e-02 2.720000000000000195e-02 1.209999999999999964e-02 1.880000000000000004e-01 9.600000000000000894e-03 4.100000000000000172e-02 -5.499999999999999334e-02 8.136040000000000633e-03 6.658560000000000867e-03 1.004004000000000008e-02 4.284900000000000124e-04 1.253160000000000125e-03 1.398760000000000194e-03 7.398400000000000722e-04 1.464100000000000026e-04 3.534400000000000042e-02 9.216000000000001209e-05 1.681000000000000202e-03 3.024999999999999478e-03 1.498480375000000000e+06 1.608227000000000000e+06
1.000000000000000000e+00 -1.295999999999999930e-01 1.093999999999999972e-01 1.348000000000000032e-01 -1.067000000000000032e-01 1.000000000000000048e-04 2.549999999999999836e-02 -3.939999999999999059e-02 2.779999999999999138e-02 2.349999999999999867e-01 -8.600000000000000699e-02 -3.529999999999999805e-02 -1.190000000000000432e-02 1.679615999999999748e-02 1.196835999999999907e-02 1.817103999999999941e-02 1.138488999999999994e-02 1.000000000000000021e-08 6.502499999999998949e-04 1.552359999999999157e-03 7.728399999999995733e-04 5.522499999999999631e-02 7.396000000000001531e-03 1.246089999999999828e-03 1.416100000000001028e-04 1.496171000000000000e+06 1.607820375000000000e+06
1.000000000000000000e+00 -1.393000000000000071e-01 -1.849999999999999908e-02 -2.722999999999999865e-01 -1.037000000000000005e-01 3.520000000000000212e-02 3.309999999999999748e-02 -9.700000000000014166e-03 -1.278999999999999859e-01 -4.071000000000000174e-01 3.000000000000002665e-03 3.509999999999999926e-02 7.599999999999999117e-03 1.940449000000000340e-02 3.422499999999999436e-04 7.414728999999999071e-02 1.075368999999999978e-02 1.239040000000000063e-03 1.095609999999999900e-03 9.409000000000027313e-05 1.635840999999999684e-02 1.657304100000000224e-01 9.000000000000015475e-06 1.232009999999999963e-03 5.775999999999998909e-05 1.496364375000000000e+06 1.606314750000000000e+06
1.000000000000000000e+00 -2.599999999999999881e-02 1.087999999999999939e-01 -3.509999999999999926e-02 -7.380000000000000449e-02 4.989999999999999991e-02 6.400000000000000133e-02 1.133000000000000118e-01 1.272999999999999965e-01 2.371999999999999942e-01 2.989999999999999603e-02 1.469999999999999779e-02 3.090000000000000385e-02 6.759999999999999516e-04 1.183743999999999942e-02 1.232009999999999963e-03 5.446440000000000309e-03 2.490009999999999966e-03 4.095999999999999815e-03 1.283689000000000184e-02 1.620529000000000067e-02 5.626383999999999552e-02 8.940099999999997701e-04 2.160899999999999453e-04 9.548100000000002722e-04 1.495106750000000000e+06 1.607305875000000000e+06
1.000000000000000000e+00 -4.270000000000000184e-02 1.161999999999999977e-01 8.450000000000000566e-02 -7.520000000000000295e-02 5.430000000000000104e-02 4.179999999999999688e-02 -1.670000000000000304e-02 7.400000000000003797e-03 1.196000000000000119e-01 -1.399999999999998468e-03 4.400000000000001132e-03 -2.220000000000000445e-02 1.823290000000000197e-03 1.350243999999999923e-02 7.140250000000000763e-03 5.655040000000000067e-03 2.948490000000000225e-03 1.747239999999999731e-03 2.788900000000001165e-04 5.476000000000005847e-05 1.430416000000000326e-02 1.959999999999995634e-06 1.936000000000001115e-05 4.928400000000002484e-04 1.499399875000000000e+06 1.609687875000000000e+06
1.000000000000000000e+00 -3.440000000000000002e-02 3.359999999999999792e-02 -1.940999999999999948e-01 -6.270000000000000573e-02 1.009999999999999960e-02 3.429999999999999716e-02 8.300000000000001821e-03 -8.260000000000000675e-02 -2.786000000000000143e-01 1.249999999999999722e-02 -4.420000000000000318e-02 -7.499999999999999722e-03 1.183360000000000054e-03 1.128959999999999816e-03 3.767480999999999608e-02 3.931290000000000479e-03 1.020099999999999940e-04 1.176489999999999871e-03 6.889000000000002652e-05 6.822760000000001497e-03 7.761796000000001361e-02 1.562499999999999219e-04 1.953640000000000411e-03 5.624999999999999846e-05 1.500125750000000000e+06 1.613713375000000000e+06
1.000000000000000000e+00 -2.069999999999999965e-02 1.337000000000000133e-01 2.900000000000000147e-02 -4.370000000000000273e-02 1.669999999999999957e-02 1.089999999999999997e-01 1.370000000000000037e-02 1.001000000000000223e-01 2.230999999999999928e-01 1.900000000000000300e-02 6.599999999999999964e-03 7.470000000000000251e-02 4.284900000000000124e-04 1.787569000000000310e-02 8.410000000000000591e-04 1.909690000000000346e-03 2.788900000000000081e-04 1.188099999999999920e-02 1.876900000000000139e-04 1.002001000000000454e-02 4.977360999999999591e-02 3.610000000000001012e-04 4.355999999999999629e-05 5.580090000000000224e-03 1.500806000000000000e+06 1.612559000000000000e+06
1.000000000000000000e+00 -1.140000000000000041e-02 3.070000000000000159e-02 -1.409999999999999865e-01 -1.799999999999999864e-02 3.389999999999999958e-02 7.520000000000000295e-02 9.299999999999999239e-03 -1.030000000000000082e-01 -1.699999999999999845e-01 2.570000000000000409e-02 1.720000000000000001e-02 -3.379999999999999671e-02 1.299600000000000093e-04 9.424900000000001462e-04 1.988099999999999590e-02 3.239999999999999608e-04 1.149209999999999902e-03 5.655040000000000067e-03 8.648999999999997998e-05 1.060900000000000211e-02 2.889999999999999514e-02 6.604900000000002306e-04 2.958400000000000135e-04 1.142439999999999775e-03 1.500154750000000000e+06 1.613526500000000000e+06
1.000000000000000000e+00 -1.600000000000000033e-02 2.840000000000000163e-02 -2.812000000000000055e-01 -2.989999999999999949e-02 1.376000000000000001e-01 7.480000000000000537e-02 -4.599999999999999922e-03 -2.299999999999999961e-03 -1.402000000000000191e-01 -1.190000000000000085e-02 1.037000000000000005e-01 -3.999999999999975797e-04 2.559999999999999884e-04 8.065600000000001111e-04 7.907344000000000872e-02 8.940099999999999870e-04 1.893376000000000087e-02 5.595040000000000777e-03 2.116000000000000069e-05 5.290000000000000174e-06 1.965604000000000656e-02 1.416100000000000214e-04 1.075368999999999978e-02 1.599999999999980711e-07 1.502786250000000000e+06 1.616668250000000000e+06
1.000000000000000000e+00 -8.859999999999999820e-02 9.929999999999999938e-02 3.490000000000000047e-02 -1.195999999999999980e-01 1.103999999999999981e-01 1.919999999999999832e-02 -7.259999999999999787e-02 7.089999999999999081e-02 3.160999999999999921e-01 -8.970000000000000195e-02 -2.720000000000000195e-02 -5.560000000000001052e-02 7.849959999999999577e-03 9.860489999999999533e-03 1.218010000000000056e-03 1.430415999999999979e-02 1.218815999999999997e-02 3.686399999999999400e-04 5.270759999999999335e-03 5.026809999999998745e-03 9.991920999999999442e-02 8.046090000000000533e-03 7.398400000000000722e-04 3.091360000000001329e-03 1.500166875000000000e+06 1.616144125000000000e+06
1.000000000000000000e+00 -8.619999999999999885e-02 -1.689999999999999836e-02 -7.259999999999999787e-02 -1.267000000000000071e-01 8.580000000000000127e-02 4.700000000000000185e-03 2.399999999999999356e-03 -1.161999999999999977e-01 -1.074999999999999983e-01 -7.100000000000009082e-03 -2.459999999999999687e-02 -1.449999999999999900e-02 7.430439999999999962e-03 2.856099999999999438e-04 5.270759999999999335e-03 1.605289000000000021e-02 7.361640000000000024e-03 2.209000000000000026e-05 5.759999999999996521e-06 1.350243999999999923e-02 1.155624999999999881e-02 5.041000000000012891e-05 6.051599999999998777e-04 2.102499999999999606e-04 1.501527000000000000e+06 1.614068500000000000e+06
1.000000000000000000e+00 -1.160000000000000059e-01 8.200000000000000691e-03 -1.759999999999999898e-01 -1.469000000000000028e-01 1.549000000000000099e-01 -4.039999999999999841e-02 -2.980000000000000704e-02 2.509999999999999731e-02 -1.033999999999999919e-01 -2.019999999999999574e-02 6.910000000000000864e-02 -4.510000000000000120e-02 1.345600000000000095e-02 6.724000000000001352e-05 3.097599999999999659e-02 2.157961000000000254e-02 2.399401000000000311e-02 1.632159999999999904e-03 8.880400000000004219e-04 6.300099999999998583e-04 1.069155999999999752e-02 4.080399999999998134e-04 4.774810000000000859e-03 2.034010000000000158e-03 1.498977375000000000e+06 1.611621000000000000e+06
1.000000000000000000e+00 -1.464999999999999913e-01 7.149999999999999412e-02 6.099999999999999867e-02 -1.885999999999999899e-01 1.107999999999999957e-01 -6.119999999999999746e-02 -3.049999999999998546e-02 6.329999999999999516e-02 2.369999999999999885e-01 -4.169999999999998708e-02 -4.410000000000001419e-02 -2.079999999999999905e-02 2.146224999999999869e-02 5.112249999999998740e-03 3.720999999999999915e-03 3.556995999999999769e-02 1.227663999999999839e-02 3.745439999999999620e-03 9.302499999999991115e-04 4.006889999999999064e-03 5.616899999999999671e-02 1.738889999999999013e-03 1.944810000000001243e-03 4.326399999999999777e-04 1.496769875000000000e+06 1.606900125000000000e+06
1.000000000000000000e+00 -1.774000000000000021e-01 -3.559999999999999970e-02 -7.779999999999999416e-02 -1.199000000000000066e-01 3.860000000000000236e-02 -4.270000000000000184e-02 -3.090000000000001079e-02 -1.071000000000000008e-01 -1.387999999999999790e-01 6.869999999999998330e-02 -7.219999999999998641e-02 1.849999999999999561e-02 3.147076000000000040e-02 1.267359999999999928e-03 6.052839999999999436e-03 1.437601000000000157e-02 1.489960000000000243e-03 1.823290000000000197e-03 9.548100000000007059e-04 1.147041000000000033e-02 1.926543999999999479e-02 4.719689999999997741e-03 5.212839999999998100e-03 3.422499999999998352e-04 1.497510000000000000e+06 1.607115250000000000e+06
1.000000000000000000e+00 -9.950000000000000511e-02 6.769999999999999629e-02 -1.391000000000000014e-01 -1.313999999999999890e-01 1.322000000000000119e-01 -2.670000000000000151e-02 7.789999999999999702e-02 1.033000000000000029e-01 -6.130000000000000726e-02 -1.149999999999998246e-02 9.360000000000001652e-02 1.600000000000000033e-02 9.900250000000001063e-03 4.583289999999999413e-03 1.934881000000000101e-02 1.726595999999999687e-02 1.747684000000000390e-02 7.128900000000000948e-04 6.068409999999999777e-03 1.067089000000000058e-02 3.757690000000001029e-03 1.322499999999996096e-04 8.760960000000003398e-03 2.559999999999999884e-04 1.498895750000000000e+06 1.608401125000000000e+06
1.000000000000000000e+00 -1.218999999999999945e-01 9.829999999999999849e-02 1.166999999999999982e-01 -1.532999999999999918e-01 9.080000000000000571e-02 -1.000000000000000048e-04 -2.239999999999998936e-02 3.060000000000000220e-02 2.558000000000000274e-01 -2.190000000000000280e-02 -4.140000000000000624e-02 2.660000000000000211e-02 1.485960999999999879e-02 9.662890000000000368e-03 1.361888999999999982e-02 2.350088999999999650e-02 8.244640000000000996e-03 1.000000000000000021e-08 5.017599999999995328e-04 9.363600000000001219e-04 6.543364000000001512e-02 4.796100000000001057e-04 1.713960000000000483e-03 7.075600000000000899e-04 1.497834500000000000e+06 1.607971125000000000e+06
1.000000000000000000e+00 -9.389999999999999736e-02 2.759999999999999953e-02 -1.771000000000000074e-01 -6.429999999999999605e-02 8.010000000000000453e-02 -3.490000000000000047e-02 2.799999999999999711e-02 -7.069999999999999896e-02 -2.938000000000000056e-01 8.899999999999999578e-02 -1.070000000000000118e-02 -3.479999999999999760e-02 8.817209999999998937e-03 7.617599999999999979e-04 3.136441000000000229e-02 4.134489999999999346e-03 6.416010000000000636e-03 1.218010000000000056e-03 7.839999999999998663e-04 4.998489999999999531e-03 8.631844000000001016e-02 7.920999999999999222e-03 1.144900000000000236e-04 1.211039999999999816e-03 1.497290000000000000e+06 1.605658125000000000e+06
1.000000000000000000e+00 -4.800000000000000100e-02 3.214000000000000190e-01 -1.418999999999999984e-01 -7.140000000000000513e-02 9.629999999999999671e-02 -1.199999999999999895e-03 4.589999999999999636e-02 2.938000000000000056e-01 3.520000000000000906e-02 -7.100000000000009082e-03 1.619999999999999218e-02 3.370000000000000079e-02 2.304000000000000058e-03 1.032979600000000081e-01 2.013560999999999823e-02 5.097960000000000338e-03 9.273689999999999364e-03 1.439999999999999765e-06 2.106809999999999759e-03 8.631844000000001016e-02 1.239040000000000714e-03 5.041000000000012891e-05 2.624399999999997438e-04 1.135689999999999963e-03 1.498091250000000000e+06 1.606147500000000000e+06
1.000000000000000000e+00 -1.106000000000000039e-01 1.418000000000000094e-01 -2.735000000000000209e-01 -7.699999999999999900e-02 2.752000000000000002e-01 -1.154000000000000026e-01 -6.260000000000000286e-02 -1.796000000000000096e-01 -1.316000000000000225e-01 -5.599999999999993872e-03 1.789000000000000035e-01 -1.141999999999999960e-01 1.223236000000000115e-02 2.010724000000000192e-02 7.480225000000001456e-02 5.929000000000000242e-03 7.573504000000000347e-02 1.331715999999999976e-02 3.918760000000000299e-03 3.225616000000000594e-02 1.731856000000000714e-02 3.135999999999993014e-05 3.200520999999999922e-02 1.304163999999999844e-02 1.502192000000000000e+06 1.605174625000000000e+06
1.000000000000000000e+00 -8.260000000000000675e-02 -3.869999999999999829e-02 -3.070999999999999841e-01 -1.115000000000000019e-01 3.327999999999999847e-01 -9.539999999999999869e-02 2.799999999999999711e-02 -1.804999999999999938e-01 -3.359999999999996323e-02 -3.450000000000000289e-02 5.759999999999998455e-02 2.000000000000000389e-02 6.822760000000001497e-03 1.497689999999999872e-03 9.431040999999998342e-02 1.243225000000000059e-02 1.107558399999999943e-01 9.101160000000000500e-03 7.839999999999998663e-04 3.258024999999999810e-02 1.128959999999997431e-03 1.190250000000000119e-03 3.317759999999998159e-03 4.000000000000001818e-04 1.500161375000000000e+06 1.603368750000000000e+06
1.000000000000000000e+00 -1.854000000000000092e-01 -1.460000000000000013e-02 5.179999999999999882e-02 -1.194000000000000061e-01 -3.320000000000000034e-02 5.999999999999999474e-04 -1.028000000000000025e-01 2.409999999999999643e-02 3.588999999999999968e-01 -7.900000000000004241e-03 -3.659999999999999920e-01 9.600000000000000200e-02 3.437316000000000676e-02 2.131599999999999988e-04 2.683239999999999931e-03 1.425636000000000091e-02 1.102239999999999991e-03 3.599999999999999414e-07 1.056784000000000022e-02 5.808099999999998550e-04 1.288092100000000073e-01 6.241000000000006146e-05 1.339559999999999917e-01 9.216000000000000233e-03 1.498982750000000000e+06 1.602944125000000000e+06
1.000000000000000000e+00 -1.386000000000000010e-01 -8.269999999999999574e-02 1.026999999999999996e-01 -1.259000000000000119e-01 -1.930000000000000118e-02 -2.999999999999999889e-02 4.680000000000000826e-02 -6.809999999999999387e-02 5.090000000000000080e-02 -6.500000000000005773e-03 1.389999999999999916e-02 -3.059999999999999873e-02 1.920996000000000162e-02 6.839289999999999606e-03 1.054728999999999910e-02 1.585081000000000337e-02 3.724900000000000606e-04 8.999999999999999754e-04 2.190240000000000849e-03 4.637609999999999476e-03 2.590810000000000248e-03 4.225000000000007829e-05 1.932099999999999746e-04 9.363599999999999051e-04 1.501561500000000000e+06 1.607245250000000000e+06
