1.000000000000000000e+00 -0.000000000000000000e+00 -0.000000000000000000e+00 -0.000000000000000000e+00 -0.000000000000000000e+00 0.000000000000000000e+00 0.000000000000000000e+00 0.000000000000000000e+00 0.000000000000000000e+00 0.000000000000000000e+00 0.000000000000000000e+00 0.000000000000000000e+00 0.000000000000000000e+00 0.000000000000000000e+00 0.000000000000000000e+00 0.000000000000000000e+00 0.000000000000000000e+00 0.000000000000000000e+00 0.000000000000000000e+00 0.000000000000000000e+00 0.000000000000000000e+00 0.000000000000000000e+00 0.000000000000000000e+00 0.000000000000000000e+00 0.000000000000000000e+00 2.212181250000000000e+06 2.473059000000000000e+06
1.000000000000000000e+00 -7.180000000000000271e-02 2.869999999999999982e-02 -1.125000000000000028e-01 1.799999999999999951e-03 8.820000000000000062e-02 1.190000000000000085e-02 -7.180000000000000271e-02 2.869999999999999982e-02 -1.125000000000000028e-01 1.799999999999999951e-03 8.820000000000000062e-02 1.190000000000000085e-02 5.155240000000000170e-03 8.236899999999999691e-04 1.265625000000000083e-02 3.239999999999999896e-06 7.779239999999999766e-03 1.416100000000000214e-04 5.155240000000000170e-03 8.236899999999999691e-04 1.265625000000000083e-02 3.239999999999999896e-06 7.779239999999999766e-03 1.416100000000000214e-04 2.213453750000000000e+06 2.472549250000000000e+06
1.000000000000000000e+00 -6.019999999999999657e-02 2.295999999999999985e-01 2.440000000000000155e-02 2.450000000000000094e-02 9.810000000000000664e-02 1.779999999999999985e-02 1.160000000000000614e-02 2.008999999999999952e-01 1.368999999999999939e-01 2.270000000000000143e-02 9.900000000000006017e-03 5.899999999999998995e-03 3.624039999999999380e-03 5.271615999999999802e-02 5.953600000000000732e-04 6.002500000000000890e-04 9.623610000000001191e-03 3.168399999999999819e-04 1.345600000000001482e-04 4.036080999999999697e-02 1.874160999999999883e-02 5.152900000000000622e-04 9.801000000000011363e-05 3.480999999999998689e-05 2.213132000000000000e+06 2.470951750000000000e+06
1.000000000000000000e+00 -4.769999999999999934e-02 2.368000000000000105e-01 1.990000000000000102e-02 4.070000000000000007e-02 9.710000000000000575e-02 5.120000000000000245e-02 1.249999999999999722e-02 7.200000000000011946e-03 -4.500000000000000527e-03 1.619999999999999912e-02 -1.000000000000000888e-03 3.339999999999999913e-02 2.275290000000000125e-03 5.607424000000000436e-02 3.960100000000000252e-04 1.656490000000000046e-03 9.428410000000001651e-03 2.621440000000000055e-03 1.562499999999999219e-04 5.184000000000017451e-05 2.025000000000000432e-05 2.624399999999999606e-04 1.000000000000001861e-06 1.115560000000000032e-03 2.214887250000000000e+06 2.470235250000000000e+06
1.000000000000000000e+00 -5.770000000000000129e-02 1.872000000000000053e-01 -7.599999999999999985e-03 2.390000000000000110e-02 6.700000000000000226e-03 4.420000000000000318e-02 -1.000000000000000194e-02 -4.960000000000000520e-02 -2.750000000000000014e-02 -1.679999999999999896e-02 -9.040000000000000813e-02 -6.999999999999999278e-03 3.329289999999999940e-03 3.504383999999999971e-02 5.776000000000000264e-05 5.712100000000000554e-04 4.489000000000000558e-05 1.953640000000000411e-03 1.000000000000000454e-04 2.460160000000000732e-03 7.562499999999999778e-04 2.822399999999999540e-04 8.172160000000001229e-03 4.899999999999999164e-05 2.213258000000000000e+06 2.467003250000000000e+06
1.000000000000000000e+00 -7.359999999999999876e-02 1.980000000000000093e-01 -2.800000000000000058e-02 1.880000000000000074e-02 7.939999999999999836e-02 4.220000000000000140e-02 -1.589999999999999747e-02 1.080000000000000404e-02 -2.040000000000000147e-02 -5.100000000000000366e-03 7.270000000000000073e-02 -2.000000000000001776e-03 5.416960000000000178e-03 3.920400000000000273e-02 7.840000000000000831e-04 3.534400000000000042e-04 6.304360000000000172e-03 1.780840000000000114e-03 2.528099999999999055e-04 1.166400000000000894e-04 4.161600000000000542e-04 2.601000000000000339e-05 5.285289999999999780e-03 4.000000000000007442e-06 2.211793000000000000e+06 2.464880250000000000e+06
1.000000000000000000e+00 -8.069999999999999396e-02 2.896000000000000241e-01 3.540000000000000091e-02 7.100000000000000408e-03 9.160000000000000087e-02 2.649999999999999925e-02 -7.099999999999995204e-03 9.160000000000001474e-02 6.339999999999999802e-02 -1.170000000000000033e-02 1.220000000000000251e-02 -1.570000000000000215e-02 6.512489999999999252e-03 8.386816000000001103e-02 1.253160000000000125e-03 5.041000000000000694e-05 8.390560000000000032e-03 7.022499999999999663e-04 5.040999999999993240e-05 8.390560000000003502e-03 4.019560000000000147e-03 1.368899999999999989e-04 1.488400000000000725e-04 2.464900000000000879e-04 2.211458500000000000e+06 2.463866500000000000e+06
1.000000000000000000e+00 -1.170000000000000068e-01 2.662999999999999812e-01 8.999999999999999320e-03 -2.340000000000000066e-02 1.640000000000000138e-02 -8.500000000000000611e-03 -3.630000000000001281e-02 -2.330000000000004290e-02 -2.639999999999999986e-02 -3.049999999999999933e-02 -7.520000000000000295e-02 -3.500000000000000333e-02 1.368900000000000151e-02 7.091568999999998957e-02 8.099999999999999019e-05 5.475599999999999955e-04 2.689600000000000541e-04 7.225000000000000790e-05 1.317690000000000918e-03 5.428900000000020341e-04 6.969599999999999407e-04 9.302499999999999788e-04 5.655040000000000067e-03 1.225000000000000177e-03 2.213961500000000000e+06 2.463194750000000000e+06
1.000000000000000000e+00 -1.585999999999999910e-01 1.534999999999999976e-01 1.409999999999999969e-02 -6.230000000000000121e-02 3.719999999999999696e-02 -4.510000000000000120e-02 -4.159999999999998421e-02 -1.127999999999999836e-01 5.100000000000000366e-03 -3.890000000000000402e-02 2.079999999999999558e-02 -3.660000000000000059e-02 2.515395999999999604e-02 2.356224999999999986e-02 1.988100000000000023e-04 3.881290000000000347e-03 1.383839999999999680e-03 2.034010000000000158e-03 1.730559999999998610e-03 1.272383999999999668e-02 2.601000000000000339e-05 1.513210000000000293e-03 4.326399999999998151e-04 1.339560000000000056e-03 2.217410750000000000e+06 2.464814500000000000e+06
1.000000000000000000e+00 -1.416999999999999926e-01 1.665000000000000091e-01 -1.370000000000000037e-02 -9.569999999999999341e-02 1.169000000000000039e-01 -6.790000000000000202e-02 1.689999999999999836e-02 1.300000000000001155e-02 -2.779999999999999832e-02 -3.339999999999999220e-02 7.970000000000000695e-02 -2.280000000000000082e-02 2.007888999999999854e-02 2.772225000000000383e-02 1.876900000000000139e-04 9.158489999999998299e-03 1.366561000000000164e-02 4.610410000000000549e-03 2.856099999999999438e-04 1.690000000000003132e-04 7.728399999999998986e-04 1.115559999999999382e-03 6.352090000000001208e-03 5.198400000000000373e-04 2.219392500000000000e+06 2.468318250000000000e+06
1.000000000000000000e+00 -2.200000000000000011e-01 2.371000000000000052e-01 1.710000000000000062e-02 -6.199999999999999956e-02 1.315999999999999948e-01 -6.629999999999999782e-02 -7.830000000000000848e-02 7.059999999999999609e-02 3.080000000000000099e-02 3.369999999999999385e-02 1.469999999999999085e-02 1.600000000000004197e-03 4.839999999999999858e-02 5.621641000000000138e-02 2.924100000000000006e-04 3.843999999999999761e-03 1.731856000000000020e-02 4.395689999999999840e-03 6.130890000000001686e-03 4.984359999999999312e-03 9.486400000000000518e-04 1.135689999999999530e-03 2.160899999999997285e-04 2.560000000000013606e-06 2.214260000000000000e+06 2.468130500000000000e+06
1.000000000000000000e+00 -2.550000000000000044e-01 2.597999999999999754e-01 -5.300000000000000024e-03 -1.254000000000000115e-01 5.500000000000000028e-02 -1.160000000000000059e-01 -3.500000000000000333e-02 2.269999999999997020e-02 -2.239999999999999977e-02 -6.340000000000001190e-02 -7.660000000000000142e-02 -4.970000000000000806e-02 6.502499999999999947e-02 6.749603999999999326e-02 2.809000000000000041e-05 1.572516000000000191e-02 3.024999999999999911e-03 1.345600000000000095e-02 1.225000000000000177e-03 5.152899999999986528e-04 5.017599999999999665e-04 4.019560000000001881e-03 5.867559999999999963e-03 2.470090000000000740e-03 2.216751500000000000e+06 2.470410500000000000e+06
1.000000000000000000e+00 -1.368000000000000049e-01 1.839999999999999969e-01 -1.469999999999999953e-02 -5.430000000000000104e-02 1.234999999999999987e-01 -2.769999999999999893e-02 1.181999999999999995e-01 -7.579999999999997851e-02 -9.399999999999998634e-03 7.110000000000001041e-02 6.850000000000000533e-02 8.830000000000000349e-02 1.871424000000000004e-02 3.385599999999999721e-02 2.160899999999999995e-04 2.948490000000000225e-03 1.525225000000000018e-02 7.672899999999998992e-04 1.397123999999999935e-02 5.745639999999997173e-03 8.835999999999997394e-05 5.055210000000001820e-03 4.692250000000001108e-03 7.796890000000000764e-03 2.215818000000000000e+06 2.466292500000000000e+06
1.000000000000000000e+00 2.790000000000000119e-02 1.048000000000000043e-01 -7.009999999999999565e-02 2.359999999999999945e-02 4.950000000000000233e-02 7.580000000000000626e-02 1.647000000000000131e-01 -7.919999999999999263e-02 -5.539999999999999786e-02 7.789999999999999702e-02 -7.399999999999999634e-02 1.035000000000000087e-01 7.784100000000001044e-04 1.098304000000000120e-02 4.914009999999999039e-03 5.569600000000000072e-04 2.450250000000000171e-03 5.745640000000000643e-03 2.712609000000000548e-02 6.272639999999998599e-03 3.069159999999999597e-03 6.068409999999999777e-03 5.475999999999999097e-03 1.071225000000000128e-02 2.216664750000000000e+06 2.467671250000000000e+06
1.000000000000000000e+00 3.640000000000000180e-02 1.787999999999999867e-01 2.700000000000000143e-03 1.490000000000000005e-02 -1.349999999999999985e-02 3.710000000000000103e-02 8.500000000000000611e-03 7.399999999999998246e-02 7.279999999999998972e-02 -8.699999999999999400e-03 -6.300000000000000044e-02 -3.870000000000000523e-02 1.324960000000000027e-03 3.196943999999999481e-02 7.290000000000000507e-06 2.220099999999999971e-04 1.822499999999999847e-04 1.376410000000000003e-03 7.225000000000000790e-05 5.475999999999997363e-03 5.299839999999998372e-03 7.568999999999998852e-05 3.969000000000000306e-03 1.497690000000000306e-03 2.216481750000000000e+06 2.463710250000000000e+06
1.000000000000000000e+00 -8.000000000000000167e-02 2.175999999999999879e-01 7.380000000000000449e-02 2.200000000000000133e-03 3.950000000000000039e-02 4.689999999999999725e-02 -1.164000000000000035e-01 3.880000000000000115e-02 7.110000000000001041e-02 -1.269999999999999948e-02 5.299999999999999850e-02 9.799999999999996214e-03 6.400000000000000307e-03 4.734975999999999768e-02 5.446440000000000309e-03 4.840000000000000247e-06 1.560250000000000005e-03 2.199609999999999847e-03 1.354896000000000052e-02 1.505440000000000033e-03 5.055210000000001820e-03 1.612899999999999957e-04 2.808999999999999865e-03 9.603999999999992751e-05 2.218934250000000000e+06 2.464544000000000000e+06
1.000000000000000000e+00 -9.299999999999999933e-02 2.063000000000000111e-01 -1.529999999999999936e-02 -2.369999999999999885e-02 -1.779999999999999985e-02 4.800000000000000100e-02 -1.299999999999999767e-02 -1.129999999999997673e-02 -8.909999999999999865e-02 -2.589999999999999941e-02 -5.730000000000000371e-02 1.100000000000003753e-03 8.649000000000000438e-03 4.255969000000000418e-02 2.340899999999999763e-04 5.616899999999999974e-04 3.168399999999999819e-04 2.304000000000000058e-03 1.689999999999999337e-04 1.276899999999994771e-04 7.938809999999999270e-03 6.708099999999999827e-04 3.283290000000000340e-03 1.210000000000008320e-06 2.217511750000000000e+06 2.463596250000000000e+06
1.000000000000000000e+00 -1.089999999999999997e-01 1.920999999999999930e-01 6.799999999999999621e-03 -3.889999999999999708e-02 7.099999999999999367e-02 6.679999999999999827e-02 -1.600000000000000033e-02 -1.420000000000001816e-02 2.209999999999999812e-02 -1.519999999999999823e-02 8.879999999999999005e-02 1.879999999999999727e-02 1.188099999999999920e-02 3.690240999999999660e-02 4.623999999999999774e-05 1.513209999999999859e-03 5.040999999999999474e-03 4.462240000000000130e-03 2.559999999999999884e-04 2.016400000000005157e-04 4.884099999999998859e-04 2.310399999999999563e-04 7.885439999999998770e-03 3.534399999999998957e-04 2.216151000000000000e+06 2.462615750000000000e+06
1.000000000000000000e+00 -1.213000000000000050e-01 2.109000000000000041e-01 -1.529999999999999936e-02 -5.510000000000000314e-02 5.770000000000000129e-02 5.419999999999999818e-02 -1.230000000000000537e-02 1.880000000000001115e-02 -2.209999999999999812e-02 -1.620000000000000606e-02 -1.329999999999999238e-02 -1.260000000000000009e-02 1.471369000000000149e-02 4.447881000000000057e-02 2.340899999999999763e-04 3.036010000000000444e-03 3.329289999999999940e-03 2.937639999999999609e-03 1.512900000000001321e-04 3.534400000000004378e-04 4.884099999999998859e-04 2.624400000000001775e-04 1.768899999999998056e-04 1.587600000000000046e-04 2.215962500000000000e+06 2.461331750000000000e+06
1.000000000000000000e+00 -1.199000000000000066e-01 2.810000000000000275e-01 -4.400000000000000265e-03 -6.519999999999999407e-02 7.140000000000000513e-02 1.389999999999999916e-02 1.399999999999998468e-03 7.010000000000002340e-02 1.089999999999999997e-02 -1.009999999999999093e-02 1.370000000000000384e-02 -4.030000000000000249e-02 1.437601000000000157e-02 7.896100000000001728e-02 1.936000000000000099e-05 4.251039999999999333e-03 5.097960000000000338e-03 1.932099999999999746e-04 1.959999999999995634e-06 4.914010000000003375e-03 1.188099999999999958e-04 1.020099999999998178e-04 1.876900000000000953e-04 1.624090000000000126e-03 2.215888500000000000e+06 2.460817000000000000e+06
1.000000000000000000e+00 -8.359999999999999376e-02 2.858999999999999875e-01 1.299999999999999940e-02 -2.730000000000000135e-02 4.290000000000000063e-02 1.170000000000000033e-02 3.630000000000001281e-02 4.899999999999959943e-03 1.739999999999999880e-02 3.789999999999998925e-02 -2.850000000000000450e-02 -2.199999999999998831e-03 6.988959999999998923e-03 8.173880999999999508e-02 1.689999999999999879e-04 7.452900000000001234e-04 1.840410000000000006e-03 1.368899999999999989e-04 1.317690000000000918e-03 2.400999999999960579e-05 3.027599999999999541e-04 1.436409999999999293e-03 8.122500000000002548e-04 4.839999999999995165e-06 2.216111750000000000e+06 2.460209500000000000e+06
1.000000000000000000e+00 -1.170000000000000068e-01 2.156000000000000139e-01 2.019999999999999921e-02 -6.600000000000000311e-02 6.809999999999999387e-02 2.149999999999999828e-02 -3.340000000000001301e-02 -7.029999999999997362e-02 7.199999999999999803e-03 -3.869999999999999829e-02 2.519999999999999324e-02 9.799999999999997949e-03 1.368900000000000151e-02 4.648336000000000828e-02 4.080399999999999761e-04 4.356000000000000497e-03 4.637609999999999476e-03 4.622499999999999331e-04 1.115560000000000900e-03 4.942089999999996208e-03 5.183999999999999833e-05 1.497689999999999872e-03 6.350399999999996933e-04 9.603999999999995462e-05 2.218444000000000000e+06 2.460207500000000000e+06
1.000000000000000000e+00 -1.421999999999999931e-01 1.859000000000000097e-01 -1.089999999999999997e-02 -1.050999999999999990e-01 1.156999999999999973e-01 2.800000000000000058e-02 -2.519999999999998630e-02 -2.970000000000000417e-02 -3.109999999999999917e-02 -3.909999999999999587e-02 4.760000000000000342e-02 6.500000000000002304e-03 2.022083999999999687e-02 3.455881000000000230e-02 1.188099999999999958e-04 1.104601000000000020e-02 1.338648999999999915e-02 7.840000000000000831e-04 6.350399999999992596e-04 8.820900000000001960e-04 9.672099999999999231e-04 1.528809999999999588e-03 2.265760000000000343e-03 4.225000000000003086e-05 2.215075000000000000e+06 2.460390000000000000e+06
1.000000000000000000e+00 -1.131999999999999951e-01 1.799999999999999933e-01 -3.320000000000000034e-02 -7.430000000000000493e-02 1.097999999999999948e-01 2.709999999999999909e-02 2.899999999999999800e-02 -5.900000000000016342e-03 -2.230000000000000038e-02 3.079999999999999405e-02 -5.900000000000002465e-03 -9.000000000000014932e-04 1.281423999999999931e-02 3.239999999999999825e-02 1.102239999999999991e-03 5.520490000000001160e-03 1.205603999999999877e-02 7.344099999999999023e-04 8.409999999999998423e-04 3.481000000000019018e-05 4.972900000000000584e-04 9.486399999999996181e-04 3.481000000000002755e-05 8.100000000000027268e-07 2.219650750000000000e+06 2.462167250000000000e+06
1.000000000000000000e+00 -1.622000000000000108e-01 1.912999999999999978e-01 -2.000000000000000042e-03 -1.213000000000000050e-01 1.137999999999999984e-01 2.500000000000000052e-03 -4.900000000000001577e-02 1.130000000000000449e-02 3.119999999999999857e-02 -4.700000000000000011e-02 4.000000000000003553e-03 -2.460000000000000034e-02 2.630884000000000347e-02 3.659569000000000016e-02 3.999999999999999819e-06 1.471369000000000149e-02 1.295043999999999883e-02 6.250000000000000300e-06 2.401000000000001657e-03 1.276900000000001005e-04 9.734399999999998956e-04 2.209000000000000026e-03 1.600000000000002977e-05 6.051599999999999861e-04 2.219592750000000000e+06 2.462084000000000000e+06
1.000000000000000000e+00 -1.776999999999999968e-01 1.758000000000000118e-01 -1.209999999999999964e-02 -7.380000000000000449e-02 7.820000000000000562e-02 1.500000000000000031e-03 -1.549999999999998601e-02 -1.549999999999998601e-02 -1.009999999999999960e-02 4.750000000000000056e-02 -3.559999999999999276e-02 -1.000000000000000021e-03 3.157729000000000091e-02 3.090564000000000505e-02 1.464100000000000026e-04 5.446440000000000309e-03 6.115240000000000953e-03 2.250000000000000057e-06 2.402499999999995785e-04 2.402499999999995785e-04 1.020099999999999940e-04 2.256250000000000009e-03 1.267359999999999494e-03 9.999999999999999547e-07 2.219032500000000000e+06 2.460681000000000000e+06
1.000000000000000000e+00 -7.639999999999999569e-02 1.652000000000000135e-01 -7.259999999999999787e-02 -1.068999999999999950e-01 -6.300000000000000044e-03 9.400000000000000369e-03 1.013000000000000012e-01 -1.059999999999999831e-02 -6.049999999999999822e-02 -3.309999999999999054e-02 -8.450000000000000566e-02 7.900000000000000772e-03 5.836959999999999545e-03 2.729104000000000599e-02 5.270759999999999335e-03 1.142760999999999950e-02 3.969000000000000116e-05 8.836000000000000104e-05 1.026169000000000039e-02 1.123599999999999610e-04 3.660249999999999875e-03 1.095609999999999466e-03 7.140250000000000763e-03 6.241000000000000724e-05 2.217921000000000000e+06 2.458002750000000000e+06
1.000000000000000000e+00 -1.136000000000000065e-01 1.330000000000000071e-01 -6.060000000000000109e-02 -6.329999999999999516e-02 7.599999999999999985e-03 1.159999999999999920e-02 -3.720000000000001084e-02 -3.220000000000000639e-02 1.199999999999999678e-02 4.359999999999999987e-02 1.389999999999999916e-02 2.199999999999998831e-03 1.290496000000000178e-02 1.768900000000000333e-02 3.672359999999999947e-03 4.006889999999999064e-03 5.776000000000000264e-05 1.345599999999999856e-04 1.383840000000000764e-03 1.036840000000000461e-03 1.439999999999999223e-04 1.900959999999999933e-03 1.932099999999999746e-04 4.839999999999995165e-06 2.219233500000000000e+06 2.457465750000000000e+06
1.000000000000000000e+00 -1.323999999999999899e-01 1.645000000000000073e-01 3.200000000000000067e-02 -8.480000000000000038e-02 3.479999999999999760e-02 1.569999999999999868e-02 -1.879999999999998339e-02 3.150000000000000022e-02 9.260000000000000175e-02 -2.150000000000000522e-02 2.719999999999999848e-02 4.099999999999999478e-03 1.752975999999999840e-02 2.706025000000000097e-02 1.023999999999999954e-03 7.191040000000000106e-03 1.211039999999999816e-03 2.464899999999999795e-04 3.534399999999993536e-04 9.922500000000000764e-04 8.574760000000000715e-03 4.622500000000002041e-04 7.398399999999999638e-04 1.680999999999999660e-05 2.219384750000000000e+06 2.458690750000000000e+06
1.000000000000000000e+00 -1.512999999999999901e-01 3.023000000000000131e-01 5.850000000000000339e-02 -5.349999999999999895e-02 4.080000000000000293e-02 2.869999999999999982e-02 -1.890000000000000013e-02 1.378000000000000058e-01 2.650000000000000272e-02 3.130000000000000143e-02 6.000000000000005329e-03 1.300000000000000114e-02 2.289168999999999579e-02 9.138529000000000790e-02 3.422250000000000379e-03 2.862249999999999777e-03 1.664640000000000217e-03 8.236899999999999691e-04 3.572100000000000036e-04 1.898883999999999989e-02 7.022500000000001831e-04 9.796900000000000747e-04 3.600000000000006190e-05 1.690000000000000421e-04 2.219991000000000000e+06 2.459500500000000000e+06
1.000000000000000000e+00 -7.230000000000000315e-02 1.995000000000000107e-01 4.120000000000000051e-02 -9.030000000000000526e-02 4.000000000000000083e-03 4.000000000000000083e-02 7.899999999999998690e-02 -1.028000000000000025e-01 -1.730000000000000288e-02 -3.680000000000000632e-02 -3.679999999999999938e-02 1.130000000000000102e-02 5.227290000000000755e-03 3.980025000000000229e-02 1.697440000000000147e-03 8.154090000000000990e-03 1.599999999999999928e-05 1.600000000000000077e-03 6.240999999999998285e-03 1.056784000000000022e-02 2.992900000000001245e-04 1.354240000000000478e-03 1.354240000000000044e-03 1.276900000000000192e-04 2.221545000000000000e+06 2.460138000000000000e+06
1.000000000000000000e+00 -8.459999999999999465e-02 2.227000000000000091e-01 -3.030000000000000054e-02 -5.059999999999999915e-02 3.200000000000000153e-03 3.889999999999999708e-02 -1.229999999999999150e-02 2.319999999999999840e-02 -7.150000000000000799e-02 3.970000000000000612e-02 -7.999999999999999299e-04 -1.100000000000003753e-03 7.157159999999999217e-03 4.959529000000000715e-02 9.180899999999999868e-04 2.560359999999999806e-03 1.024000000000000021e-05 1.513209999999999859e-03 1.512899999999997797e-04 5.382399999999999424e-04 5.112250000000001342e-03 1.576090000000000477e-03 6.399999999999999075e-07 1.210000000000008320e-06 2.219893750000000000e+06 2.460034500000000000e+06
1.000000000000000000e+00 -6.370000000000000662e-02 1.749999999999999889e-01 -4.050000000000000128e-02 -4.540000000000000285e-02 -1.640000000000000138e-02 4.789999999999999813e-02 2.089999999999998803e-02 -4.770000000000002016e-02 -1.020000000000000073e-02 5.199999999999996292e-03 -1.960000000000000284e-02 9.000000000000001055e-03 4.057690000000000949e-03 3.062499999999999598e-02 1.640249999999999998e-03 2.061160000000000249e-03 2.689600000000000541e-04 2.294409999999999766e-03 4.368099999999994990e-04 2.275290000000001860e-03 1.040400000000000135e-04 2.703999999999996134e-05 3.841600000000000895e-04 8.100000000000001730e-05 2.218849250000000000e+06 2.458458750000000000e+06
1.000000000000000000e+00 -7.330000000000000404e-02 2.147000000000000020e-01 -4.399999999999999745e-02 -4.809999999999999692e-02 -4.700000000000000185e-03 4.349999999999999700e-02 -9.599999999999997424e-03 3.970000000000001306e-02 -3.499999999999996170e-03 -2.699999999999994071e-03 1.170000000000000207e-02 -4.400000000000001132e-03 5.372890000000000825e-03 4.609608999999999929e-02 1.935999999999999787e-03 2.313609999999999799e-03 2.209000000000000026e-05 1.892249999999999835e-03 9.215999999999994433e-05 1.576090000000001127e-03 1.224999999999997250e-05 7.289999999999968319e-06 1.368900000000000531e-04 1.936000000000001115e-05 2.218810000000000000e+06 2.459758750000000000e+06
1.000000000000000000e+00 -7.199999999999999456e-02 2.454000000000000070e-01 1.069999999999999944e-02 -4.039999999999999841e-02 -2.100000000000000130e-02 3.769999999999999740e-02 1.300000000000009481e-03 3.070000000000000506e-02 5.469999999999999862e-02 7.699999999999998512e-03 -1.630000000000000199e-02 -5.799999999999999600e-03 5.183999999999999372e-03 6.022116000000000274e-02 1.144899999999999830e-04 1.632159999999999904e-03 4.410000000000000400e-04 1.421289999999999750e-03 1.690000000000024689e-06 9.424900000000003631e-04 2.992089999999999767e-03 5.928999999999997613e-05 2.656900000000000667e-04 3.363999999999999640e-05 2.220431500000000000e+06 2.457717250000000000e+06
1.000000000000000000e+00 -5.390000000000000346e-02 2.447000000000000008e-01 -3.729999999999999982e-02 -3.559999999999999970e-02 -4.399999999999999745e-02 4.089999999999999886e-02 1.809999999999999110e-02 -7.000000000000061728e-04 -4.800000000000000100e-02 4.799999999999998712e-03 -2.299999999999999614e-02 3.200000000000001454e-03 2.905210000000000518e-03 5.987809000000000187e-02 1.391289999999999888e-03 1.267359999999999928e-03 1.935999999999999787e-03 1.672809999999999835e-03 3.276099999999996636e-04 4.900000000000086493e-07 2.304000000000000058e-03 2.303999999999998608e-05 5.289999999999998479e-04 1.024000000000000868e-05 2.220603750000000000e+06 2.456843250000000000e+06
1.000000000000000000e+00 -4.809999999999999692e-02 2.088000000000000134e-01 -1.242000000000000048e-01 -3.599999999999999728e-02 -6.599999999999999964e-03 2.939999999999999905e-02 5.800000000000006539e-03 -3.589999999999998748e-02 -8.690000000000000502e-02 -3.999999999999975797e-04 3.739999999999999575e-02 -1.149999999999999981e-02 2.313609999999999799e-03 4.359744000000000813e-02 1.542564000000000088e-02 1.295999999999999843e-03 4.355999999999999629e-05 8.643599999999999981e-04 3.364000000000007772e-05 1.288809999999999175e-03 7.551610000000001134e-03 1.599999999999980711e-07 1.398759999999999760e-03 1.322499999999999891e-04 2.220669250000000000e+06 2.457910500000000000e+06
1.000000000000000000e+00 -9.349999999999999978e-02 2.753999999999999782e-01 -4.870000000000000023e-02 -6.360000000000000375e-02 1.420000000000000082e-02 1.099999999999999936e-02 -4.540000000000000285e-02 6.659999999999996478e-02 7.550000000000001155e-02 -2.760000000000000647e-02 2.079999999999999905e-02 -1.839999999999999969e-02 8.742250000000000021e-03 7.584515999999999480e-02 2.371690000000000083e-03 4.044960000000000222e-03 2.016400000000000278e-04 1.209999999999999867e-04 2.061160000000000249e-03 4.435559999999995513e-03 5.700250000000001323e-03 7.617600000000003231e-04 4.326399999999999777e-04 3.385600000000000111e-04 2.220192000000000000e+06 2.459267500000000000e+06
1.000000000000000000e+00 -7.799999999999999989e-02 2.323000000000000065e-01 2.110000000000000070e-02 -6.569999999999999452e-02 -1.519999999999999997e-02 1.430000000000000021e-02 1.549999999999999989e-02 -4.309999999999997167e-02 6.980000000000000093e-02 -2.099999999999990763e-03 -2.940000000000000252e-02 3.300000000000000849e-03 6.083999999999999998e-03 5.396329000000000403e-02 4.452100000000000285e-04 4.316489999999999216e-03 2.310400000000000106e-04 2.044900000000000157e-04 2.402499999999999851e-04 1.857609999999997605e-03 4.872040000000000225e-03 4.409999999999961165e-06 8.643600000000001065e-04 1.089000000000000585e-05 2.219552000000000000e+06 2.460250000000000000e+06
1.000000000000000000e+00 -8.379999999999999949e-02 1.557000000000000051e-01 -1.205999999999999989e-01 7.000000000000000146e-03 -1.710000000000000062e-02 3.799999999999999992e-03 -5.799999999999999600e-03 -7.660000000000000142e-02 -1.416999999999999926e-01 7.270000000000000073e-02 -1.900000000000000647e-03 -1.050000000000000065e-02 7.022439999999999585e-03 2.424249000000000195e-02 1.454435999999999923e-02 4.900000000000000519e-05 2.924100000000000006e-04 1.444000000000000066e-05 3.363999999999999640e-05 5.867559999999999963e-03 2.007888999999999854e-02 5.285289999999999780e-03 3.610000000000002282e-06 1.102500000000000100e-04 2.220017500000000000e+06 2.460946250000000000e+06
1.000000000000000000e+00 -8.730000000000000260e-02 3.393999999999999795e-01 8.429999999999999993e-02 -6.700000000000000226e-03 -1.600000000000000033e-02 1.050000000000000065e-02 -3.500000000000003109e-03 1.836999999999999744e-01 2.048999999999999988e-01 -1.370000000000000037e-02 1.100000000000000283e-03 6.700000000000001094e-03 7.621290000000000182e-03 1.151923599999999798e-01 7.106490000000000029e-03 4.489000000000000558e-05 2.559999999999999884e-04 1.102500000000000100e-04 1.225000000000002163e-05 3.374568999999998792e-02 4.198401000000000216e-02 1.876900000000000139e-04 1.210000000000000697e-06 4.489000000000001236e-05 2.220903250000000000e+06 2.461712750000000000e+06
1.000000000000000000e+00 -7.349999999999999589e-02 2.242000000000000104e-01 1.949999999999999997e-02 -2.469999999999999973e-02 -6.500000000000000222e-02 2.580000000000000002e-02 1.380000000000000671e-02 -1.151999999999999691e-01 -6.479999999999999649e-02 -1.799999999999999864e-02 -4.900000000000000189e-02 1.529999999999999936e-02 5.402249999999999067e-03 5.026564000000000726e-02 3.802499999999999999e-04 6.100899999999999813e-04 4.225000000000000457e-03 6.656400000000000034e-04 1.904400000000001892e-04 1.327103999999999263e-02 4.199039999999999370e-03 3.239999999999999608e-04 2.401000000000000356e-03 2.340899999999999763e-04 2.220631000000000000e+06 2.462024000000000000e+06
1.000000000000000000e+00 -7.549999999999999767e-02 1.398999999999999966e-01 -1.322000000000000119e-01 -3.409999999999999837e-02 -4.120000000000000051e-02 2.350000000000000006e-02 -2.000000000000001776e-03 -8.430000000000001381e-02 -1.517000000000000015e-01 -9.399999999999998634e-03 2.380000000000000171e-02 -2.299999999999999961e-03 5.700249999999999588e-03 1.957200999999999733e-02 1.747684000000000390e-02 1.162809999999999799e-03 1.697440000000000147e-03 5.522500000000000065e-04 4.000000000000007442e-06 7.106490000000002631e-03 2.301289000000000112e-02 8.835999999999997394e-05 5.664400000000000858e-04 5.290000000000000174e-06 2.221630500000000000e+06 2.466063000000000000e+06
1.000000000000000000e+00 -7.670000000000000429e-02 2.702999999999999847e-01 5.240000000000000213e-02 -3.379999999999999671e-02 -8.899999999999999925e-03 4.000000000000000083e-03 -1.200000000000006617e-03 1.303999999999999881e-01 1.846000000000000141e-01 3.000000000000016542e-04 3.230000000000000232e-02 -1.949999999999999997e-02 5.882890000000000862e-03 7.306208999999999620e-02 2.745760000000000301e-03 1.142439999999999775e-03 7.920999999999999547e-05 1.599999999999999928e-05 1.440000000000015859e-06 1.700415999999999733e-02 3.407716000000000217e-02 9.000000000000099119e-08 1.043290000000000103e-03 3.802499999999999999e-04 2.223325500000000000e+06 2.464759750000000000e+06
1.000000000000000000e+00 -6.619999999999999496e-02 2.099999999999999922e-01 1.209999999999999964e-02 -9.349999999999999978e-02 -2.842000000000000082e-01 3.289999999999999869e-02 1.050000000000000933e-02 -6.029999999999999249e-02 -4.030000000000000249e-02 -5.970000000000000306e-02 -2.752999999999999892e-01 2.889999999999999861e-02 4.382439999999999600e-03 4.409999999999999337e-02 1.464100000000000026e-04 8.742250000000000021e-03 8.076964000000000365e-02 1.082410000000000013e-03 1.102500000000001997e-04 3.636089999999998941e-03 1.624090000000000126e-03 3.564090000000000227e-03 7.579008999999999052e-02 8.352099999999999672e-04 2.221834000000000000e+06 2.461631750000000000e+06
1.000000000000000000e+00 -9.650000000000000244e-02 1.698999999999999955e-01 -5.149999999999999717e-02 -1.353999999999999926e-01 -1.948999999999999899e-01 1.039999999999999952e-02 -3.030000000000000748e-02 -4.009999999999999676e-02 -6.359999999999998987e-02 -4.189999999999999281e-02 8.930000000000001825e-02 -2.249999999999999917e-02 9.312250000000001082e-03 2.886600999999999750e-02 2.652249999999999660e-03 1.833315999999999765e-02 3.798600999999999367e-02 1.081599999999999944e-04 9.180900000000004205e-04 1.608009999999999778e-03 4.044959999999998487e-03 1.755609999999999463e-03 7.974490000000002479e-03 5.062499999999999726e-04 2.221555250000000000e+06 2.461119000000000000e+06
1.000000000000000000e+00 -1.146999999999999964e-01 3.444999999999999729e-01 9.600000000000000200e-02 -3.919999999999999873e-02 -7.530000000000000582e-02 1.299999999999999940e-03 -1.819999999999999396e-02 1.745999999999999774e-01 1.474999999999999922e-01 9.619999999999999385e-02 1.195999999999999841e-01 -9.100000000000000450e-03 1.315608999999999876e-02 1.186802499999999871e-01 9.216000000000000233e-03 1.536639999999999924e-03 5.670090000000000893e-03 1.689999999999999913e-06 3.312399999999997898e-04 3.048515999999999379e-02 2.175624999999999781e-02 9.254439999999999195e-03 1.430415999999999632e-02 8.281000000000000166e-05 2.219886750000000000e+06 2.458005250000000000e+06
1.000000000000000000e+00 -1.310999999999999943e-01 2.685000000000000164e-01 -4.700000000000000185e-03 -5.619999999999999996e-02 -1.393000000000000071e-01 -2.249999999999999917e-02 -1.639999999999999791e-02 -7.599999999999995648e-02 -1.006999999999999978e-01 -1.700000000000000122e-02 -6.400000000000000133e-02 -2.379999999999999824e-02 1.718720999999999791e-02 7.209225000000001049e-02 2.209000000000000026e-05 3.158440000000000206e-03 1.940449000000000340e-02 5.062499999999999726e-04 2.689599999999999456e-04 5.775999999999993813e-03 1.014049000000000027e-02 2.890000000000000316e-04 4.095999999999999815e-03 5.664399999999998690e-04 2.222169250000000000e+06 2.456359500000000000e+06
1.000000000000000000e+00 -1.617000000000000104e-01 2.187000000000000055e-01 -1.009999999999999960e-02 -9.560000000000000442e-02 -1.282999999999999974e-01 -5.480000000000000149e-02 -3.060000000000001608e-02 -4.980000000000001092e-02 -5.399999999999999419e-03 -3.940000000000000446e-02 1.100000000000000977e-02 -3.230000000000000232e-02 2.614689000000000249e-02 4.782969000000000109e-02 1.020099999999999940e-04 9.139360000000000886e-03 1.646088999999999886e-02 3.003040000000000223e-03 9.363600000000009893e-04 2.480040000000001063e-03 2.915999999999999525e-05 1.552360000000000458e-03 1.210000000000002171e-04 1.043290000000000103e-03 2.221240250000000000e+06 2.458221000000000000e+06
1.000000000000000000e+00 -8.469999999999999751e-02 3.083000000000000185e-01 6.869999999999999718e-02 -5.240000000000000213e-02 -6.600000000000000311e-02 -3.160000000000000309e-02 7.700000000000001288e-02 8.960000000000001297e-02 7.879999999999999505e-02 4.320000000000000229e-02 6.229999999999999427e-02 2.319999999999999840e-02 7.174089999999999287e-03 9.504889000000001087e-02 4.719689999999999476e-03 2.745760000000000301e-03 4.356000000000000497e-03 9.985600000000001159e-04 5.929000000000001977e-03 8.028160000000002933e-03 6.209439999999999231e-03 1.866240000000000130e-03 3.881289999999999480e-03 5.382399999999999424e-04 2.220426750000000000e+06 2.459763500000000000e+06
1.000000000000000000e+00 -9.859999999999999321e-02 2.711000000000000076e-01 -5.199999999999999761e-03 -5.770000000000000129e-02 -5.729999999999999677e-02 2.799999999999999972e-03 -1.389999999999999569e-02 -3.720000000000001084e-02 -7.389999999999999347e-02 -5.299999999999999156e-03 8.700000000000006339e-03 3.440000000000000002e-02 9.721959999999998242e-03 7.349521000000000526e-02 2.703999999999999861e-05 3.329289999999999940e-03 3.283289999999999473e-03 7.839999999999999476e-06 1.932099999999998933e-04 1.383840000000000764e-03 5.461209999999999329e-03 2.808999999999999025e-05 7.569000000000011049e-05 1.183360000000000054e-03 2.220835750000000000e+06 2.460846250000000000e+06
1.000000000000000000e+00 -9.979999999999999982e-02 2.285999999999999976e-01 -1.005000000000000060e-01 -3.440000000000000002e-02 -1.092999999999999944e-01 -3.880000000000000115e-02 -1.200000000000006617e-03 -4.250000000000000999e-02 -9.530000000000000970e-02 2.330000000000000127e-02 -5.199999999999999761e-02 -4.159999999999999809e-02 9.960039999999999866e-03 5.225795999999999913e-02 1.010025000000000159e-02 1.183360000000000054e-03 1.194648999999999885e-02 1.505440000000000033e-03 1.440000000000015859e-06 1.806250000000000780e-03 9.082090000000000996e-03 5.428900000000000826e-04 2.703999999999999806e-03 1.730559999999999911e-03 2.219043000000000000e+06 2.462493500000000000e+06
1.000000000000000000e+00 -8.429999999999999993e-02 2.862000000000000099e-01 3.509999999999999926e-02 -5.460000000000000270e-02 -2.195999999999999897e-01 2.900000000000000147e-02 1.549999999999999989e-02 5.760000000000001230e-02 1.355999999999999983e-01 -2.020000000000000268e-02 -1.102999999999999953e-01 6.779999999999999916e-02 7.106490000000000029e-03 8.191044000000000103e-02 1.232009999999999963e-03 2.981160000000000494e-03 4.822415999999999509e-02 8.410000000000000591e-04 2.402499999999999851e-04 3.317760000000001628e-03 1.838735999999999843e-02 4.080400000000000845e-04 1.216608999999999920e-02 4.596839999999999607e-03 2.218186000000000000e+06 2.461225250000000000e+06
1.000000000000000000e+00 -1.189999999999999947e-01 3.064999999999999947e-01 -2.170000000000000054e-02 -1.082000000000000045e-01 -3.947999999999999843e-01 -1.110000000000000049e-02 -3.469999999999999474e-02 2.029999999999998472e-02 -5.680000000000000326e-02 -5.360000000000000181e-02 -1.751999999999999946e-01 -4.010000000000000370e-02 1.416099999999999824e-02 9.394224999999999104e-02 4.708900000000000130e-04 1.170724000000000070e-02 1.558670399999999845e-01 1.232100000000000079e-04 1.204089999999999674e-03 4.120899999999993969e-04 3.226240000000000444e-03 2.872960000000000357e-03 3.069503999999999982e-02 1.608010000000000212e-03 2.215724750000000000e+06 2.458227500000000000e+06
1.000000000000000000e+00 -7.489999999999999436e-02 2.184999999999999998e-01 -1.265999999999999903e-01 -3.590000000000000135e-02 -2.696999999999999953e-01 -4.320000000000000229e-02 4.410000000000000031e-02 -8.799999999999999489e-02 -1.048999999999999932e-01 7.230000000000000315e-02 1.250999999999999890e-01 -3.210000000000000353e-02 5.610009999999999476e-03 4.774224999999999997e-02 1.602755999999999625e-02 1.288810000000000042e-03 7.273808999999999136e-02 1.866240000000000130e-03 1.944809999999999942e-03 7.743999999999999148e-03 1.100400999999999810e-02 5.227290000000000755e-03 1.565000999999999892e-02 1.030410000000000267e-03 2.218087750000000000e+06 2.465215000000000000e+06
1.000000000000000000e+00 -1.393999999999999961e-01 3.830000000000000071e-01 4.739999999999999769e-02 -7.049999999999999323e-02 -5.729999999999999677e-02 -8.569999999999999840e-02 -6.450000000000000178e-02 1.645000000000000073e-01 1.739999999999999880e-01 -3.459999999999999187e-02 2.124000000000000055e-01 -4.249999999999999611e-02 1.943235999999999922e-02 1.466890000000000138e-01 2.246759999999999990e-03 4.970249999999998974e-03 3.283289999999999473e-03 7.344489999999999526e-03 4.160249999999999886e-03 2.706025000000000097e-02 3.027599999999999736e-02 1.197159999999999414e-03 4.511376000000000275e-02 1.806249999999999696e-03 2.217036250000000000e+06 2.464906500000000000e+06
1.000000000000000000e+00 -2.215000000000000024e-01 3.841999999999999860e-01 1.880000000000000004e-01 -1.487999999999999878e-01 -7.380000000000000449e-02 -5.729999999999999677e-02 -8.210000000000000631e-02 1.199999999999978861e-03 1.406000000000000028e-01 -7.829999999999999460e-02 -1.650000000000000772e-02 2.840000000000000163e-02 4.906225000000000169e-02 1.476096399999999864e-01 3.534400000000000042e-02 2.214143999999999488e-02 5.446440000000000309e-03 3.283289999999999473e-03 6.740410000000001366e-03 1.439999999999949367e-06 1.976836000000000218e-02 6.130889999999999083e-03 2.722500000000002479e-04 8.065600000000001111e-04 2.220534750000000000e+06 2.470027000000000000e+06
1.000000000000000000e+00 -4.700000000000000011e-02 1.373000000000000054e-01 -9.679999999999999716e-02 -8.399999999999999481e-03 -1.095000000000000001e-01 -4.070000000000000007e-02 1.744999999999999885e-01 -2.468999999999999806e-01 -2.847999999999999976e-01 1.403999999999999970e-01 -3.569999999999999563e-02 1.659999999999999670e-02 2.209000000000000026e-03 1.885129000000000318e-02 9.370240000000000166e-03 7.055999999999998851e-05 1.199024999999999917e-02 1.656490000000000046e-03 3.045024999999999468e-02 6.095960999999999047e-02 8.111103999999999536e-02 1.971215999999999940e-02 1.274489999999999651e-03 2.755599999999998892e-04 2.215189500000000000e+06 2.462355500000000000e+06
1.000000000000000000e+00 -6.959999999999999520e-02 1.635999999999999954e-01 -9.710000000000000575e-02 -1.280000000000000061e-02 1.149999999999999981e-02 -7.799999999999999642e-03 -2.259999999999999509e-02 2.629999999999999005e-02 -3.000000000000085931e-04 -4.400000000000001132e-03 1.209999999999999964e-01 3.289999999999999869e-02 4.844159999999999265e-03 2.676495999999999736e-02 9.428410000000001651e-03 1.638400000000000034e-04 1.322499999999999891e-04 6.083999999999999348e-05 5.107599999999997515e-04 6.916899999999994711e-04 9.000000000000516018e-08 1.936000000000001115e-05 1.464099999999999950e-02 1.082410000000000013e-03 2.216756750000000000e+06 2.466277250000000000e+06
1.000000000000000000e+00 -5.639999999999999875e-02 2.631999999999999895e-01 9.170000000000000373e-02 -1.340000000000000045e-02 -5.530000000000000193e-02 -3.799999999999999992e-03 1.319999999999999646e-02 9.959999999999999409e-02 1.888000000000000234e-01 -5.999999999999998390e-04 -6.679999999999999827e-02 4.000000000000000083e-03 3.180960000000000037e-03 6.927424000000000082e-02 8.408890000000000461e-03 1.795600000000000223e-04 3.058090000000000287e-03 1.444000000000000066e-05 1.742399999999999039e-04 9.920159999999999048e-03 3.564544000000000740e-02 3.599999999999997825e-07 4.462240000000000130e-03 1.599999999999999928e-05 2.214808750000000000e+06 2.459745250000000000e+06
1.000000000000000000e+00 -5.319999999999999729e-02 1.844999999999999973e-01 5.170000000000000290e-02 -1.389999999999999916e-02 -1.550999999999999879e-01 3.150000000000000022e-02 3.200000000000001454e-03 -7.869999999999999218e-02 -4.000000000000000083e-02 -4.999999999999987094e-04 -9.979999999999998594e-02 3.529999999999999805e-02 2.830239999999999926e-03 3.404025000000000106e-02 2.672890000000000248e-03 1.932099999999999746e-04 2.405600999999999573e-02 9.922500000000000764e-04 1.024000000000000868e-05 6.193689999999999092e-03 1.600000000000000077e-03 2.499999999999987181e-07 9.960039999999996396e-03 1.246089999999999828e-03 2.214790500000000000e+06 2.459018250000000000e+06
1.000000000000000000e+00 -9.100000000000000450e-03 2.093000000000000138e-01 -1.333000000000000018e-01 1.799999999999999864e-02 -1.233999999999999958e-01 3.950000000000000039e-02 4.410000000000000031e-02 2.480000000000001648e-02 -1.849999999999999978e-01 3.189999999999999780e-02 3.169999999999999207e-02 8.000000000000000167e-03 8.281000000000000166e-05 4.380649000000000348e-02 1.776888999999999899e-02 3.239999999999999608e-04 1.522755999999999936e-02 1.560250000000000005e-03 1.944809999999999942e-03 6.150400000000008334e-04 3.422499999999999848e-02 1.017609999999999956e-03 1.004889999999999603e-03 6.399999999999999710e-05 2.212790250000000000e+06 2.458962500000000000e+06
1.000000000000000000e+00 -7.400000000000000328e-03 2.967000000000000193e-01 -9.260000000000000175e-02 1.420000000000000082e-02 -7.810000000000000275e-02 9.499999999999999764e-03 1.700000000000000122e-03 8.740000000000000546e-02 4.070000000000000007e-02 -3.799999999999997824e-03 4.529999999999999305e-02 -2.999999999999999889e-02 5.476000000000000426e-05 8.803089000000001441e-02 8.574760000000000715e-03 2.016400000000000278e-04 6.099610000000000101e-03 9.024999999999999819e-05 2.890000000000000282e-06 7.638760000000001382e-03 1.656490000000000046e-03 1.443999999999998372e-05 2.052089999999999470e-03 8.999999999999999754e-04 2.211478750000000000e+06 2.458610000000000000e+06
1.000000000000000000e+00 -4.479999999999999954e-02 3.204000000000000181e-01 -4.290000000000000063e-02 5.070000000000000201e-02 -1.292999999999999983e-01 -2.829999999999999877e-02 -3.740000000000000269e-02 2.369999999999999885e-02 4.970000000000000112e-02 3.650000000000000466e-02 -5.119999999999999551e-02 -3.780000000000000027e-02 2.007039999999999866e-03 1.026561600000000102e-01 1.840410000000000006e-03 2.570490000000000361e-03 1.671848999999999905e-02 8.008899999999999570e-04 1.398760000000000194e-03 5.616899999999999974e-04 2.470090000000000306e-03 1.332250000000000318e-03 2.621439999999999621e-03 1.428840000000000015e-03 2.216363000000000000e+06 2.464833000000000000e+06
1.000000000000000000e+00 -5.099999999999999672e-02 2.258000000000000007e-01 -8.909999999999999865e-02 4.209999999999999853e-02 -7.400000000000000328e-03 -2.429999999999999868e-02 -6.199999999999997180e-03 -9.460000000000001741e-02 -4.619999999999999801e-02 -8.600000000000003475e-03 1.218999999999999945e-01 4.000000000000000083e-03 2.600999999999999580e-03 5.098563999999999874e-02 7.938809999999999270e-03 1.772409999999999871e-03 5.476000000000000426e-05 5.904899999999999385e-04 3.843999999999996400e-05 8.949160000000002876e-03 2.134439999999999601e-03 7.396000000000005760e-05 1.485960999999999879e-02 1.599999999999999928e-05 2.216169750000000000e+06 2.464480000000000000e+06
1.000000000000000000e+00 -5.970000000000000306e-02 3.400000000000000244e-01 1.399999999999999986e-03 -3.849999999999999950e-02 6.840000000000000246e-02 -2.170000000000000054e-02 -8.700000000000006339e-03 1.142000000000000237e-01 9.049999999999999711e-02 -8.060000000000000497e-02 7.580000000000000626e-02 2.599999999999998146e-03 3.564090000000000227e-03 1.156000000000000222e-01 1.959999999999999869e-06 1.482250000000000061e-03 4.678560000000000010e-03 4.708900000000000130e-04 7.569000000000011049e-05 1.304164000000000538e-02 8.190249999999999614e-03 6.496360000000000502e-03 5.745640000000000643e-03 6.759999999999990334e-06 2.215999500000000000e+06 2.464515500000000000e+06
1.000000000000000000e+00 -1.059999999999999970e-01 3.341999999999999971e-01 1.458000000000000129e-01 -2.019999999999999921e-02 1.700000000000000122e-02 -4.109999999999999765e-02 -4.629999999999999394e-02 -5.800000000000027356e-03 1.444000000000000006e-01 1.830000000000000029e-02 -5.140000000000000124e-02 -1.939999999999999711e-02 1.123599999999999946e-02 1.116896399999999928e-01 2.125764000000000473e-02 4.080399999999999761e-04 2.890000000000000316e-04 1.689209999999999800e-03 2.143689999999999311e-03 3.364000000000031489e-05 2.085135999999999934e-02 3.348900000000000141e-04 2.641960000000000055e-03 3.763599999999998999e-04 2.214331000000000000e+06 2.462767500000000000e+06
1.000000000000000000e+00 -1.122999999999999970e-01 1.806000000000000105e-01 4.959999999999999826e-02 -9.450000000000000067e-02 2.910000000000000087e-02 -3.620000000000000301e-02 -6.300000000000000044e-03 -1.535999999999999865e-01 -9.620000000000000773e-02 -7.430000000000000493e-02 1.209999999999999964e-02 4.899999999999994638e-03 1.261128999999999896e-02 3.261636000000000396e-02 2.460159999999999864e-03 8.930250000000000687e-03 8.468100000000000323e-04 1.310440000000000172e-03 3.969000000000000116e-05 2.359295999999999616e-02 9.254440000000000929e-03 5.520490000000001160e-03 1.464100000000000026e-04 2.400999999999994800e-05 2.218081750000000000e+06 2.466889000000000000e+06
1.000000000000000000e+00 -2.000000000000000111e-01 1.850999999999999868e-01 -4.490000000000000241e-02 -1.355000000000000093e-01 -3.700000000000000164e-03 -4.139999999999999930e-02 -8.770000000000001406e-02 4.499999999999976241e-03 -9.450000000000000067e-02 -4.100000000000000866e-02 -3.280000000000000276e-02 -5.199999999999996292e-03 4.000000000000000777e-02 3.426200999999999552e-02 2.016010000000000371e-03 1.836025000000000157e-02 1.369000000000000106e-05 1.713960000000000049e-03 7.691290000000002534e-03 2.024999999999978748e-05 8.930250000000000687e-03 1.681000000000000636e-03 1.075840000000000216e-03 2.703999999999996134e-05 2.216101500000000000e+06 2.464923250000000000e+06
1.000000000000000000e+00 -2.554000000000000159e-01 1.559999999999999998e-01 -1.044000000000000067e-01 -2.109999999999999931e-01 -8.600000000000000006e-03 -1.285000000000000031e-01 -5.540000000000000480e-02 -2.909999999999998699e-02 -5.950000000000000427e-02 -7.549999999999998379e-02 -4.899999999999999842e-03 -8.710000000000001075e-02 6.522916000000000825e-02 2.433599999999999999e-02 1.089936000000000203e-02 4.452099999999999808e-02 7.396000000000000339e-05 1.651224999999999915e-02 3.069160000000000464e-03 8.468099999999992734e-04 3.540250000000000428e-03 5.700249999999997853e-03 2.400999999999999882e-05 7.586410000000001763e-03 2.221382500000000000e+06 2.474046500000000000e+06
1.000000000000000000e+00 -3.501000000000000223e-01 2.696000000000000063e-01 1.770000000000000046e-02 -3.109000000000000097e-01 -5.099999999999999672e-02 -2.154999999999999971e-01 -9.470000000000000639e-02 1.136000000000000065e-01 1.221000000000000141e-01 -9.990000000000001656e-02 -4.239999999999999325e-02 -8.699999999999999400e-02 1.225700100000000209e-01 7.268415999999999766e-02 3.132900000000000311e-04 9.665881000000001166e-02 2.600999999999999580e-03 4.644024999999999542e-02 8.968090000000001477e-03 1.290496000000000178e-02 1.490841000000000388e-02 9.980010000000002698e-03 1.797759999999999376e-03 7.568999999999999340e-03 2.220193250000000000e+06 2.469966250000000000e+06
1.000000000000000000e+00 -4.925999999999999823e-01 2.622999999999999776e-01 6.199999999999999782e-03 -5.053999999999999604e-01 -2.089999999999999913e-01 -3.290000000000000147e-01 -1.424999999999999600e-01 -7.300000000000028688e-03 -1.149999999999999981e-02 -1.944999999999999507e-01 -1.580000000000000016e-01 -1.135000000000000175e-01 2.426547599999999694e-01 6.880128999999998718e-02 3.843999999999999788e-05 2.554291599999999329e-01 4.368099999999999761e-02 1.082410000000000039e-01 2.030624999999998750e-02 5.329000000000041982e-05 1.322499999999999891e-04 3.783024999999998195e-02 2.496400000000000008e-02 1.288225000000000481e-02 2.220987000000000000e+06 2.472841500000000000e+06
1.000000000000000000e+00 -4.245999999999999774e-01 2.227000000000000091e-01 -1.632000000000000117e-01 -3.718000000000000194e-01 -1.864999999999999991e-01 -3.009000000000000008e-01 6.800000000000000488e-02 -3.959999999999996856e-02 -1.694000000000000228e-01 1.335999999999999410e-01 2.249999999999999223e-02 2.810000000000001386e-02 1.802851599999999721e-01 4.959529000000000715e-02 2.663424000000000347e-02 1.382352400000000092e-01 3.478225000000000067e-02 9.054080999999999935e-02 4.624000000000000506e-03 1.568159999999997481e-03 2.869636000000000756e-02 1.784895999999998317e-02 5.062499999999996473e-04 7.896100000000008104e-04 2.219181000000000000e+06 2.470034000000000000e+06
1.000000000000000000e+00 -3.482999999999999985e-01 3.444999999999999729e-01 5.990000000000000185e-02 -1.792999999999999872e-01 -1.077000000000000041e-01 -3.076999999999999735e-01 7.629999999999997895e-02 1.217999999999999639e-01 2.231000000000000205e-01 1.925000000000000322e-01 7.879999999999999505e-02 -6.799999999999972733e-03 1.213128899999999927e-01 1.186802499999999871e-01 3.588010000000000418e-03 3.214848999999999485e-02 1.159929000000000168e-02 9.467928999999998541e-02 5.821689999999996555e-03 1.483523999999999086e-02 4.977361000000000979e-02 3.705625000000001279e-02 6.209439999999999231e-03 4.623999999999963182e-05 2.215871250000000000e+06 2.463566750000000000e+06
1.000000000000000000e+00 -2.526999999999999802e-01 3.386000000000000121e-01 7.729999999999999372e-02 -8.770000000000000018e-02 -1.693999999999999950e-01 -1.913999999999999868e-01 9.560000000000001830e-02 -5.899999999999960831e-03 1.739999999999999186e-02 9.159999999999998699e-02 -6.169999999999999096e-02 1.162999999999999867e-01 6.385728999999998323e-02 1.146499600000000091e-01 5.975289999999999421e-03 7.691289999999999932e-03 2.869635999999999715e-02 3.663395999999999320e-02 9.139360000000004355e-03 3.480999999999953966e-05 3.027599999999997372e-04 8.390559999999998297e-03 3.806889999999998973e-03 1.352568999999999647e-02 2.216780500000000000e+06 2.465073250000000000e+06
1.000000000000000000e+00 -8.010000000000000453e-02 2.126000000000000112e-01 -1.280000000000000027e-01 9.310000000000000220e-02 -1.165000000000000063e-01 -9.629999999999999671e-02 1.725999999999999757e-01 -1.260000000000000009e-01 -2.052999999999999825e-01 1.808000000000000163e-01 5.289999999999998870e-02 9.509999999999999010e-02 6.416010000000000636e-03 4.519876000000000449e-02 1.638399999999999926e-02 8.667610000000000939e-03 1.357225000000000098e-02 9.273689999999999364e-03 2.979075999999999252e-02 1.587600000000000122e-02 4.214808999999999223e-02 3.268864000000000491e-02 2.798409999999999006e-03 9.044009999999998162e-03 2.215790750000000000e+06 2.461665250000000000e+06
1.000000000000000000e+00 6.499999999999999702e-03 3.196999999999999842e-01 -3.700000000000000164e-03 7.280000000000000360e-02 -8.540000000000000369e-02 -3.649999999999999772e-02 8.660000000000001030e-02 1.070999999999999730e-01 1.243000000000000077e-01 -2.029999999999999860e-02 3.110000000000000264e-02 5.979999999999999899e-02 4.224999999999999698e-05 1.022080899999999876e-01 1.369000000000000106e-05 5.299840000000000106e-03 7.293160000000000788e-03 1.332249999999999884e-03 7.499560000000001468e-03 1.147040999999999339e-02 1.545049000000000249e-02 4.120899999999999390e-04 9.672100000000001399e-04 3.576039999999999948e-03 2.217355750000000000e+06 2.462762500000000000e+06
1.000000000000000000e+00 -3.810000000000000192e-02 3.721999999999999753e-01 1.731999999999999929e-01 -4.979999999999999705e-02 -2.790000000000000119e-02 -1.540000000000000049e-02 -4.460000000000000075e-02 5.249999999999999112e-02 1.769000000000000017e-01 -1.226000000000000006e-01 5.750000000000000250e-02 2.109999999999999723e-02 1.451610000000000096e-03 1.385328399999999904e-01 2.999823999999999893e-02 2.480039999999999762e-03 7.784100000000001044e-04 2.371600000000000129e-04 1.989160000000000234e-03 2.756249999999999152e-03 3.129360999999999948e-02 1.503076000000000065e-02 3.306250000000000161e-03 4.452099999999998658e-04 2.215628000000000000e+06 2.464702000000000000e+06
1.000000000000000000e+00 7.489999999999999436e-02 2.449000000000000066e-01 1.195999999999999980e-01 7.199999999999999456e-02 -7.270000000000000073e-02 9.059999999999999998e-02 1.129999999999999893e-01 -1.272999999999999687e-01 -5.359999999999999487e-02 1.217999999999999916e-01 -4.479999999999999954e-02 1.059999999999999970e-01 5.610009999999999476e-03 5.997601000000000321e-02 1.430415999999999979e-02 5.183999999999999372e-03 5.285289999999999780e-03 8.208359999999999615e-03 1.276899999999999737e-02 1.620528999999999373e-02 2.872959999999999490e-03 1.483523999999999780e-02 2.007039999999999866e-03 1.123599999999999946e-02 2.216772500000000000e+06 2.459158750000000000e+06
1.000000000000000000e+00 4.329999999999999821e-02 2.225999999999999923e-01 4.560000000000000164e-02 5.009999999999999870e-02 -4.499999999999999660e-03 5.729999999999999677e-02 -3.159999999999999615e-02 -2.230000000000001426e-02 -7.399999999999999634e-02 -2.189999999999999586e-02 6.819999999999999674e-02 -3.330000000000000321e-02 1.874889999999999933e-03 4.955075999999999925e-02 2.079360000000000149e-03 2.510010000000000019e-03 2.024999999999999755e-05 3.283289999999999473e-03 9.985599999999996822e-04 4.972900000000006005e-04 5.475999999999999097e-03 4.796099999999998346e-04 4.651239999999999195e-03 1.108890000000000179e-03 2.214043000000000000e+06 2.461174250000000000e+06
1.000000000000000000e+00 -4.000000000000000083e-03 1.799000000000000044e-01 -2.450000000000000094e-02 1.786999999999999977e-01 3.860000000000000236e-02 -3.880000000000000115e-02 -4.729999999999999483e-02 -4.269999999999998797e-02 -7.009999999999999565e-02 1.285999999999999921e-01 4.309999999999999942e-02 -9.609999999999999098e-02 1.599999999999999928e-05 3.236400999999999861e-02 6.002500000000000890e-04 3.193369000000000069e-02 1.489960000000000243e-03 1.505440000000000033e-03 2.237289999999999418e-03 1.823289999999998896e-03 4.914009999999999039e-03 1.653795999999999738e-02 1.857609999999999990e-03 9.235209999999998906e-03 2.218399500000000000e+06 2.470192250000000000e+06
1.000000000000000000e+00 3.370000000000000079e-02 2.947000000000000175e-01 1.223999999999999949e-01 2.798999999999999821e-01 -6.710000000000000686e-02 -4.229999999999999732e-02 3.769999999999999740e-02 1.148000000000000131e-01 1.469000000000000028e-01 1.011999999999999844e-01 -1.057000000000000162e-01 -3.499999999999996170e-03 1.135689999999999963e-03 8.684809000000001666e-02 1.498175999999999848e-02 7.834400999999999171e-02 4.502410000000000960e-03 1.789289999999999804e-03 1.421289999999999750e-03 1.317904000000000297e-02 2.157961000000000254e-02 1.024143999999999749e-02 1.117249000000000367e-02 1.224999999999997250e-05 2.218517000000000000e+06 2.469383000000000000e+06
1.000000000000000000e+00 -2.089999999999999844e-02 2.926000000000000267e-01 4.469999999999999668e-02 1.393999999999999961e-01 -2.089999999999999913e-01 2.000000000000000096e-04 -5.459999999999999576e-02 -2.099999999999990763e-03 -7.769999999999999130e-02 -1.404999999999999860e-01 -1.418999999999999706e-01 4.249999999999999611e-02 4.368099999999999327e-04 8.561476000000001196e-02 1.998089999999999675e-03 1.943235999999999922e-02 4.368099999999999761e-02 4.000000000000000084e-08 2.981159999999999626e-03 4.409999999999961165e-06 6.037289999999998977e-03 1.974024999999999738e-02 2.013560999999999129e-02 1.806249999999999696e-03 2.212782250000000000e+06 2.458298500000000000e+06
1.000000000000000000e+00 -9.669999999999999429e-02 1.623999999999999888e-01 -1.484999999999999931e-01 -3.549999999999999684e-02 -2.071999999999999953e-01 -8.609999999999999598e-02 -7.579999999999999238e-02 -1.302000000000000379e-01 -1.931999999999999829e-01 -1.748999999999999999e-01 1.799999999999996048e-03 -8.630000000000000171e-02 9.350889999999998856e-03 2.637375999999999610e-02 2.205224999999999894e-02 1.260249999999999869e-03 4.293183999999999889e-02 7.413209999999999071e-03 5.745639999999998908e-03 1.695204000000000849e-02 3.732623999999999664e-02 3.059001000000000081e-02 3.239999999999985920e-06 7.447689999999999866e-03 2.220081500000000000e+06 2.472629000000000000e+06
1.000000000000000000e+00 -1.776999999999999968e-01 2.676000000000000045e-01 1.264000000000000123e-01 -1.272999999999999965e-01 3.579999999999999849e-02 -9.229999999999999316e-02 -8.100000000000000255e-02 1.052000000000000157e-01 2.749000000000000332e-01 -9.179999999999999272e-02 2.429999999999999938e-01 -6.199999999999997180e-03 3.157729000000000091e-02 7.160976000000000841e-02 1.597696000000000185e-02 1.620529000000000067e-02 1.281639999999999906e-03 8.519289999999998808e-03 6.560999999999999992e-03 1.106704000000000368e-02 7.557001000000002078e-02 8.427239999999999037e-03 5.904899999999999732e-02 3.843999999999996400e-05 2.217439750000000000e+06 2.471948000000000000e+06
1.000000000000000000e+00 -2.006000000000000005e-01 3.005999999999999783e-01 1.195999999999999980e-01 -1.559000000000000108e-01 1.940000000000000058e-02 -2.460000000000000034e-02 -2.290000000000000369e-02 3.299999999999997380e-02 -6.800000000000014366e-03 -2.860000000000001430e-02 -1.639999999999999791e-02 6.769999999999999629e-02 4.024036000000000279e-02 9.036035999999998680e-02 1.430415999999999979e-02 2.430481000000000308e-02 3.763600000000000083e-04 6.051599999999999861e-04 5.244100000000002188e-04 1.088999999999998173e-03 4.624000000000019425e-05 8.179600000000008218e-04 2.689599999999999456e-04 4.583289999999999413e-03 2.218073000000000000e+06 2.469089250000000000e+06
1.000000000000000000e+00 -4.983000000000000207e-01 2.021000000000000019e-01 -1.199999999999999956e-01 -4.945999999999999841e-01 -5.109999999999999959e-02 -2.381999999999999951e-01 -2.977000000000000202e-01 -9.849999999999997646e-02 -2.395999999999999797e-01 -3.387000000000000011e-01 -7.050000000000000711e-02 -2.135999999999999843e-01 2.483028900000000261e-01 4.084440999999999766e-02 1.439999999999999961e-02 2.446291599999999844e-01 2.611210000000000094e-03 5.673923999999999634e-02 8.862529000000000934e-02 9.702249999999995600e-03 5.740815999999999281e-02 1.147176899999999972e-01 4.970250000000000709e-03 4.562495999999999219e-02 2.218047750000000000e+06 2.466153000000000000e+06
1.000000000000000000e+00 -5.977999999999999980e-01 2.671000000000000041e-01 -1.959999999999999937e-02 -5.888999999999999790e-01 -1.388000000000000067e-01 -3.662000000000000255e-01 -9.949999999999997735e-02 6.500000000000000222e-02 1.003999999999999893e-01 -9.429999999999999494e-02 -8.770000000000000018e-02 -1.280000000000000304e-01 3.573648400000000169e-01 7.134241000000000887e-02 3.841599999999999811e-04 3.468032099999999729e-01 1.926544000000000173e-02 1.341024400000000172e-01 9.900249999999995859e-03 4.225000000000000457e-03 1.008015999999999773e-02 8.892489999999999423e-03 7.691289999999999932e-03 1.638400000000000620e-02 2.219011000000000000e+06 2.466654250000000000e+06
1.000000000000000000e+00 -5.564999999999999947e-01 3.438999999999999835e-01 -1.250999999999999890e-01 -3.946000000000000063e-01 -7.240000000000000602e-02 -5.665999999999999925e-01 4.130000000000000338e-02 7.679999999999997939e-02 -1.054999999999999827e-01 1.942999999999999727e-01 6.640000000000000069e-02 -2.003999999999999670e-01 3.096922500000000023e-01 1.182672099999999837e-01 1.565000999999999892e-02 1.557091600000000131e-01 5.241760000000000690e-03 3.210355599999999976e-01 1.705690000000000374e-03 5.898239999999996437e-03 1.113024999999999605e-02 3.775248999999999272e-02 4.408959999999999962e-03 4.016015999999998642e-02 2.223187250000000000e+06 2.461330000000000000e+06
1.000000000000000000e+00 -3.164000000000000146e-01 3.598000000000000087e-01 -9.660000000000000531e-02 -2.000000000000000096e-04 -7.900000000000000772e-03 -5.556999999999999718e-01 2.400999999999999801e-01 1.590000000000002522e-02 2.849999999999998368e-02 3.944000000000000283e-01 6.450000000000000178e-02 1.090000000000002078e-02 1.001089600000000107e-01 1.294560399999999944e-01 9.331560000000000896e-03 4.000000000000000084e-08 6.241000000000000724e-05 3.088024899999999850e-01 5.764800999999999259e-02 2.528100000000008270e-04 8.122499999999990622e-04 1.555513600000000274e-01 4.160249999999999886e-03 1.188100000000004566e-04 2.218976000000000000e+06 2.468625000000000000e+06
1.000000000000000000e+00 6.279999999999999472e-02 3.089999999999999969e-01 -6.750000000000000444e-02 3.968999999999999750e-01 -1.292000000000000093e-01 -1.857999999999999929e-01 3.791999999999999815e-01 -5.080000000000001181e-02 2.910000000000000087e-02 3.970999999999999530e-01 -1.213000000000000050e-01 3.699000000000000066e-01 3.943839999999999672e-03 9.548099999999999643e-02 4.556250000000000404e-03 1.575296099999999866e-01 1.669264000000000164e-02 3.452163999999999927e-02 1.437926399999999993e-01 2.580640000000001232e-03 8.468100000000000323e-04 1.576884099999999733e-01 1.471369000000000149e-02 1.368260099999999979e-01 2.215079750000000000e+06 2.463186000000000000e+06
1.000000000000000000e+00 -7.960000000000000409e-02 2.602999999999999758e-01 -1.600000000000000033e-02 9.560000000000000442e-02 -1.900000000000000022e-01 -1.136000000000000065e-01 -1.423999999999999988e-01 -4.870000000000002105e-02 5.150000000000000411e-02 -3.012999999999999567e-01 -6.079999999999999294e-02 7.219999999999998641e-02 6.336160000000000403e-03 6.775608999999999105e-02 2.559999999999999884e-04 9.139360000000000886e-03 3.610000000000000014e-02 1.290496000000000178e-02 2.027775999999999884e-02 2.371690000000002251e-03 2.652250000000000527e-03 9.078168999999997046e-02 3.696639999999999301e-03 5.212839999999998100e-03 2.219011500000000000e+06 2.467864250000000000e+06
1.000000000000000000e+00 -3.284000000000000252e-01 4.067999999999999949e-01 1.723999999999999977e-01 -3.850000000000000089e-01 -1.889000000000000123e-01 -1.303999999999999881e-01 -2.488000000000000211e-01 1.465000000000000191e-01 1.884000000000000119e-01 -4.806000000000000272e-01 1.099999999999989875e-03 -1.679999999999998161e-02 1.078465600000000219e-01 1.654862400000000067e-01 2.972175999999999985e-02 1.482249999999999956e-01 3.568321000000000687e-02 1.700415999999999733e-02 6.190144000000000896e-02 2.146225000000000563e-02 3.549456000000000139e-02 2.309763600000000194e-01 1.209999999999977827e-06 2.822399999999993577e-04 2.217492750000000000e+06 2.466798250000000000e+06
1.000000000000000000e+00 -3.699999999999999956e-01 3.049999999999999933e-01 -7.259999999999999787e-02 -5.699999999999999512e-01 -1.872000000000000053e-01 -4.250000000000000305e-02 -4.159999999999997033e-02 -1.018000000000000016e-01 -2.449999999999999956e-01 -1.849999999999999423e-01 1.700000000000007061e-03 8.789999999999997815e-02 1.368999999999999939e-01 9.302499999999999658e-02 5.270759999999999335e-03 3.248999999999999666e-01 3.504383999999999971e-02 1.806250000000000347e-03 1.730559999999997526e-03 1.036324000000000099e-02 6.002499999999999503e-02 3.422499999999997766e-02 2.890000000000023999e-06 7.726409999999996059e-03 2.213136250000000000e+06 2.467589250000000000e+06
1.000000000000000000e+00 -8.140000000000000013e-02 3.007000000000000228e-01 -1.587000000000000077e-01 -1.190999999999999975e-01 4.039999999999999841e-02 6.270000000000000573e-02 2.885999999999999677e-01 -4.299999999999970512e-03 -8.610000000000000986e-02 4.508999999999999675e-01 2.275999999999999968e-01 1.052000000000000157e-01 6.625960000000000183e-03 9.042049000000002001e-02 2.518569000000000363e-02 1.418480999999999909e-02 1.632159999999999904e-03 3.931290000000000479e-03 8.328995999999998234e-02 1.848999999999974674e-05 7.413210000000001673e-03 2.033108099999999807e-01 5.180175999999999531e-02 1.106704000000000368e-02 2.214823000000000000e+06 2.467131000000000000e+06
1.000000000000000000e+00 -1.039000000000000062e-01 3.406000000000000139e-01 1.077000000000000041e-01 -3.239999999999999825e-02 -3.899999999999999994e-02 -8.200000000000000344e-02 -2.250000000000000611e-02 3.989999999999999103e-02 2.664000000000000257e-01 8.669999999999999929e-02 -7.939999999999999836e-02 -1.446999999999999953e-01 1.079521000000000126e-02 1.160083600000000048e-01 1.159929000000000168e-02 1.049759999999999843e-03 1.521000000000000000e-03 6.724000000000000810e-03 5.062500000000002979e-04 1.592009999999999389e-03 7.096896000000001148e-02 7.516890000000000030e-03 6.304360000000000172e-03 2.093808999999999948e-02 2.215103000000000000e+06 2.466949000000000000e+06
1.000000000000000000e+00 -2.250000000000000056e-01 1.603999999999999870e-01 -1.119999999999999989e-02 -2.371999999999999942e-01 -1.703000000000000069e-01 -1.486999999999999988e-01 -1.210999999999999993e-01 -1.802000000000000268e-01 -1.189000000000000057e-01 -2.047999999999999821e-01 -1.313000000000000000e-01 -6.669999999999999540e-02 5.062500000000000333e-02 2.572815999999999645e-02 1.254399999999999916e-04 5.626383999999999552e-02 2.900209000000000120e-02 2.211168999999999982e-02 1.466520999999999970e-02 3.247204000000000756e-02 1.413721000000000075e-02 4.194303999999999394e-02 1.723968999999999849e-02 4.448889999999999616e-03 2.216100250000000000e+06 2.467560250000000000e+06
1.000000000000000000e+00 -1.464999999999999913e-01 1.403999999999999970e-01 -1.572999999999999954e-01 7.670000000000000429e-02 1.559999999999999928e-02 -1.166999999999999982e-01 7.850000000000001421e-02 -1.999999999999999001e-02 -1.461000000000000076e-01 3.139000000000000123e-01 1.859000000000000097e-01 3.200000000000000067e-02 2.146224999999999869e-02 1.971215999999999940e-02 2.474328999999999765e-02 5.882890000000000862e-03 2.433599999999999739e-04 1.361888999999999982e-02 6.162250000000001927e-03 3.999999999999995855e-04 2.134521000000000335e-02 9.853321000000000995e-02 3.455881000000000230e-02 1.023999999999999954e-03 2.219604500000000000e+06 2.472776750000000000e+06
1.000000000000000000e+00 5.700000000000000205e-03 2.159999999999999976e-01 1.269999999999999948e-02 3.113000000000000211e-01 -6.850000000000000533e-02 -1.474000000000000032e-01 1.522000000000000020e-01 7.560000000000000053e-02 1.699999999999999845e-01 2.346000000000000307e-01 -8.410000000000000808e-02 -3.070000000000000506e-02 3.249000000000000233e-05 4.665599999999999609e-02 1.612899999999999957e-04 9.690769000000001854e-02 4.692250000000001108e-03 2.172676000000000121e-02 2.316483999999999904e-02 5.715360000000000058e-03 2.889999999999999514e-02 5.503716000000001551e-02 7.072810000000001422e-03 9.424900000000003631e-04 2.215552250000000000e+06 2.471050750000000000e+06
1.000000000000000000e+00 5.170000000000000290e-02 1.787999999999999867e-01 -1.650000000000000078e-02 3.091999999999999749e-01 -1.894000000000000128e-01 -2.209000000000000130e-01 4.599999999999999922e-02 -3.720000000000001084e-02 -2.920000000000000026e-02 -2.100000000000046274e-03 -1.209000000000000075e-01 -7.350000000000000977e-02 2.672890000000000248e-03 3.196943999999999481e-02 2.722500000000000310e-04 9.560463999999999074e-02 3.587236000000000591e-02 4.879681000000000296e-02 2.115999999999999825e-03 1.383840000000000764e-03 8.526399999999999951e-04 4.410000000000194099e-06 1.461681000000000265e-02 5.402250000000001669e-03 2.215827250000000000e+06 2.468903250000000000e+06
1.000000000000000000e+00 6.800000000000000488e-02 2.228999999999999870e-01 -7.530000000000000582e-02 2.363999999999999990e-01 -3.299999999999999982e-03 -4.159999999999999809e-02 1.630000000000000199e-02 4.410000000000000031e-02 -5.880000000000000504e-02 -7.279999999999997584e-02 1.861000000000000154e-01 1.793000000000000149e-01 4.624000000000000506e-03 4.968440999999999136e-02 5.670090000000000893e-03 5.588495999999999742e-02 1.088999999999999907e-05 1.730559999999999911e-03 2.656900000000000667e-04 1.944809999999999942e-03 3.457440000000000426e-03 5.299839999999996637e-03 3.463321000000000455e-02 3.214849000000000873e-02 2.213307000000000000e+06 2.467779750000000000e+06
1.000000000000000000e+00 1.293999999999999873e-01 3.012000000000000233e-01 1.532000000000000028e-01 1.647000000000000131e-01 1.242000000000000048e-01 2.303000000000000047e-01 6.139999999999998237e-02 7.830000000000003624e-02 2.285000000000000087e-01 -7.169999999999998597e-02 1.275000000000000022e-01 2.719000000000000306e-01 1.674435999999999633e-02 9.072144000000001429e-02 2.347023999999999985e-02 2.712609000000000548e-02 1.542564000000000088e-02 5.303809000000000301e-02 3.769959999999997983e-03 6.130890000000006022e-03 5.221225000000000172e-02 5.140889999999997788e-03 1.625624999999999987e-02 7.392961000000002059e-02 2.213091500000000000e+06 2.460594250000000000e+06
1.000000000000000000e+00 2.235999999999999932e-01 2.346000000000000030e-01 1.741000000000000048e-01 2.868999999999999884e-01 4.340000000000000108e-02 7.760000000000000231e-02 9.420000000000000595e-02 -6.660000000000002029e-02 2.090000000000000191e-02 1.221999999999999753e-01 -8.080000000000001070e-02 -1.527000000000000024e-01 4.999696000000000001e-02 5.503716000000000164e-02 3.031081000000000053e-02 8.231160999999999339e-02 1.883560000000000052e-03 6.021760000000000133e-03 8.873640000000000347e-03 4.435560000000002452e-03 4.368100000000000953e-04 1.493283999999999410e-02 6.528640000000001352e-03 2.331729000000000093e-02 2.213116750000000000e+06 2.456859000000000000e+06
1.000000000000000000e+00 1.325000000000000067e-01 8.069999999999999396e-02 -1.879000000000000115e-01 1.399999999999999986e-03 -2.709999999999999909e-02 2.401000000000000079e-01 -9.109999999999998654e-02 -1.539000000000000090e-01 -3.619999999999999885e-01 -2.854999999999999760e-01 -7.050000000000000711e-02 1.625000000000000056e-01 1.755625000000000241e-02 6.512489999999999252e-03 3.530641000000000335e-02 1.959999999999999869e-06 7.344099999999999023e-04 5.764801000000000647e-02 8.299209999999997839e-03 2.368521000000000168e-02 1.310439999999999938e-01 8.151024999999999243e-02 4.970250000000000709e-03 2.640625000000000264e-02 2.213962000000000000e+06 2.460218500000000000e+06
1.000000000000000000e+00 8.129999999999999727e-02 2.571999999999999842e-01 -5.449999999999999983e-02 -1.110000000000000014e-01 -1.092999999999999944e-01 2.629000000000000226e-01 -5.120000000000000939e-02 1.764999999999999902e-01 1.334000000000000186e-01 -1.123999999999999999e-01 -8.219999999999999529e-02 2.280000000000001470e-02 6.609689999999999663e-03 6.615183999999998954e-02 2.970249999999999800e-03 1.232100000000000035e-02 1.194648999999999885e-02 6.911641000000001700e-02 2.621440000000000922e-03 3.115224999999999592e-02 1.779556000000000540e-02 1.263376000000000082e-02 6.756839999999999201e-03 5.198400000000006878e-04 2.211048000000000000e+06 2.456753000000000000e+06
1.000000000000000000e+00 1.400000000000000133e-01 2.467000000000000026e-01 1.219999999999999973e-01 1.963000000000000023e-01 -2.119000000000000050e-01 1.145999999999999935e-01 5.870000000000001605e-02 -1.049999999999998157e-02 1.764999999999999902e-01 3.073000000000000176e-01 -1.026000000000000106e-01 -1.483000000000000429e-01 1.960000000000000284e-02 6.086089000000000082e-02 1.488399999999999966e-02 3.853369000000000238e-02 4.490161000000000152e-02 1.313315999999999789e-02 3.445690000000001686e-03 1.102499999999996170e-04 3.115224999999999592e-02 9.443329000000001694e-02 1.052676000000000132e-02 2.199289000000001146e-02 2.215380250000000000e+06 2.462995750000000000e+06
1.000000000000000000e+00 3.679999999999999938e-02 1.877000000000000057e-01 -1.562999999999999945e-01 2.675000000000000155e-01 -1.010000000000000064e-01 3.239999999999999825e-02 -1.032000000000000139e-01 -5.899999999999999689e-02 -2.782999999999999918e-01 7.120000000000001328e-02 1.108999999999999986e-01 -8.219999999999999529e-02 1.354240000000000044e-03 3.523129000000000538e-02 2.442968999999999696e-02 7.155625000000000180e-02 1.020100000000000173e-02 1.049759999999999843e-03 1.065024000000000352e-02 3.480999999999999719e-03 7.745088999999999446e-02 5.069440000000002312e-03 1.229881000000000030e-02 6.756839999999999201e-03 2.214973250000000000e+06 2.465496250000000000e+06
1.000000000000000000e+00 -3.307999999999999829e-01 3.377999999999999892e-01 2.469999999999999973e-01 -5.840000000000000052e-02 1.969999999999999876e-02 -1.540999999999999870e-01 -3.675999999999999823e-01 1.500999999999999834e-01 4.032999999999999918e-01 -3.259000000000000230e-01 1.207000000000000017e-01 -1.864999999999999991e-01 1.094286399999999937e-01 1.141088399999999892e-01 6.100900000000000073e-02 3.410559999999999981e-03 3.880899999999999519e-04 2.374680999999999667e-02 1.351297599999999877e-01 2.253000999999999615e-02 1.626508899999999924e-01 1.062108100000000166e-01 1.456848999999999991e-02 3.478225000000000067e-02 2.214458750000000000e+06 2.461629250000000000e+06
1.000000000000000000e+00 -3.800000000000000044e-01 4.036000000000000143e-01 3.103000000000000203e-01 -2.303999999999999937e-01 -5.199999999999999761e-02 -1.517000000000000015e-01 -4.920000000000002149e-02 6.580000000000002514e-02 6.330000000000002292e-02 -1.719999999999999862e-01 -7.169999999999999984e-02 2.399999999999985478e-03 1.444000000000000006e-01 1.628929600000000033e-01 9.628609000000001861e-02 5.308415999999999829e-02 2.703999999999999806e-03 2.301289000000000112e-02 2.420640000000002113e-03 4.329640000000003520e-03 4.006890000000002533e-03 2.958399999999999572e-02 5.140890000000000390e-03 5.759999999999930452e-06 2.215747750000000000e+06 2.464469500000000000e+06
1.000000000000000000e+00 -1.696000000000000008e-01 1.376999999999999891e-01 -2.580000000000000071e-01 -2.207999999999999963e-01 4.660000000000000253e-02 -8.980000000000000482e-02 2.104000000000000037e-01 -2.659000000000000252e-01 -5.683000000000000274e-01 9.599999999999997424e-03 9.859999999999999321e-02 6.189999999999999669e-02 2.876416000000000042e-02 1.896128999999999870e-02 6.656399999999999817e-02 4.875263999999999986e-02 2.171560000000000330e-03 8.064040000000001485e-03 4.426816000000000084e-02 7.070281000000001870e-02 3.229648900000000045e-01 9.215999999999994433e-05 9.721959999999998242e-03 3.831609999999999617e-03 2.212516000000000000e+06 2.463620500000000000e+06
1.000000000000000000e+00 -9.139999999999999514e-02 1.290999999999999925e-01 -1.024999999999999939e-01 -1.983000000000000040e-01 6.354999999999999538e-01 1.836000000000000132e-01 7.820000000000000562e-02 -8.599999999999996536e-03 1.555000000000000271e-01 2.249999999999999223e-02 5.888999999999999790e-01 2.734000000000000319e-01 8.353959999999998817e-03 1.666680999999999718e-02 1.050624999999999823e-02 3.932288999999999923e-02 4.038602499999999207e-01 3.370896000000000309e-02 6.115240000000000953e-03 7.395999999999993562e-05 2.418025000000000729e-02 5.062499999999996473e-04 3.468032099999999729e-01 7.474756000000001843e-02 2.217904500000000000e+06 2.459385750000000000e+06
1.000000000000000000e+00 1.069999999999999944e-02 1.965999999999999970e-01 1.870999999999999885e-01 -4.970000000000000112e-02 7.370999999999999774e-01 2.411999999999999977e-01 1.020999999999999963e-01 6.750000000000000444e-02 2.895999999999999686e-01 1.486000000000000099e-01 1.016000000000000236e-01 5.759999999999998455e-02 1.144899999999999830e-04 3.865156000000000147e-02 3.500640999999999475e-02 2.470090000000000306e-03 5.433164099999999719e-01 5.817743999999999693e-02 1.042440999999999854e-02 4.556250000000000404e-03 8.386815999999998328e-02 2.208196000000000464e-02 1.032256000000000493e-02 3.317759999999998159e-03 2.216939000000000000e+06 2.459217250000000000e+06
1.000000000000000000e+00 -6.090000000000000274e-02 8.999999999999999754e-04 -3.450000000000000289e-02 -3.620000000000000301e-02 5.199999999999999761e-03 7.330000000000000404e-02 -7.159999999999999698e-02 -1.956999999999999851e-01 -2.215999999999999914e-01 1.349999999999999811e-02 -7.318999999999999950e-01 -1.678999999999999937e-01 3.708810000000000318e-03 8.099999999999999739e-07 1.190250000000000119e-03 1.310440000000000172e-03 2.703999999999999861e-05 5.372890000000000825e-03 5.126559999999999624e-03 3.829848999999999754e-02 4.910655999999999355e-02 1.822499999999999576e-04 5.356776100000000262e-01 2.819040999999999908e-02 2.216633000000000000e+06 2.455437500000000000e+06
1.000000000000000000e+00 -3.625999999999999779e-01 1.489999999999999936e-01 -2.740000000000000074e-02 -3.256000000000000005e-01 -3.441000000000000170e-01 -2.867000000000000104e-01 -3.016999999999999682e-01 1.480999999999999817e-01 7.100000000000002143e-03 -2.893999999999999906e-01 -3.492999999999999994e-01 -3.599999999999999867e-01 1.314787599999999723e-01 2.220099999999999851e-02 7.507600000000000558e-04 1.060153600000000029e-01 1.184048100000000131e-01 8.219689000000000856e-02 9.102288999999998131e-02 2.193360999999999575e-02 5.041000000000002727e-05 8.375235999999999792e-02 1.220104899999999992e-01 1.295999999999999930e-01 2.222638750000000000e+06 2.463487750000000000e+06
1.000000000000000000e+00 -1.351599999999999913e+00 7.069999999999999618e-01 3.738000000000000211e-01 -1.938900000000000068e+00 -2.102999999999999869e-01 -3.887999999999999790e-01 -9.889999999999998792e-01 5.579999999999999405e-01 4.012000000000000011e-01 -1.613300000000000178e+00 1.338000000000000300e-01 -1.020999999999999686e-01 1.826822559999999873e+00 4.998489999999999323e-01 1.397264400000000073e-01 3.759333210000000314e+00 4.422608999999999568e-02 1.511654399999999843e-01 9.781209999999997962e-01 3.113639999999999186e-01 1.609614400000000112e-01 2.602736890000000525e+00 1.790244000000000904e-02 1.042440999999999333e-02 2.215026000000000000e+06 2.454404750000000000e+06
1.000000000000000000e+00 -1.567399999999999904e+00 6.627999999999999448e-01 3.301999999999999935e-01 -1.985600000000000032e+00 -3.346000000000000085e-01 -3.670999999999999819e-01 -2.157999999999999918e-01 -4.420000000000001705e-02 -4.360000000000002762e-02 -4.669999999999996376e-02 -1.243000000000000216e-01 2.169999999999999707e-02 2.456742759999999581e+00 4.393038399999999455e-01 1.090320399999999967e-01 3.942607360000000227e+00 1.119571600000000000e-01 1.347624099999999991e-01 4.656963999999999548e-02 1.953640000000001712e-03 1.900960000000002318e-03 2.180889999999996529e-03 1.545049000000000596e-02 4.708899999999998504e-04 2.216377250000000000e+06 2.460056500000000000e+06
1.000000000000000000e+00 -6.889999999999999458e-01 4.179999999999999827e-01 -2.640000000000000124e-01 -3.461000000000000187e-01 -4.446999999999999842e-01 -4.370999999999999885e-01 8.783999999999999586e-01 -2.447999999999999621e-01 -5.942000000000000615e-01 1.639499999999999957e+00 -1.100999999999999757e-01 -7.000000000000000666e-02 4.747209999999999486e-01 1.747239999999999904e-01 6.969600000000000795e-02 1.197852100000000169e-01 1.977580899999999975e-01 1.910564099999999821e-01 7.715865599999999214e-01 5.992703999999998005e-02 3.530736400000000774e-01 2.687960249999999718e+00 1.212200999999999383e-02 4.900000000000000709e-03 2.211961000000000000e+06 2.461524500000000000e+06
1.000000000000000000e+00 -1.598999999999999866e-01 5.142999999999999794e-01 -2.889999999999999861e-02 1.675000000000000100e-01 -1.073000000000000065e-01 -1.915000000000000036e-01 5.290999999999999037e-01 9.629999999999999671e-02 2.351000000000000034e-01 5.136000000000000565e-01 3.373999999999999777e-01 2.455999999999999850e-01 2.556800999999999519e-02 2.645044899999999810e-01 8.352099999999999672e-04 2.805625000000000480e-02 1.151329000000000068e-02 3.667225000000000346e-02 2.799468099999998794e-01 9.273689999999999364e-03 5.527201000000000336e-02 2.637849600000000683e-01 1.138387599999999833e-01 6.031935999999999548e-02 2.214150500000000000e+06 2.457855750000000000e+06
1.000000000000000000e+00 2.016000000000000014e-01 4.529000000000000248e-01 3.217999999999999750e-01 5.022999999999999687e-01 4.159999999999999809e-02 -1.908999999999999864e-01 3.614999999999999880e-01 -6.139999999999995461e-02 3.506999999999999562e-01 3.347999999999999865e-01 1.489000000000000046e-01 6.000000000000171863e-04 4.064256000000000119e-02 2.051184100000000288e-01 1.035552399999999790e-01 2.523052899999999599e-01 1.730559999999999911e-03 3.644280999999999215e-02 1.306822499999999998e-01 3.769959999999994513e-03 1.229904899999999662e-01 1.120910399999999890e-01 2.217121000000000022e-02 3.600000000000206407e-07 2.213271500000000000e+06 2.460249250000000000e+06
1.000000000000000000e+00 2.748999999999999777e-01 2.038000000000000089e-01 -3.280000000000000276e-02 5.760999999999999455e-01 4.399999999999999745e-02 -2.253000000000000003e-01 7.329999999999997629e-02 -2.491000000000000159e-01 -3.545999999999999708e-01 7.379999999999997673e-02 2.399999999999999356e-03 -3.440000000000001390e-02 7.557000999999999302e-02 4.153444000000000580e-02 1.075840000000000216e-03 3.318912099999999366e-01 1.935999999999999787e-03 5.076009000000000077e-02 5.372889999999996488e-03 6.205081000000000485e-02 1.257411599999999907e-01 5.446439999999996839e-03 5.759999999999996521e-06 1.183360000000000922e-03 2.212988250000000000e+06 2.462300250000000000e+06
1.000000000000000000e+00 1.807999999999999885e-01 9.579999999999999627e-02 -2.615000000000000102e-01 6.437000000000000499e-01 1.754000000000000004e-01 -2.406999999999999973e-01 -9.409999999999998921e-02 -1.080000000000000127e-01 -2.287000000000000144e-01 6.760000000000010445e-02 1.314000000000000168e-01 -1.539999999999999702e-02 3.268863999999999798e-02 9.177639999999999063e-03 6.838225000000000553e-02 4.143496900000000482e-01 3.076515999999999973e-02 5.793649000000000021e-02 8.854809999999997683e-03 1.166400000000000249e-02 5.230369000000000684e-02 4.569760000000013846e-03 1.726596000000000380e-02 2.371599999999999045e-04 2.215444750000000000e+06 2.461689500000000000e+06
1.000000000000000000e+00 -2.601999999999999869e-01 1.102999999999999953e-01 -1.471000000000000085e-01 2.690000000000000030e-02 8.060000000000000497e-02 -3.356000000000000094e-01 -4.409999999999999476e-01 1.449999999999999900e-02 1.144000000000000017e-01 -6.168000000000000149e-01 -9.479999999999999538e-02 -9.490000000000001212e-02 6.770403999999999312e-02 1.216608999999999920e-02 2.163841000000000375e-02 7.236099999999999650e-04 6.496360000000000502e-03 1.126273600000000097e-01 1.944809999999999595e-01 2.102499999999999606e-04 1.308736000000000101e-02 3.804422400000000426e-01 8.987039999999999959e-03 9.006010000000001792e-03 2.217715750000000000e+06 2.471353250000000000e+06
1.000000000000000000e+00 -3.517000000000000126e-01 1.165999999999999953e-01 -1.166999999999999982e-01 -2.899999999999999800e-01 5.539999999999999786e-02 -1.910999999999999921e-01 -9.150000000000002576e-02 6.300000000000000044e-03 3.040000000000001035e-02 -3.168999999999999595e-01 -2.520000000000000712e-02 1.445000000000000173e-01 1.236928900000000137e-01 1.359555999999999959e-02 1.361888999999999982e-02 8.409999999999999420e-02 3.069159999999999597e-03 3.651920999999999640e-02 8.372250000000004688e-03 3.969000000000000116e-05 9.241600000000005843e-04 1.004256099999999707e-01 6.350400000000003438e-04 2.088025000000000644e-02 2.217048750000000000e+06 2.468389500000000000e+06
1.000000000000000000e+00 2.773999999999999799e-01 3.440000000000000002e-02 -1.819000000000000061e-01 5.366999999999999549e-01 1.728000000000000091e-01 8.089999999999999969e-02 6.290999999999999925e-01 -8.219999999999999529e-02 -6.520000000000000795e-02 8.266999999999999904e-01 1.174000000000000044e-01 2.720000000000000195e-01 7.695075999999999306e-02 1.183360000000000054e-03 3.308761000000000341e-02 2.880468899999999444e-01 2.985984000000000207e-02 6.544809999999999864e-03 3.957668099999999689e-01 6.756839999999999201e-03 4.251040000000001068e-03 6.834328899999999596e-01 1.378276000000000154e-02 7.398400000000000809e-02 2.224025750000000000e+06 2.470597250000000000e+06
1.000000000000000000e+00 8.466000000000000192e-01 -1.233000000000000068e-01 -5.978999999999999870e-01 1.190199999999999925e+00 3.109000000000000097e-01 3.508999999999999897e-01 5.692000000000000393e-01 -1.577000000000000068e-01 -4.159999999999999809e-01 6.534999999999999698e-01 1.381000000000000005e-01 2.700000000000000178e-01 7.167315600000000453e-01 1.520289000000000189e-02 3.574844099999999747e-01 1.416576039999999814e+00 9.665881000000001166e-02 1.231308099999999933e-01 3.239886400000000499e-01 2.486929000000000223e-02 1.730559999999999876e-01 4.270622499999999766e-01 1.907160999999999926e-02 7.290000000000000646e-02 2.217608500000000000e+06 2.464806000000000000e+06
1.000000000000000000e+00 7.749000000000000332e-01 -1.449000000000000010e-01 -4.102000000000000091e-01 1.041099999999999914e+00 1.340000000000000080e-01 2.248999999999999888e-01 -7.169999999999998597e-02 -2.159999999999999420e-02 1.876999999999999780e-01 -1.491000000000000103e-01 -1.769000000000000017e-01 -1.260000000000000009e-01 6.004700099999999985e-01 2.099600999999999898e-02 1.682640400000000036e-01 1.083889209999999714e+00 1.795600000000000321e-02 5.058000999999999470e-02 5.140889999999997788e-03 4.665599999999997614e-04 3.523128999999999150e-02 2.223081000000000362e-02 3.129360999999999948e-02 1.587600000000000122e-02 2.219881750000000000e+06 2.468507000000000000e+06
1.000000000000000000e+00 4.033999999999999808e-01 1.315000000000000058e-01 7.130000000000000226e-02 3.251000000000000001e-01 -3.161999999999999811e-01 1.091000000000000025e-01 -3.715000000000000524e-01 2.763999999999999790e-01 4.815000000000000391e-01 -7.159999999999999698e-01 -4.501999999999999891e-01 -1.157999999999999863e-01 1.627315599999999973e-01 1.729225000000000206e-02 5.083690000000000084e-03 1.056900100000000009e-01 9.998243999999999188e-02 1.190280999999999978e-02 1.380122500000000307e-01 7.639695999999998599e-02 2.318422500000000275e-01 5.126560000000000006e-01 2.026800399999999780e-01 1.340963999999999698e-02 2.218234750000000000e+06 2.464400500000000000e+06
1.000000000000000000e+00 -3.118000000000000216e-01 1.952000000000000124e-01 -7.870000000000000606e-02 -1.017099999999999893e+00 -4.515000000000000124e-01 1.073999999999999955e-01 -7.152000000000000579e-01 6.370000000000000662e-02 -1.500000000000000222e-01 -1.342199999999999838e+00 -1.353000000000000314e-01 -1.700000000000007061e-03 9.721924000000001231e-02 3.810304000000000468e-02 6.193690000000000827e-03 1.034492409999999696e+00 2.038522500000000126e-01 1.153475999999999980e-02 5.115110400000000279e-01 4.057690000000000949e-03 2.250000000000000611e-02 1.801500839999999659e+00 1.830609000000000749e-02 2.890000000000023999e-06 2.219033250000000000e+06 2.460408250000000000e+06
1.000000000000000000e+00 -4.586999999999999966e-01 3.151999999999999802e-01 5.439999999999999697e-02 -9.690999999999999615e-01 -1.081000000000000016e-01 2.446000000000000119e-01 -1.468999999999999750e-01 1.199999999999999678e-01 1.330999999999999961e-01 4.799999999999993161e-02 3.434000000000000385e-01 1.372000000000000164e-01 2.104056900000000063e-01 9.935103999999998770e-02 2.959359999999999855e-03 9.391548099999998955e-01 1.168561000000000079e-02 5.982916000000000623e-02 2.157960999999999213e-02 1.439999999999999267e-02 1.771560999999999969e-02 2.303999999999993553e-03 1.179235600000000245e-01 1.882384000000000487e-02 2.217668500000000000e+06 2.460387500000000000e+06
1.000000000000000000e+00 -7.340000000000000691e-02 4.401999999999999802e-01 3.431000000000000161e-01 -2.899999999999999800e-03 4.019999999999999962e-02 2.735000000000000209e-01 3.852999999999999758e-01 1.250000000000000000e-01 2.887000000000000122e-01 9.661999999999999478e-01 1.482999999999999874e-01 2.890000000000000902e-02 5.387560000000001306e-03 1.937760399999999827e-01 1.177176100000000142e-01 8.409999999999999101e-06 1.616040000000000011e-03 7.480225000000001456e-02 1.484560899999999850e-01 1.562500000000000000e-02 8.334769000000000205e-02 9.335424399999998624e-01 2.199288999999999758e-02 8.352100000000005093e-04 2.217128500000000000e+06 2.459200000000000000e+06
1.000000000000000000e+00 1.320999999999999952e-01 3.227999999999999758e-01 1.877999999999999947e-01 1.411000000000000032e-01 2.000000000000000096e-04 2.325000000000000122e-01 2.055000000000000160e-01 -1.174000000000000044e-01 -1.553000000000000214e-01 1.440000000000000169e-01 -4.000000000000000083e-02 -4.100000000000000866e-02 1.745040999999999953e-02 1.041998399999999880e-01 3.526883999999999575e-02 1.990921000000000010e-02 4.000000000000000084e-08 5.405625000000000707e-02 4.223025000000000390e-02 1.378276000000000154e-02 2.411809000000000522e-02 2.073600000000000443e-02 1.600000000000000077e-03 1.681000000000000636e-03 2.214474000000000000e+06 2.454490250000000000e+06
1.000000000000000000e+00 3.592000000000000193e-01 9.199999999999999845e-02 -4.959999999999999826e-02 3.015999999999999792e-01 4.509000000000000230e-01 4.228999999999999981e-01 2.271000000000000241e-01 -2.307999999999999774e-01 -2.373999999999999999e-01 1.604999999999999760e-01 4.507000000000000450e-01 1.903999999999999859e-01 1.290246400000000238e-01 8.463999999999999302e-03 2.460159999999999864e-03 9.096255999999998398e-02 2.033108100000000085e-01 1.788444100000000092e-01 5.157441000000000803e-02 5.326863999999999211e-02 5.635876000000000080e-02 2.576024999999999149e-02 2.031304900000000524e-01 3.625215999999999161e-02 2.217680250000000000e+06 2.458777500000000000e+06
1.000000000000000000e+00 1.953000000000000014e-01 7.340000000000000691e-02 2.099999999999999870e-03 9.619999999999999385e-02 4.934000000000000052e-01 3.304000000000000270e-01 -1.639000000000000179e-01 -1.859999999999999154e-02 5.169999999999999596e-02 -2.053999999999999715e-01 4.249999999999998224e-02 -9.249999999999997113e-02 3.814209000000000349e-02 5.387560000000001306e-03 4.409999999999999282e-06 9.254439999999999195e-03 2.434435600000000033e-01 1.091641600000000240e-01 2.686321000000000542e-02 3.459599999999997031e-04 2.672889999999999381e-03 4.218915999999998945e-02 1.806249999999998395e-03 8.556249999999994416e-03 2.223871500000000000e+06 2.466553500000000000e+06
1.000000000000000000e+00 3.649999999999999772e-02 6.669999999999999540e-02 5.739999999999999963e-02 -1.117999999999999966e-01 2.404999999999999916e-01 2.172999999999999932e-01 -1.587999999999999967e-01 -6.700000000000011502e-03 5.530000000000000193e-02 -2.079999999999999905e-01 -2.529000000000000137e-01 -1.131000000000000338e-01 1.332249999999999884e-03 4.448889999999999616e-03 3.294759999999999876e-03 1.249924000000000000e-02 5.784024999999999583e-02 4.721928999999999710e-02 2.521744000000000069e-02 4.489000000000015466e-05 3.058090000000000287e-03 4.326399999999999690e-02 6.395841000000000720e-02 1.279161000000000707e-02 2.226359750000000000e+06 2.467074250000000000e+06
1.000000000000000000e+00 -5.000000000000000278e-02 -2.060000000000000026e-02 -3.470000000000000168e-02 -2.427999999999999881e-01 7.420000000000000207e-02 1.499000000000000055e-01 -8.649999999999999356e-02 -8.729999999999998872e-02 -9.210000000000000131e-02 -1.310000000000000053e-01 -1.663000000000000034e-01 -6.739999999999998770e-02 2.500000000000000486e-03 4.243600000000000367e-04 1.204090000000000108e-03 5.895183999999999147e-02 5.505640000000000013e-03 2.247001000000000207e-02 7.482249999999999318e-03 7.621289999999998448e-03 8.482410000000000991e-03 1.716100000000000264e-02 2.765569000000000013e-02 4.542759999999998119e-03 2.224313750000000000e+06 2.466575750000000000e+06
