1.000000000000000000e+00 0.000000000000000000e+00 -0.000000000000000000e+00 0.000000000000000000e+00 0.000000000000000000e+00 -0.000000000000000000e+00 -0.000000000000000000e+00 0.000000000000000000e+00 0.000000000000000000e+00 0.000000000000000000e+00 0.000000000000000000e+00 0.000000000000000000e+00 0.000000000000000000e+00 0.000000000000000000e+00 0.000000000000000000e+00 0.000000000000000000e+00 0.000000000000000000e+00 0.000000000000000000e+00 0.000000000000000000e+00 0.000000000000000000e+00 0.000000000000000000e+00 0.000000000000000000e+00 0.000000000000000000e+00 0.000000000000000000e+00 0.000000000000000000e+00 1.554556500000000000e+06 1.663880250000000000e+06
1.000000000000000000e+00 -2.399999999999999790e-03 -1.119999999999999989e-02 -4.400000000000000265e-03 -1.540000000000000049e-02 -1.179999999999999973e-02 -3.860000000000000236e-02 -2.399999999999999790e-03 -1.119999999999999989e-02 -4.400000000000000265e-03 -1.540000000000000049e-02 -1.179999999999999973e-02 -3.860000000000000236e-02 5.759999999999999062e-06 1.254399999999999916e-04 1.936000000000000099e-05 2.371600000000000129e-04 1.392400000000000018e-04 1.489960000000000243e-03 5.759999999999999062e-06 1.254399999999999916e-04 1.936000000000000099e-05 2.371600000000000129e-04 1.392400000000000018e-04 1.489960000000000243e-03 1.555234625000000000e+06 1.662606250000000000e+06
1.000000000000000000e+00 2.469999999999999973e-02 -5.140000000000000124e-02 1.700000000000000122e-02 -7.000000000000000146e-03 -1.969999999999999876e-02 -1.949999999999999997e-02 2.709999999999999909e-02 -4.019999999999999962e-02 2.140000000000000235e-02 8.400000000000001216e-03 -7.899999999999999037e-03 1.910000000000000239e-02 6.100899999999999813e-04 2.641960000000000055e-03 2.890000000000000316e-04 4.900000000000000519e-05 3.880899999999999519e-04 3.802499999999999999e-04 7.344099999999999023e-04 1.616040000000000011e-03 4.579600000000000944e-04 7.056000000000001561e-05 6.240999999999998014e-05 3.648100000000000800e-04 1.555658000000000000e+06 1.663989375000000000e+06
1.000000000000000000e+00 5.090000000000000080e-02 -1.060000000000000005e-02 4.100000000000000346e-03 3.710000000000000103e-02 -1.069999999999999979e-01 5.000000000000000104e-04 2.620000000000000107e-02 4.080000000000000293e-02 -1.290000000000000174e-02 4.410000000000000031e-02 -8.730000000000000260e-02 2.000000000000000042e-02 2.590810000000000248e-03 1.123600000000000016e-04 1.681000000000000338e-05 1.376410000000000003e-03 1.144899999999999911e-02 2.499999999999999887e-07 6.864400000000000753e-04 1.664640000000000217e-03 1.664100000000000551e-04 1.944809999999999942e-03 7.621290000000000182e-03 4.000000000000000192e-04 1.554564125000000000e+06 1.664011250000000000e+06
1.000000000000000000e+00 -3.099999999999999978e-02 -2.200000000000000133e-03 1.499999999999999944e-02 4.560000000000000164e-02 -1.250999999999999890e-01 -1.039999999999999952e-02 -8.190000000000000058e-02 8.399999999999999481e-03 1.089999999999999997e-02 8.500000000000000611e-03 -1.809999999999999110e-02 -1.089999999999999997e-02 9.609999999999999402e-04 4.840000000000000247e-06 2.249999999999999938e-04 2.079360000000000149e-03 1.565000999999999892e-02 1.081599999999999944e-04 6.707610000000000135e-03 7.055999999999998851e-05 1.188099999999999958e-04 7.225000000000000790e-05 3.276099999999996636e-04 1.188099999999999958e-04 1.556357000000000000e+06 1.663460750000000000e+06
1.000000000000000000e+00 1.760000000000000106e-02 -2.400000000000000050e-02 3.400000000000000244e-02 5.940000000000000141e-02 2.860000000000000042e-02 -3.259999999999999704e-02 4.860000000000000431e-02 -2.179999999999999993e-02 1.900000000000000300e-02 1.379999999999999977e-02 1.537000000000000033e-01 -2.219999999999999751e-02 3.097600000000000158e-04 5.760000000000000146e-04 1.156000000000000126e-03 3.528360000000000350e-03 8.179600000000000629e-04 1.062759999999999833e-03 2.361960000000000622e-03 4.752399999999999832e-04 3.610000000000001012e-04 1.904399999999999995e-04 2.362369000000000274e-02 4.928399999999999231e-04 1.552540375000000000e+06 1.659892250000000000e+06
1.000000000000000000e+00 -3.299999999999999982e-03 -3.009999999999999828e-02 3.350000000000000200e-02 -9.799999999999999684e-03 2.610000000000000167e-02 -5.979999999999999899e-02 -2.090000000000000191e-02 -6.099999999999997785e-03 -5.000000000000004441e-04 -6.919999999999999762e-02 -2.499999999999998751e-03 -2.720000000000000195e-02 1.088999999999999907e-05 9.060099999999998450e-04 1.122250000000000201e-03 9.603999999999999527e-05 6.812100000000001271e-04 3.576039999999999948e-03 4.368100000000000953e-04 3.720999999999997069e-05 2.500000000000004651e-07 4.788639999999999390e-03 6.249999999999993523e-06 7.398400000000000722e-04 1.555125375000000000e+06 1.660746750000000000e+06
1.000000000000000000e+00 -9.750000000000000333e-02 1.389999999999999916e-02 -4.799999999999999580e-03 -2.840000000000000163e-02 4.279999999999999777e-02 -9.030000000000000526e-02 -9.420000000000000595e-02 4.399999999999999745e-02 -3.830000000000000071e-02 -1.860000000000000195e-02 1.669999999999999610e-02 -3.050000000000000627e-02 9.506250000000000810e-03 1.932099999999999746e-04 2.303999999999999625e-05 8.065600000000001111e-04 1.831839999999999727e-03 8.154090000000000990e-03 8.873640000000000347e-03 1.935999999999999787e-03 1.466889999999999991e-03 3.459600000000000826e-04 2.788899999999998455e-04 9.302500000000004125e-04 1.553350000000000000e+06 1.663545000000000000e+06
1.000000000000000000e+00 -4.429999999999999910e-02 6.260000000000000286e-02 4.349999999999999700e-02 -6.869999999999999718e-02 -8.799999999999999489e-02 -9.199999999999999845e-02 5.320000000000000423e-02 4.870000000000000717e-02 4.829999999999999571e-02 -4.029999999999999555e-02 -1.307999999999999996e-01 -1.699999999999993183e-03 1.962489999999999894e-03 3.918760000000000299e-03 1.892249999999999835e-03 4.719689999999999476e-03 7.743999999999999148e-03 8.463999999999999302e-03 2.830240000000000360e-03 2.371690000000000517e-03 2.332889999999999790e-03 1.624089999999999692e-03 1.710864000000000135e-02 2.889999999999976989e-06 1.557695500000000000e+06 1.661579875000000000e+06
1.000000000000000000e+00 -8.050000000000000211e-02 -5.079999999999999793e-02 -1.480000000000000066e-02 -8.359999999999999376e-02 -2.335000000000000131e-01 -1.521000000000000130e-01 -3.620000000000000301e-02 -1.134000000000000008e-01 -5.829999999999999766e-02 -1.489999999999999658e-02 -1.455000000000000182e-01 -6.010000000000001452e-02 6.480250000000000767e-03 2.580639999999999930e-03 2.190400000000000170e-04 6.988959999999998923e-03 5.452225000000000821e-02 2.313441000000000455e-02 1.310440000000000172e-03 1.285956000000000078e-02 3.398889999999999897e-03 2.220099999999998886e-04 2.117025000000000504e-02 3.612010000000001868e-03 1.552599625000000000e+06 1.659641125000000000e+06
1.000000000000000000e+00 -9.360000000000000264e-02 -2.700000000000000143e-03 -2.520000000000000018e-02 -2.359999999999999945e-02 -3.520000000000000212e-02 -1.504999999999999949e-01 -1.310000000000000053e-02 4.809999999999999692e-02 -1.039999999999999952e-02 5.999999999999999778e-02 1.983000000000000040e-01 1.600000000000018074e-03 8.760959999999999928e-03 7.290000000000000507e-06 6.350400000000000185e-04 5.569600000000000072e-04 1.239040000000000063e-03 2.265024999999999678e-02 1.716100000000000188e-04 2.313609999999999799e-03 1.081599999999999944e-04 3.599999999999999901e-03 3.932288999999999923e-02 2.560000000000057652e-06 1.557213625000000000e+06 1.669812500000000000e+06
1.000000000000000000e+00 -1.332000000000000128e-01 6.890000000000000291e-02 -2.299999999999999961e-02 -4.229999999999999732e-02 1.184000000000000052e-01 -9.769999999999999518e-02 -3.960000000000001019e-02 7.159999999999999698e-02 2.200000000000000566e-03 -1.869999999999999787e-02 1.536000000000000143e-01 5.279999999999999971e-02 1.774224000000000287e-02 4.747209999999999971e-03 5.289999999999999564e-04 1.789289999999999804e-03 1.401856000000000109e-02 9.545289999999999678e-03 1.568160000000000734e-03 5.126559999999999624e-03 4.840000000000002788e-06 3.496899999999999401e-04 2.359296000000000310e-02 2.787839999999999763e-03 1.554423750000000000e+06 1.662547250000000000e+06
1.000000000000000000e+00 -9.089999999999999469e-02 -7.030000000000000138e-02 -3.570000000000000256e-02 -6.869999999999999718e-02 4.009999999999999676e-02 -1.150999999999999940e-01 4.230000000000001814e-02 -1.391999999999999904e-01 -1.270000000000000295e-02 -2.639999999999999986e-02 -7.830000000000000848e-02 -1.739999999999999880e-02 8.262809999999998906e-03 4.942090000000000545e-03 1.274490000000000085e-03 4.719689999999999476e-03 1.608009999999999778e-03 1.324800999999999930e-02 1.789290000000001539e-03 1.937663999999999706e-02 1.612900000000000770e-04 6.969599999999999407e-04 6.130890000000001686e-03 3.027599999999999541e-04 1.554998375000000000e+06 1.663201125000000000e+06
1.000000000000000000e+00 -1.087000000000000050e-01 -6.239999999999999714e-02 -4.410000000000000031e-02 -8.409999999999999420e-02 5.340000000000000302e-02 -1.360000000000000098e-01 -1.780000000000001026e-02 7.900000000000004241e-03 -8.399999999999997746e-03 -1.539999999999999702e-02 1.330000000000000626e-02 -2.090000000000001579e-02 1.181569000000000022e-02 3.893759999999999583e-03 1.944809999999999942e-03 7.072809999999998820e-03 2.851560000000000379e-03 1.849600000000000202e-02 3.168400000000003614e-04 6.241000000000006146e-05 7.055999999999996140e-05 2.371599999999999045e-04 1.768900000000001580e-04 4.368100000000006374e-04 1.557022375000000000e+06 1.665579500000000000e+06
1.000000000000000000e+00 -6.569999999999999452e-02 -4.019999999999999962e-02 1.959999999999999937e-02 -1.439999999999999961e-02 6.239999999999999714e-02 -9.429999999999999494e-02 4.300000000000001044e-02 2.219999999999999751e-02 6.370000000000000662e-02 6.969999999999999807e-02 8.999999999999994116e-03 4.170000000000001483e-02 4.316489999999999216e-03 1.616040000000000011e-03 3.841599999999999811e-04 2.073599999999999933e-04 3.893759999999999583e-03 8.892489999999999423e-03 1.849000000000000817e-03 4.928399999999999231e-04 4.057690000000000949e-03 4.858089999999999804e-03 8.099999999999989533e-05 1.738890000000001181e-03 1.556299375000000000e+06 1.664915000000000000e+06
1.000000000000000000e+00 -8.089999999999999969e-02 -3.699999999999999817e-02 2.599999999999999881e-03 -1.990000000000000102e-02 7.920000000000000651e-02 -1.192000000000000004e-01 -1.520000000000000517e-02 3.200000000000001454e-03 -1.700000000000000122e-02 -5.500000000000001416e-03 1.680000000000000937e-02 -2.490000000000000546e-02 6.544809999999999864e-03 1.368999999999999774e-03 6.759999999999999652e-06 3.960100000000000252e-04 6.272640000000001201e-03 1.420863999999999981e-02 2.310400000000001461e-04 1.024000000000000868e-05 2.890000000000000316e-04 3.025000000000001700e-05 2.822400000000003335e-04 6.200100000000002658e-04 1.556991125000000000e+06 1.665031500000000000e+06
1.000000000000000000e+00 -8.419999999999999707e-02 -2.910000000000000087e-02 -4.300000000000000003e-03 -2.249999999999999917e-02 3.649999999999999772e-02 -1.264000000000000123e-01 -3.299999999999997380e-03 7.899999999999997302e-03 -6.899999999999999883e-03 -2.599999999999998146e-03 -4.270000000000000878e-02 -7.200000000000011946e-03 7.089639999999999484e-03 8.468100000000000323e-04 1.849000000000000085e-05 5.062499999999999726e-04 1.332249999999999884e-03 1.597696000000000185e-02 1.088999999999998213e-05 6.240999999999995303e-05 4.760999999999999987e-05 6.759999999999990334e-06 1.823290000000000848e-03 5.184000000000017451e-05 1.557785125000000000e+06 1.664966500000000000e+06
1.000000000000000000e+00 -1.010999999999999954e-01 -2.769999999999999893e-02 -1.540000000000000049e-02 -2.620000000000000107e-02 2.670000000000000151e-02 -9.210000000000000131e-02 -1.689999999999999836e-02 1.400000000000001937e-03 -1.110000000000000049e-02 -3.700000000000001898e-03 -9.799999999999996214e-03 3.430000000000001104e-02 1.022120999999999967e-02 7.672899999999998992e-04 2.371600000000000129e-04 6.864400000000000753e-04 7.128900000000000948e-04 8.482410000000000991e-03 2.856099999999999438e-04 1.960000000000005375e-06 1.232100000000000079e-04 1.369000000000001462e-05 9.603999999999992751e-05 1.176490000000000738e-03 1.555165375000000000e+06 1.662318000000000000e+06
1.000000000000000000e+00 -6.710000000000000686e-02 -2.019999999999999921e-02 -3.429999999999999716e-02 -5.260000000000000092e-02 4.660000000000000253e-02 -1.063000000000000056e-01 3.399999999999998856e-02 7.499999999999999722e-03 -1.889999999999999666e-02 -2.639999999999999986e-02 1.990000000000000102e-02 -1.420000000000000429e-02 4.502410000000000960e-03 4.080399999999999761e-04 1.176489999999999871e-03 2.766760000000000053e-03 2.171560000000000330e-03 1.129969000000000112e-02 1.155999999999999259e-03 5.624999999999999846e-05 3.572099999999998952e-04 6.969599999999999407e-04 3.960100000000000252e-04 2.016400000000001091e-04 1.556792250000000000e+06 1.662215500000000000e+06
1.000000000000000000e+00 -7.710000000000000187e-02 -2.489999999999999852e-02 -2.889999999999999861e-02 -6.270000000000000573e-02 7.119999999999999940e-02 -1.179000000000000048e-01 -9.999999999999995004e-03 -4.699999999999999317e-03 5.399999999999998551e-03 -1.010000000000000481e-02 2.459999999999999687e-02 -1.159999999999999920e-02 5.944410000000000666e-03 6.200099999999999405e-04 8.352099999999999672e-04 3.931290000000000479e-03 5.069439999999999710e-03 1.390041000000000193e-02 9.999999999999989637e-05 2.208999999999999348e-05 2.915999999999998509e-05 1.020100000000001024e-04 6.051599999999998777e-04 1.345599999999999856e-04 1.558292250000000000e+06 1.662375125000000000e+06
1.000000000000000000e+00 -9.320000000000000506e-02 4.070000000000000007e-02 1.329999999999999932e-02 -2.239999999999999977e-02 9.149999999999999800e-02 -1.108999999999999986e-01 -1.610000000000000320e-02 6.559999999999999165e-02 4.220000000000000140e-02 4.030000000000000249e-02 2.029999999999999860e-02 7.000000000000006217e-03 8.686240000000001321e-03 1.656490000000000046e-03 1.768899999999999954e-04 5.017599999999999665e-04 8.372249999999999484e-03 1.229881000000000030e-02 2.592100000000001152e-04 4.303359999999999130e-03 1.780840000000000114e-03 1.624090000000000126e-03 4.120899999999999390e-04 4.900000000000008651e-05 1.556620500000000000e+06 1.662078750000000000e+06
1.000000000000000000e+00 -1.103999999999999981e-01 5.220000000000000334e-02 -7.180000000000000271e-02 -3.130000000000000143e-02 9.020000000000000240e-02 -8.540000000000000369e-02 -1.719999999999999307e-02 1.150000000000000328e-02 -8.510000000000000897e-02 -8.900000000000001660e-03 -1.299999999999995604e-03 2.549999999999999489e-02 1.218815999999999997e-02 2.724840000000000508e-03 5.155240000000000170e-03 9.796900000000000747e-04 8.136040000000000633e-03 7.293160000000000788e-03 2.958399999999997425e-04 1.322500000000000704e-04 7.242010000000001849e-03 7.921000000000003613e-05 1.689999999999988478e-06 6.502499999999997865e-04 1.555886375000000000e+06 1.659932000000000000e+06
1.000000000000000000e+00 -4.540000000000000285e-02 -3.020000000000000115e-02 -1.089999999999999997e-02 -3.470000000000000168e-02 1.215999999999999998e-01 -1.039000000000000062e-01 6.500000000000000222e-02 -8.240000000000000102e-02 6.090000000000000274e-02 -3.400000000000000244e-03 3.139999999999999736e-02 -1.850000000000000255e-02 2.061160000000000249e-03 9.120400000000000295e-04 1.188099999999999958e-04 1.204090000000000108e-03 1.478656000000000068e-02 1.079521000000000126e-02 4.225000000000000457e-03 6.789760000000000587e-03 3.708810000000000318e-03 1.156000000000000113e-05 9.859599999999999181e-04 3.422500000000001062e-04 1.557262625000000000e+06 1.657015250000000000e+06
1.000000000000000000e+00 -7.850000000000000033e-02 -4.320000000000000229e-02 -2.580000000000000002e-02 -5.299999999999999850e-02 9.239999999999999603e-02 -1.381000000000000005e-01 -3.309999999999999748e-02 -1.300000000000000114e-02 -1.490000000000000005e-02 -1.829999999999999682e-02 -2.920000000000000373e-02 -3.419999999999999429e-02 6.162250000000000193e-03 1.866240000000000130e-03 6.656400000000000034e-04 2.808999999999999865e-03 8.537759999999998406e-03 1.907160999999999926e-02 1.095609999999999900e-03 1.690000000000000421e-04 2.220099999999999971e-04 3.348899999999999056e-04 8.526400000000002120e-04 1.169639999999999569e-03 1.556013250000000000e+06 1.657385500000000000e+06
1.000000000000000000e+00 -9.070000000000000284e-02 -3.420000000000000123e-02 -3.219999999999999946e-02 -6.610000000000000597e-02 1.305000000000000049e-01 -1.496000000000000107e-01 -1.220000000000000251e-02 9.000000000000001055e-03 -6.399999999999999439e-03 -1.310000000000000747e-02 3.810000000000000886e-02 -1.150000000000001021e-02 8.226490000000001232e-03 1.169640000000000003e-03 1.036840000000000027e-03 4.369210000000000975e-03 1.703025000000000025e-02 2.238016000000000311e-02 1.488400000000000725e-04 8.100000000000001730e-05 4.095999999999999408e-05 1.716100000000002086e-04 1.451610000000000747e-03 1.322500000000002330e-04 1.555691250000000000e+06 1.658683125000000000e+06
1.000000000000000000e+00 -1.199999999999999956e-01 -1.870000000000000134e-02 -6.049999999999999822e-02 -1.510000000000000057e-02 6.419999999999999318e-02 -9.110000000000000042e-02 -2.929999999999999272e-02 1.549999999999999989e-02 -2.829999999999999877e-02 5.100000000000000366e-02 -6.630000000000001170e-02 5.850000000000001033e-02 1.439999999999999961e-02 3.496900000000000485e-04 3.660249999999999875e-03 2.280100000000000074e-04 4.121639999999999332e-03 8.299209999999999574e-03 8.584899999999996223e-04 2.402499999999999851e-04 8.008899999999999570e-04 2.601000000000000447e-03 4.395690000000001575e-03 3.422250000000001246e-03 1.557100125000000000e+06 1.660770375000000000e+06
1.000000000000000000e+00 -8.050000000000000211e-02 -5.799999999999999600e-03 -6.840000000000000246e-02 -3.930000000000000160e-02 8.319999999999999618e-02 -1.237000000000000044e-01 3.949999999999999345e-02 1.290000000000000174e-02 -7.900000000000004241e-03 -2.419999999999999929e-02 1.900000000000000300e-02 -3.260000000000000397e-02 6.480250000000000767e-03 3.363999999999999640e-05 4.678560000000000010e-03 1.544490000000000142e-03 6.922239999999999643e-03 1.530169000000000147e-02 1.560249999999999571e-03 1.664100000000000551e-04 6.241000000000006146e-05 5.856400000000000104e-04 3.610000000000001012e-04 1.062760000000000267e-03 1.558456000000000000e+06 1.660768625000000000e+06
1.000000000000000000e+00 -9.579999999999999627e-02 -2.949999999999999845e-02 -4.199999999999999740e-03 -6.010000000000000064e-02 4.809999999999999692e-02 -1.338000000000000023e-01 -1.529999999999999416e-02 -2.369999999999999885e-02 6.420000000000000706e-02 -2.079999999999999905e-02 -3.509999999999999926e-02 -1.009999999999999787e-02 9.177639999999999063e-03 8.702499999999999299e-04 1.763999999999999713e-05 3.612010000000000134e-03 2.313609999999999799e-03 1.790244000000000210e-02 2.340899999999998136e-04 5.616899999999999974e-04 4.121640000000001067e-03 4.326399999999999777e-04 1.232009999999999963e-03 1.020099999999999534e-04 1.559851500000000000e+06 1.662891875000000000e+06
1.000000000000000000e+00 -1.257999999999999952e-01 -5.920000000000000262e-02 -4.100000000000000172e-02 -8.190000000000000058e-02 6.090000000000000274e-02 -9.529999999999999583e-02 -2.999999999999999889e-02 -2.970000000000000417e-02 -3.679999999999999938e-02 -2.179999999999999993e-02 1.280000000000000582e-02 3.850000000000000644e-02 1.582563999999999846e-02 3.504640000000000272e-03 1.681000000000000202e-03 6.707610000000000135e-03 3.708810000000000318e-03 9.082089999999999261e-03 8.999999999999999754e-04 8.820900000000001960e-04 1.354240000000000044e-03 4.752399999999999832e-04 1.638400000000001390e-04 1.482250000000000494e-03 1.558990375000000000e+06 1.664000625000000000e+06
1.000000000000000000e+00 -7.359999999999999876e-02 -7.699999999999999900e-02 -1.940000000000000058e-02 -4.279999999999999777e-02 -9.270000000000000462e-02 -1.130000000000000032e-01 5.219999999999999640e-02 -1.779999999999999638e-02 2.160000000000000114e-02 3.910000000000000281e-02 -1.536000000000000143e-01 -1.770000000000000739e-02 5.416960000000000178e-03 5.929000000000000242e-03 3.763600000000000083e-04 1.831839999999999727e-03 8.593290000000001691e-03 1.276900000000000084e-02 2.724839999999999641e-03 3.168399999999998735e-04 4.665600000000000324e-04 1.528810000000000238e-03 2.359296000000000310e-02 3.132900000000002480e-04 1.559964750000000000e+06 1.658961250000000000e+06
1.000000000000000000e+00 -3.579999999999999849e-02 -1.569999999999999868e-02 7.570000000000000340e-02 -5.920000000000000262e-02 -2.338000000000000078e-01 1.299999999999999940e-03 3.780000000000000027e-02 6.130000000000000032e-02 9.510000000000000397e-02 -1.640000000000000485e-02 -1.411000000000000032e-01 1.142999999999999988e-01 1.281639999999999906e-03 2.464899999999999795e-04 5.730490000000000410e-03 3.504640000000000272e-03 5.466244000000000658e-02 1.689999999999999913e-06 1.428840000000000015e-03 3.757690000000000162e-03 9.044009999999999896e-03 2.689600000000001625e-04 1.990921000000000010e-02 1.306448999999999978e-02 1.558380750000000000e+06 1.657371500000000000e+06
1.000000000000000000e+00 -6.250000000000000000e-02 6.130000000000000032e-02 -6.500000000000000222e-02 -8.730000000000000260e-02 -9.070000000000000284e-02 3.230000000000000232e-02 -2.670000000000000151e-02 7.699999999999999900e-02 -1.406999999999999917e-01 -2.809999999999999998e-02 1.431000000000000050e-01 3.100000000000000325e-02 3.906250000000000000e-03 3.757690000000000162e-03 4.225000000000000457e-03 7.621290000000000182e-03 8.226490000000001232e-03 1.043290000000000103e-03 7.128900000000000948e-04 5.929000000000000242e-03 1.979648999999999645e-02 7.896100000000000514e-04 2.047761000000000026e-02 9.610000000000001570e-04 1.559128875000000000e+06 1.660564375000000000e+06
1.000000000000000000e+00 -7.149999999999999412e-02 4.610000000000000209e-02 -1.830000000000000029e-02 -6.149999999999999911e-02 1.500000000000000031e-03 -7.480000000000000537e-02 -8.999999999999994116e-03 -1.519999999999999823e-02 4.670000000000000540e-02 2.580000000000000349e-02 9.220000000000000417e-02 -1.071000000000000008e-01 5.112249999999998740e-03 2.125210000000000207e-03 3.348900000000000141e-04 3.782250000000000022e-03 2.250000000000000057e-06 5.595040000000000777e-03 8.099999999999989533e-05 2.310399999999999563e-04 2.180890000000000432e-03 6.656400000000002202e-04 8.500840000000000826e-03 1.147041000000000033e-02 1.553373250000000000e+06 1.649661000000000000e+06
1.000000000000000000e+00 -5.449999999999999983e-02 1.310000000000000053e-02 1.006999999999999978e-01 -5.589999999999999830e-02 -9.790000000000000091e-02 -5.539999999999999786e-02 1.699999999999999428e-02 -3.300000000000000155e-02 1.189999999999999947e-01 5.600000000000000810e-03 -9.940000000000000224e-02 1.940000000000000752e-02 2.970249999999999800e-03 1.716100000000000188e-04 1.014049000000000027e-02 3.124810000000000001e-03 9.584409999999999805e-03 3.069159999999999597e-03 2.889999999999998148e-04 1.089000000000000124e-03 1.416099999999999824e-02 3.136000000000001146e-05 9.880360000000001225e-03 3.763600000000002794e-04 1.554568125000000000e+06 1.655247750000000000e+06
1.000000000000000000e+00 -6.469999999999999363e-02 1.140000000000000041e-02 -1.940000000000000058e-02 6.000000000000000125e-03 -8.939999999999999336e-02 -7.649999999999999856e-02 -1.019999999999999379e-02 -1.700000000000000122e-03 -1.200999999999999984e-01 6.189999999999999669e-02 8.500000000000007550e-03 -2.110000000000000070e-02 4.186089999999999083e-03 1.299600000000000093e-04 3.763600000000000083e-04 3.600000000000000091e-05 7.992359999999998701e-03 5.852249999999999813e-03 1.040399999999998780e-04 2.890000000000000282e-06 1.442400999999999926e-02 3.831609999999999617e-03 7.225000000000012987e-05 4.452100000000000285e-04 1.557142750000000000e+06 1.662425125000000000e+06
1.000000000000000000e+00 -7.649999999999999856e-02 -2.330000000000000127e-02 -1.590000000000000094e-02 -1.100000000000000066e-03 2.050000000000000086e-02 -7.270000000000000073e-02 -1.180000000000000493e-02 -3.470000000000000168e-02 3.499999999999999639e-03 -7.100000000000000408e-03 1.098999999999999977e-01 3.799999999999997824e-03 5.852249999999999813e-03 5.428900000000000826e-04 2.528100000000000139e-04 1.210000000000000062e-06 4.202500000000000506e-04 5.285289999999999780e-03 1.392400000000001102e-04 1.204090000000000108e-03 1.224999999999999791e-05 5.041000000000000694e-05 1.207801000000000013e-02 1.443999999999998372e-05 1.559304625000000000e+06 1.664734625000000000e+06
1.000000000000000000e+00 -9.660000000000000531e-02 -3.400000000000000244e-02 -3.119999999999999857e-02 -1.170000000000000033e-02 2.139999999999999888e-02 -9.639999999999999958e-02 -2.010000000000000675e-02 -1.070000000000000118e-02 -1.529999999999999763e-02 -1.060000000000000005e-02 8.999999999999980238e-04 -2.369999999999999885e-02 9.331560000000000896e-03 1.156000000000000126e-03 9.734399999999998956e-04 1.368899999999999989e-04 4.579599999999999318e-04 9.292959999999999415e-03 4.040100000000002738e-04 1.144900000000000236e-04 2.340899999999999221e-04 1.123600000000000016e-04 8.099999999999964799e-07 5.616899999999999974e-04 1.559470125000000000e+06 1.665342000000000000e+06
1.000000000000000000e+00 -7.399999999999999634e-02 -2.999999999999999889e-02 -4.299999999999999656e-02 1.190000000000000085e-02 3.810000000000000192e-02 -1.035999999999999976e-01 2.260000000000000897e-02 4.000000000000003553e-03 -1.179999999999999799e-02 2.360000000000000292e-02 1.670000000000000304e-02 -7.199999999999998068e-03 5.475999999999999097e-03 8.999999999999999754e-04 1.848999999999999732e-03 1.416100000000000214e-04 1.451610000000000096e-03 1.073295999999999972e-02 5.107600000000004021e-04 1.600000000000002977e-05 1.392399999999999476e-04 5.569600000000001156e-04 2.788900000000001165e-04 5.183999999999997123e-05 1.558477000000000000e+06 1.663540750000000000e+06
1.000000000000000000e+00 -4.569999999999999757e-02 -1.899999999999999996e-03 -3.389999999999999958e-02 -3.389999999999999958e-02 2.259999999999999856e-02 -1.083999999999999964e-01 2.829999999999999877e-02 2.809999999999999998e-02 9.099999999999996980e-03 -4.580000000000000043e-02 -1.550000000000000336e-02 -4.799999999999998712e-03 2.088489999999999704e-03 3.610000000000000165e-06 1.149209999999999902e-03 1.149209999999999902e-03 5.107599999999999684e-04 1.175055999999999844e-02 8.008899999999999570e-04 7.896100000000000514e-04 8.280999999999994745e-05 2.097640000000000008e-03 2.402500000000000935e-04 2.303999999999998608e-05 1.559765750000000000e+06 1.665358875000000000e+06
1.000000000000000000e+00 -1.350999999999999979e-01 -6.199999999999999782e-03 6.469999999999999363e-02 -5.229999999999999927e-02 8.399999999999999481e-03 -1.305000000000000049e-01 -8.940000000000000724e-02 -4.300000000000000003e-03 9.859999999999999321e-02 -1.839999999999999969e-02 -1.419999999999999908e-02 -2.210000000000000853e-02 1.825200999999999907e-02 3.843999999999999788e-05 4.186089999999999083e-03 2.735290000000000030e-03 7.055999999999998851e-05 1.703025000000000025e-02 7.992360000000000436e-03 1.849000000000000085e-05 9.721959999999998242e-03 3.385600000000000111e-04 2.016399999999999736e-04 4.884100000000004280e-04 1.557526875000000000e+06 1.662014875000000000e+06
1.000000000000000000e+00 -6.660000000000000642e-02 -4.889999999999999902e-02 5.929999999999999855e-02 -5.399999999999999939e-02 -2.700000000000000143e-03 -7.499999999999999722e-02 6.849999999999999145e-02 -4.270000000000000184e-02 -5.399999999999995082e-03 -1.700000000000000122e-03 -1.109999999999999876e-02 5.550000000000000766e-02 4.435560000000000717e-03 2.391209999999999950e-03 3.516489999999999720e-03 2.915999999999999755e-03 7.290000000000000507e-06 5.624999999999999792e-03 4.692249999999998505e-03 1.823290000000000197e-03 2.915999999999994782e-05 2.890000000000000282e-06 1.232099999999999808e-04 3.080250000000000956e-03 1.557547625000000000e+06 1.659465500000000000e+06
1.000000000000000000e+00 -9.660000000000000531e-02 -1.969999999999999876e-02 -2.500000000000000139e-02 -4.469999999999999668e-02 7.199999999999999803e-03 -9.289999999999999647e-02 -2.999999999999999889e-02 2.920000000000000026e-02 -8.429999999999999993e-02 9.300000000000002709e-03 9.899999999999999079e-03 -1.789999999999999925e-02 9.331560000000000896e-03 3.880899999999999519e-04 6.250000000000001214e-04 1.998089999999999675e-03 5.183999999999999833e-05 8.630409999999999818e-03 8.999999999999999754e-04 8.526399999999999951e-04 7.106490000000000029e-03 8.649000000000004774e-05 9.800999999999997811e-05 3.204099999999999765e-04 1.558112875000000000e+06 1.660737375000000000e+06
1.000000000000000000e+00 -1.047000000000000014e-01 1.689999999999999836e-02 3.520000000000000212e-02 -5.020000000000000157e-02 2.960000000000000131e-02 -9.460000000000000353e-02 -8.099999999999996092e-03 3.659999999999999365e-02 6.020000000000000351e-02 -5.500000000000004885e-03 2.240000000000000324e-02 -1.700000000000007061e-03 1.096209000000000072e-02 2.856099999999999438e-04 1.239040000000000063e-03 2.520040000000000301e-03 8.761600000000000681e-04 8.949160000000001142e-03 6.560999999999993595e-05 1.339559999999999623e-03 3.624040000000000247e-03 3.025000000000005427e-05 5.017600000000001833e-04 2.890000000000023999e-06 1.558314375000000000e+06 1.660253125000000000e+06
1.000000000000000000e+00 -1.580000000000000154e-02 6.619999999999999496e-02 -2.970000000000000070e-02 -3.989999999999999797e-02 1.409999999999999969e-02 -7.530000000000000582e-02 8.890000000000000679e-02 4.929999999999999660e-02 -6.489999999999999936e-02 1.030000000000000360e-02 -1.550000000000000162e-02 1.929999999999999771e-02 2.496400000000000290e-04 4.382439999999999600e-03 8.820900000000000876e-04 1.592009999999999823e-03 1.988100000000000023e-04 5.670090000000000893e-03 7.903210000000000790e-03 2.430489999999999561e-03 4.212009999999999539e-03 1.060900000000000769e-04 2.402500000000000393e-04 3.724899999999998980e-04 1.559333875000000000e+06 1.661809000000000000e+06
1.000000000000000000e+00 -3.729999999999999982e-02 4.100000000000000346e-03 4.780000000000000221e-02 1.199999999999999895e-03 8.000000000000000167e-03 -7.860000000000000320e-02 -2.149999999999999828e-02 -6.209999999999999548e-02 7.749999999999999944e-02 4.109999999999999765e-02 -6.099999999999999520e-03 -3.299999999999997380e-03 1.391289999999999888e-03 1.681000000000000338e-05 2.284840000000000221e-03 1.439999999999999765e-06 6.399999999999999710e-05 6.177960000000000569e-03 4.622499999999999331e-04 3.856409999999999352e-03 6.006250000000000304e-03 1.689209999999999800e-03 3.720999999999999102e-05 1.088999999999998213e-05 1.559761500000000000e+06 1.663835500000000000e+06
1.000000000000000000e+00 -5.550000000000000072e-02 -1.111000000000000043e-01 -2.539999999999999897e-02 -9.270000000000000462e-02 -1.746999999999999942e-01 -9.919999999999999651e-02 -1.820000000000000090e-02 -1.152000000000000107e-01 -7.320000000000000118e-02 -9.390000000000001124e-02 -1.827000000000000013e-01 -2.059999999999999332e-02 3.080250000000000089e-03 1.234321000000000029e-02 6.451599999999999826e-04 8.593290000000001691e-03 3.052008999999999625e-02 9.840639999999999457e-03 3.312400000000000067e-04 1.327104000000000304e-02 5.358240000000000225e-03 8.817210000000002407e-03 3.337928999999999896e-02 4.243599999999997114e-04 1.559985000000000000e+06 1.662912000000000000e+06
1.000000000000000000e+00 -1.439999999999999961e-02 -1.640000000000000138e-02 6.790000000000000202e-02 -1.629999999999999852e-02 -1.975999999999999979e-01 -1.779999999999999985e-02 4.109999999999999765e-02 9.470000000000000639e-02 9.329999999999999405e-02 7.640000000000000957e-02 -2.290000000000000369e-02 8.140000000000000013e-02 2.073599999999999933e-04 2.689600000000000541e-04 4.610410000000000549e-03 2.656899999999999583e-04 3.904575999999999880e-02 3.168399999999999819e-04 1.689209999999999800e-03 8.968090000000001477e-03 8.704889999999998115e-03 5.836960000000001279e-03 5.244100000000002188e-04 6.625960000000000183e-03 1.558571000000000000e+06 1.661935625000000000e+06
1.000000000000000000e+00 -4.769999999999999934e-02 1.107999999999999957e-01 4.000000000000000083e-02 -9.009999999999999953e-02 -7.049999999999999323e-02 3.080000000000000099e-02 -3.329999999999999627e-02 1.272000000000000075e-01 -2.790000000000000119e-02 -7.380000000000000449e-02 1.270999999999999908e-01 4.860000000000000431e-02 2.275290000000000125e-03 1.227663999999999839e-02 1.600000000000000077e-03 8.118010000000000156e-03 4.970249999999998974e-03 9.486400000000000518e-04 1.108889999999999746e-03 1.617984000000000089e-02 7.784100000000001044e-04 5.446440000000000309e-03 1.615440999999999752e-02 2.361960000000000622e-03 1.555148625000000000e+06 1.659694250000000000e+06
1.000000000000000000e+00 -1.142999999999999988e-01 5.729999999999999677e-02 1.480000000000000066e-02 -1.789999999999999925e-01 -8.429999999999999993e-02 3.810000000000000192e-02 -6.659999999999999254e-02 -5.349999999999999895e-02 -2.520000000000000018e-02 -8.889999999999999292e-02 -1.380000000000000671e-02 7.300000000000000933e-03 1.306448999999999978e-02 3.283289999999999473e-03 2.190400000000000170e-04 3.204100000000000004e-02 7.106490000000000029e-03 1.451610000000000096e-03 4.435559999999998983e-03 2.862249999999999777e-03 6.350400000000000185e-04 7.903209999999999055e-03 1.904400000000001892e-04 5.329000000000001325e-05 1.557092625000000000e+06 1.660596750000000000e+06
1.000000000000000000e+00 -9.529999999999999583e-02 -4.660000000000000253e-02 2.970000000000000070e-02 -7.570000000000000340e-02 -1.159999999999999920e-02 -1.370000000000000037e-02 1.900000000000000300e-02 -1.038999999999999924e-01 1.490000000000000005e-02 1.032999999999999891e-01 7.270000000000000073e-02 -5.179999999999999882e-02 9.082089999999999261e-03 2.171560000000000330e-03 8.820900000000000876e-04 5.730490000000000410e-03 1.345599999999999856e-04 1.876900000000000139e-04 3.610000000000001012e-04 1.079520999999999779e-02 2.220099999999999971e-04 1.067088999999999711e-02 5.285289999999999780e-03 2.683239999999999931e-03 1.557382000000000000e+06 1.659870875000000000e+06
1.000000000000000000e+00 -5.109999999999999959e-02 -1.580000000000000154e-02 1.179999999999999973e-02 -9.900000000000000813e-03 6.499999999999999702e-03 -1.400000000000000029e-02 4.419999999999999624e-02 3.080000000000000099e-02 -1.789999999999999925e-02 6.579999999999999738e-02 1.809999999999999803e-02 -2.999999999999999195e-04 2.611210000000000094e-03 2.496400000000000290e-04 1.392400000000000018e-04 9.801000000000001876e-05 4.224999999999999698e-05 1.960000000000000208e-04 1.953639999999999544e-03 9.486400000000000518e-04 3.204099999999999765e-04 4.329640000000000051e-03 3.276099999999999347e-04 8.999999999999994563e-08 1.559039125000000000e+06 1.664616750000000000e+06
1.000000000000000000e+00 -4.859999999999999737e-02 -2.900000000000000147e-02 2.129999999999999949e-02 -1.329999999999999932e-02 5.000000000000000104e-04 -4.449999999999999789e-02 2.500000000000002220e-03 -1.319999999999999993e-02 9.499999999999999764e-03 -3.399999999999998510e-03 -6.000000000000000125e-03 -3.049999999999999933e-02 2.361959999999999754e-03 8.410000000000000591e-04 4.536899999999999744e-04 1.768899999999999954e-04 2.499999999999999887e-07 1.980249999999999806e-03 6.250000000000011311e-06 1.742399999999999852e-04 9.024999999999999819e-05 1.155999999999998927e-05 3.600000000000000091e-05 9.302499999999999788e-04 1.559239250000000000e+06 1.665334250000000000e+06
1.000000000000000000e+00 -7.249999999999999500e-02 1.689999999999999836e-02 3.760000000000000148e-02 -3.200000000000000067e-02 -6.899999999999999883e-03 -1.710000000000000062e-02 -2.389999999999999764e-02 4.589999999999999636e-02 1.630000000000000199e-02 -1.870000000000000134e-02 -7.400000000000000328e-03 2.739999999999999727e-02 5.256249999999999638e-03 2.856099999999999438e-04 1.413760000000000017e-03 1.023999999999999954e-03 4.760999999999999987e-05 2.924100000000000006e-04 5.712099999999998385e-04 2.106809999999999759e-03 2.656900000000000667e-04 3.496900000000000485e-04 5.476000000000000426e-05 7.507599999999998389e-04 1.558003000000000000e+06 1.664196000000000000e+06
1.000000000000000000e+00 -5.820000000000000173e-02 2.489999999999999852e-02 4.410000000000000031e-02 -2.610000000000000167e-02 -2.340000000000000066e-02 -4.819999999999999979e-02 1.429999999999999327e-02 8.000000000000000167e-03 6.499999999999998834e-03 5.899999999999998995e-03 -1.650000000000000078e-02 -3.109999999999999917e-02 3.387240000000000129e-03 6.200099999999999405e-04 1.944809999999999942e-03 6.812100000000001271e-04 5.475599999999999955e-04 2.323239999999999854e-03 2.044899999999997989e-04 6.399999999999999710e-05 4.224999999999998342e-05 3.480999999999998689e-05 2.722500000000000310e-04 9.672099999999999231e-04 1.557552000000000000e+06 1.661948875000000000e+06
1.000000000000000000e+00 -1.000999999999999945e-01 -4.420000000000000318e-02 4.000000000000000083e-02 -6.809999999999999387e-02 -5.559999999999999665e-02 -9.900000000000000813e-03 -4.189999999999999281e-02 -6.909999999999999476e-02 -4.099999999999999478e-03 -4.199999999999999567e-02 -3.219999999999999252e-02 3.830000000000000071e-02 1.002000999999999933e-02 1.953640000000000411e-03 1.600000000000000077e-03 4.637609999999999476e-03 3.091359999999999594e-03 9.801000000000001876e-05 1.755609999999999463e-03 4.774809999999999124e-03 1.680999999999999660e-05 1.763999999999999726e-03 1.036839999999999594e-03 1.466889999999999991e-03 1.557286875000000000e+06 1.661223000000000000e+06
1.000000000000000000e+00 -1.154000000000000026e-01 -1.220000000000000077e-02 7.860000000000000320e-02 -1.236000000000000015e-01 -9.589999999999999913e-02 -4.050000000000000128e-02 -1.530000000000000804e-02 3.200000000000000067e-02 3.860000000000000236e-02 -5.550000000000000766e-02 -4.030000000000000249e-02 -3.060000000000000220e-02 1.331715999999999976e-02 1.488400000000000183e-04 6.177960000000000569e-03 1.527696000000000089e-02 9.196809999999999707e-03 1.640249999999999998e-03 2.340900000000002473e-04 1.023999999999999954e-03 1.489960000000000243e-03 3.080250000000000956e-03 1.624090000000000126e-03 9.363600000000001219e-04 1.555344250000000000e+06 1.657090500000000000e+06
1.000000000000000000e+00 -1.069999999999999979e-01 5.990000000000000185e-02 7.149999999999999412e-02 -1.145999999999999935e-01 -5.360000000000000181e-02 -5.140000000000000124e-02 8.400000000000004685e-03 7.209999999999999742e-02 -7.100000000000009082e-03 9.000000000000007994e-03 4.229999999999999732e-02 -1.089999999999999997e-02 1.144899999999999911e-02 3.588010000000000418e-03 5.112249999999998740e-03 1.313315999999999789e-02 2.872960000000000357e-03 2.641960000000000055e-03 7.056000000000008337e-05 5.198409999999999663e-03 5.041000000000012891e-05 8.100000000000013927e-05 1.789289999999999804e-03 1.188099999999999958e-04 1.555447250000000000e+06 1.658504250000000000e+06
1.000000000000000000e+00 -1.383000000000000063e-01 9.890000000000000180e-02 -7.499999999999999722e-03 -8.749999999999999445e-02 -9.919999999999999651e-02 -4.370000000000000273e-02 -3.130000000000000837e-02 3.899999999999999994e-02 -7.899999999999998690e-02 2.709999999999999909e-02 -4.559999999999999470e-02 7.699999999999998512e-03 1.912689000000000056e-02 9.781210000000000251e-03 5.624999999999999846e-05 7.656249999999998994e-03 9.840639999999999457e-03 1.909690000000000346e-03 9.796900000000005083e-04 1.521000000000000000e-03 6.240999999999998285e-03 7.344099999999999023e-04 2.079359999999999715e-03 5.928999999999997613e-05 1.557363875000000000e+06 1.661082750000000000e+06
1.000000000000000000e+00 -8.060000000000000497e-02 -2.659999999999999865e-02 -6.300000000000000044e-03 -5.850000000000000339e-02 -4.909999999999999781e-02 -4.610000000000000209e-02 5.770000000000000129e-02 -1.255000000000000004e-01 1.199999999999999678e-03 2.899999999999999106e-02 5.009999999999999870e-02 -2.399999999999999356e-03 6.496360000000000502e-03 7.075599999999999815e-04 3.969000000000000116e-05 3.422250000000000379e-03 2.410809999999999776e-03 2.125210000000000207e-03 3.329289999999999940e-03 1.575025000000000036e-02 1.439999999999999130e-06 8.409999999999995170e-04 2.510010000000000019e-03 5.759999999999996521e-06 1.556142875000000000e+06 1.662520375000000000e+06
1.000000000000000000e+00 -9.189999999999999558e-02 1.170000000000000033e-02 -8.899999999999999925e-03 -8.480000000000000038e-02 -6.719999999999999585e-02 -3.049999999999999933e-02 -1.129999999999999061e-02 3.830000000000000071e-02 -2.599999999999999881e-03 -2.629999999999999699e-02 -1.809999999999999803e-02 1.560000000000000275e-02 8.445609999999999229e-03 1.368899999999999989e-04 7.920999999999999547e-05 7.191040000000000106e-03 4.515839999999999264e-03 9.302499999999999788e-04 1.276899999999997753e-04 1.466889999999999991e-03 6.759999999999999652e-06 6.916899999999997963e-04 3.276099999999999347e-04 2.433600000000000823e-04 1.553589125000000000e+06 1.659967750000000000e+06
1.000000000000000000e+00 -1.574000000000000121e-01 7.309999999999999831e-02 3.710000000000000103e-02 -7.639999999999999569e-02 -3.690000000000000224e-02 -3.579999999999999849e-02 -6.550000000000001654e-02 6.139999999999999625e-02 4.599999999999999922e-02 8.400000000000004685e-03 3.029999999999999361e-02 -5.299999999999999156e-03 2.477476000000000331e-02 5.343609999999999506e-03 1.376410000000000003e-03 5.836959999999999545e-03 1.361610000000000077e-03 1.281639999999999906e-03 4.290250000000002395e-03 3.769959999999999718e-03 2.115999999999999825e-03 7.056000000000008337e-05 9.180899999999996616e-04 2.808999999999999025e-05 1.553016125000000000e+06 1.655897875000000000e+06
1.000000000000000000e+00 -9.779999999999999805e-02 -1.810000000000000150e-02 2.759999999999999953e-02 -8.899999999999999578e-02 -2.960000000000000131e-02 -1.149999999999999981e-02 5.960000000000001408e-02 -9.120000000000000329e-02 -9.500000000000001499e-03 -1.260000000000000009e-02 7.300000000000000933e-03 2.429999999999999868e-02 9.564839999999999801e-03 3.276100000000000431e-04 7.617599999999999979e-04 7.920999999999999222e-03 8.761600000000000681e-04 1.322499999999999891e-04 3.552160000000001688e-03 8.317440000000000597e-03 9.025000000000002530e-05 1.587600000000000046e-04 5.329000000000001325e-05 5.904899999999999385e-04 1.553574250000000000e+06 1.657908250000000000e+06
1.000000000000000000e+00 -1.122999999999999970e-01 -4.410000000000000031e-02 -1.640000000000000138e-02 -8.010000000000000453e-02 -1.481000000000000094e-01 7.580000000000000626e-02 -1.449999999999999900e-02 -2.599999999999999881e-02 -4.399999999999999745e-02 8.899999999999991251e-03 -1.185000000000000081e-01 8.730000000000000260e-02 1.261128999999999896e-02 1.944809999999999942e-03 2.689600000000000541e-04 6.416010000000000636e-03 2.193361000000000269e-02 5.745640000000000643e-03 2.102499999999999606e-04 6.759999999999999516e-04 1.935999999999999787e-03 7.920999999999984640e-05 1.404225000000000265e-02 7.621290000000000182e-03 1.553130125000000000e+06 1.658849125000000000e+06
1.000000000000000000e+00 9.479999999999999538e-02 3.549999999999999684e-02 -5.129999999999999838e-02 -2.529999999999999957e-02 -5.412000000000000144e-01 2.051000000000000045e-01 2.071000000000000063e-01 7.960000000000000409e-02 -3.490000000000000047e-02 5.480000000000000149e-02 -3.931000000000000050e-01 1.292999999999999983e-01 8.987039999999999959e-03 1.260249999999999869e-03 2.631689999999999897e-03 6.400899999999999515e-04 2.928974400000000089e-01 4.206601000000000090e-02 4.289041000000000381e-02 6.336160000000000403e-03 1.218010000000000056e-03 3.003040000000000223e-03 1.545276100000000097e-01 1.671848999999999905e-02 1.550988250000000000e+06 1.660603125000000000e+06
1.000000000000000000e+00 1.228999999999999954e-01 5.999999999999999778e-02 3.610000000000000014e-02 -2.170000000000000054e-02 -2.310999999999999999e-01 1.383999999999999952e-01 2.809999999999999998e-02 2.450000000000000094e-02 8.740000000000000546e-02 3.599999999999999034e-03 3.101000000000000423e-01 -6.670000000000000928e-02 1.510440999999999867e-02 3.599999999999999901e-03 1.303209999999999959e-03 4.708900000000000130e-04 5.340720999999999663e-02 1.915455999999999756e-02 7.896100000000000514e-04 6.002500000000000890e-04 7.638760000000001382e-03 1.295999999999999281e-05 9.616201000000001997e-02 4.448890000000001350e-03 1.551291500000000000e+06 1.657071375000000000e+06
1.000000000000000000e+00 -3.070000000000000159e-02 1.152999999999999997e-01 8.820000000000000062e-02 -9.479999999999999538e-02 8.849999999999999534e-02 5.020000000000000157e-02 -1.535999999999999865e-01 5.530000000000000193e-02 5.210000000000000048e-02 -7.309999999999999831e-02 3.195999999999999952e-01 -8.820000000000000062e-02 9.424900000000001462e-04 1.329408999999999973e-02 7.779239999999999766e-03 8.987039999999999959e-03 7.832249999999998935e-03 2.520040000000000301e-03 2.359295999999999616e-02 3.058090000000000287e-03 2.714410000000000000e-03 5.343609999999999506e-03 1.021441599999999977e-01 7.779239999999999766e-03 1.554312250000000000e+06 1.667447500000000000e+06
1.000000000000000000e+00 -9.700000000000000289e-03 0.000000000000000000e+00 -1.089999999999999997e-02 -2.620000000000000107e-02 -1.980000000000000163e-02 5.729999999999999677e-02 2.100000000000000130e-02 -1.152999999999999997e-01 -9.909999999999999365e-02 6.859999999999999432e-02 -1.082999999999999935e-01 7.099999999999995204e-03 9.409000000000000208e-05 0.000000000000000000e+00 1.188099999999999958e-04 6.864400000000000753e-04 3.920400000000000751e-04 3.283289999999999473e-03 4.410000000000000400e-04 1.329408999999999973e-02 9.820809999999999262e-03 4.705959999999999484e-03 1.172888999999999876e-02 5.040999999999993240e-05 1.552711875000000000e+06 1.655931375000000000e+06
1.000000000000000000e+00 1.969999999999999876e-02 -3.599999999999999901e-03 2.160000000000000114e-02 -1.830000000000000029e-02 -4.909999999999999781e-02 -1.529999999999999936e-02 2.939999999999999905e-02 -3.599999999999999901e-03 3.250000000000000111e-02 7.900000000000000772e-03 -2.929999999999999619e-02 -7.259999999999999787e-02 3.880899999999999519e-04 1.295999999999999958e-05 4.665600000000000324e-04 3.348900000000000141e-04 2.410809999999999776e-03 2.340899999999999763e-04 8.643599999999999981e-04 1.295999999999999958e-05 1.056250000000000114e-03 6.241000000000000724e-05 8.584899999999997307e-04 5.270759999999999335e-03 1.549267500000000000e+06 1.655017375000000000e+06
1.000000000000000000e+00 2.850000000000000103e-02 -1.060000000000000005e-02 -4.899999999999999842e-03 -8.200000000000000691e-03 -1.689999999999999836e-02 -1.919999999999999832e-02 8.800000000000002265e-03 -7.000000000000000146e-03 -2.650000000000000272e-02 1.009999999999999960e-02 3.219999999999999946e-02 -3.899999999999998954e-03 8.122500000000000379e-04 1.123600000000000016e-04 2.400999999999999882e-05 6.724000000000001352e-05 2.856099999999999438e-04 3.686399999999999400e-04 7.744000000000004461e-05 4.900000000000000519e-05 7.022500000000001831e-04 1.020099999999999940e-04 1.036840000000000027e-03 1.520999999999999159e-05 1.552523250000000000e+06 1.659582125000000000e+06
1.000000000000000000e+00 -5.369999999999999774e-02 -3.130000000000000143e-02 6.360000000000000375e-02 -3.130000000000000143e-02 -1.230000000000000017e-02 4.000000000000000192e-04 -8.219999999999999529e-02 -2.070000000000000312e-02 6.850000000000000533e-02 -2.310000000000000248e-02 4.599999999999998188e-03 1.959999999999999937e-02 2.883689999999999951e-03 9.796900000000000747e-04 4.044960000000000222e-03 9.796900000000000747e-04 1.512899999999999965e-04 1.600000000000000033e-07 6.756839999999999201e-03 4.284900000000001208e-04 4.692250000000001108e-03 5.336100000000001172e-04 2.115999999999998375e-05 3.841599999999999811e-04 1.551713875000000000e+06 1.659200750000000000e+06
1.000000000000000000e+00 -8.649999999999999356e-02 2.889999999999999861e-02 1.439999999999999961e-02 -6.350000000000000089e-02 -7.059999999999999609e-02 1.510000000000000057e-02 -3.279999999999999583e-02 6.020000000000000351e-02 -4.920000000000000762e-02 -3.219999999999999946e-02 -5.829999999999999766e-02 1.470000000000000126e-02 7.482249999999999318e-03 8.352099999999999672e-04 2.073599999999999933e-04 4.032250000000000244e-03 4.984359999999999312e-03 2.280100000000000074e-04 1.075839999999999783e-03 3.624040000000000247e-03 2.420640000000000812e-03 1.036840000000000027e-03 3.398889999999999897e-03 2.160900000000000266e-04 1.550882625000000000e+06 1.659079125000000000e+06
1.000000000000000000e+00 -8.640000000000000457e-02 -4.100000000000000346e-03 -5.399999999999999939e-02 -8.039999999999999925e-02 -7.100000000000000408e-03 -3.139999999999999736e-02 9.999999999998898659e-05 -3.300000000000000155e-02 -6.840000000000000246e-02 -1.689999999999999836e-02 6.350000000000000089e-02 -4.649999999999999967e-02 7.464960000000000519e-03 1.681000000000000338e-05 2.915999999999999755e-03 6.464160000000000045e-03 5.041000000000000694e-05 9.859599999999999181e-04 9.999999999997796600e-09 1.089000000000000124e-03 4.678560000000000010e-03 2.856099999999999438e-04 4.032250000000000244e-03 2.162250000000000109e-03 1.551142000000000000e+06 1.659159375000000000e+06
1.000000000000000000e+00 -2.639999999999999986e-02 1.000000000000000021e-03 3.309999999999999748e-02 -1.679999999999999896e-02 -8.600000000000000006e-03 -1.600000000000000077e-03 6.000000000000000472e-02 5.100000000000000366e-03 8.709999999999999687e-02 6.360000000000000375e-02 -1.499999999999999598e-03 2.979999999999999663e-02 6.969599999999999407e-04 9.999999999999999547e-07 1.095609999999999900e-03 2.822399999999999540e-04 7.396000000000000339e-05 2.560000000000000054e-06 3.600000000000000769e-03 2.601000000000000339e-05 7.586409999999999161e-03 4.044960000000000222e-03 2.249999999999998786e-06 8.880399999999997714e-04 1.551119000000000000e+06 1.656224750000000000e+06
1.000000000000000000e+00 -2.040000000000000147e-02 -5.199999999999999761e-02 1.129999999999999928e-02 -1.779999999999999985e-02 -6.199999999999999782e-03 1.600000000000000033e-02 5.999999999999998390e-03 -5.299999999999999850e-02 -2.179999999999999993e-02 -1.000000000000000888e-03 2.400000000000000223e-03 1.760000000000000106e-02 4.161600000000000542e-04 2.703999999999999806e-03 1.276899999999999921e-04 3.168399999999999819e-04 3.843999999999999788e-05 2.559999999999999884e-04 3.599999999999998058e-05 2.808999999999999865e-03 4.752399999999999832e-04 1.000000000000001861e-06 5.760000000000000756e-06 3.097600000000000158e-04 1.548844375000000000e+06 1.652627750000000000e+06
1.000000000000000000e+00 -5.100000000000000366e-03 -3.359999999999999792e-02 1.810000000000000150e-02 -2.259999999999999856e-02 6.100000000000000387e-03 -3.350000000000000200e-02 1.530000000000000110e-02 1.839999999999999969e-02 6.800000000000002223e-03 -4.799999999999998712e-03 1.230000000000000017e-02 -4.950000000000000233e-02 2.601000000000000339e-05 1.128959999999999816e-03 3.276100000000000431e-04 5.107599999999999684e-04 3.721000000000000457e-05 1.122250000000000201e-03 2.340900000000000305e-04 3.385600000000000111e-04 4.624000000000003162e-05 2.303999999999998608e-05 1.512899999999999965e-04 2.450250000000000171e-03 1.548786375000000000e+06 1.651031000000000000e+06
1.000000000000000000e+00 1.080000000000000057e-02 -3.330000000000000321e-02 2.000000000000000042e-03 -8.899999999999999925e-03 3.230000000000000232e-02 -3.350000000000000200e-02 1.590000000000000094e-02 2.999999999999947153e-04 -1.610000000000000320e-02 1.369999999999999864e-02 2.620000000000000107e-02 0.000000000000000000e+00 1.166400000000000081e-04 1.108890000000000179e-03 3.999999999999999819e-06 7.920999999999999547e-05 1.043290000000000103e-03 1.122250000000000201e-03 2.528100000000000139e-04 8.999999999999683544e-08 2.592100000000001152e-04 1.876899999999999597e-04 6.864400000000000753e-04 0.000000000000000000e+00 1.548006000000000000e+06 1.647335375000000000e+06
1.000000000000000000e+00 -1.909999999999999892e-02 3.150000000000000022e-02 1.820000000000000090e-02 -3.740000000000000269e-02 3.370000000000000079e-02 -3.590000000000000135e-02 -2.989999999999999949e-02 6.479999999999999649e-02 1.619999999999999912e-02 -2.850000000000000450e-02 1.399999999999998468e-03 -2.399999999999999356e-03 3.648099999999999715e-04 9.922500000000000764e-04 3.312400000000000067e-04 1.398760000000000194e-03 1.135689999999999963e-03 1.288810000000000042e-03 8.940099999999999870e-04 4.199039999999999370e-03 2.624399999999999606e-04 8.122500000000002548e-04 1.959999999999995634e-06 5.759999999999996521e-06 1.547597500000000000e+06 1.647624625000000000e+06
1.000000000000000000e+00 -7.520000000000000295e-02 5.999999999999999778e-02 5.040000000000000036e-02 -4.399999999999999745e-02 9.299999999999999239e-03 -3.479999999999999760e-02 -5.610000000000000403e-02 2.849999999999999756e-02 3.219999999999999946e-02 -6.599999999999994760e-03 -2.440000000000000155e-02 1.100000000000003753e-03 5.655040000000000067e-03 3.599999999999999901e-03 2.540160000000000074e-03 1.935999999999999787e-03 8.648999999999997998e-05 1.211039999999999816e-03 3.147210000000000545e-03 8.122499999999998211e-04 1.036840000000000027e-03 4.355999999999992853e-05 5.953600000000000732e-04 1.210000000000008320e-06 1.548370625000000000e+06 1.646029125000000000e+06
1.000000000000000000e+00 -1.389999999999999916e-02 -2.549999999999999836e-02 6.779999999999999916e-02 -4.329999999999999821e-02 1.409999999999999969e-02 -9.299999999999999239e-03 6.130000000000000726e-02 -8.549999999999999267e-02 1.739999999999999880e-02 6.999999999999992339e-04 4.800000000000000447e-03 2.549999999999999836e-02 1.932099999999999746e-04 6.502499999999998949e-04 4.596839999999999607e-03 1.874889999999999933e-03 1.988100000000000023e-04 8.648999999999997998e-05 3.757690000000001029e-03 7.310249999999999040e-03 3.027599999999999541e-04 4.899999999999989084e-07 2.304000000000000302e-05 6.502499999999998949e-04 1.548439500000000000e+06 1.648649875000000000e+06
1.000000000000000000e+00 -3.810000000000000192e-02 -4.839999999999999858e-02 1.720000000000000001e-02 -1.890000000000000013e-02 4.019999999999999962e-02 5.199999999999999761e-03 -2.420000000000000276e-02 -2.290000000000000022e-02 -5.059999999999999915e-02 2.439999999999999808e-02 2.609999999999999820e-02 1.449999999999999900e-02 1.451610000000000096e-03 2.342560000000000042e-03 2.958400000000000135e-04 3.572100000000000036e-04 1.616040000000000011e-03 2.703999999999999861e-05 5.856400000000001188e-04 5.244100000000000020e-04 2.560359999999999806e-03 5.953599999999998563e-04 6.812099999999999102e-04 2.102499999999999606e-04 1.549723625000000000e+06 1.649941625000000000e+06
1.000000000000000000e+00 3.080000000000000099e-02 -4.689999999999999725e-02 -4.519999999999999712e-02 -8.800000000000000530e-03 1.220000000000000077e-02 -4.039999999999999841e-02 6.890000000000000291e-02 1.500000000000001332e-03 -6.239999999999999714e-02 1.009999999999999960e-02 -2.799999999999999711e-02 -4.560000000000000164e-02 9.486400000000000518e-04 2.199609999999999847e-03 2.043039999999999873e-03 7.744000000000000395e-05 1.488400000000000183e-04 1.632159999999999904e-03 4.747209999999999971e-03 2.250000000000003869e-06 3.893759999999999583e-03 1.020099999999999940e-04 7.839999999999998663e-04 2.079360000000000149e-03 1.546214000000000000e+06 1.648229875000000000e+06
1.000000000000000000e+00 1.230000000000000017e-02 5.829999999999999766e-02 1.685999999999999999e-01 9.799999999999999684e-03 -9.900000000000000466e-02 -5.650000000000000161e-02 -1.850000000000000255e-02 1.051999999999999880e-01 2.137999999999999901e-01 1.859999999999999848e-02 -1.112000000000000072e-01 -1.610000000000000320e-02 1.512899999999999965e-04 3.398889999999999897e-03 2.842596000000000012e-02 9.603999999999999527e-05 9.801000000000000684e-03 3.192250000000000209e-03 3.422500000000001062e-04 1.106703999999999674e-02 4.571043999999999802e-02 3.459599999999999199e-04 1.236544000000000185e-02 2.592100000000001152e-04 1.546606000000000000e+06 1.642044750000000000e+06
1.000000000000000000e+00 9.850000000000000422e-02 1.423000000000000098e-01 1.280999999999999917e-01 1.208999999999999936e-01 -2.121000000000000107e-01 -2.230000000000000038e-02 8.619999999999999885e-02 8.400000000000001910e-02 -4.050000000000000822e-02 1.110999999999999904e-01 -1.131000000000000061e-01 3.420000000000000123e-02 9.702250000000000804e-03 2.024929000000000312e-02 1.640960999999999809e-02 1.461680999999999918e-02 4.498641000000000445e-02 4.972900000000000584e-04 7.430439999999999962e-03 7.056000000000003242e-03 1.640250000000000648e-03 1.234320999999999856e-02 1.279161000000000187e-02 1.169640000000000003e-03 1.549051875000000000e+06 1.650546375000000000e+06
1.000000000000000000e+00 5.109999999999999959e-02 6.740000000000000158e-02 -3.130000000000000143e-02 7.109999999999999654e-02 -1.063000000000000056e-01 -2.549999999999999836e-02 -4.740000000000000463e-02 -7.490000000000000824e-02 -1.593999999999999861e-01 -4.979999999999999705e-02 1.058000000000000052e-01 -3.199999999999997985e-03 2.611210000000000094e-03 4.542759999999999854e-03 9.796900000000000747e-04 5.055209999999999218e-03 1.129969000000000112e-02 6.502499999999998949e-04 2.246760000000000423e-03 5.610010000000001211e-03 2.540835999999999442e-02 2.480039999999999762e-03 1.119364000000000123e-02 1.023999999999998666e-05 1.551389500000000000e+06 1.658203875000000000e+06
1.000000000000000000e+00 -1.244999999999999996e-01 -1.060000000000000005e-02 2.050000000000000086e-02 -1.071000000000000008e-01 1.750000000000000167e-02 -6.110000000000000153e-02 -1.756000000000000061e-01 -7.799999999999999989e-02 5.179999999999999882e-02 -1.781999999999999973e-01 1.238000000000000073e-01 -3.560000000000000664e-02 1.550025000000000014e-02 1.123600000000000016e-04 4.202500000000000506e-04 1.147041000000000033e-02 3.062500000000000443e-04 3.733210000000000261e-03 3.083536000000000263e-02 6.083999999999999998e-03 2.683239999999999931e-03 3.175523999999999708e-02 1.532644000000000194e-02 1.267360000000000578e-03 1.552929250000000000e+06 1.661205875000000000e+06
1.000000000000000000e+00 -1.670999999999999985e-01 1.299999999999999940e-03 -2.089999999999999844e-02 -7.839999999999999747e-02 1.909999999999999892e-02 -7.699999999999999900e-02 -4.259999999999999898e-02 1.190000000000000085e-02 -4.139999999999999930e-02 2.870000000000000329e-02 1.599999999999997258e-03 -1.589999999999999747e-02 2.792240999999999820e-02 1.689999999999999913e-06 4.368099999999999327e-04 6.146559999999999697e-03 3.648099999999999715e-04 5.929000000000000242e-03 1.814759999999999898e-03 1.416100000000000214e-04 1.713960000000000049e-03 8.236900000000001859e-04 2.559999999999991160e-06 2.528099999999999055e-04 1.555754625000000000e+06 1.665810625000000000e+06
1.000000000000000000e+00 -6.550000000000000266e-02 2.069999999999999965e-02 -1.590000000000000094e-02 -1.129999999999999928e-02 1.799999999999999951e-03 -7.259999999999999787e-02 1.015999999999999959e-01 1.940000000000000058e-02 4.999999999999997502e-03 6.709999999999999298e-02 -1.729999999999999941e-02 4.400000000000001132e-03 4.290250000000000660e-03 4.284900000000000124e-04 2.528100000000000139e-04 1.276899999999999921e-04 3.239999999999999896e-06 5.270759999999999335e-03 1.032255999999999972e-02 3.763600000000000083e-04 2.499999999999997409e-05 4.502409999999999225e-03 2.992899999999999619e-04 1.936000000000001115e-05 1.555330875000000000e+06 1.667906375000000000e+06
1.000000000000000000e+00 -8.469999999999999751e-02 -7.799999999999999642e-03 4.089999999999999886e-02 -3.849999999999999950e-02 -2.199999999999999872e-02 -7.689999999999999614e-02 -1.919999999999999485e-02 -2.849999999999999756e-02 5.680000000000000326e-02 -2.720000000000000195e-02 -2.379999999999999824e-02 -4.299999999999998268e-03 7.174089999999999287e-03 6.083999999999999348e-05 1.672809999999999835e-03 1.482250000000000061e-03 4.839999999999999468e-04 5.913609999999999700e-03 3.686399999999997773e-04 8.122499999999998211e-04 3.226240000000000444e-03 7.398400000000000722e-04 5.664399999999998690e-04 1.848999999999998391e-05 1.554164625000000000e+06 1.663180250000000000e+06
1.000000000000000000e+00 -1.102999999999999953e-01 -7.400000000000000328e-03 3.500000000000000073e-03 -5.689999999999999919e-02 -4.000000000000000083e-03 -9.070000000000000284e-02 -2.559999999999999776e-02 3.999999999999993144e-04 -3.739999999999999575e-02 -1.839999999999999969e-02 1.799999999999999864e-02 -1.380000000000000671e-02 1.216608999999999920e-02 5.476000000000000426e-05 1.225000000000000130e-05 3.237609999999999707e-03 1.599999999999999928e-05 8.226490000000001232e-03 6.553599999999999053e-04 1.599999999999994475e-07 1.398759999999999760e-03 3.385600000000000111e-04 3.239999999999999608e-04 1.904400000000001892e-04 1.553488875000000000e+06 1.663086125000000000e+06
1.000000000000000000e+00 -5.129999999999999838e-02 1.700000000000000122e-02 -3.500000000000000073e-03 -5.689999999999999919e-02 -2.709999999999999909e-02 -1.032000000000000001e-01 5.899999999999999689e-02 2.440000000000000155e-02 -7.000000000000000146e-03 0.000000000000000000e+00 -2.309999999999999901e-02 -1.249999999999999722e-02 2.631689999999999897e-03 2.890000000000000316e-04 1.225000000000000130e-05 3.237609999999999707e-03 7.344099999999999023e-04 1.065024000000000005e-02 3.480999999999999719e-03 5.953600000000000732e-04 4.900000000000000519e-05 0.000000000000000000e+00 5.336099999999999004e-04 1.562499999999999219e-04 1.553406875000000000e+06 1.661896250000000000e+06
1.000000000000000000e+00 -1.729999999999999941e-02 1.399999999999999986e-03 -3.030000000000000054e-02 5.140000000000000124e-02 1.859999999999999848e-02 -1.173000000000000015e-01 3.400000000000000244e-02 -1.560000000000000102e-02 -2.680000000000000090e-02 1.083000000000000074e-01 4.569999999999999757e-02 -1.410000000000000142e-02 2.992899999999999619e-04 1.959999999999999869e-06 9.180899999999999868e-04 2.641960000000000055e-03 3.459599999999999199e-04 1.375929000000000041e-02 1.156000000000000126e-03 2.433600000000000281e-04 7.182400000000000893e-04 1.172889000000000223e-02 2.088489999999999704e-03 1.988100000000000294e-04 1.553871125000000000e+06 1.660294125000000000e+06
1.000000000000000000e+00 -5.500000000000000028e-02 -3.000000000000000062e-03 -6.599999999999999964e-03 1.609999999999999973e-02 -3.710000000000000103e-02 -1.062000000000000027e-01 -3.769999999999999740e-02 -4.400000000000000265e-03 2.369999999999999885e-02 -3.529999999999999805e-02 -5.569999999999999951e-02 1.109999999999999876e-02 3.024999999999999911e-03 9.000000000000000228e-06 4.355999999999999629e-05 2.592100000000000068e-04 1.376410000000000003e-03 1.127844000000000069e-02 1.421289999999999750e-03 1.936000000000000099e-05 5.616899999999999974e-04 1.246089999999999828e-03 3.102489999999999849e-03 1.232099999999999808e-04 1.555461625000000000e+06 1.666848750000000000e+06
1.000000000000000000e+00 -1.125000000000000028e-01 -7.799999999999999642e-03 2.079999999999999905e-02 -9.099999999999999756e-02 -3.810000000000000192e-02 -8.269999999999999574e-02 -5.750000000000000250e-02 -4.799999999999999580e-03 2.740000000000000074e-02 -1.071000000000000008e-01 -1.000000000000000888e-03 2.350000000000000699e-02 1.265625000000000083e-02 6.083999999999999348e-05 4.326399999999999777e-04 8.281000000000000166e-03 1.451610000000000096e-03 6.839289999999999606e-03 3.306250000000000161e-03 2.303999999999999625e-05 7.507600000000000558e-04 1.147041000000000033e-02 1.000000000000001861e-06 5.522500000000003318e-04 1.551921625000000000e+06 1.659633250000000000e+06
1.000000000000000000e+00 -1.129000000000000004e-01 -3.590000000000000135e-02 1.640000000000000138e-02 -3.939999999999999752e-02 1.250000000000000069e-02 -7.539999999999999480e-02 -3.999999999999975797e-04 -2.809999999999999998e-02 -4.399999999999997663e-03 5.160000000000000003e-02 5.060000000000000608e-02 7.300000000000000933e-03 1.274640999999999968e-02 1.288810000000000042e-03 2.689600000000000541e-04 1.552359999999999808e-03 1.562500000000000304e-04 5.685159999999998999e-03 1.599999999999980711e-07 7.896100000000000514e-04 1.935999999999998066e-05 2.662560000000000014e-03 2.560360000000000674e-03 5.329000000000001325e-05 1.551965125000000000e+06 1.657248625000000000e+06
1.000000000000000000e+00 -3.939999999999999752e-02 2.210000000000000159e-02 6.199999999999999782e-03 -4.920000000000000068e-02 1.009999999999999960e-02 -7.499999999999999722e-02 7.350000000000000977e-02 5.800000000000000294e-02 -1.020000000000000073e-02 -9.800000000000003153e-03 -2.400000000000001091e-03 3.999999999999975797e-04 1.552359999999999808e-03 4.884100000000001027e-04 3.843999999999999788e-05 2.420639999999999945e-03 1.020099999999999940e-04 5.624999999999999792e-03 5.402250000000001669e-03 3.364000000000000237e-03 1.040400000000000135e-04 9.604000000000006304e-05 5.760000000000004991e-06 1.599999999999980711e-07 1.553545625000000000e+06 1.662445875000000000e+06
1.000000000000000000e+00 -7.639999999999999569e-02 2.110000000000000070e-02 8.699999999999999400e-03 -7.380000000000000449e-02 3.099999999999999891e-03 -9.600000000000000200e-02 -3.699999999999999817e-02 -1.000000000000000888e-03 2.499999999999999618e-03 -2.460000000000000381e-02 -6.999999999999999278e-03 -2.100000000000000477e-02 5.836959999999999545e-03 4.452100000000000285e-04 7.568999999999998852e-05 5.446440000000000309e-03 9.609999999999999470e-06 9.216000000000000233e-03 1.368999999999999774e-03 1.000000000000001861e-06 6.249999999999997758e-06 6.051600000000002030e-04 4.899999999999999164e-05 4.410000000000002026e-04 1.555013375000000000e+06 1.664150000000000000e+06
1.000000000000000000e+00 -9.969999999999999696e-02 1.529999999999999936e-02 6.000000000000000125e-03 -2.299999999999999961e-02 1.159999999999999920e-02 -1.102000000000000063e-01 -2.330000000000000127e-02 -5.800000000000001335e-03 -2.699999999999999276e-03 5.080000000000000487e-02 8.499999999999998876e-03 -1.420000000000000429e-02 9.940089999999998649e-03 2.340899999999999763e-04 3.600000000000000091e-05 5.289999999999999564e-04 1.345599999999999856e-04 1.214404000000000178e-02 5.428900000000000826e-04 3.364000000000001673e-05 7.289999999999996271e-06 2.580640000000000364e-03 7.224999999999998080e-05 2.016400000000001091e-04 1.553498375000000000e+06 1.661661625000000000e+06
1.000000000000000000e+00 -1.155000000000000054e-01 -3.440000000000000002e-02 -1.190000000000000085e-02 -2.850000000000000103e-02 3.049999999999999933e-02 -1.236000000000000015e-01 -1.580000000000000848e-02 -4.970000000000000112e-02 -1.789999999999999925e-02 -5.500000000000001416e-03 1.890000000000000013e-02 -1.339999999999999525e-02 1.334025000000000141e-02 1.183360000000000054e-03 1.416100000000000214e-04 8.122500000000000379e-04 9.302499999999999788e-04 1.527696000000000089e-02 2.496400000000002458e-04 2.470090000000000306e-03 3.204099999999999765e-04 3.025000000000001700e-05 3.572100000000000036e-04 1.795599999999998597e-04 1.553704875000000000e+06 1.661760875000000000e+06
1.000000000000000000e+00 -5.949999999999999734e-02 -7.400000000000000328e-03 1.000000000000000048e-04 -3.200000000000000067e-02 2.330000000000000127e-02 -9.239999999999999603e-02 5.600000000000000810e-02 2.699999999999999969e-02 1.200000000000000025e-02 -3.499999999999999639e-03 -7.199999999999998068e-03 3.120000000000000551e-02 3.540249999999999560e-03 5.476000000000000426e-05 1.000000000000000021e-08 1.023999999999999954e-03 5.428900000000000826e-04 8.537759999999998406e-03 3.136000000000000766e-03 7.289999999999999388e-04 1.440000000000000036e-04 1.224999999999999791e-05 5.183999999999997123e-05 9.734400000000003293e-04 1.554057000000000000e+06 1.661520625000000000e+06
1.000000000000000000e+00 -9.329999999999999405e-02 1.299999999999999940e-02 3.520000000000000212e-02 -5.720000000000000084e-02 6.899999999999999883e-03 -1.096000000000000030e-01 -3.379999999999999671e-02 2.040000000000000147e-02 3.509999999999999926e-02 -2.520000000000000018e-02 -1.640000000000000138e-02 -1.720000000000000695e-02 8.704889999999998115e-03 1.689999999999999879e-04 1.239040000000000063e-03 3.271840000000000252e-03 4.760999999999999987e-05 1.201216000000000089e-02 1.142439999999999775e-03 4.161600000000000542e-04 1.232009999999999963e-03 6.350400000000000185e-04 2.689600000000000541e-04 2.958400000000002304e-04 1.553880875000000000e+06 1.660777750000000000e+06
1.000000000000000000e+00 -1.209999999999999964e-01 3.090000000000000038e-02 4.039999999999999841e-02 -6.890000000000000291e-02 7.300000000000000065e-03 -1.212000000000000022e-01 -2.770000000000000240e-02 1.789999999999999925e-02 5.199999999999996292e-03 -1.170000000000000207e-02 4.000000000000001818e-04 -1.159999999999999920e-02 1.464099999999999950e-02 9.548100000000000554e-04 1.632159999999999904e-03 4.747209999999999971e-03 5.328999999999999970e-05 1.468943999999999979e-02 7.672900000000001160e-04 3.204099999999999765e-04 2.703999999999996134e-05 1.368900000000000531e-04 1.600000000000001357e-07 1.345599999999999856e-04 1.553768125000000000e+06 1.658275875000000000e+06
1.000000000000000000e+00 -6.969999999999999807e-02 -4.830000000000000265e-02 5.229999999999999927e-02 -1.089999999999999997e-02 7.900000000000000772e-03 -8.039999999999999925e-02 5.129999999999999838e-02 -7.920000000000000651e-02 1.190000000000000085e-02 5.800000000000000294e-02 6.000000000000007064e-04 4.080000000000000293e-02 4.858089999999999804e-03 2.332890000000000224e-03 2.735290000000000030e-03 1.188099999999999958e-04 6.241000000000000724e-05 6.464160000000000045e-03 2.631689999999999897e-03 6.272640000000001201e-03 1.416100000000000214e-04 3.364000000000000237e-03 3.600000000000008413e-07 1.664640000000000217e-03 1.554039125000000000e+06 1.658665750000000000e+06
1.000000000000000000e+00 -9.339999999999999691e-02 -3.699999999999999817e-02 4.120000000000000051e-02 -2.120000000000000009e-02 1.849999999999999908e-02 -1.150000000000000050e-01 -2.369999999999999885e-02 1.130000000000000449e-02 -1.109999999999999876e-02 -1.030000000000000013e-02 1.059999999999999831e-02 -3.460000000000000575e-02 8.723559999999999995e-03 1.368999999999999774e-03 1.697440000000000147e-03 4.494400000000000066e-04 3.422499999999999436e-04 1.322500000000000064e-02 5.616899999999999974e-04 1.276900000000001005e-04 1.232099999999999808e-04 1.060900000000000092e-04 1.123599999999999610e-04 1.197160000000000498e-03 1.554012000000000000e+06 1.656680875000000000e+06
1.000000000000000000e+00 -1.192000000000000004e-01 -7.000000000000000146e-03 4.689999999999999725e-02 -3.740000000000000269e-02 3.610000000000000014e-02 -1.257999999999999952e-01 -2.580000000000000349e-02 2.999999999999999889e-02 5.699999999999996736e-03 -1.620000000000000259e-02 1.760000000000000106e-02 -1.079999999999999016e-02 1.420863999999999981e-02 4.900000000000000519e-05 2.199609999999999847e-03 1.398760000000000194e-03 1.303209999999999959e-03 1.582563999999999846e-02 6.656400000000002202e-04 8.999999999999999754e-04 3.248999999999996167e-05 2.624400000000000691e-04 3.097600000000000158e-04 1.166399999999997913e-04 1.552747375000000000e+06 1.654293750000000000e+06
1.000000000000000000e+00 -7.649999999999999856e-02 2.869999999999999982e-02 6.569999999999999452e-02 -5.460000000000000270e-02 2.719999999999999848e-02 -9.030000000000000526e-02 4.270000000000000184e-02 3.570000000000000256e-02 1.879999999999999727e-02 -1.720000000000000001e-02 -8.900000000000001660e-03 3.549999999999998990e-02 5.852249999999999813e-03 8.236899999999999691e-04 4.316489999999999216e-03 2.981160000000000494e-03 7.398399999999999638e-04 8.154090000000000990e-03 1.823290000000000197e-03 1.274490000000000085e-03 3.534399999999998957e-04 2.958400000000000135e-04 7.921000000000003613e-05 1.260249999999999218e-03 1.553093625000000000e+06 1.655686875000000000e+06
1.000000000000000000e+00 -9.139999999999999514e-02 4.789999999999999813e-02 5.510000000000000314e-02 -6.579999999999999738e-02 2.649999999999999925e-02 -1.084999999999999992e-01 -1.489999999999999658e-02 1.919999999999999832e-02 -1.059999999999999137e-02 -1.119999999999999468e-02 -6.999999999999992339e-04 -1.819999999999999396e-02 8.353959999999998817e-03 2.294409999999999766e-03 3.036010000000000444e-03 4.329640000000000051e-03 7.022499999999999663e-04 1.177224999999999973e-02 2.220099999999998886e-04 3.686399999999999400e-04 1.123599999999998119e-04 1.254399999999998832e-04 4.899999999999989084e-07 3.312399999999997898e-04 1.552959750000000000e+06 1.655878000000000000e+06
1.000000000000000000e+00 -9.819999999999999563e-02 6.100000000000000387e-03 -1.000000000000000021e-03 -3.799999999999999992e-03 2.989999999999999949e-02 -1.175999999999999962e-01 -6.800000000000000488e-03 -4.179999999999999688e-02 -5.610000000000000403e-02 6.199999999999999956e-02 3.400000000000000244e-03 -9.099999999999996980e-03 9.643239999999999104e-03 3.721000000000000457e-05 9.999999999999999547e-07 1.444000000000000066e-05 8.940099999999999870e-04 1.382975999999999997e-02 4.624000000000000451e-05 1.747239999999999731e-03 3.147210000000000545e-03 3.843999999999999761e-03 1.156000000000000113e-05 8.280999999999994745e-05 1.553850500000000000e+06 1.658049750000000000e+06
1.000000000000000000e+00 -3.289999999999999869e-02 -8.600000000000000006e-03 5.079999999999999793e-02 -2.999999999999999737e-04 4.889999999999999902e-02 -7.749999999999999944e-02 6.529999999999999694e-02 -1.470000000000000126e-02 5.179999999999999882e-02 3.500000000000000073e-03 1.899999999999999953e-02 4.009999999999999676e-02 1.082410000000000013e-03 7.396000000000000339e-05 2.580639999999999930e-03 8.999999999999998534e-08 2.391209999999999950e-03 6.006250000000000304e-03 4.264089999999999894e-03 2.160900000000000266e-04 2.683239999999999931e-03 1.225000000000000130e-05 3.609999999999999928e-04 1.608009999999999778e-03 1.553796250000000000e+06 1.656226750000000000e+06
1.000000000000000000e+00 8.899999999999999925e-03 -2.489999999999999852e-02 -1.030000000000000013e-02 1.220000000000000077e-02 -8.600000000000000006e-03 -6.829999999999999960e-02 4.179999999999999688e-02 -1.629999999999999852e-02 -6.110000000000000153e-02 1.250000000000000069e-02 -5.749999999999999556e-02 9.199999999999999845e-03 7.920999999999999547e-05 6.200099999999999405e-04 1.060900000000000092e-04 1.488400000000000183e-04 7.396000000000000339e-05 4.664889999999999662e-03 1.747239999999999731e-03 2.656899999999999583e-04 3.733210000000000261e-03 1.562500000000000304e-04 3.306249999999999294e-03 8.464000000000000278e-05 1.553085625000000000e+06 1.655489125000000000e+06
1.000000000000000000e+00 3.490000000000000047e-02 6.640000000000000069e-02 6.859999999999999432e-02 2.259999999999999856e-02 -6.500000000000000222e-02 -1.043000000000000038e-01 2.600000000000000228e-02 9.129999999999999227e-02 7.889999999999999791e-02 1.039999999999999779e-02 -5.640000000000000568e-02 -3.600000000000000422e-02 1.218010000000000056e-03 4.408959999999999962e-03 4.705959999999999484e-03 5.107599999999999684e-04 4.225000000000000457e-03 1.087849000000000108e-02 6.760000000000001685e-04 8.335689999999998032e-03 6.225209999999999251e-03 1.081599999999999538e-04 3.180960000000000471e-03 1.296000000000000277e-03 1.556692500000000000e+06 1.662955375000000000e+06
1.000000000000000000e+00 3.299999999999999982e-03 -1.020000000000000073e-02 -1.340000000000000045e-02 -9.799999999999999684e-03 -4.920000000000000068e-02 -1.139000000000000012e-01 -3.160000000000000309e-02 -7.660000000000000142e-02 -8.199999999999998956e-02 -3.239999999999999825e-02 1.580000000000000154e-02 -9.599999999999997424e-03 1.088999999999999907e-05 1.040400000000000135e-04 1.795600000000000223e-04 9.603999999999999527e-05 2.420639999999999945e-03 1.297321000000000064e-02 9.985600000000001159e-04 5.867559999999999963e-03 6.723999999999998207e-03 1.049759999999999843e-03 2.496400000000000290e-04 9.215999999999994433e-05 1.556743250000000000e+06 1.664271500000000000e+06
1.000000000000000000e+00 -9.990000000000000269e-02 -5.779999999999999721e-02 -1.450000000000000074e-02 -3.169999999999999901e-02 4.499999999999999833e-02 -1.287999999999999978e-01 -1.032000000000000001e-01 -4.759999999999999648e-02 -1.100000000000000283e-03 -2.189999999999999933e-02 9.420000000000000595e-02 -1.489999999999999658e-02 9.980010000000000964e-03 3.340839999999999869e-03 2.102500000000000148e-04 1.004890000000000037e-03 2.024999999999999890e-03 1.658944000000000044e-02 1.065024000000000005e-02 2.265759999999999476e-03 1.210000000000000697e-06 4.796099999999999973e-04 8.873640000000000347e-03 2.220099999999998886e-04 1.552785125000000000e+06 1.656524375000000000e+06
1.000000000000000000e+00 -4.830000000000000265e-02 6.210000000000000242e-02 2.860000000000000042e-02 -4.649999999999999967e-02 1.499999999999999944e-02 -9.249999999999999889e-02 5.160000000000000003e-02 1.199000000000000066e-01 4.309999999999999942e-02 -1.480000000000000066e-02 -2.999999999999999889e-02 3.629999999999999893e-02 2.332890000000000224e-03 3.856410000000000220e-03 8.179600000000000629e-04 2.162250000000000109e-03 2.249999999999999938e-04 8.556249999999999620e-03 2.662560000000000014e-03 1.437601000000000157e-02 1.857609999999999990e-03 2.190400000000000170e-04 8.999999999999999754e-04 1.317689999999999834e-03 1.549797125000000000e+06 1.647170875000000000e+06
1.000000000000000000e+00 -3.209999999999999659e-02 1.039999999999999952e-02 -3.500000000000000073e-03 -4.130000000000000338e-02 2.730000000000000135e-02 -8.359999999999999376e-02 1.620000000000000606e-02 -5.170000000000000290e-02 -3.210000000000000353e-02 5.199999999999996292e-03 1.230000000000000190e-02 8.900000000000005129e-03 1.030409999999999833e-03 1.081599999999999944e-04 1.225000000000000130e-05 1.705690000000000374e-03 7.452900000000001234e-04 6.988959999999998923e-03 2.624400000000001775e-04 2.672890000000000248e-03 1.030410000000000267e-03 2.703999999999996134e-05 1.512900000000000507e-04 7.921000000000009034e-05 1.553405125000000000e+06 1.656655125000000000e+06
1.000000000000000000e+00 -2.670000000000000151e-02 -6.350000000000000089e-02 7.300000000000000065e-03 -2.809999999999999998e-02 3.200000000000000067e-02 -9.600000000000000200e-02 5.399999999999995082e-03 -7.389999999999999347e-02 1.080000000000000057e-02 1.320000000000000340e-02 4.699999999999999317e-03 -1.240000000000000824e-02 7.128900000000000948e-04 4.032250000000000244e-03 5.328999999999999970e-05 7.896100000000000514e-04 1.023999999999999954e-03 9.216000000000000233e-03 2.915999999999994782e-05 5.461209999999999329e-03 1.166400000000000081e-04 1.742400000000000936e-04 2.208999999999999348e-05 1.537600000000002084e-04 1.557314375000000000e+06 1.664804500000000000e+06
1.000000000000000000e+00 1.859999999999999848e-02 -5.410000000000000225e-02 -2.299999999999999961e-02 3.540000000000000091e-02 3.309999999999999748e-02 -1.199000000000000066e-01 4.529999999999999999e-02 9.399999999999998634e-03 -3.030000000000000054e-02 6.350000000000000089e-02 1.099999999999996814e-03 -2.390000000000000457e-02 3.459599999999999199e-04 2.926810000000000175e-03 5.289999999999999564e-04 1.253160000000000125e-03 1.095609999999999900e-03 1.437601000000000157e-02 2.052089999999999904e-03 8.835999999999997394e-05 9.180899999999999868e-04 4.032250000000000244e-03 1.209999999999993074e-06 5.712100000000002722e-04 1.558221375000000000e+06 1.668499500000000000e+06
1.000000000000000000e+00 -3.610000000000000014e-02 -2.170000000000000054e-02 2.750000000000000014e-02 1.629999999999999852e-02 6.499999999999999702e-03 -1.885000000000000009e-01 -5.469999999999999862e-02 3.239999999999999825e-02 5.050000000000000322e-02 -1.910000000000000239e-02 -2.659999999999999865e-02 -6.859999999999999432e-02 1.303209999999999959e-03 4.708900000000000130e-04 7.562499999999999778e-04 2.656899999999999583e-04 4.224999999999999698e-05 3.553225000000000133e-02 2.992089999999999767e-03 1.049759999999999843e-03 2.550250000000000433e-03 3.648100000000000800e-04 7.075599999999999815e-04 4.705959999999999484e-03 1.559651500000000000e+06 1.671097125000000000e+06
1.000000000000000000e+00 -1.343999999999999917e-01 -1.689999999999999836e-02 3.440000000000000002e-02 -2.290000000000000022e-02 -3.599999999999999901e-03 -1.187000000000000000e-01 -9.829999999999999849e-02 4.800000000000002182e-03 6.899999999999999883e-03 -3.919999999999999873e-02 -1.009999999999999960e-02 6.980000000000000093e-02 1.806335999999999706e-02 2.856099999999999438e-04 1.183360000000000054e-03 5.244100000000000020e-04 1.295999999999999958e-05 1.408969000000000020e-02 9.662890000000000368e-03 2.304000000000001996e-05 4.760999999999999987e-05 1.536639999999999924e-03 1.020099999999999940e-04 4.872040000000000225e-03 1.558834125000000000e+06 1.668886625000000000e+06
1.000000000000000000e+00 -1.016999999999999987e-01 2.730000000000000135e-02 5.799999999999999600e-03 -4.370000000000000273e-02 2.019999999999999921e-02 -7.140000000000000513e-02 3.269999999999999296e-02 4.420000000000000318e-02 -2.860000000000000042e-02 -2.080000000000000251e-02 2.379999999999999824e-02 4.729999999999999483e-02 1.034289000000000042e-02 7.452900000000001234e-04 3.363999999999999640e-05 1.909690000000000346e-03 4.080399999999999761e-04 5.097960000000000338e-03 1.069289999999999434e-03 1.953640000000000411e-03 8.179600000000000629e-04 4.326400000000000861e-04 5.664399999999998690e-04 2.237289999999999418e-03 1.558809875000000000e+06 1.669541250000000000e+06
1.000000000000000000e+00 -9.850000000000000422e-02 6.379999999999999560e-02 6.999999999999999929e-04 -4.200000000000000261e-02 3.699999999999999817e-02 -7.169999999999999984e-02 3.199999999999994515e-03 3.649999999999999079e-02 -5.099999999999999499e-03 1.700000000000000122e-03 1.679999999999999896e-02 -2.999999999999947153e-04 9.702250000000000804e-03 4.070439999999999822e-03 4.899999999999999672e-07 1.764000000000000160e-03 1.368999999999999774e-03 5.140890000000000390e-03 1.023999999999996464e-05 1.332249999999999233e-03 2.600999999999999322e-05 2.890000000000000282e-06 2.822399999999999540e-04 8.999999999999683544e-08 1.559518000000000000e+06 1.669777625000000000e+06
1.000000000000000000e+00 9.199999999999999845e-03 -6.499999999999999702e-03 -8.500000000000000611e-03 -1.839999999999999969e-02 4.359999999999999987e-02 -6.069999999999999701e-02 1.077000000000000041e-01 -7.030000000000000138e-02 -9.199999999999999845e-03 2.360000000000000292e-02 6.600000000000001699e-03 1.100000000000000283e-02 8.464000000000000278e-05 4.224999999999999698e-05 7.225000000000000790e-05 3.385600000000000111e-04 1.900959999999999933e-03 3.684489999999999467e-03 1.159929000000000168e-02 4.942090000000000545e-03 8.464000000000000278e-05 5.569600000000001156e-04 4.356000000000002340e-05 1.210000000000000680e-04 1.559725125000000000e+06 1.667447000000000000e+06
1.000000000000000000e+00 3.950000000000000039e-02 2.869999999999999982e-02 -1.089999999999999997e-02 -8.999999999999999754e-04 5.920000000000000262e-02 -5.199999999999999761e-02 3.030000000000000054e-02 3.520000000000000212e-02 -2.399999999999999356e-03 1.749999999999999820e-02 1.560000000000000275e-02 8.699999999999999400e-03 1.560250000000000005e-03 8.236899999999999691e-04 1.188099999999999958e-04 8.099999999999999739e-07 3.504640000000000272e-03 2.703999999999999806e-03 9.180899999999999868e-04 1.239040000000000063e-03 5.759999999999996521e-06 3.062499999999999359e-04 2.433600000000000823e-04 7.568999999999998852e-05 1.558540875000000000e+06 1.664734125000000000e+06
1.000000000000000000e+00 5.659999999999999754e-02 4.680000000000000132e-02 4.499999999999999660e-03 9.299999999999999239e-03 5.820000000000000173e-02 -3.219999999999999946e-02 1.709999999999999715e-02 1.810000000000000150e-02 1.540000000000000049e-02 1.019999999999999900e-02 -1.000000000000000888e-03 1.979999999999999816e-02 3.203559999999999828e-03 2.190239999999999982e-03 2.024999999999999755e-05 8.648999999999997998e-05 3.387240000000000129e-03 1.036840000000000027e-03 2.924099999999998922e-04 3.276100000000000431e-04 2.371600000000000129e-04 1.040399999999999729e-04 1.000000000000001861e-06 3.920399999999999124e-04 1.557127375000000000e+06 1.662101250000000000e+06
1.000000000000000000e+00 -3.099999999999999978e-02 -4.979999999999999705e-02 -2.019999999999999921e-02 2.309999999999999901e-02 2.110000000000000070e-02 -5.700000000000000205e-02 -8.759999999999999731e-02 -9.659999999999999143e-02 -2.469999999999999973e-02 1.379999999999999977e-02 -3.710000000000000103e-02 -2.480000000000000260e-02 9.609999999999999402e-04 2.480039999999999762e-03 4.080399999999999761e-04 5.336099999999999004e-04 4.452100000000000285e-04 3.249000000000000152e-03 7.673759999999999956e-03 9.331559999999999161e-03 6.100899999999999813e-04 1.904399999999999995e-04 1.376410000000000003e-03 6.150400000000001829e-04 1.558056125000000000e+06 1.666655625000000000e+06
1.000000000000000000e+00 -2.500000000000000139e-02 -5.539999999999999786e-02 -2.910000000000000087e-02 3.490000000000000047e-02 9.199999999999999845e-02 -7.699999999999999900e-02 5.999999999999998390e-03 -5.600000000000000810e-03 -8.900000000000001660e-03 1.180000000000000146e-02 7.089999999999999081e-02 -1.999999999999999695e-02 6.250000000000001214e-04 3.069159999999999597e-03 8.468100000000000323e-04 1.218010000000000056e-03 8.463999999999999302e-03 5.929000000000000242e-03 3.599999999999998058e-05 3.136000000000001146e-05 7.921000000000003613e-05 1.392400000000000289e-04 5.026809999999998745e-03 3.999999999999998565e-04 1.559464125000000000e+06 1.667661625000000000e+06
1.000000000000000000e+00 -5.140000000000000124e-02 -2.129999999999999949e-02 -4.420000000000000318e-02 2.529999999999999957e-02 6.869999999999999718e-02 -1.078999999999999959e-01 -2.639999999999999986e-02 3.409999999999999837e-02 -1.510000000000000231e-02 -9.600000000000000894e-03 -2.330000000000000127e-02 -3.089999999999999691e-02 2.641960000000000055e-03 4.536899999999999744e-04 1.953640000000000411e-03 6.400899999999999515e-04 4.719689999999999476e-03 1.164240999999999887e-02 6.969599999999999407e-04 1.162809999999999799e-03 2.280100000000000616e-04 9.216000000000001209e-05 5.428900000000000826e-04 9.548099999999998385e-04 1.560941625000000000e+06 1.666698625000000000e+06
1.000000000000000000e+00 -4.510000000000000120e-02 -2.110000000000000070e-02 -4.019999999999999962e-02 3.740000000000000269e-02 8.640000000000000457e-02 -1.203000000000000042e-01 6.300000000000000044e-03 1.999999999999987899e-04 4.000000000000003553e-03 1.210000000000000311e-02 1.770000000000000739e-02 -1.240000000000000824e-02 2.034010000000000158e-03 4.452100000000000285e-04 1.616040000000000011e-03 1.398760000000000194e-03 7.464960000000000519e-03 1.447209000000000169e-02 3.969000000000000116e-05 3.999999999999951776e-08 1.600000000000002977e-05 1.464100000000000839e-04 3.132900000000002480e-04 1.537600000000002084e-04 1.559305250000000000e+06 1.666500375000000000e+06
1.000000000000000000e+00 -2.960000000000000131e-02 -3.080000000000000099e-02 3.769999999999999740e-02 5.149999999999999717e-02 4.800000000000000100e-02 -7.430000000000000493e-02 1.549999999999999989e-02 -9.700000000000000289e-03 7.789999999999999702e-02 1.409999999999999448e-02 -3.840000000000000357e-02 4.599999999999999922e-02 8.761600000000000681e-04 9.486400000000000518e-04 1.421289999999999750e-03 2.652249999999999660e-03 2.304000000000000058e-03 5.520490000000001160e-03 2.402499999999999851e-04 9.409000000000000208e-05 6.068409999999999777e-03 1.988099999999998397e-04 1.474560000000000193e-03 2.115999999999999825e-03 1.559670375000000000e+06 1.665580875000000000e+06
1.000000000000000000e+00 2.589999999999999941e-02 -3.269999999999999990e-02 3.889999999999999708e-02 1.035999999999999976e-01 6.930000000000000049e-02 -8.039999999999999925e-02 5.550000000000000072e-02 -1.899999999999998912e-03 1.199999999999999678e-03 5.210000000000000048e-02 2.129999999999999949e-02 -6.099999999999994316e-03 6.708099999999999827e-04 1.069290000000000084e-03 1.513209999999999859e-03 1.073295999999999972e-02 4.802490000000000404e-03 6.464160000000000045e-03 3.080250000000000089e-03 3.609999999999995930e-06 1.439999999999999130e-06 2.714410000000000000e-03 4.536899999999999744e-04 3.720999999999993003e-05 1.559745125000000000e+06 1.663322500000000000e+06
1.000000000000000000e+00 -5.899999999999999863e-03 -2.129999999999999949e-02 4.959999999999999826e-02 2.000000000000000042e-02 7.349999999999999589e-02 -1.244999999999999996e-01 -3.180000000000000188e-02 1.140000000000000041e-02 1.070000000000000118e-02 -8.359999999999999376e-02 4.199999999999995404e-03 -4.410000000000000031e-02 3.481000000000000045e-05 4.536899999999999744e-04 2.460159999999999864e-03 4.000000000000000192e-04 5.402249999999999067e-03 1.550025000000000014e-02 1.011240000000000056e-03 1.299600000000000093e-04 1.144900000000000236e-04 6.988959999999998923e-03 1.763999999999995986e-05 1.944809999999999942e-03 1.560611875000000000e+06 1.664223500000000000e+06
1.000000000000000000e+00 -1.287999999999999978e-01 -1.069999999999999944e-02 2.869999999999999982e-02 -6.840000000000000246e-02 2.970000000000000070e-02 -1.459000000000000019e-01 -1.228999999999999954e-01 1.060000000000000005e-02 -2.089999999999999844e-02 -8.840000000000000635e-02 -4.379999999999999172e-02 -2.140000000000000235e-02 1.658944000000000044e-02 1.144899999999999830e-04 8.236899999999999691e-04 4.678560000000000010e-03 8.820900000000000876e-04 2.128680999999999976e-02 1.510440999999999867e-02 1.123600000000000016e-04 4.368099999999999327e-04 7.814560000000001644e-03 1.918439999999999339e-03 4.579600000000000944e-04 1.560955875000000000e+06 1.664136000000000000e+06
1.000000000000000000e+00 -7.209999999999999742e-02 -3.009999999999999828e-02 -3.599999999999999901e-03 1.699999999999999905e-03 5.120000000000000245e-02 -1.013000000000000012e-01 5.670000000000000040e-02 -1.940000000000000058e-02 -3.230000000000000232e-02 7.009999999999999565e-02 2.150000000000000175e-02 4.460000000000000075e-02 5.198409999999999663e-03 9.060099999999998450e-04 1.295999999999999958e-05 2.889999999999999859e-06 2.621440000000000055e-03 1.026169000000000039e-02 3.214890000000000195e-03 3.763600000000000083e-04 1.043290000000000103e-03 4.914009999999999039e-03 4.622500000000000957e-04 1.989160000000000234e-03 1.558768750000000000e+06 1.661163500000000000e+06
1.000000000000000000e+00 -7.639999999999999569e-02 -2.819999999999999937e-02 2.299999999999999961e-03 2.099999999999999870e-03 5.299999999999999850e-02 -1.141999999999999960e-01 -4.299999999999998268e-03 1.899999999999998912e-03 5.899999999999999863e-03 3.999999999999999650e-04 1.799999999999996048e-03 -1.289999999999999480e-02 5.836959999999999545e-03 7.952400000000000094e-04 5.290000000000000174e-06 4.409999999999999282e-06 2.808999999999999865e-03 1.304163999999999844e-02 1.848999999999998391e-05 3.609999999999995930e-06 3.481000000000000045e-05 1.599999999999999769e-07 3.239999999999985920e-06 1.664099999999998653e-04 1.562175125000000000e+06 1.661902500000000000e+06
1.000000000000000000e+00 -7.539999999999999480e-02 5.400000000000000286e-03 4.939999999999999947e-02 -1.100000000000000066e-03 1.660000000000000017e-02 -1.082999999999999935e-01 1.000000000000000888e-03 3.359999999999999792e-02 4.710000000000000298e-02 -3.199999999999999720e-03 -3.640000000000000180e-02 5.900000000000002465e-03 5.685159999999998999e-03 2.916000000000000203e-05 2.440359999999999925e-03 1.210000000000000062e-06 2.755599999999999977e-04 1.172888999999999876e-02 1.000000000000001861e-06 1.128959999999999816e-03 2.218410000000000087e-03 1.023999999999999852e-05 1.324960000000000027e-03 3.481000000000002755e-05 1.559179375000000000e+06 1.660051625000000000e+06
1.000000000000000000e+00 -1.481000000000000094e-01 3.289999999999999869e-02 2.900000000000000147e-02 -4.499999999999999660e-03 -1.899999999999999953e-02 -1.428000000000000103e-01 -7.270000000000001461e-02 2.749999999999999667e-02 -2.039999999999999800e-02 -3.399999999999999377e-03 -3.559999999999999970e-02 -3.450000000000001676e-02 2.193361000000000269e-02 1.082410000000000013e-03 8.410000000000000591e-04 2.024999999999999755e-05 3.609999999999999928e-04 2.039184000000000135e-02 5.285290000000002382e-03 7.562499999999998694e-04 4.161599999999998916e-04 1.155999999999999605e-05 1.267359999999999928e-03 1.190250000000001203e-03 1.563681625000000000e+06 1.665349000000000000e+06
