1.000000000000000000e+00 0.000000000000000000e+00 0.000000000000000000e+00 0.000000000000000000e+00 0.000000000000000000e+00 -0.000000000000000000e+00 -0.000000000000000000e+00 0.000000000000000000e+00 0.000000000000000000e+00 0.000000000000000000e+00 0.000000000000000000e+00 0.000000000000000000e+00 0.000000000000000000e+00 0.000000000000000000e+00 0.000000000000000000e+00 0.000000000000000000e+00 0.000000000000000000e+00 0.000000000000000000e+00 0.000000000000000000e+00 0.000000000000000000e+00 0.000000000000000000e+00 0.000000000000000000e+00 0.000000000000000000e+00 0.000000000000000000e+00 0.000000000000000000e+00 1.510382750000000000e+06 1.640626250000000000e+06
1.000000000000000000e+00 -1.234999999999999987e-01 2.170999999999999874e-01 2.257000000000000117e-01 -1.842999999999999916e-01 8.275000000000000133e-01 2.995999999999999774e-01 -1.234999999999999987e-01 2.170999999999999874e-01 2.257000000000000117e-01 -1.842999999999999916e-01 8.275000000000000133e-01 2.995999999999999774e-01 1.525225000000000018e-02 4.713240999999999264e-02 5.094049000000000493e-02 3.396648999999999502e-02 6.847562500000000663e-01 8.976015999999999162e-02 1.525225000000000018e-02 4.713240999999999264e-02 5.094049000000000493e-02 3.396648999999999502e-02 6.847562500000000663e-01 8.976015999999999162e-02 1.508300000000000000e+06 1.630871500000000000e+06
1.000000000000000000e+00 -1.628999999999999893e-01 1.141999999999999960e-01 -6.469999999999999363e-02 -3.635999999999999788e-01 4.611999999999999988e-01 3.133000000000000229e-01 -3.939999999999999059e-02 -1.028999999999999915e-01 -2.903999999999999915e-01 -1.792999999999999872e-01 -3.663000000000000145e-01 1.370000000000004547e-02 2.653640999999999639e-02 1.304163999999999844e-02 4.186089999999999083e-03 1.322049599999999825e-01 2.127054399999999956e-01 9.815689000000001052e-02 1.552359999999999157e-03 1.058840999999999775e-02 8.433215999999998935e-02 3.214848999999999485e-02 1.341756900000000141e-01 1.876900000000012337e-04 1.511278500000000000e+06 1.639753750000000000e+06
1.000000000000000000e+00 7.130000000000000226e-02 -1.131000000000000061e-01 -8.619999999999999885e-02 -2.073000000000000120e-01 -5.313999999999999835e-01 1.516000000000000125e-01 2.341999999999999915e-01 -2.273000000000000020e-01 -2.150000000000000522e-02 1.562999999999999667e-01 -9.925999999999999268e-01 -1.617000000000000104e-01 5.083690000000000084e-03 1.279161000000000187e-02 7.430439999999999962e-03 4.297329000000000426e-02 2.823859599999999914e-01 2.298256000000000257e-02 5.484963999999999812e-02 5.166529000000000260e-02 4.622500000000002041e-04 2.442968999999999002e-02 9.852547599999998962e-01 2.614689000000000249e-02 1.506575125000000000e+06 1.634861000000000000e+06
1.000000000000000000e+00 1.066000000000000003e-01 1.619999999999999912e-02 1.620000000000000051e-01 -1.169000000000000039e-01 -2.958000000000000074e-01 7.620000000000000384e-02 3.529999999999999805e-02 1.292999999999999983e-01 2.482000000000000040e-01 9.040000000000000813e-02 2.355999999999999761e-01 -7.540000000000000868e-02 1.136355999999999998e-02 2.624399999999999606e-04 2.624399999999999997e-02 1.366561000000000164e-02 8.749764000000000153e-02 5.806440000000000386e-03 1.246089999999999828e-03 1.671848999999999905e-02 6.160324000000000355e-02 8.172160000000001229e-03 5.550735999999999171e-02 5.685160000000001601e-03 1.509725250000000000e+06 1.641416750000000000e+06
1.000000000000000000e+00 1.239999999999999956e-02 1.827000000000000013e-01 3.620000000000000301e-02 -8.599999999999999312e-02 -2.868999999999999884e-01 -1.020000000000000073e-02 -9.420000000000000595e-02 1.665000000000000091e-01 -1.257999999999999952e-01 3.090000000000001079e-02 8.900000000000019007e-03 -8.640000000000000457e-02 1.537599999999999915e-04 3.337928999999999896e-02 1.310440000000000172e-03 7.395999999999998929e-03 8.231160999999999339e-02 1.040400000000000135e-04 8.873640000000000347e-03 2.772225000000000383e-02 1.582563999999999846e-02 9.548100000000007059e-04 7.921000000000033429e-05 7.464960000000000519e-03 1.509905500000000000e+06 1.641791250000000000e+06
1.000000000000000000e+00 3.049999999999999933e-02 2.000000000000000111e-01 7.049999999999999323e-02 -4.760000000000000342e-02 -3.493999999999999884e-01 -9.299999999999999239e-03 1.809999999999999803e-02 1.730000000000000981e-02 3.429999999999999022e-02 3.839999999999998970e-02 -6.250000000000000000e-02 9.000000000000014932e-04 9.302499999999999788e-04 4.000000000000000777e-02 4.970249999999998974e-03 2.265760000000000343e-03 1.220803599999999850e-01 8.648999999999997998e-05 3.276099999999999347e-04 2.992900000000003414e-04 1.176489999999999437e-03 1.474559999999999109e-03 3.906250000000000000e-03 8.100000000000027268e-07 1.509930625000000000e+06 1.641820500000000000e+06
1.000000000000000000e+00 -7.670000000000000429e-02 2.218999999999999861e-01 2.840000000000000163e-02 -3.370000000000000079e-02 -5.449000000000000510e-01 -1.441999999999999948e-01 -1.072000000000000036e-01 2.189999999999997504e-02 -4.209999999999999160e-02 1.390000000000000263e-02 -1.955000000000000626e-01 -1.348999999999999921e-01 5.882890000000000862e-03 4.923960999999999616e-02 8.065600000000001111e-04 1.135689999999999963e-03 2.969160100000000635e-01 2.079363999999999865e-02 1.149184000000000143e-02 4.796099999999989131e-04 1.772409999999999220e-03 1.932100000000000831e-04 3.822025000000002504e-02 1.819800999999999710e-02 1.510947375000000000e+06 1.642072125000000000e+06
1.000000000000000000e+00 -1.315000000000000058e-01 3.814000000000000168e-01 -2.599999999999999881e-03 4.329999999999999821e-02 -1.913699999999999957e+00 -4.662000000000000033e-01 -5.480000000000000149e-02 1.595000000000000306e-01 -3.099999999999999978e-02 7.699999999999999900e-02 -1.368799999999999795e+00 -3.220000000000000084e-01 1.729225000000000206e-02 1.454659600000000053e-01 6.759999999999999652e-06 1.874889999999999933e-03 3.662247690000000055e+00 2.173424399999999979e-01 3.003040000000000223e-03 2.544025000000001147e-02 9.609999999999999402e-04 5.929000000000000242e-03 1.873613439999999519e+00 1.036840000000000123e-01 1.501110750000000000e+06 1.632043750000000000e+06
1.000000000000000000e+00 -1.547999999999999932e-01 2.398000000000000131e-01 8.419999999999999707e-02 -7.320000000000000118e-02 -1.307800000000000074e+00 -3.469999999999999751e-01 -2.329999999999998739e-02 -1.416000000000000036e-01 8.680000000000000215e-02 -1.164999999999999925e-01 6.058999999999998831e-01 1.192000000000000282e-01 2.396303999999999795e-02 5.750404000000000626e-02 7.089639999999999484e-03 5.358240000000000225e-03 1.710340840000000195e+00 1.204089999999999883e-01 5.428899999999994321e-04 2.005056000000000199e-02 7.534240000000000208e-03 1.357224999999999751e-02 3.671148099999998471e-01 1.420864000000000675e-02 1.504992875000000000e+06 1.644538500000000000e+06
1.000000000000000000e+00 -8.980000000000000482e-02 2.049999999999999878e-01 9.320000000000000506e-02 -1.615999999999999936e-01 -1.600000000000000077e-03 -1.057000000000000023e-01 6.499999999999998834e-02 -3.480000000000002536e-02 9.000000000000007994e-03 -8.839999999999999247e-02 1.306200000000000028e+00 2.412999999999999590e-01 8.064040000000001485e-03 4.202499999999999292e-02 8.686240000000001321e-03 2.611455999999999847e-02 2.560000000000000054e-06 1.117249000000000020e-02 4.224999999999998722e-03 1.211040000000001768e-03 8.100000000000013927e-05 7.814559999999998174e-03 1.706158440000000054e+00 5.822568999999998274e-02 1.501684750000000000e+06 1.634581875000000000e+06
1.000000000000000000e+00 -7.630000000000000671e-02 1.208000000000000046e-01 6.840000000000000246e-02 -1.565999999999999892e-01 -1.647000000000000131e-01 -7.420000000000000207e-02 1.349999999999999811e-02 -8.419999999999998319e-02 -2.480000000000000260e-02 5.000000000000004441e-03 -1.631000000000000227e-01 3.150000000000000022e-02 5.821690000000000892e-03 1.459264000000000047e-02 4.678560000000000010e-03 2.452355999999999633e-02 2.712609000000000548e-02 5.505640000000000013e-03 1.822499999999999576e-04 7.089639999999996882e-03 6.150400000000001829e-04 2.500000000000004524e-05 2.660161000000000817e-02 9.922500000000000764e-04 1.506592375000000000e+06 1.637762000000000000e+06
1.000000000000000000e+00 -6.919999999999999762e-02 1.152999999999999997e-01 2.399999999999999790e-03 -1.562000000000000055e-01 -7.019999999999999851e-02 -5.739999999999999963e-02 7.100000000000009082e-03 -5.500000000000004885e-03 -6.600000000000000311e-02 3.999999999999837019e-04 9.450000000000001454e-02 1.680000000000000243e-02 4.788639999999999390e-03 1.329408999999999973e-02 5.759999999999999062e-06 2.439844000000000040e-02 4.928039999999999851e-03 3.294759999999999876e-03 5.041000000000012891e-05 3.025000000000005427e-05 4.356000000000000497e-03 1.599999999999869537e-07 8.930250000000002422e-03 2.822400000000000624e-04 1.505783375000000000e+06 1.637576000000000000e+06
1.000000000000000000e+00 -6.590000000000000024e-02 1.610999999999999932e-01 -1.600000000000000077e-03 -1.607999999999999985e-01 -1.902999999999999969e-01 1.409999999999999969e-02 3.299999999999997380e-03 4.579999999999999349e-02 -4.000000000000000083e-03 -4.599999999999992983e-03 -1.200999999999999984e-01 7.149999999999999412e-02 4.342809999999999900e-03 2.595320999999999739e-02 2.560000000000000054e-06 2.585664000000000018e-02 3.621408999999999739e-02 1.988100000000000023e-04 1.088999999999998213e-05 2.097639999999999574e-03 1.599999999999999928e-05 2.115999999999993632e-05 1.442400999999999926e-02 5.112249999999998740e-03 1.506780000000000000e+06 1.641616375000000000e+06
1.000000000000000000e+00 -4.089999999999999886e-02 4.150000000000000216e-02 2.029999999999999860e-02 -1.555999999999999883e-01 -1.441000000000000059e-01 1.700000000000000122e-02 2.500000000000000139e-02 -1.195999999999999841e-01 2.189999999999999933e-02 5.200000000000010170e-03 4.619999999999999107e-02 2.900000000000001535e-03 1.672809999999999835e-03 1.722250000000000256e-03 4.120899999999999390e-04 2.421135999999999774e-02 2.076481000000000160e-02 2.890000000000000316e-04 6.250000000000001214e-04 1.430415999999999632e-02 4.796099999999999973e-04 2.704000000000010703e-05 2.134439999999999168e-03 8.410000000000009265e-06 1.509013875000000000e+06 1.646897875000000000e+06
1.000000000000000000e+00 -2.200000000000000133e-03 3.379999999999999671e-02 -4.039999999999999841e-02 -1.270000000000000018e-01 -2.479999999999999982e-01 -2.680000000000000090e-02 3.869999999999999829e-02 -7.700000000000005451e-03 -6.069999999999999701e-02 2.859999999999998654e-02 -1.038999999999999924e-01 -4.380000000000000560e-02 4.840000000000000247e-06 1.142439999999999775e-03 1.632159999999999904e-03 1.612900000000000097e-02 6.150399999999999617e-02 7.182400000000000893e-04 1.497689999999999872e-03 5.929000000000008455e-05 3.684489999999999467e-03 8.179599999999991955e-04 1.079520999999999779e-02 1.918440000000000423e-03 1.509508000000000000e+06 1.649814375000000000e+06
1.000000000000000000e+00 -4.429999999999999910e-02 4.379999999999999866e-02 -1.441999999999999948e-01 -1.595999999999999919e-01 -2.381000000000000061e-01 4.000000000000000083e-03 -4.209999999999999853e-02 1.000000000000000194e-02 -1.038000000000000034e-01 -3.259999999999999010e-02 9.899999999999992140e-03 3.080000000000000099e-02 1.962489999999999894e-03 1.918439999999999989e-03 2.079363999999999865e-02 2.547215999999999717e-02 5.669161000000000339e-02 1.599999999999999928e-05 1.772409999999999871e-03 1.000000000000000454e-04 1.077444000000000145e-02 1.062759999999999400e-03 9.800999999999984258e-05 9.486400000000000518e-04 1.508823000000000000e+06 1.648101625000000000e+06
1.000000000000000000e+00 -1.101000000000000034e-01 8.419999999999999707e-02 -1.149999999999999981e-02 -1.781000000000000083e-01 -1.562999999999999945e-01 1.959999999999999937e-02 -6.579999999999999738e-02 4.039999999999999841e-02 1.326999999999999846e-01 -1.850000000000001643e-02 8.180000000000001159e-02 1.559999999999999928e-02 1.212201000000000077e-02 7.089639999999999484e-03 1.322499999999999891e-04 3.171961000000000225e-02 2.442968999999999696e-02 3.841599999999999811e-04 4.329640000000000051e-03 1.632159999999999904e-03 1.760928999999999620e-02 3.422500000000005941e-04 6.691240000000001943e-03 2.433599999999999739e-04 1.508251875000000000e+06 1.647329000000000000e+06
1.000000000000000000e+00 -4.700000000000000185e-03 1.325999999999999956e-01 1.381999999999999895e-01 -1.809999999999999942e-01 -2.837999999999999967e-01 -2.970000000000000070e-02 1.054000000000000076e-01 4.839999999999999858e-02 1.496999999999999997e-01 -2.899999999999985922e-03 -1.275000000000000022e-01 -4.929999999999999660e-02 2.209000000000000026e-05 1.758275999999999936e-02 1.909923999999999650e-02 3.276099999999999846e-02 8.054243999999999293e-02 8.820900000000000876e-04 1.110916000000000160e-02 2.342560000000000042e-03 2.241009000000000057e-02 8.409999999999917785e-06 1.625624999999999987e-02 2.430489999999999561e-03 1.507784625000000000e+06 1.643644875000000000e+06
1.000000000000000000e+00 1.379999999999999977e-02 8.440000000000000280e-02 9.100000000000000450e-03 -1.635000000000000064e-01 -3.518999999999999906e-01 -1.700000000000000122e-02 1.849999999999999908e-02 -4.819999999999999285e-02 -1.290999999999999925e-01 1.749999999999998779e-02 -6.809999999999999387e-02 1.269999999999999948e-02 1.904399999999999995e-04 7.123360000000000455e-03 8.281000000000000166e-05 2.673225000000000254e-02 1.238336099999999967e-01 2.890000000000000316e-04 3.422499999999999436e-04 2.323239999999999420e-03 1.666680999999999718e-02 3.062499999999995564e-04 4.637609999999999476e-03 1.612899999999999957e-04 1.506663750000000000e+06 1.641698750000000000e+06
1.000000000000000000e+00 -3.429999999999999716e-02 1.246000000000000024e-01 2.069999999999999965e-02 -1.403999999999999970e-01 -3.533000000000000029e-01 -1.679999999999999896e-02 -4.809999999999999692e-02 4.019999999999999962e-02 1.159999999999999920e-02 2.310000000000000941e-02 -1.400000000000012346e-03 2.000000000000022593e-04 1.176489999999999871e-03 1.552516000000000139e-02 4.284900000000000124e-04 1.971215999999999940e-02 1.248208900000000038e-01 2.822399999999999540e-04 2.313609999999999799e-03 1.616040000000000011e-03 1.345599999999999856e-04 5.336100000000004425e-04 1.960000000000034597e-06 4.000000000000090081e-08 1.507970375000000000e+06 1.643822500000000000e+06
1.000000000000000000e+00 6.000000000000000125e-03 1.529000000000000081e-01 3.599999999999999728e-02 -1.079999999999999988e-01 -3.118000000000000216e-01 -4.959999999999999826e-02 4.029999999999999555e-02 2.830000000000000571e-02 1.529999999999999763e-02 3.239999999999999825e-02 4.149999999999998135e-02 -3.279999999999999583e-02 3.600000000000000091e-05 2.337841000000000224e-02 1.295999999999999843e-03 1.166399999999999902e-02 9.721924000000001231e-02 2.460159999999999864e-03 1.624089999999999692e-03 8.008900000000002822e-04 2.340899999999999221e-04 1.049759999999999843e-03 1.722249999999998522e-03 1.075839999999999783e-03 1.509106625000000000e+06 1.647311000000000000e+06
1.000000000000000000e+00 -2.139999999999999888e-02 1.973999999999999921e-01 3.479999999999999760e-02 -1.165000000000000063e-01 -2.760000000000000231e-01 -1.980000000000000163e-02 -2.740000000000000074e-02 4.449999999999998401e-02 -1.199999999999999678e-03 -8.500000000000007550e-03 3.579999999999999849e-02 2.979999999999999663e-02 4.579599999999999318e-04 3.896675999999999612e-02 1.211039999999999816e-03 1.357225000000000098e-02 7.617600000000000759e-02 3.920400000000000751e-04 7.507600000000000558e-04 1.980249999999998504e-03 1.439999999999999130e-06 7.225000000000012987e-05 1.281639999999999906e-03 8.880399999999997714e-04 1.509748750000000000e+06 1.646820875000000000e+06
1.000000000000000000e+00 -8.500000000000000611e-02 1.265000000000000013e-01 2.610000000000000167e-02 -1.169000000000000039e-01 -3.076999999999999735e-01 -5.689999999999999919e-02 -6.360000000000000375e-02 -7.089999999999999081e-02 -8.699999999999995931e-03 -3.999999999999975797e-04 -3.169999999999995044e-02 -3.709999999999999409e-02 7.225000000000001386e-03 1.600224999999999911e-02 6.812100000000001271e-04 1.366561000000000164e-02 9.467928999999998541e-02 3.237609999999999707e-03 4.044960000000000222e-03 5.026809999999998745e-03 7.568999999999993431e-05 1.599999999999980711e-07 1.004889999999996784e-03 1.376409999999999570e-03 1.509749250000000000e+06 1.647049625000000000e+06
1.000000000000000000e+00 2.220000000000000098e-02 1.827000000000000013e-01 1.660000000000000017e-02 -9.370000000000000551e-02 -2.492000000000000048e-01 -5.840000000000000052e-02 1.072000000000000036e-01 5.619999999999999996e-02 -9.500000000000001499e-03 2.319999999999999840e-02 5.849999999999996869e-02 -1.500000000000001332e-03 4.928400000000000315e-04 3.337928999999999896e-02 2.755599999999999977e-04 8.779690000000001451e-03 6.210064000000000556e-02 3.410559999999999981e-03 1.149184000000000143e-02 3.158440000000000206e-03 9.025000000000002530e-05 5.382399999999999424e-04 3.422249999999996475e-03 2.250000000000003869e-06 1.510121750000000000e+06 1.648594250000000000e+06
1.000000000000000000e+00 -1.242000000000000048e-01 2.185999999999999888e-01 -5.859999999999999931e-02 -1.330999999999999961e-01 -1.779999999999999916e-01 -7.920000000000000651e-02 -1.464000000000000024e-01 3.589999999999998748e-02 -7.520000000000000295e-02 -3.939999999999999059e-02 7.120000000000001328e-02 -2.080000000000000598e-02 1.542564000000000088e-02 4.778595999999999538e-02 3.433959999999999790e-03 1.771560999999999969e-02 3.168399999999999689e-02 6.272640000000001201e-03 2.143296000000000090e-02 1.288809999999999175e-03 5.655040000000000067e-03 1.552359999999999157e-03 5.069440000000002312e-03 4.326400000000002488e-04 1.509860750000000000e+06 1.648136375000000000e+06
1.000000000000000000e+00 -1.414999999999999869e-01 1.492999999999999883e-01 -2.311999999999999889e-01 -1.769999999999999907e-01 -9.909999999999999365e-02 -2.369999999999999885e-02 -1.729999999999998206e-02 -6.930000000000000049e-02 -1.725999999999999757e-01 -4.389999999999999458e-02 7.889999999999999791e-02 5.550000000000000766e-02 2.002224999999999491e-02 2.229048999999999614e-02 5.345343999999999790e-02 3.132899999999999574e-02 9.820809999999999262e-03 5.616899999999999974e-04 2.992899999999993656e-04 4.802490000000000404e-03 2.979075999999999252e-02 1.927209999999999514e-03 6.225209999999999251e-03 3.080250000000000956e-03 1.508593500000000000e+06 1.649733625000000000e+06
1.000000000000000000e+00 -5.390000000000000346e-02 1.275999999999999912e-01 -1.062000000000000027e-01 -1.487999999999999878e-01 -2.677999999999999825e-01 -9.799999999999999684e-03 8.759999999999998344e-02 -2.169999999999999707e-02 1.249999999999999861e-01 2.820000000000000284e-02 -1.686999999999999889e-01 1.389999999999999916e-02 2.905210000000000518e-03 1.628175999999999929e-02 1.127844000000000069e-02 2.214143999999999488e-02 7.171683999999999004e-02 9.603999999999999527e-05 7.673759999999997354e-03 4.708899999999998504e-04 1.562499999999999653e-02 7.952400000000001178e-04 2.845968999999999582e-02 1.932099999999999746e-04 1.508049000000000000e+06 1.645901875000000000e+06
1.000000000000000000e+00 -2.740000000000000074e-02 1.512999999999999901e-01 1.468000000000000138e-01 -1.293999999999999873e-01 -2.954999999999999849e-01 -2.199999999999999872e-02 2.650000000000000272e-02 2.369999999999999885e-02 2.530000000000000027e-01 1.940000000000000058e-02 -2.770000000000000240e-02 -1.219999999999999904e-02 7.507600000000000558e-04 2.289168999999999579e-02 2.155024000000000522e-02 1.674435999999999633e-02 8.732024999999998816e-02 4.839999999999999468e-04 7.022500000000001831e-04 5.616899999999999974e-04 6.400899999999999646e-02 3.763600000000000083e-04 7.672900000000001160e-04 1.488399999999999641e-04 1.509528750000000000e+06 1.647386875000000000e+06
1.000000000000000000e+00 4.100000000000000346e-03 1.370000000000000107e-01 8.169999999999999485e-02 -1.305999999999999939e-01 -2.903000000000000025e-01 -6.339999999999999802e-02 3.150000000000000022e-02 -1.429999999999997939e-02 -6.510000000000001896e-02 -1.200000000000006617e-03 5.199999999999982414e-03 -4.139999999999999930e-02 1.681000000000000338e-05 1.876900000000000443e-02 6.674889999999999296e-03 1.705635999999999958e-02 8.427408999999999595e-02 4.019560000000000147e-03 9.922500000000000764e-04 2.044899999999994194e-04 4.238010000000002123e-03 1.440000000000015859e-06 2.703999999999981565e-05 1.713960000000000049e-03 1.510265000000000000e+06 1.646274375000000000e+06
1.000000000000000000e+00 -1.359999999999999924e-02 1.092999999999999944e-01 -3.059999999999999873e-02 -1.444000000000000006e-01 -3.299000000000000266e-01 -2.599999999999999881e-02 -1.770000000000000046e-02 -2.770000000000001628e-02 -1.122999999999999970e-01 -1.380000000000000671e-02 -3.960000000000002407e-02 3.740000000000000269e-02 1.849599999999999910e-04 1.194648999999999885e-02 9.363599999999999051e-04 2.085135999999999934e-02 1.088340100000000227e-01 6.759999999999999516e-04 3.132900000000000311e-04 7.672900000000008750e-04 1.261128999999999896e-02 1.904400000000001892e-04 1.568160000000001818e-03 1.398760000000000194e-03 1.508402125000000000e+06 1.643567875000000000e+06
1.000000000000000000e+00 -5.899999999999999689e-02 1.160000000000000059e-01 -3.299999999999999982e-03 -1.161999999999999977e-01 -3.300000000000000155e-01 -7.270000000000000073e-02 -4.539999999999999591e-02 6.700000000000011502e-03 2.729999999999999788e-02 2.820000000000000284e-02 -9.999999999998898659e-05 -4.670000000000000540e-02 3.480999999999999719e-03 1.345600000000000095e-02 1.088999999999999907e-05 1.350243999999999923e-02 1.089000000000000107e-01 5.285289999999999780e-03 2.061159999999999815e-03 4.489000000000015466e-05 7.452899999999999065e-04 7.952400000000001178e-04 9.999999999997796600e-09 2.180890000000000432e-03 1.508118250000000000e+06 1.641419125000000000e+06
1.000000000000000000e+00 -6.850000000000000533e-02 1.100000000000000006e-01 -2.649999999999999925e-02 -1.200999999999999984e-01 -2.943999999999999950e-01 -4.209999999999999853e-02 -9.500000000000008438e-03 -6.000000000000005329e-03 -2.319999999999999840e-02 -3.900000000000000688e-03 3.560000000000002052e-02 3.060000000000000220e-02 4.692250000000001108e-03 1.209999999999999964e-02 7.022499999999999663e-04 1.442400999999999926e-02 8.667136000000000284e-02 1.772409999999999871e-03 9.025000000000016082e-05 3.600000000000006190e-05 5.382399999999999424e-04 1.521000000000000515e-05 1.267360000000001445e-03 9.363600000000001219e-04 1.507762625000000000e+06 1.641385750000000000e+06
1.000000000000000000e+00 -3.919999999999999873e-02 1.652000000000000135e-01 1.760000000000000106e-02 -1.145999999999999935e-01 -2.590000000000000080e-01 -9.149999999999999800e-02 2.930000000000000659e-02 5.520000000000001295e-02 4.410000000000000031e-02 5.500000000000004885e-03 3.539999999999998703e-02 -4.939999999999999947e-02 1.536639999999999924e-03 2.729104000000000599e-02 3.097600000000000158e-04 1.313315999999999789e-02 6.708100000000000174e-02 8.372249999999999484e-03 8.584900000000003813e-04 3.047040000000001293e-03 1.944809999999999942e-03 3.025000000000005427e-05 1.253159999999999040e-03 2.440359999999999925e-03 1.507654875000000000e+06 1.640309500000000000e+06
1.000000000000000000e+00 -4.730000000000000177e-02 1.602000000000000091e-01 4.549999999999999878e-02 -1.132999999999999979e-01 -2.882000000000000117e-01 -5.290000000000000258e-02 -8.100000000000003031e-03 -5.000000000000004441e-03 2.789999999999999772e-02 1.299999999999995604e-03 -2.920000000000000373e-02 3.859999999999999543e-02 2.237290000000000285e-03 2.566404000000000254e-02 2.070250000000000042e-03 1.283689000000000011e-02 8.305924000000000640e-02 2.798410000000000307e-03 6.561000000000004437e-05 2.500000000000004524e-05 7.784099999999998876e-04 1.689999999999988478e-06 8.526400000000002120e-04 1.489959999999999592e-03 1.507745750000000000e+06 1.641425875000000000e+06
1.000000000000000000e+00 -3.450000000000000289e-02 1.678999999999999937e-01 5.600000000000000117e-02 -1.257999999999999952e-01 -2.903999999999999915e-01 -9.610000000000000486e-02 1.279999999999999888e-02 7.699999999999984635e-03 1.050000000000000239e-02 -1.249999999999999722e-02 -2.199999999999979750e-03 -4.320000000000000229e-02 1.190250000000000119e-03 2.819040999999999908e-02 3.136000000000000332e-03 1.582563999999999846e-02 8.433215999999998935e-02 9.235210000000000641e-03 1.638399999999999763e-04 5.928999999999976607e-05 1.102500000000000507e-04 1.562499999999999219e-04 4.839999999999911308e-06 1.866240000000000130e-03 1.506820500000000000e+06 1.642697375000000000e+06
1.000000000000000000e+00 -4.240000000000000019e-02 1.597000000000000086e-01 3.780000000000000027e-02 -1.250999999999999890e-01 -3.653000000000000136e-01 -5.229999999999999927e-02 -7.899999999999997302e-03 -8.199999999999985079e-03 -1.820000000000000090e-02 7.000000000000061728e-04 -7.490000000000002212e-02 4.380000000000000560e-02 1.797760000000000026e-03 2.550409000000000356e-02 1.428840000000000015e-03 1.565000999999999892e-02 1.334440900000000152e-01 2.735290000000000030e-03 6.240999999999995303e-05 6.723999999999975602e-05 3.312400000000000067e-04 4.900000000000086493e-07 5.610010000000002946e-03 1.918440000000000423e-03 1.507720000000000000e+06 1.643927750000000000e+06
1.000000000000000000e+00 -1.870000000000000134e-02 2.006999999999999895e-01 -1.880000000000000074e-02 -1.255000000000000004e-01 -3.598999999999999977e-01 -9.869999999999999607e-02 2.369999999999999885e-02 4.099999999999998090e-02 -5.659999999999999754e-02 -4.000000000000114575e-04 5.400000000000015898e-03 -4.639999999999999680e-02 3.496900000000000485e-04 4.028048999999999519e-02 3.534400000000000042e-04 1.575025000000000036e-02 1.295280099999999990e-01 9.741689999999999031e-03 5.616899999999999974e-04 1.680999999999998468e-03 3.203559999999999828e-03 1.600000000000091619e-07 2.916000000000017143e-05 2.152959999999999770e-03 1.507720875000000000e+06 1.644323250000000000e+06
1.000000000000000000e+00 -5.099999999999999672e-02 2.086000000000000076e-01 3.420000000000000123e-02 -1.521000000000000130e-01 -3.430000000000000271e-01 -6.320000000000000617e-02 -3.229999999999999538e-02 7.900000000000018119e-03 5.300000000000000544e-02 -2.660000000000001252e-02 1.689999999999997060e-02 3.549999999999998990e-02 2.600999999999999580e-03 4.351396000000000430e-02 1.169640000000000003e-03 2.313441000000000455e-02 1.176490000000000175e-01 3.994240000000000464e-03 1.043289999999999669e-03 6.241000000000029185e-05 2.809000000000000732e-03 7.075600000000006320e-04 2.856099999999990222e-04 1.260249999999999218e-03 1.508306750000000000e+06 1.643396000000000000e+06
1.000000000000000000e+00 -9.969999999999999696e-02 1.395000000000000129e-01 -3.910000000000000281e-02 -1.491999999999999993e-01 -3.325000000000000178e-01 -1.212000000000000022e-01 -4.870000000000000023e-02 -6.909999999999999476e-02 -7.330000000000000404e-02 2.900000000000013678e-03 1.050000000000000933e-02 -5.799999999999999600e-02 9.940089999999998649e-03 1.946025000000000532e-02 1.528810000000000238e-03 2.226063999999999821e-02 1.105562500000000087e-01 1.468943999999999979e-02 2.371690000000000083e-03 4.774809999999999124e-03 5.372890000000000825e-03 8.410000000000078722e-06 1.102500000000001997e-04 3.363999999999999369e-03 1.509822250000000000e+06 1.644931500000000000e+06
1.000000000000000000e+00 -1.223000000000000059e-01 1.983000000000000040e-01 -2.033000000000000085e-01 -1.627000000000000113e-01 -3.887999999999999790e-01 -9.210000000000000131e-02 -2.260000000000000897e-02 5.879999999999999116e-02 -1.642000000000000126e-01 -1.350000000000001199e-02 -5.629999999999996119e-02 2.910000000000000087e-02 1.495729000000000156e-02 3.932288999999999923e-02 4.133089000000000207e-02 2.647129000000000495e-02 1.511654399999999843e-01 8.482410000000000991e-03 5.107600000000004021e-04 3.457439999999999125e-03 2.696164000000000546e-02 1.822500000000003371e-04 3.169689999999995844e-03 8.468100000000000323e-04 1.508815000000000000e+06 1.646913250000000000e+06
1.000000000000000000e+00 -1.890999999999999903e-01 3.100999999999999868e-01 -3.044999999999999929e-01 -1.857000000000000040e-01 -1.918999999999999873e-01 -2.199999999999999872e-02 -6.679999999999998439e-02 1.117999999999999827e-01 -1.011999999999999844e-01 -2.299999999999999267e-02 1.968999999999999917e-01 7.009999999999999565e-02 3.575880999999999504e-02 9.616200999999999222e-02 9.272024999999999018e-02 3.448448999999999959e-02 3.682560999999999474e-02 4.839999999999999468e-04 4.462239999999997528e-03 1.249923999999999653e-02 1.024143999999999749e-02 5.289999999999996311e-04 3.876960999999999602e-02 4.914009999999999039e-03 1.509621500000000000e+06 1.647566500000000000e+06
1.000000000000000000e+00 -2.999999999999999889e-02 2.081999999999999962e-01 5.879999999999999810e-02 -1.885999999999999899e-01 -1.829999999999999960e-01 2.129999999999999949e-02 1.590999999999999914e-01 -1.018999999999999906e-01 3.633000000000000118e-01 -2.899999999999985922e-03 8.899999999999991251e-03 4.329999999999999821e-02 8.999999999999999754e-04 4.334723999999999522e-02 3.457439999999999992e-03 3.556995999999999769e-02 3.348899999999999794e-02 4.536899999999999744e-04 2.531280999999999809e-02 1.038360999999999798e-02 1.319868899999999956e-01 8.409999999999917785e-06 7.920999999999984640e-05 1.874889999999999933e-03 1.507320000000000000e+06 1.645554250000000000e+06
1.000000000000000000e+00 -9.599999999999999159e-03 9.729999999999999760e-02 1.388000000000000067e-01 -2.139000000000000068e-01 -2.983000000000000096e-01 5.009999999999999870e-02 2.040000000000000147e-02 -1.108999999999999986e-01 8.000000000000001554e-02 -2.530000000000001692e-02 -1.153000000000000136e-01 2.879999999999999921e-02 9.215999999999998499e-05 9.467289999999999733e-03 1.926544000000000173e-02 4.575321000000000249e-02 8.898289000000000892e-02 2.510010000000000019e-03 4.161600000000000542e-04 1.229881000000000030e-02 6.400000000000002909e-03 6.400900000000008189e-04 1.329409000000000320e-02 8.294399999999999733e-04 1.508460250000000000e+06 1.646446750000000000e+06
1.000000000000000000e+00 1.519999999999999997e-02 1.356999999999999873e-01 1.959999999999999937e-02 -2.207999999999999963e-01 -3.094000000000000083e-01 -6.199999999999999782e-03 2.479999999999999913e-02 3.839999999999998970e-02 -1.192000000000000004e-01 -6.899999999999989475e-03 -1.109999999999999876e-02 -5.629999999999999588e-02 2.310400000000000106e-04 1.841448999999999517e-02 3.841599999999999811e-04 4.875263999999999986e-02 9.572835999999999845e-02 3.843999999999999788e-05 6.150399999999999661e-04 1.474559999999999109e-03 1.420863999999999981e-02 4.760999999999985757e-05 1.232099999999999808e-04 3.169689999999999747e-03 1.508904875000000000e+06 1.646673375000000000e+06
1.000000000000000000e+00 -4.880000000000000310e-02 1.383000000000000063e-01 3.919999999999999873e-02 -1.424999999999999878e-01 -3.538000000000000034e-01 -7.300000000000000065e-03 -6.400000000000000133e-02 2.600000000000018963e-03 1.959999999999999937e-02 7.830000000000000848e-02 -4.439999999999999503e-02 -1.100000000000000283e-03 2.381440000000000293e-03 1.912689000000000056e-02 1.536639999999999924e-03 2.030624999999999791e-02 1.251744399999999979e-01 5.328999999999999970e-05 4.095999999999999815e-03 6.760000000000098755e-06 3.841599999999999811e-04 6.130890000000001686e-03 1.971359999999999692e-03 1.210000000000000697e-06 1.508011500000000000e+06 1.643699250000000000e+06
1.000000000000000000e+00 -2.920000000000000026e-02 1.564000000000000112e-01 5.349999999999999895e-02 -1.385000000000000120e-01 -3.504999999999999782e-01 -5.840000000000000052e-02 1.960000000000000284e-02 1.810000000000000497e-02 1.430000000000000021e-02 3.999999999999975797e-03 3.300000000000025135e-03 -5.109999999999999959e-02 8.526399999999999951e-04 2.446096000000000381e-02 2.862249999999999777e-03 1.918225000000000485e-02 1.228502499999999803e-01 3.410559999999999981e-03 3.841600000000000895e-04 3.276100000000002057e-04 2.044900000000000157e-04 1.599999999999980615e-05 1.089000000000016509e-05 2.611210000000000094e-03 1.508085750000000000e+06 1.642692375000000000e+06
1.000000000000000000e+00 -3.070000000000000159e-02 1.960999999999999965e-01 7.449999999999999678e-02 -1.250999999999999890e-01 -3.307999999999999829e-01 -1.220000000000000077e-02 -1.500000000000001332e-03 3.969999999999998530e-02 2.099999999999999784e-02 1.340000000000002300e-02 1.969999999999999529e-02 4.619999999999999801e-02 9.424900000000001462e-04 3.845520999999999662e-02 5.550249999999999628e-03 1.565000999999999892e-02 1.094286399999999937e-01 1.488400000000000183e-04 2.250000000000003869e-06 1.576089999999998742e-03 4.409999999999999316e-04 1.795600000000006186e-04 3.880899999999997893e-04 2.134439999999999601e-03 1.507153625000000000e+06 1.640455125000000000e+06
1.000000000000000000e+00 -6.579999999999999738e-02 4.958000000000000185e-01 1.557000000000000051e-01 -1.145000000000000046e-01 -2.366000000000000048e-01 -2.361999999999999933e-01 -3.509999999999999232e-02 2.997000000000000219e-01 8.120000000000000828e-02 1.059999999999998443e-02 9.419999999999997820e-02 -2.240000000000000047e-01 4.329640000000000051e-03 2.458176400000000317e-01 2.424249000000000195e-02 1.311025000000000038e-02 5.597956000000000459e-02 5.579043999999999670e-02 1.232009999999999529e-03 8.982009000000001908e-02 6.593440000000001626e-03 1.123599999999996764e-04 8.873639999999995143e-03 5.017600000000000532e-02 1.508453000000000000e+06 1.638916625000000000e+06
1.000000000000000000e+00 -8.709999999999999687e-02 2.218999999999999861e-01 5.799999999999999600e-03 -1.587999999999999967e-01 -1.661999999999999866e-01 -2.119999999999999940e-01 -2.129999999999999949e-02 -2.739000000000000323e-01 -1.499000000000000055e-01 -4.429999999999999216e-02 7.040000000000001812e-02 2.419999999999999929e-02 7.586409999999999161e-03 4.923960999999999616e-02 3.363999999999999640e-05 2.521744000000000069e-02 2.762243999999999464e-02 4.494399999999999784e-02 4.536899999999999744e-04 7.502121000000001871e-02 2.247001000000000207e-02 1.962489999999999461e-03 4.956160000000002855e-03 5.856400000000000104e-04 1.507922625000000000e+06 1.642969750000000000e+06
1.000000000000000000e+00 -1.174999999999999933e-01 -1.562000000000000055e-01 -8.740000000000000546e-02 -1.781000000000000083e-01 -1.922000000000000097e-01 -4.760000000000000342e-02 -3.039999999999999647e-02 -3.780999999999999917e-01 -9.320000000000000506e-02 -1.930000000000001159e-02 -2.600000000000002309e-02 1.643999999999999906e-01 1.380624999999999908e-02 2.439844000000000040e-02 7.638760000000001382e-03 3.171961000000000225e-02 3.694084000000000256e-02 2.265760000000000343e-03 9.241599999999998254e-04 1.429596099999999870e-01 8.686240000000001321e-03 3.724900000000004401e-04 6.760000000000012527e-04 2.702735999999999680e-02 1.509734875000000000e+06 1.641491875000000000e+06
1.000000000000000000e+00 -1.016999999999999987e-01 7.040000000000000424e-02 1.650000000000000078e-02 -2.011999999999999900e-01 -2.111000000000000099e-01 -4.660000000000000253e-02 1.579999999999999460e-02 2.266000000000000236e-01 1.039000000000000062e-01 -2.309999999999998166e-02 -1.890000000000000013e-02 1.000000000000000888e-03 1.034289000000000042e-02 4.956160000000000253e-03 2.722500000000000310e-04 4.048143999999999354e-02 4.456321000000000587e-02 2.171560000000000330e-03 2.496399999999998121e-04 5.134756000000000736e-02 1.079521000000000126e-02 5.336099999999991414e-04 3.572100000000000036e-04 1.000000000000001861e-06 1.508912750000000000e+06 1.641184375000000000e+06
1.000000000000000000e+00 -2.929999999999999966e-02 1.915000000000000036e-01 3.760000000000000148e-02 -2.086000000000000076e-01 -2.953999999999999959e-01 -4.950000000000000233e-02 7.239999999999999214e-02 1.210999999999999993e-01 2.110000000000000070e-02 -7.400000000000017675e-03 -8.429999999999998606e-02 -2.899999999999999800e-03 8.584899999999999476e-04 3.667225000000000346e-02 1.413760000000000017e-03 4.351396000000000430e-02 8.726116000000000428e-02 2.450250000000000171e-03 5.241759999999998955e-03 1.466520999999999970e-02 4.452100000000000285e-04 5.476000000000026175e-05 7.106489999999997427e-03 8.409999999999999101e-06 1.508280500000000000e+06 1.638391250000000000e+06
1.000000000000000000e+00 -9.210000000000000131e-02 2.318000000000000060e-01 3.420000000000000123e-02 -1.421999999999999931e-01 -3.291000000000000036e-01 -4.920000000000000068e-02 -6.279999999999999472e-02 4.030000000000000249e-02 -3.400000000000000244e-03 6.640000000000001457e-02 -3.370000000000000773e-02 3.000000000000016542e-04 8.482410000000000991e-03 5.373123999999999956e-02 1.169640000000000003e-03 2.022083999999999687e-02 1.083068100000000034e-01 2.420639999999999945e-03 3.943839999999999672e-03 1.624090000000000126e-03 1.156000000000000113e-05 4.408960000000001697e-03 1.135690000000000614e-03 9.000000000000099119e-08 1.509285125000000000e+06 1.637773750000000000e+06
1.000000000000000000e+00 -3.719999999999999696e-02 1.769999999999999907e-01 1.379999999999999977e-02 -1.630999999999999950e-01 -3.038000000000000145e-01 -3.849999999999999950e-02 5.490000000000000435e-02 -5.480000000000001537e-02 -2.040000000000000147e-02 -2.090000000000000191e-02 2.529999999999998916e-02 1.070000000000000118e-02 1.383839999999999680e-03 3.132899999999999574e-02 1.904399999999999995e-04 2.660160999999999776e-02 9.229444000000000536e-02 1.482250000000000061e-03 3.014010000000000560e-03 3.003040000000001524e-03 4.161600000000000542e-04 4.368100000000000953e-04 6.400899999999994094e-04 1.144900000000000236e-04 1.508142750000000000e+06 1.634684625000000000e+06
1.000000000000000000e+00 -1.436000000000000054e-01 2.444000000000000061e-01 -6.060000000000000109e-02 -1.751999999999999946e-01 -3.869000000000000217e-01 -1.147999999999999993e-01 -1.064000000000000085e-01 6.740000000000001545e-02 -7.439999999999999392e-02 -1.209999999999999964e-02 -8.310000000000000719e-02 -7.630000000000000671e-02 2.062096000000000068e-02 5.973136000000000417e-02 3.672359999999999947e-03 3.069503999999999982e-02 1.496916100000000305e-01 1.317903999999999951e-02 1.132096000000000144e-02 4.542760000000002456e-03 5.535359999999998719e-03 1.464100000000000026e-04 6.905610000000001261e-03 5.821690000000000892e-03 1.508756750000000000e+06 1.639497875000000000e+06
1.000000000000000000e+00 -1.406000000000000028e-01 4.530000000000000138e-01 -2.818999999999999839e-01 -2.008000000000000063e-01 -3.774000000000000132e-01 2.259999999999999856e-02 3.000000000000002665e-03 2.086000000000000076e-01 -2.212999999999999967e-01 -2.560000000000001164e-02 9.500000000000008438e-03 1.373999999999999944e-01 1.976836000000000218e-02 2.052090000000000025e-01 7.946760999999999409e-02 4.032064000000000481e-02 1.424307600000000174e-01 5.107599999999999684e-04 9.000000000000015475e-06 4.351396000000000430e-02 4.897369000000000028e-02 6.553600000000005558e-04 9.025000000000016082e-05 1.887875999999999790e-02 1.507805750000000000e+06 1.637158625000000000e+06
1.000000000000000000e+00 -1.257999999999999952e-01 1.985999999999999988e-01 -2.331000000000000016e-01 -1.743999999999999995e-01 -3.205000000000000071e-01 1.393999999999999961e-01 1.480000000000000759e-02 -2.544000000000000150e-01 4.879999999999998228e-02 2.640000000000000679e-02 5.690000000000000613e-02 1.168000000000000010e-01 1.582563999999999846e-02 3.944195999999999813e-02 5.433560999999999946e-02 3.041535999999999892e-02 1.027202499999999991e-01 1.943235999999999922e-02 2.190400000000002339e-04 6.471936000000000355e-02 2.381439999999998124e-03 6.969600000000003744e-04 3.237610000000000574e-03 1.364223999999999992e-02 1.509195625000000000e+06 1.643324125000000000e+06
1.000000000000000000e+00 3.700000000000000164e-03 1.187000000000000000e-01 7.439999999999999392e-02 -1.152999999999999997e-01 -2.590000000000000080e-01 5.539999999999999786e-02 1.295000000000000040e-01 -7.989999999999999880e-02 3.074999999999999956e-01 5.909999999999999976e-02 6.149999999999999911e-02 -8.399999999999999134e-02 1.369000000000000106e-05 1.408969000000000020e-02 5.535359999999998719e-03 1.329408999999999973e-02 6.708100000000000174e-02 3.069159999999999597e-03 1.677025000000000043e-02 6.384009999999999858e-03 9.455624999999999447e-02 3.492809999999999838e-03 3.782250000000000022e-03 7.055999999999998905e-03 1.508137500000000000e+06 1.643256375000000000e+06
1.000000000000000000e+00 5.770000000000000129e-02 2.601999999999999869e-01 1.307999999999999996e-01 -1.743999999999999995e-01 -2.255000000000000060e-01 -2.750000000000000014e-02 5.399999999999999939e-02 1.414999999999999869e-01 5.640000000000000568e-02 -5.909999999999999976e-02 3.350000000000000200e-02 -8.290000000000000147e-02 3.329289999999999940e-03 6.770403999999999312e-02 1.710864000000000135e-02 3.041535999999999892e-02 5.085024999999999962e-02 7.562499999999999778e-04 2.915999999999999755e-03 2.002224999999999491e-02 3.180960000000000471e-03 3.492809999999999838e-03 1.122250000000000201e-03 6.872410000000000671e-03 1.509005250000000000e+06 1.642784375000000000e+06
1.000000000000000000e+00 -2.419999999999999929e-02 1.890999999999999903e-01 2.390000000000000110e-02 -1.150000000000000050e-01 -3.175999999999999934e-01 -2.099999999999999870e-03 -8.190000000000000058e-02 -7.109999999999999654e-02 -1.068999999999999950e-01 5.939999999999999447e-02 -9.209999999999998743e-02 2.539999999999999897e-02 5.856400000000000104e-04 3.575880999999999504e-02 5.712100000000000554e-04 1.322500000000000064e-02 1.008697600000000028e-01 4.409999999999999282e-06 6.707610000000000135e-03 5.055209999999999218e-03 1.142760999999999950e-02 3.528359999999999483e-03 8.482409999999997521e-03 6.451599999999999826e-04 1.510187750000000000e+06 1.642683625000000000e+06
1.000000000000000000e+00 -7.449999999999999678e-02 1.471999999999999975e-01 -1.859999999999999848e-02 -1.756999999999999951e-01 -2.964999999999999858e-01 2.299999999999999961e-03 -5.029999999999999749e-02 -4.189999999999999281e-02 -4.249999999999999611e-02 -6.069999999999999007e-02 2.110000000000000764e-02 4.399999999999999398e-03 5.550249999999999628e-03 2.166784000000000071e-02 3.459599999999999199e-04 3.087048999999999696e-02 8.791224999999999734e-02 5.290000000000000174e-06 2.530089999999999596e-03 1.755609999999999463e-03 1.806249999999999696e-03 3.684489999999998600e-03 4.452100000000002995e-04 1.935999999999999421e-05 1.508598375000000000e+06 1.639043375000000000e+06
1.000000000000000000e+00 -2.009999999999999981e-02 2.156000000000000139e-01 5.290000000000000258e-02 -1.224999999999999978e-01 -2.674000000000000266e-01 -6.999999999999999929e-04 5.439999999999999697e-02 6.840000000000001634e-02 7.150000000000000799e-02 5.319999999999999729e-02 2.909999999999995923e-02 -3.000000000000000062e-03 4.040100000000000028e-04 4.648336000000000828e-02 2.798410000000000307e-03 1.500624999999999876e-02 7.150276000000001242e-02 4.899999999999999672e-07 2.959359999999999855e-03 4.678560000000002612e-03 5.112250000000001342e-03 2.830239999999999926e-03 8.468099999999976471e-04 9.000000000000000228e-06 1.506778625000000000e+06 1.637000375000000000e+06
1.000000000000000000e+00 -6.990000000000000380e-02 2.169000000000000095e-01 2.560000000000000123e-02 -2.016999999999999904e-01 -3.020999999999999797e-01 -7.969999999999999307e-02 -4.980000000000000399e-02 1.299999999999995604e-03 -2.730000000000000135e-02 -7.919999999999999263e-02 -3.469999999999995310e-02 -7.899999999999998690e-02 4.886010000000000526e-03 4.704561000000000159e-02 6.553600000000000137e-04 4.068288999999999933e-02 9.126440999999999026e-02 6.352089999999998605e-03 2.480040000000000196e-03 1.689999999999988478e-06 7.452900000000001234e-04 6.272639999999998599e-03 1.204089999999996639e-03 6.240999999999998285e-03 1.505007250000000000e+06 1.634233250000000000e+06
1.000000000000000000e+00 -7.920000000000000651e-02 2.637999999999999790e-01 6.450000000000000178e-02 -1.482999999999999874e-01 -2.682999999999999829e-01 -9.629999999999999671e-02 -9.300000000000002709e-03 4.689999999999996949e-02 3.890000000000000402e-02 5.340000000000000302e-02 3.379999999999999671e-02 -1.660000000000000364e-02 6.272640000000001201e-03 6.959043999999998953e-02 4.160249999999999886e-03 2.199288999999999758e-02 7.198488999999999582e-02 9.273689999999999364e-03 8.649000000000004774e-05 2.199609999999997244e-03 1.513210000000000293e-03 2.851560000000000379e-03 1.142439999999999775e-03 2.755600000000001061e-04 1.506530875000000000e+06 1.634492250000000000e+06
1.000000000000000000e+00 -1.198000000000000037e-01 2.451000000000000123e-01 -1.786999999999999977e-01 -1.623999999999999888e-01 -5.993000000000000549e-01 -1.882999999999999952e-01 -4.059999999999999720e-02 -1.869999999999996665e-02 -2.431999999999999995e-01 -1.410000000000000142e-02 -3.310000000000000719e-01 -9.199999999999999845e-02 1.435204000000000167e-02 6.007401000000000407e-02 3.193369000000000069e-02 2.637375999999999610e-02 3.591604900000000544e-01 3.545688999999999785e-02 1.648359999999999756e-03 3.496899999999987475e-04 5.914624000000000270e-02 1.988100000000000294e-04 1.095610000000000472e-01 8.463999999999999302e-03 1.507007625000000000e+06 1.639722875000000000e+06
1.000000000000000000e+00 -1.315000000000000058e-01 2.159000000000000086e-01 -2.293999999999999928e-01 -1.764000000000000012e-01 -5.443999999999999950e-01 -1.598999999999999866e-01 -1.170000000000000207e-02 -2.920000000000000373e-02 -5.069999999999999507e-02 -1.400000000000001243e-02 5.490000000000005986e-02 2.840000000000000857e-02 1.729225000000000206e-02 4.661281000000000452e-02 5.262435999999999503e-02 3.111695999999999906e-02 2.963713599999999726e-01 2.556800999999999519e-02 1.368900000000000531e-04 8.526400000000002120e-04 2.570489999999999494e-03 1.960000000000003460e-04 3.014010000000006632e-03 8.065600000000004363e-04 1.506650000000000000e+06 1.639968125000000000e+06
1.000000000000000000e+00 -9.610000000000000486e-02 1.257999999999999952e-01 8.890000000000000679e-02 -1.948000000000000009e-01 -1.771000000000000074e-01 -1.990000000000000102e-02 3.540000000000000091e-02 -9.010000000000001341e-02 3.183000000000000274e-01 -1.839999999999999969e-02 3.672999999999999599e-01 1.399999999999999856e-01 9.235210000000000641e-03 1.582563999999999846e-02 7.903210000000000790e-03 3.794704000000000133e-02 3.136441000000000229e-02 3.960100000000000252e-04 1.253160000000000125e-03 8.118010000000001891e-03 1.013148900000000185e-01 3.385600000000000111e-04 1.349092899999999595e-01 1.959999999999999590e-02 1.507457875000000000e+06 1.641718250000000000e+06
1.000000000000000000e+00 -8.210000000000000631e-02 1.695000000000000118e-01 1.252999999999999947e-01 -2.086999999999999966e-01 -1.819000000000000061e-01 -3.960000000000000325e-02 1.399999999999999856e-02 4.370000000000001661e-02 3.639999999999998792e-02 -1.389999999999999569e-02 -4.799999999999998712e-03 -1.970000000000000223e-02 6.740410000000001366e-03 2.873025000000000231e-02 1.570008999999999988e-02 4.355569000000000107e-02 3.308761000000000341e-02 1.568160000000000300e-03 1.959999999999999666e-04 1.909690000000001430e-03 1.324959999999999159e-03 1.932099999999998933e-04 2.303999999999998608e-05 3.880900000000001146e-04 1.505614250000000000e+06 1.638037000000000000e+06
1.000000000000000000e+00 -6.360000000000000375e-02 2.227000000000000091e-01 7.599999999999999811e-02 -1.600000000000000033e-01 -2.293000000000000038e-01 -4.619999999999999801e-02 1.850000000000000255e-02 5.319999999999999729e-02 -4.929999999999999660e-02 4.869999999999999329e-02 -4.739999999999999769e-02 -6.599999999999994760e-03 4.044960000000000222e-03 4.959529000000000715e-02 5.775999999999999884e-03 2.560000000000000123e-02 5.257848999999999856e-02 2.134439999999999601e-03 3.422500000000001062e-04 2.830239999999999926e-03 2.430489999999999561e-03 2.371689999999999215e-03 2.246759999999999990e-03 4.355999999999992853e-05 1.506605250000000000e+06 1.638420375000000000e+06
1.000000000000000000e+00 -5.600000000000000117e-02 1.902000000000000079e-01 4.130000000000000338e-02 -1.678999999999999937e-01 -3.291000000000000036e-01 -4.359999999999999987e-02 7.600000000000002587e-03 -3.250000000000000111e-02 -3.469999999999999474e-02 -7.899999999999990363e-03 -9.979999999999999982e-02 2.599999999999998146e-03 3.136000000000000332e-03 3.617603999999999959e-02 1.705690000000000374e-03 2.819040999999999908e-02 1.083068100000000034e-01 1.900959999999999933e-03 5.776000000000003652e-05 1.056250000000000114e-03 1.204089999999999674e-03 6.240999999999984461e-05 9.960039999999999866e-03 6.759999999999990334e-06 1.507264000000000000e+06 1.640697625000000000e+06
1.000000000000000000e+00 -7.710000000000000187e-02 1.325999999999999956e-01 -7.689999999999999614e-02 -1.748000000000000109e-01 -3.630999999999999783e-01 -6.619999999999999496e-02 -2.110000000000000070e-02 -5.760000000000001230e-02 -1.181999999999999995e-01 -6.900000000000017231e-03 -3.399999999999997469e-02 -2.259999999999999509e-02 5.944410000000000666e-03 1.758275999999999936e-02 5.913609999999999700e-03 3.055504000000000553e-02 1.318416099999999980e-01 4.382439999999999600e-03 4.452100000000000285e-04 3.317760000000001628e-03 1.397123999999999935e-02 4.761000000000023704e-05 1.155999999999998175e-03 5.107599999999997515e-04 1.507803000000000000e+06 1.641529125000000000e+06
1.000000000000000000e+00 -1.019999999999999934e-01 2.646999999999999909e-01 -6.799999999999999621e-03 -2.038999999999999979e-01 -3.392000000000000015e-01 -7.359999999999999876e-02 -2.489999999999999158e-02 1.320999999999999952e-01 7.009999999999999565e-02 -2.909999999999998699e-02 2.389999999999997682e-02 -7.400000000000003797e-03 1.040399999999999832e-02 7.006608999999999754e-02 4.623999999999999774e-05 4.157521000000000133e-02 1.150566400000000017e-01 5.416960000000000178e-03 6.200099999999996152e-04 1.745040999999999953e-02 4.914009999999999039e-03 8.468099999999992734e-04 5.712099999999988627e-04 5.476000000000005847e-05 1.507971125000000000e+06 1.643066875000000000e+06
1.000000000000000000e+00 -7.969999999999999307e-02 2.265000000000000069e-01 -1.100000000000000066e-03 -1.789000000000000035e-01 -3.347999999999999865e-01 -6.450000000000000178e-02 2.230000000000000038e-02 -3.819999999999998397e-02 5.699999999999999338e-03 2.499999999999999445e-02 4.400000000000015010e-03 9.099999999999996980e-03 6.352089999999998605e-03 5.130225000000000063e-02 1.210000000000000062e-06 3.200520999999999922e-02 1.120910399999999890e-01 4.160249999999999886e-03 4.972900000000000584e-04 1.459239999999998802e-03 3.248999999999999555e-05 6.249999999999996877e-04 1.936000000000013312e-05 8.280999999999994745e-05 1.507346500000000000e+06 1.642662625000000000e+06
1.000000000000000000e+00 -7.969999999999999307e-02 2.641999999999999904e-01 -1.200000000000000025e-02 -1.267999999999999960e-01 -3.150999999999999912e-01 -6.500000000000000222e-02 0.000000000000000000e+00 3.769999999999998352e-02 -1.089999999999999997e-02 5.210000000000000742e-02 1.969999999999999529e-02 -5.000000000000004441e-04 6.352089999999998605e-03 6.980163999999999813e-02 1.440000000000000036e-04 1.607824000000000059e-02 9.928800999999999599e-02 4.225000000000000457e-03 0.000000000000000000e+00 1.421289999999998666e-03 1.188099999999999958e-04 2.714410000000000867e-03 3.880899999999997893e-04 2.500000000000004651e-07 1.506932750000000000e+06 1.642808625000000000e+06
1.000000000000000000e+00 -7.409999999999999920e-02 1.849999999999999978e-01 -3.529999999999999805e-02 -1.913999999999999868e-01 -3.244000000000000217e-01 -6.669999999999999540e-02 5.599999999999993872e-03 -7.919999999999999263e-02 -2.329999999999999780e-02 -6.459999999999999076e-02 -9.300000000000030465e-03 -1.699999999999993183e-03 5.490809999999999615e-03 3.422499999999999848e-02 1.246089999999999828e-03 3.663395999999999320e-02 1.052353600000000139e-01 4.448889999999999616e-03 3.135999999999993014e-05 6.272639999999998599e-03 5.428899999999998657e-04 4.173159999999998676e-03 8.649000000000056274e-05 2.889999999999976989e-06 1.506170750000000000e+06 1.641059250000000000e+06
1.000000000000000000e+00 -6.900000000000000577e-02 2.184000000000000108e-01 -3.049999999999999933e-02 -1.376999999999999891e-01 -3.200999999999999956e-01 -7.080000000000000182e-02 5.099999999999993427e-03 3.340000000000001301e-02 4.799999999999998712e-03 5.369999999999999774e-02 4.300000000000026024e-03 -4.100000000000006417e-03 4.761000000000000475e-03 4.769856000000000790e-02 9.302499999999999788e-04 1.896128999999999870e-02 1.024640099999999943e-01 5.012640000000000498e-03 2.600999999999993224e-05 1.115560000000000900e-03 2.303999999999998608e-05 2.883689999999999951e-03 1.849000000000022446e-05 1.681000000000005420e-05 1.506603000000000000e+06 1.642561625000000000e+06
1.000000000000000000e+00 -7.130000000000000226e-02 2.712999999999999856e-01 -2.680000000000000090e-02 -2.088000000000000134e-01 -2.818999999999999839e-01 -8.179999999999999771e-02 -2.299999999999996492e-03 5.289999999999997482e-02 3.699999999999998429e-03 -7.110000000000002429e-02 3.820000000000001172e-02 -1.099999999999999589e-02 5.083690000000000084e-03 7.360368999999998552e-02 7.182400000000000893e-04 4.359744000000000813e-02 7.946760999999999409e-02 6.691239999999999341e-03 5.289999999999984080e-06 2.798409999999997271e-03 1.368999999999998921e-05 5.055210000000003555e-03 1.459240000000000970e-03 1.209999999999999054e-04 1.507579750000000000e+06 1.644590875000000000e+06
1.000000000000000000e+00 -8.859999999999999820e-02 2.207999999999999963e-01 -6.300000000000000044e-02 -1.733999999999999986e-01 -2.874999999999999778e-01 -7.560000000000000053e-02 -1.729999999999999594e-02 -5.049999999999998934e-02 -3.619999999999999607e-02 3.540000000000001479e-02 -5.599999999999993872e-03 6.199999999999997180e-03 7.849959999999999577e-03 4.875263999999999986e-02 3.969000000000000306e-03 3.006756000000000012e-02 8.265624999999998668e-02 5.715360000000000058e-03 2.992899999999998535e-04 2.550249999999999132e-03 1.310439999999999739e-03 1.253160000000000992e-03 3.135999999999993014e-05 3.843999999999996400e-05 1.506154375000000000e+06 1.643281500000000000e+06
1.000000000000000000e+00 -9.629999999999999671e-02 2.711999999999999966e-01 -3.980000000000000204e-02 -2.174999999999999989e-01 -2.958999999999999964e-01 -8.169999999999999485e-02 -7.699999999999998512e-03 5.040000000000000036e-02 2.319999999999999840e-02 -4.410000000000000031e-02 -8.400000000000018563e-03 -6.099999999999994316e-03 9.273689999999999364e-03 7.354943999999999371e-02 1.584040000000000101e-03 4.730625000000000108e-02 8.755680999999999881e-02 6.674889999999999296e-03 5.928999999999997613e-05 2.540160000000000074e-03 5.382399999999999424e-04 1.944809999999999942e-03 7.056000000000031377e-05 3.720999999999993003e-05 1.505843125000000000e+06 1.641709000000000000e+06
1.000000000000000000e+00 -1.300000000000000044e-01 1.637000000000000122e-01 -8.140000000000000013e-02 -2.424000000000000044e-01 -2.821000000000000174e-01 -8.419999999999999707e-02 -3.370000000000000773e-02 -1.074999999999999845e-01 -4.159999999999999809e-02 -2.490000000000000546e-02 1.379999999999997895e-02 -2.500000000000002220e-03 1.690000000000000183e-02 2.679769000000000248e-02 6.625960000000000183e-03 5.875775999999999916e-02 7.958041000000000420e-02 7.089639999999999484e-03 1.135690000000000614e-03 1.155624999999999708e-02 1.730559999999999911e-03 6.200100000000002658e-04 1.904399999999994303e-04 6.250000000000011311e-06 1.507240375000000000e+06 1.641530125000000000e+06
1.000000000000000000e+00 -1.406999999999999917e-01 1.262000000000000066e-01 -1.436999999999999944e-01 -1.864999999999999991e-01 -3.013000000000000123e-01 -9.550000000000000155e-02 -1.069999999999998730e-02 -3.750000000000000555e-02 -6.229999999999999427e-02 5.590000000000000524e-02 -1.919999999999999485e-02 -1.130000000000000449e-02 1.979648999999999645e-02 1.592644000000000004e-02 2.064968999999999832e-02 3.478225000000000067e-02 9.078169000000001210e-02 9.120249999999999885e-03 1.144899999999997255e-04 1.406250000000000382e-03 3.881289999999999480e-03 3.124810000000000434e-03 3.686399999999997773e-04 1.276900000000001005e-04 1.506678375000000000e+06 1.642354625000000000e+06
1.000000000000000000e+00 -8.490000000000000324e-02 4.138999999999999901e-01 -1.770000000000000046e-02 -1.695000000000000118e-01 -3.353999999999999759e-01 -1.132999999999999979e-01 5.579999999999998850e-02 2.876999999999999558e-01 1.260000000000000009e-01 1.699999999999998734e-02 -3.409999999999996367e-02 -1.779999999999999638e-02 7.208010000000000805e-03 1.713132099999999935e-01 3.132900000000000311e-04 2.873025000000000231e-02 1.124931599999999809e-01 1.283689000000000011e-02 3.113639999999998683e-03 8.277128999999996961e-02 1.587600000000000122e-02 2.889999999999995437e-04 1.162809999999997630e-03 3.168399999999998735e-04 1.507175500000000000e+06 1.644454375000000000e+06
1.000000000000000000e+00 -9.310000000000000220e-02 2.136000000000000121e-01 -7.140000000000000513e-02 -2.195999999999999897e-01 -3.604999999999999871e-01 -7.499999999999999722e-02 -8.199999999999998956e-03 -2.002999999999999781e-01 -5.370000000000000467e-02 -5.009999999999997788e-02 -2.510000000000001119e-02 3.830000000000000071e-02 8.667610000000000939e-03 4.562496000000000607e-02 5.097960000000000338e-03 4.822415999999999509e-02 1.299602499999999994e-01 5.624999999999999792e-03 6.723999999999998641e-05 4.012008999999999020e-02 2.883690000000000385e-03 2.510009999999997850e-03 6.300100000000005088e-04 1.466889999999999991e-03 1.508422375000000000e+06 1.645971875000000000e+06
1.000000000000000000e+00 -9.470000000000000639e-02 4.400000000000000265e-03 -6.590000000000000024e-02 -2.470999999999999863e-01 -2.642999999999999794e-01 -2.889999999999999861e-02 -1.600000000000004197e-03 -2.092000000000000248e-01 5.500000000000004885e-03 -2.749999999999999667e-02 9.620000000000000773e-02 4.610000000000000209e-02 8.968090000000001477e-03 1.936000000000000099e-05 4.342809999999999900e-03 6.105840999999999352e-02 6.985448999999999131e-02 8.352099999999999672e-04 2.560000000000013606e-06 4.376464000000000742e-02 3.025000000000005427e-05 7.562499999999998694e-04 9.254440000000000929e-03 2.125210000000000207e-03 1.506990750000000000e+06 1.641090000000000000e+06
1.000000000000000000e+00 -8.150000000000000300e-02 1.499000000000000055e-01 4.569999999999999757e-02 -1.880000000000000004e-01 -2.691999999999999948e-01 -7.850000000000000033e-02 1.320000000000000340e-02 1.455000000000000182e-01 1.116000000000000048e-01 5.909999999999998588e-02 -4.900000000000015454e-03 -4.960000000000000520e-02 6.642250000000000584e-03 2.247001000000000207e-02 2.088489999999999704e-03 3.534400000000000042e-02 7.246864000000000083e-02 6.162250000000000193e-03 1.742400000000000936e-04 2.117025000000000504e-02 1.245456000000000167e-02 3.492809999999998537e-03 2.401000000000015128e-05 2.460160000000000732e-03 1.507122875000000000e+06 1.639400000000000000e+06
1.000000000000000000e+00 -9.139999999999999514e-02 1.845999999999999863e-01 1.379999999999999977e-02 -1.973999999999999921e-01 -2.565000000000000058e-01 -3.760000000000000148e-02 -9.899999999999992140e-03 3.469999999999998086e-02 -3.189999999999999780e-02 -9.399999999999991696e-03 1.269999999999998908e-02 4.089999999999999886e-02 8.353959999999998817e-03 3.407715999999999523e-02 1.904399999999999995e-04 3.896675999999999612e-02 6.579224999999999657e-02 1.413760000000000017e-03 9.800999999999984258e-05 1.204089999999998590e-03 1.017609999999999956e-03 8.835999999999983841e-05 1.612899999999997246e-04 1.672809999999999835e-03 1.507759125000000000e+06 1.638880000000000000e+06
1.000000000000000000e+00 -7.649999999999999856e-02 2.131000000000000116e-01 -1.949999999999999997e-02 -2.119999999999999940e-01 -2.381000000000000061e-01 -7.670000000000000429e-02 1.489999999999999658e-02 2.850000000000002531e-02 -3.329999999999999627e-02 -1.460000000000000187e-02 1.839999999999999969e-02 -3.910000000000000281e-02 5.852249999999999813e-03 4.541161000000000503e-02 3.802499999999999999e-04 4.494399999999999784e-02 5.669161000000000339e-02 5.882890000000000862e-03 2.220099999999998886e-04 8.122500000000014474e-04 1.108889999999999746e-03 2.131600000000000530e-04 3.385600000000000111e-04 1.528810000000000238e-03 1.506962000000000000e+06 1.636581625000000000e+06
1.000000000000000000e+00 -9.110000000000000042e-02 2.084000000000000019e-01 2.759999999999999953e-02 -1.673000000000000043e-01 -3.160000000000000031e-01 -3.719999999999999696e-02 -1.460000000000000187e-02 -4.700000000000009726e-03 4.710000000000000298e-02 4.469999999999998974e-02 -7.789999999999999702e-02 3.950000000000000733e-02 8.299209999999999574e-03 4.343056000000000000e-02 7.617599999999999979e-04 2.798929000000000000e-02 9.985600000000000032e-02 1.383839999999999680e-03 2.131600000000000530e-04 2.209000000000009174e-05 2.218410000000000087e-03 1.998089999999999242e-03 6.068409999999999777e-03 1.560250000000000655e-03 1.507432500000000000e+06 1.636803000000000000e+06
1.000000000000000000e+00 -6.769999999999999629e-02 2.097999999999999865e-01 3.109999999999999917e-02 -1.638999999999999901e-01 -2.783999999999999808e-01 -8.140000000000000013e-02 2.340000000000000413e-02 1.399999999999984590e-03 3.499999999999999639e-03 3.400000000000014122e-03 3.760000000000002229e-02 -4.420000000000000318e-02 4.583289999999999413e-03 4.401603999999999239e-02 9.672099999999999231e-04 2.686320999999999848e-02 7.750655999999998824e-02 6.625960000000000183e-03 5.475600000000002123e-04 1.959999999999956670e-06 1.224999999999999791e-05 1.156000000000009600e-05 1.413760000000001751e-03 1.953640000000000411e-03 1.507694625000000000e+06 1.638455500000000000e+06
1.000000000000000000e+00 -9.349999999999999978e-02 2.245999999999999941e-01 -1.310000000000000053e-02 -1.965000000000000080e-01 -2.459000000000000075e-01 -3.869999999999999829e-02 -2.580000000000000349e-02 1.480000000000000759e-02 -4.420000000000000318e-02 -3.260000000000001785e-02 3.249999999999997335e-02 4.270000000000000184e-02 8.742250000000000021e-03 5.044515999999999584e-02 1.716100000000000188e-04 3.861225000000000074e-02 6.046681000000000278e-02 1.497689999999999872e-03 6.656400000000002202e-04 2.190400000000002339e-04 1.953640000000000411e-03 1.062760000000001134e-03 1.056249999999998163e-03 1.823290000000000197e-03 1.507786250000000000e+06 1.639494000000000000e+06
1.000000000000000000e+00 -9.479999999999999538e-02 1.630000000000000060e-01 -6.149999999999999911e-02 -2.038000000000000089e-01 -3.141999999999999793e-01 -9.329999999999999405e-02 -1.299999999999995604e-03 -6.159999999999998810e-02 -4.839999999999999858e-02 -7.300000000000000933e-03 -6.829999999999997184e-02 -5.459999999999999576e-02 8.987039999999999959e-03 2.656900000000000234e-02 3.782250000000000022e-03 4.153444000000000580e-02 9.872163999999998552e-02 8.704889999999998115e-03 1.689999999999988478e-06 3.794559999999998472e-03 2.342560000000000042e-03 5.329000000000001325e-05 4.664889999999996192e-03 2.981159999999999626e-03 1.509171625000000000e+06 1.640757500000000000e+06
1.000000000000000000e+00 -1.325000000000000067e-01 2.872999999999999998e-01 -3.989999999999999797e-02 -1.633999999999999897e-01 -3.085999999999999854e-01 -7.259999999999999787e-02 -3.770000000000001128e-02 1.242999999999999938e-01 2.160000000000000114e-02 4.040000000000001923e-02 5.599999999999993872e-03 2.069999999999999618e-02 1.755625000000000241e-02 8.254129000000000327e-02 1.592009999999999823e-03 2.669955999999999718e-02 9.523395999999999251e-02 5.270759999999999335e-03 1.421290000000000834e-03 1.545048999999999902e-02 4.665600000000000324e-04 1.632160000000001639e-03 3.135999999999993014e-05 4.284899999999998497e-04 1.510698125000000000e+06 1.642989125000000000e+06
1.000000000000000000e+00 -1.705000000000000127e-01 1.967000000000000137e-01 -2.417999999999999872e-01 -1.637000000000000122e-01 -3.644999999999999907e-01 -1.501000000000000112e-01 -3.800000000000000600e-02 -9.059999999999998610e-02 -2.018999999999999961e-01 -3.000000000000224709e-04 -5.590000000000000524e-02 -7.750000000000001332e-02 2.907025000000000581e-02 3.869089000000000556e-02 5.846723999999999671e-02 2.679769000000000248e-02 1.328602499999999853e-01 2.253001000000000309e-02 1.444000000000000405e-03 8.208359999999997880e-03 4.076360999999999873e-02 9.000000000001348493e-08 3.124810000000000434e-03 6.006250000000002039e-03 1.509549875000000000e+06 1.646270875000000000e+06
1.000000000000000000e+00 -8.740000000000000546e-02 1.307999999999999996e-01 -2.268999999999999906e-01 -1.877000000000000057e-01 -2.967000000000000193e-01 -1.102000000000000063e-01 8.310000000000000719e-02 -6.590000000000001412e-02 1.489999999999999658e-02 -2.399999999999999356e-02 6.779999999999997140e-02 3.990000000000000491e-02 7.638760000000001382e-03 1.710864000000000135e-02 5.148360999999999910e-02 3.523129000000000538e-02 8.803089000000001441e-02 1.214404000000000178e-02 6.905610000000001261e-03 4.342810000000001634e-03 2.220099999999998886e-04 5.759999999999996893e-04 4.596839999999996138e-03 1.592010000000000473e-03 1.508795875000000000e+06 1.643822500000000000e+06
1.000000000000000000e+00 -7.810000000000000275e-02 3.035999999999999810e-01 1.358999999999999930e-01 -2.121000000000000107e-01 -2.565000000000000058e-01 -9.660000000000000531e-02 9.300000000000002709e-03 1.727999999999999814e-01 3.628000000000000114e-01 -2.440000000000000502e-02 4.020000000000001350e-02 1.360000000000000098e-02 6.099610000000000101e-03 9.217295999999998435e-02 1.846880999999999870e-02 4.498641000000000445e-02 6.579224999999999657e-02 9.331560000000000896e-03 8.649000000000004774e-05 2.985983999999999514e-02 1.316238400000000197e-01 5.953600000000002900e-04 1.616040000000001095e-03 1.849600000000000181e-04 1.509081375000000000e+06 1.643551875000000000e+06
1.000000000000000000e+00 -6.980000000000000093e-02 3.135999999999999899e-01 1.932999999999999996e-01 -6.239999999999999714e-02 -9.220000000000000417e-01 -1.889000000000000123e-01 8.300000000000001821e-03 1.000000000000000888e-02 5.740000000000000657e-02 1.496999999999999997e-01 -6.654999999999999805e-01 -9.230000000000000704e-02 4.872040000000000225e-03 9.834495999999999516e-02 3.736488999999999783e-02 3.893759999999999583e-03 8.500840000000000618e-01 3.568321000000000687e-02 6.889000000000002652e-05 1.000000000000001810e-04 3.294760000000000744e-03 2.241009000000000057e-02 4.428902499999999853e-01 8.519290000000000543e-03 1.505036500000000000e+06 1.640592250000000000e+06
1.000000000000000000e+00 -7.720000000000000473e-02 2.936000000000000276e-01 6.940000000000000335e-02 -1.529999999999999936e-02 -6.125000000000000444e-01 -1.535999999999999865e-01 -7.400000000000003797e-03 -1.999999999999996225e-02 -1.238999999999999962e-01 4.709999999999999604e-02 3.094999999999999973e-01 3.530000000000002580e-02 5.959840000000000970e-03 8.620096000000002090e-02 4.816360000000000433e-03 2.340899999999999763e-04 3.751562500000000799e-01 2.359295999999999616e-02 5.476000000000005847e-05 3.999999999999985013e-04 1.535120999999999881e-02 2.218409999999999653e-03 9.579024999999999346e-02 1.246090000000001780e-03 1.505925500000000000e+06 1.641997000000000000e+06
1.000000000000000000e+00 -8.390000000000000235e-02 2.782999999999999918e-01 5.759999999999999842e-02 -1.932000000000000106e-01 -6.199999999999999782e-03 -6.510000000000000508e-02 -6.699999999999997624e-03 -1.530000000000003579e-02 -1.180000000000000493e-02 -1.779000000000000026e-01 6.063000000000000611e-01 8.849999999999998146e-02 7.039210000000000605e-03 7.745088999999999446e-02 3.317759999999999893e-03 3.732624000000000358e-02 3.843999999999999788e-05 4.238010000000000388e-03 4.488999999999996492e-05 2.340900000000010876e-04 1.392400000000001102e-04 3.164841000000000182e-02 3.675996900000000900e-01 7.832249999999997200e-03 1.504995125000000000e+06 1.638151750000000000e+06
1.000000000000000000e+00 -8.930000000000000437e-02 2.559000000000000163e-01 1.110000000000000014e-01 -2.078000000000000125e-01 -2.381000000000000061e-01 -3.520000000000000212e-02 -5.400000000000002021e-03 -2.239999999999997549e-02 5.340000000000000302e-02 -1.460000000000000187e-02 -2.318999999999999950e-01 2.990000000000000296e-02 7.974490000000000745e-03 6.548481000000000440e-02 1.232100000000000035e-02 4.318084000000000505e-02 5.669161000000000339e-02 1.239040000000000063e-03 2.916000000000002236e-05 5.017599999999988823e-04 2.851560000000000379e-03 2.131600000000000530e-04 5.377760999999999653e-02 8.940100000000002038e-04 1.506591750000000000e+06 1.640158875000000000e+06
1.000000000000000000e+00 -9.239999999999999603e-02 6.569999999999999452e-02 -5.899999999999999689e-02 -1.633000000000000007e-01 -2.750000000000000222e-01 -2.840000000000000163e-02 -3.099999999999991651e-03 -1.902000000000000357e-01 -1.699999999999999845e-01 4.450000000000001177e-02 -3.690000000000001612e-02 6.800000000000000488e-03 8.537759999999998406e-03 4.316489999999999216e-03 3.480999999999999719e-03 2.666688999999999865e-02 7.562500000000001166e-02 8.065600000000001111e-04 9.609999999999948648e-06 3.617604000000001346e-02 2.889999999999999514e-02 1.980250000000001107e-03 1.361610000000001161e-03 4.624000000000000451e-05 1.506406250000000000e+06 1.639251750000000000e+06
1.000000000000000000e+00 -8.640000000000000457e-02 1.008000000000000007e-01 -3.189999999999999780e-02 -1.913999999999999868e-01 -1.938999999999999890e-01 -3.470000000000000168e-02 5.999999999999991451e-03 3.510000000000000620e-02 2.709999999999999909e-02 -2.809999999999998610e-02 8.110000000000003317e-02 -6.300000000000000044e-03 7.464960000000000519e-03 1.016064000000000030e-02 1.017609999999999956e-03 3.663395999999999320e-02 3.759720999999999896e-02 1.204090000000000108e-03 3.599999999999989927e-05 1.232010000000000396e-03 7.344099999999999023e-04 7.896099999999991841e-04 6.577210000000005205e-03 3.969000000000000116e-05 1.505809250000000000e+06 1.639505500000000000e+06
1.000000000000000000e+00 -6.930000000000000049e-02 2.467000000000000026e-01 7.829999999999999460e-02 -2.174000000000000099e-01 -2.270000000000000073e-01 -4.170000000000000095e-02 1.710000000000000409e-02 1.459000000000000019e-01 1.101999999999999924e-01 -2.600000000000002309e-02 -3.310000000000001830e-02 -6.999999999999999278e-03 4.802490000000000404e-03 6.086089000000000082e-02 6.130889999999999083e-03 4.726276000000000088e-02 5.152900000000000535e-02 1.738890000000000097e-03 2.924100000000001633e-04 2.128680999999999976e-02 1.214403999999999831e-02 6.760000000000012527e-04 1.095610000000001201e-03 4.899999999999999164e-05 1.506080625000000000e+06 1.639038875000000000e+06
1.000000000000000000e+00 -6.900000000000000577e-02 2.818999999999999839e-01 1.069999999999999944e-02 -2.300999999999999990e-01 -2.444000000000000061e-01 -3.899999999999999994e-02 2.999999999999947153e-04 3.519999999999998130e-02 -6.759999999999999343e-02 -1.269999999999998908e-02 -1.739999999999999880e-02 2.700000000000001010e-03 4.761000000000000475e-03 7.946760999999999409e-02 1.144899999999999830e-04 5.294601000000000168e-02 5.973136000000000417e-02 1.521000000000000000e-03 8.999999999999683544e-08 1.239039999999998762e-03 4.569759999999999101e-03 1.612899999999997246e-04 3.027599999999999541e-04 7.290000000000005589e-06 1.506939500000000000e+06 1.640454500000000000e+06
1.000000000000000000e+00 -7.119999999999999940e-02 2.053000000000000103e-01 4.300000000000000003e-03 -1.627000000000000113e-01 -2.109000000000000041e-01 -3.049999999999999933e-02 -2.199999999999993627e-03 -7.659999999999997367e-02 -6.399999999999999439e-03 6.739999999999998770e-02 3.350000000000000200e-02 8.500000000000000611e-03 5.069439999999999710e-03 4.214809000000000611e-02 1.849000000000000085e-05 2.647129000000000495e-02 4.447881000000000057e-02 9.302499999999999788e-04 4.839999999999972295e-06 5.867559999999995626e-03 4.095999999999999408e-05 4.542759999999998119e-03 1.122250000000000201e-03 7.225000000000000790e-05 1.506429625000000000e+06 1.640764125000000000e+06
1.000000000000000000e+00 -7.720000000000000473e-02 2.038000000000000089e-01 -8.999999999999999320e-03 -1.691999999999999893e-01 -3.140999999999999903e-01 -3.420000000000000123e-02 -6.000000000000005329e-03 -1.500000000000001332e-03 -1.329999999999999932e-02 -6.499999999999978018e-03 -1.031999999999999862e-01 -3.700000000000001898e-03 5.959840000000000970e-03 4.153444000000000580e-02 8.099999999999999019e-05 2.862863999999999687e-02 9.865880999999999956e-02 1.169640000000000003e-03 3.600000000000006190e-05 2.250000000000003869e-06 1.768899999999999954e-04 4.224999999999971237e-05 1.065023999999999658e-02 1.369000000000001462e-05 1.505529375000000000e+06 1.640302750000000000e+06
1.000000000000000000e+00 -8.300000000000000433e-02 2.159999999999999976e-01 -3.420000000000000123e-02 -1.741000000000000048e-01 -2.973000000000000087e-01 -3.189999999999999780e-02 -5.799999999999999600e-03 1.219999999999998863e-02 -2.520000000000000018e-02 -4.900000000000015454e-03 1.679999999999998161e-02 2.300000000000003431e-03 6.889000000000001026e-03 4.665599999999999609e-02 1.169640000000000003e-03 3.031081000000000053e-02 8.838729000000000724e-02 1.017609999999999956e-03 3.363999999999999640e-05 1.488399999999997201e-04 6.350400000000000185e-04 2.401000000000015128e-05 2.822399999999993577e-04 5.290000000000015420e-06 1.506242625000000000e+06 1.641737500000000000e+06
1.000000000000000000e+00 -8.089999999999999969e-02 2.908999999999999919e-01 -3.969999999999999918e-02 -1.824999999999999956e-01 -2.888999999999999901e-01 -3.269999999999999990e-02 2.100000000000004641e-03 7.489999999999999436e-02 -5.499999999999997946e-03 -8.399999999999990807e-03 8.400000000000018563e-03 -8.000000000000020983e-04 6.544809999999999864e-03 8.462280999999999276e-02 1.576090000000000043e-03 3.330624999999999558e-02 8.346320999999999601e-02 1.069290000000000084e-03 4.410000000000019610e-06 5.610009999999999476e-03 3.024999999999997634e-05 7.055999999999983943e-05 7.056000000000031377e-05 6.400000000000034015e-07 1.507750375000000000e+06 1.643402625000000000e+06
1.000000000000000000e+00 -7.820000000000000562e-02 3.518999999999999906e-01 -2.730000000000000135e-02 -1.829000000000000070e-01 -2.879999999999999782e-01 -3.459999999999999881e-02 2.699999999999994071e-03 6.099999999999999867e-02 1.239999999999999783e-02 -4.000000000000114575e-04 9.000000000000119016e-04 -1.899999999999998912e-03 6.115240000000000953e-03 1.238336099999999967e-01 7.452900000000001234e-04 3.345241000000000187e-02 8.294399999999998996e-02 1.197159999999999848e-03 7.289999999999968319e-06 3.720999999999999915e-03 1.537599999999999373e-04 1.600000000000091619e-07 8.100000000000214674e-07 3.609999999999995930e-06 1.507048625000000000e+06 1.641975250000000000e+06
1.000000000000000000e+00 -7.870000000000000606e-02 2.472999999999999921e-01 -3.590000000000000135e-02 -1.860999999999999877e-01 -2.872000000000000108e-01 -3.440000000000000002e-02 -5.000000000000004441e-04 -1.045999999999999985e-01 -8.600000000000000006e-03 -3.199999999999980638e-03 7.999999999999674039e-04 1.999999999999987899e-04 6.193690000000000827e-03 6.115728999999999610e-02 1.288810000000000042e-03 3.463320999999999761e-02 8.248384000000000271e-02 1.183360000000000054e-03 2.500000000000004651e-07 1.094116000000000012e-02 7.396000000000000339e-05 1.023999999999987655e-05 6.399999999999478150e-07 3.999999999999951776e-08 1.507413375000000000e+06 1.642009250000000000e+06
1.000000000000000000e+00 -7.459999999999999964e-02 1.773000000000000131e-01 -5.899999999999999689e-02 -1.968999999999999917e-01 -2.857999999999999985e-01 -3.640000000000000180e-02 4.100000000000006417e-03 -6.999999999999997891e-02 -2.309999999999999554e-02 -1.080000000000000404e-02 1.400000000000012346e-03 -2.000000000000001776e-03 5.565159999999999552e-03 3.143529000000000462e-02 3.480999999999999719e-03 3.876960999999999602e-02 8.168163999999999980e-02 1.324960000000000027e-03 1.681000000000005420e-05 4.899999999999997240e-03 5.336099999999997920e-04 1.166400000000000894e-04 1.960000000000034597e-06 4.000000000000007442e-06 1.507434625000000000e+06 1.643384875000000000e+06
1.000000000000000000e+00 -8.809999999999999776e-02 1.718000000000000083e-01 -1.062000000000000027e-01 -2.147000000000000020e-01 -3.306000000000000050e-01 -3.429999999999999716e-02 -1.349999999999999811e-02 -5.500000000000004885e-03 -4.720000000000000584e-02 -1.780000000000001026e-02 -4.480000000000000648e-02 2.100000000000004641e-03 7.761609999999999517e-03 2.951524000000000161e-02 1.127844000000000069e-02 4.609608999999999929e-02 1.092963600000000091e-01 1.176489999999999871e-03 1.822499999999999576e-04 3.025000000000005427e-05 2.227840000000000462e-03 3.168400000000003614e-04 2.007040000000000733e-03 4.410000000000019610e-06 1.507656875000000000e+06 1.644038500000000000e+06
1.000000000000000000e+00 -8.659999999999999643e-02 2.651999999999999913e-01 -9.729999999999999760e-02 -2.199000000000000121e-01 -2.580000000000000071e-01 -3.459999999999999881e-02 1.500000000000001332e-03 9.339999999999998304e-02 8.900000000000005129e-03 -5.200000000000010170e-03 7.259999999999999787e-02 -3.000000000000016542e-04 7.499559999999999733e-03 7.033103999999999745e-02 9.467289999999999733e-03 4.835601000000000482e-02 6.656399999999999817e-02 1.197159999999999848e-03 2.250000000000003869e-06 8.723559999999996525e-03 7.921000000000009034e-05 2.704000000000010703e-05 5.270759999999999335e-03 9.000000000000099119e-08 1.506565125000000000e+06 1.641948375000000000e+06
1.000000000000000000e+00 -9.020000000000000240e-02 3.196999999999999842e-01 -1.519999999999999997e-02 -1.589000000000000135e-01 -3.332999999999999852e-01 -2.949999999999999845e-02 -3.600000000000005973e-03 5.449999999999999289e-02 8.209999999999999243e-02 6.099999999999999867e-02 -7.529999999999997806e-02 5.100000000000000366e-03 8.136040000000000633e-03 1.022080899999999876e-01 2.310400000000000106e-04 2.524921000000000457e-02 1.110888899999999957e-01 8.702499999999999299e-04 1.296000000000004363e-05 2.970249999999999366e-03 6.740409999999998764e-03 3.720999999999999915e-03 5.670089999999996556e-03 2.601000000000000339e-05 1.507577125000000000e+06 1.643289500000000000e+06
1.000000000000000000e+00 -1.048000000000000043e-01 1.769999999999999907e-01 -9.199999999999999845e-02 -1.748999999999999999e-01 -3.331000000000000072e-01 -3.440000000000000002e-02 -1.460000000000000187e-02 -1.426999999999999935e-01 -7.679999999999999327e-02 -1.599999999999998646e-02 1.999999999999779732e-04 -4.900000000000001577e-03 1.098304000000000120e-02 3.132899999999999574e-02 8.463999999999999302e-03 3.059001000000000081e-02 1.109556100000000101e-01 1.183360000000000054e-03 2.131600000000000530e-04 2.036328999999999917e-02 5.898239999999999039e-03 2.559999999999995547e-04 3.999999999999118640e-08 2.401000000000001576e-05 1.507524125000000000e+06 1.643837000000000000e+06
1.000000000000000000e+00 -1.060999999999999999e-01 1.317000000000000115e-01 -1.078999999999999959e-01 -1.738000000000000100e-01 -3.049000000000000044e-01 -3.509999999999999926e-02 -1.299999999999995604e-03 -4.529999999999997917e-02 -1.589999999999999747e-02 1.099999999999989875e-03 2.820000000000000284e-02 -6.999999999999992339e-04 1.125721000000000013e-02 1.734489000000000170e-02 1.164240999999999887e-02 3.020644000000000454e-02 9.296400999999999970e-02 1.232009999999999963e-03 1.689999999999988478e-06 2.052089999999998169e-03 2.528099999999999055e-04 1.209999999999977827e-06 7.952400000000001178e-04 4.899999999999989084e-07 1.507560625000000000e+06 1.642272750000000000e+06
1.000000000000000000e+00 -1.147999999999999993e-01 2.391000000000000070e-01 -5.460000000000000270e-02 -1.912000000000000088e-01 -2.882000000000000117e-01 -4.329999999999999821e-02 -8.699999999999999400e-03 1.073999999999999955e-01 5.329999999999999322e-02 -1.739999999999999880e-02 1.669999999999999263e-02 -8.199999999999998956e-03 1.317903999999999951e-02 5.716881000000000046e-02 2.981160000000000494e-03 3.655744000000000354e-02 8.305924000000000640e-02 1.874889999999999933e-03 7.568999999999998852e-05 1.153475999999999980e-02 2.840889999999999128e-03 3.027599999999999541e-04 2.788899999999997371e-04 6.723999999999998641e-05 1.507772625000000000e+06 1.644489500000000000e+06
1.000000000000000000e+00 -1.161999999999999977e-01 2.477999999999999925e-01 -5.210000000000000048e-02 -1.965000000000000080e-01 -2.873999999999999888e-01 -5.160000000000000003e-02 -1.399999999999998468e-03 8.699999999999985523e-03 2.500000000000002220e-03 -5.299999999999999156e-03 8.000000000000229150e-04 -8.300000000000001821e-03 1.350243999999999923e-02 6.140483999999999526e-02 2.714410000000000000e-03 3.861225000000000074e-02 8.259875999999999330e-02 2.662560000000000014e-03 1.959999999999995634e-06 7.568999999999974457e-05 6.250000000000011311e-06 2.808999999999999025e-05 6.400000000000366476e-07 6.889000000000002652e-05 1.509599750000000000e+06 1.644802500000000000e+06
1.000000000000000000e+00 -7.000000000000000666e-02 2.600999999999999979e-01 -2.319999999999999840e-02 -2.204000000000000126e-01 -2.878000000000000003e-01 -5.519999999999999907e-02 4.619999999999999107e-02 1.230000000000000537e-02 2.890000000000000208e-02 -2.390000000000000457e-02 -4.000000000000114575e-04 -3.599999999999999034e-03 4.900000000000000709e-03 6.765200999999999854e-02 5.382399999999999424e-04 4.857616000000000711e-02 8.282884000000000080e-02 3.047039999999999992e-03 2.134439999999999168e-03 1.512900000000001321e-04 8.352100000000000756e-04 5.712100000000002722e-04 1.600000000000091619e-07 1.295999999999999281e-05 1.508708250000000000e+06 1.643179875000000000e+06
1.000000000000000000e+00 -8.580000000000000127e-02 1.786000000000000087e-01 -6.719999999999999585e-02 -1.759999999999999898e-01 -3.019999999999999907e-01 -5.850000000000000339e-02 -1.579999999999999460e-02 -8.149999999999998912e-02 -4.399999999999999745e-02 4.440000000000002278e-02 -1.419999999999999041e-02 -3.300000000000004319e-03 7.361640000000000024e-03 3.189796000000000298e-02 4.515839999999999264e-03 3.097599999999999659e-02 9.120399999999999341e-02 3.422250000000000379e-03 2.496399999999998121e-04 6.642249999999997982e-03 1.935999999999999787e-03 1.971360000000001861e-03 2.016399999999997296e-04 1.089000000000002787e-05 1.508570000000000000e+06 1.642968250000000000e+06
1.000000000000000000e+00 -8.759999999999999731e-02 2.172999999999999932e-01 -7.839999999999999747e-02 -1.925000000000000044e-01 -2.612999999999999767e-01 -6.500000000000000222e-02 -1.799999999999996048e-03 3.869999999999998441e-02 -1.120000000000000162e-02 -1.650000000000001465e-02 4.070000000000001394e-02 -6.499999999999998834e-03 7.673759999999999956e-03 4.721928999999999710e-02 6.146559999999999697e-03 3.705624999999999891e-02 6.827768999999998811e-02 4.225000000000000457e-03 3.239999999999985920e-06 1.497689999999998788e-03 1.254400000000000458e-04 2.722500000000004647e-04 1.656490000000001130e-03 4.224999999999998342e-05 1.507945875000000000e+06 1.641620250000000000e+06
1.000000000000000000e+00 -8.379999999999999949e-02 2.273999999999999910e-01 -2.970000000000000070e-02 -1.993000000000000049e-01 -1.985000000000000098e-01 -6.400000000000000133e-02 3.799999999999997824e-03 1.009999999999999787e-02 4.869999999999999329e-02 -6.800000000000000488e-03 6.279999999999996696e-02 1.000000000000000888e-03 7.022439999999999585e-03 5.171075999999999451e-02 8.820900000000000876e-04 3.972049000000000413e-02 3.940225000000000671e-02 4.095999999999999815e-03 1.443999999999998372e-05 1.020099999999999534e-04 2.371689999999999215e-03 4.624000000000000451e-05 3.943839999999996203e-03 1.000000000000001861e-06 1.509289250000000000e+06 1.642515125000000000e+06
1.000000000000000000e+00 -9.189999999999999558e-02 1.806999999999999995e-01 -1.032000000000000001e-01 -2.071000000000000063e-01 -2.444999999999999951e-01 -5.960000000000000020e-02 -8.099999999999996092e-03 -4.669999999999999152e-02 -7.349999999999999589e-02 -7.800000000000001377e-03 -4.599999999999998535e-02 4.400000000000001132e-03 8.445609999999999229e-03 3.265248999999999929e-02 1.065024000000000005e-02 4.289041000000000381e-02 5.978025000000000005e-02 3.552159999999999953e-03 6.560999999999993595e-05 2.180889999999999131e-03 5.402249999999999067e-03 6.084000000000002058e-05 2.115999999999998524e-03 1.936000000000001115e-05 1.510980375000000000e+06 1.645362250000000000e+06
1.000000000000000000e+00 -8.530000000000000082e-02 2.434999999999999942e-01 -7.969999999999999307e-02 -1.466000000000000081e-01 -3.042000000000000259e-01 -5.519999999999999907e-02 6.599999999999994760e-03 6.279999999999999472e-02 2.350000000000000699e-02 6.049999999999999822e-02 -5.970000000000003082e-02 4.400000000000001132e-03 7.276089999999999815e-03 5.929224999999999773e-02 6.352089999999998605e-03 2.149156000000000330e-02 9.253764000000001821e-02 3.047039999999999992e-03 4.355999999999992853e-05 3.943839999999999672e-03 5.522500000000003318e-04 3.660249999999999875e-03 3.564090000000003696e-03 1.936000000000001115e-05 1.510203875000000000e+06 1.644590375000000000e+06
1.000000000000000000e+00 -8.129999999999999727e-02 2.464999999999999969e-01 2.740000000000000074e-02 -1.401999999999999913e-01 -2.805000000000000271e-01 -5.589999999999999830e-02 4.000000000000003553e-03 3.000000000000002665e-03 1.071000000000000008e-01 6.400000000000016787e-03 2.369999999999999885e-02 -6.999999999999992339e-04 6.609689999999999663e-03 6.076224999999999682e-02 7.507600000000000558e-04 1.965603999999999615e-02 7.868025000000002100e-02 3.124810000000000001e-03 1.600000000000002977e-05 9.000000000000015475e-06 1.147041000000000033e-02 4.096000000000021770e-05 5.616899999999999974e-04 4.899999999999989084e-07 1.510787000000000000e+06 1.644898500000000000e+06
1.000000000000000000e+00 -7.950000000000000122e-02 1.628999999999999893e-01 -2.529999999999999957e-02 -1.351999999999999869e-01 -2.591999999999999860e-01 -4.970000000000000112e-02 1.799999999999996048e-03 -8.360000000000000764e-02 -5.269999999999999685e-02 5.000000000000004441e-03 2.130000000000004112e-02 6.199999999999997180e-03 6.320250000000000347e-03 2.653640999999999639e-02 6.400899999999999515e-04 1.827903999999999640e-02 6.718463999999998992e-02 2.470090000000000306e-03 3.239999999999985920e-06 6.988960000000001525e-03 2.777289999999999533e-03 2.500000000000004524e-05 4.536900000000017633e-04 3.843999999999996400e-05 1.510320125000000000e+06 1.643726125000000000e+06
1.000000000000000000e+00 -7.760000000000000231e-02 2.137000000000000011e-01 -1.959999999999999937e-02 -1.418000000000000094e-01 -2.869999999999999774e-01 -5.609999999999999709e-02 1.899999999999998912e-03 5.080000000000001181e-02 5.700000000000000205e-03 -6.600000000000022515e-03 -2.779999999999999138e-02 -6.399999999999995970e-03 6.021760000000000133e-03 4.566769000000000384e-02 3.841599999999999811e-04 2.010724000000000192e-02 8.236899999999998390e-02 3.147209999999999678e-03 3.609999999999995930e-06 2.580640000000001232e-03 3.249000000000000233e-05 4.356000000000029445e-05 7.728399999999995733e-04 4.095999999999994665e-05 1.510428250000000000e+06 1.643765125000000000e+06
1.000000000000000000e+00 -7.870000000000000606e-02 2.558000000000000274e-01 -5.100000000000000366e-03 -1.429999999999999882e-01 -2.773999999999999799e-01 -5.779999999999999721e-02 -1.100000000000003753e-03 4.210000000000002629e-02 1.449999999999999900e-02 -1.199999999999978861e-03 9.599999999999997424e-03 -1.700000000000000122e-03 6.193690000000000827e-03 6.543364000000001512e-02 2.601000000000000339e-05 2.044899999999999496e-02 7.695075999999999306e-02 3.340839999999999869e-03 1.210000000000008320e-06 1.772410000000002256e-03 2.102499999999999606e-04 1.439999999999949367e-06 9.215999999999994433e-05 2.890000000000000282e-06 1.510682875000000000e+06 1.644229250000000000e+06
1.000000000000000000e+00 -8.019999999999999352e-02 2.467999999999999916e-01 -1.319999999999999993e-02 -1.461999999999999966e-01 -2.812999999999999945e-01 -5.770000000000000129e-02 -1.499999999999987454e-03 -9.000000000000035749e-03 -8.099999999999999561e-03 -3.200000000000008393e-03 -3.900000000000014566e-03 9.999999999999592548e-05 6.432039999999999112e-03 6.091023999999999744e-02 1.742399999999999852e-04 2.137443999999999802e-02 7.912969000000000253e-02 3.329289999999999940e-03 2.249999999999962364e-06 8.100000000000064071e-05 6.560999999999999016e-05 1.024000000000005442e-05 1.521000000000011357e-05 9.999999999999184609e-09 1.509770500000000000e+06 1.643100625000000000e+06
1.000000000000000000e+00 -8.010000000000000453e-02 1.781999999999999973e-01 -4.649999999999999967e-02 -1.511000000000000121e-01 -2.842000000000000082e-01 -5.759999999999999842e-02 9.999999999998898659e-05 -6.859999999999999432e-02 -3.329999999999999627e-02 -4.900000000000015454e-03 -2.900000000000013678e-03 1.000000000000028644e-04 6.416010000000000636e-03 3.175523999999999708e-02 2.162250000000000109e-03 2.283121000000000456e-02 8.076964000000000365e-02 3.317759999999999893e-03 9.999999999997796600e-09 4.705959999999999484e-03 1.108889999999999746e-03 2.401000000000015128e-05 8.410000000000078722e-06 1.000000000000057262e-08 1.509426625000000000e+06 1.641769125000000000e+06
1.000000000000000000e+00 -7.589999999999999525e-02 2.429999999999999938e-01 -4.229999999999999732e-02 -1.504000000000000059e-01 -2.595999999999999974e-01 -5.990000000000000185e-02 4.200000000000009281e-03 6.479999999999999649e-02 4.200000000000002343e-03 7.000000000000061728e-04 2.460000000000001075e-02 -2.300000000000003431e-03 5.760809999999999022e-03 5.904899999999999732e-02 1.789289999999999804e-03 2.262016000000000027e-02 6.739215999999999263e-02 3.588010000000000418e-03 1.764000000000007844e-05 4.199039999999999370e-03 1.764000000000002084e-05 4.900000000000086493e-07 6.051600000000005282e-04 5.290000000000015420e-06 1.509528625000000000e+06 1.642314625000000000e+06
1.000000000000000000e+00 -6.660000000000000642e-02 3.020999999999999797e-01 -2.829999999999999877e-02 -1.494999999999999940e-01 -2.701000000000000068e-01 -5.709999999999999798e-02 9.299999999999988831e-03 5.909999999999998588e-02 1.399999999999999856e-02 9.000000000000119016e-04 -1.050000000000000933e-02 2.800000000000003875e-03 4.435560000000000717e-03 9.126440999999999026e-02 8.008899999999999570e-04 2.235024999999999859e-02 7.295400999999999969e-02 3.260409999999999611e-03 8.648999999999979025e-05 3.492809999999998537e-03 1.959999999999999666e-04 8.100000000000214674e-07 1.102500000000001997e-04 7.840000000000021499e-06 1.508224750000000000e+06 1.641814625000000000e+06
1.000000000000000000e+00 -6.500000000000000222e-02 2.520000000000000018e-01 -5.770000000000000129e-02 -1.486999999999999988e-01 -3.366000000000000103e-01 -5.609999999999999709e-02 1.600000000000004197e-03 -5.009999999999997788e-02 -2.940000000000000252e-02 7.999999999999951594e-04 -6.650000000000000355e-02 1.000000000000000888e-03 4.225000000000000457e-03 6.350400000000000489e-02 3.329289999999999940e-03 2.211168999999999982e-02 1.132995600000000075e-01 3.147209999999999678e-03 2.560000000000013606e-06 2.510009999999997850e-03 8.643600000000001065e-04 6.399999999999922842e-07 4.422250000000000833e-03 1.000000000000001861e-06 1.507374375000000000e+06 1.642093125000000000e+06
1.000000000000000000e+00 -7.259999999999999787e-02 1.938999999999999890e-01 -8.039999999999999925e-02 -1.598999999999999866e-01 -3.180000000000000049e-01 -5.870000000000000218e-02 -7.599999999999995648e-03 -5.810000000000001275e-02 -2.269999999999999796e-02 -1.119999999999998774e-02 1.860000000000000542e-02 -2.600000000000005085e-03 5.270759999999999335e-03 3.759720999999999896e-02 6.464160000000000045e-03 2.556800999999999519e-02 1.011240000000000056e-01 3.445690000000000384e-03 5.775999999999993488e-05 3.375610000000001543e-03 5.152899999999999538e-04 1.254399999999997206e-04 3.459600000000001910e-04 6.760000000000026757e-06 1.507943750000000000e+06 1.642585500000000000e+06
1.000000000000000000e+00 -8.300000000000000433e-02 2.200000000000000011e-01 -3.189999999999999780e-02 -1.637000000000000122e-01 -2.948999999999999955e-01 -6.219999999999999835e-02 -1.040000000000000646e-02 2.610000000000001208e-02 4.850000000000000144e-02 -3.800000000000025580e-03 2.310000000000000941e-02 -3.499999999999996170e-03 6.889000000000001026e-03 4.839999999999999858e-02 1.017609999999999956e-03 2.679769000000000248e-02 8.696600999999999637e-02 3.868839999999999692e-03 1.081600000000001300e-04 6.812100000000006692e-04 2.352250000000000174e-03 1.444000000000019378e-05 5.336100000000004425e-04 1.224999999999997250e-05 1.509294750000000000e+06 1.644242000000000000e+06
