1.000000000000000000e+00 -0.000000000000000000e+00 -0.000000000000000000e+00 -0.000000000000000000e+00 -0.000000000000000000e+00 -0.000000000000000000e+00 0.000000000000000000e+00 0.000000000000000000e+00 0.000000000000000000e+00 0.000000000000000000e+00 0.000000000000000000e+00 0.000000000000000000e+00 0.000000000000000000e+00 0.000000000000000000e+00 0.000000000000000000e+00 0.000000000000000000e+00 0.000000000000000000e+00 0.000000000000000000e+00 0.000000000000000000e+00 0.000000000000000000e+00 0.000000000000000000e+00 0.000000000000000000e+00 0.000000000000000000e+00 0.000000000000000000e+00 0.000000000000000000e+00 1.250037375000000000e+06 1.269163750000000000e+06
1.000000000000000000e+00 7.000000000000000666e-02 -5.160000000000000003e-02 1.150999999999999940e-01 -4.519999999999999712e-02 -4.179999999999999688e-02 -7.700000000000000247e-03 7.000000000000000666e-02 -5.160000000000000003e-02 1.150999999999999940e-01 -4.519999999999999712e-02 -4.179999999999999688e-02 -7.700000000000000247e-03 4.900000000000000709e-03 2.662560000000000014e-03 1.324800999999999930e-02 2.043039999999999873e-03 1.747239999999999731e-03 5.929000000000000324e-05 4.900000000000000709e-03 2.662560000000000014e-03 1.324800999999999930e-02 2.043039999999999873e-03 1.747239999999999731e-03 5.929000000000000324e-05 1.252057750000000000e+06 1.270597000000000000e+06
1.000000000000000000e+00 8.240000000000000102e-02 -2.129999999999999949e-02 2.450000000000000094e-02 -3.070000000000000159e-02 -8.509999999999999509e-02 -6.400000000000000307e-03 1.239999999999999436e-02 3.030000000000000054e-02 -9.059999999999998610e-02 1.449999999999999553e-02 -4.329999999999999821e-02 1.299999999999999940e-03 6.789760000000000587e-03 4.536899999999999744e-04 6.002500000000000890e-04 9.424900000000001462e-04 7.242009999999999247e-03 4.096000000000000086e-05 1.537599999999998560e-04 9.180899999999999868e-04 8.208359999999997880e-03 2.102499999999998793e-04 1.874889999999999933e-03 1.689999999999999913e-06 1.251524125000000000e+06 1.268569875000000000e+06
1.000000000000000000e+00 7.359999999999999876e-02 1.252000000000000057e-01 9.600000000000000200e-02 -3.790000000000000313e-02 -6.040000000000000230e-02 1.080000000000000057e-02 -8.800000000000002265e-03 1.465000000000000191e-01 7.150000000000000799e-02 -7.200000000000001538e-03 2.469999999999999279e-02 1.720000000000000001e-02 5.416960000000000178e-03 1.567504000000000119e-02 9.216000000000000233e-03 1.436410000000000161e-03 3.648160000000000118e-03 1.166400000000000081e-04 7.744000000000004461e-05 2.146225000000000563e-02 5.112250000000001342e-03 5.184000000000002544e-05 6.100899999999996560e-04 2.958400000000000135e-04 1.247930500000000000e+06 1.265446125000000000e+06
1.000000000000000000e+00 6.819999999999999674e-02 7.119999999999999940e-02 4.209999999999999853e-02 -1.000000000000000056e-01 -1.710000000000000062e-02 1.199999999999999895e-03 -5.400000000000002021e-03 -5.400000000000000633e-02 -5.390000000000000346e-02 -6.210000000000000242e-02 4.330000000000000515e-02 -9.600000000000000894e-03 4.651239999999999195e-03 5.069439999999999710e-03 1.772409999999999871e-03 1.000000000000000194e-02 2.924100000000000006e-04 1.439999999999999765e-06 2.916000000000002236e-05 2.916000000000000623e-03 2.905210000000000518e-03 3.856410000000000220e-03 1.874890000000000367e-03 9.216000000000001209e-05 1.251693125000000000e+06 1.270739500000000000e+06
1.000000000000000000e+00 5.920000000000000262e-02 -3.400000000000000244e-02 -3.339999999999999913e-02 -1.084999999999999992e-01 -1.243999999999999967e-01 1.170000000000000033e-02 -8.999999999999994116e-03 -1.052000000000000018e-01 -7.549999999999999767e-02 -8.499999999999993672e-03 -1.072999999999999926e-01 1.050000000000000065e-02 3.504640000000000272e-03 1.156000000000000126e-03 1.115560000000000032e-03 1.177224999999999973e-02 1.547535999999999877e-02 1.368899999999999989e-04 8.099999999999989533e-05 1.106704000000000021e-02 5.700249999999999588e-03 7.224999999999988593e-05 1.151328999999999894e-02 1.102500000000000100e-04 1.254347375000000000e+06 1.275384000000000000e+06
1.000000000000000000e+00 7.530000000000000582e-02 -7.499999999999999722e-03 8.699999999999999400e-03 -3.660000000000000059e-02 -8.369999999999999662e-02 1.609999999999999973e-02 1.610000000000000320e-02 2.650000000000000272e-02 4.209999999999999853e-02 7.189999999999999170e-02 4.070000000000000007e-02 4.399999999999999398e-03 5.670090000000000893e-03 5.624999999999999846e-05 7.568999999999998852e-05 1.339560000000000056e-03 7.005689999999999314e-03 2.592100000000000068e-04 2.592100000000001152e-04 7.022500000000001831e-04 1.772409999999999871e-03 5.169609999999998963e-03 1.656490000000000046e-03 1.935999999999999421e-05 1.252503750000000000e+06 1.270164625000000000e+06
1.000000000000000000e+00 1.458000000000000129e-01 -4.689999999999999725e-02 -5.469999999999999862e-02 -6.750000000000000444e-02 -6.140000000000000319e-02 5.990000000000000185e-02 7.050000000000000711e-02 -3.939999999999999752e-02 -6.339999999999999802e-02 -3.090000000000000385e-02 2.229999999999999344e-02 4.380000000000000560e-02 2.125764000000000473e-02 2.199609999999999847e-03 2.992089999999999767e-03 4.556250000000000404e-03 3.769960000000000585e-03 3.588010000000000418e-03 4.970250000000000709e-03 1.552359999999999808e-03 4.019560000000000147e-03 9.548100000000002722e-04 4.972899999999997331e-04 1.918440000000000423e-03 1.255331125000000000e+06 1.272160125000000000e+06
1.000000000000000000e+00 1.227000000000000035e-01 -5.920000000000000262e-02 -6.679999999999999827e-02 -1.267999999999999960e-01 2.610000000000000167e-02 2.380000000000000171e-02 -2.310000000000000941e-02 -1.230000000000000537e-02 -1.209999999999999964e-02 -5.929999999999999161e-02 8.750000000000000833e-02 -3.610000000000000014e-02 1.505529000000000069e-02 3.504640000000000272e-03 4.462240000000000130e-03 1.607824000000000059e-02 6.812100000000001271e-04 5.664400000000000858e-04 5.336100000000004425e-04 1.512900000000001321e-04 1.464100000000000026e-04 3.516489999999998853e-03 7.656250000000001596e-03 1.303209999999999959e-03 1.251648500000000000e+06 1.268211625000000000e+06
1.000000000000000000e+00 2.939999999999999905e-02 2.840000000000000163e-02 1.441000000000000059e-01 -3.180000000000000188e-02 1.849999999999999908e-02 1.420000000000000082e-02 -9.330000000000000793e-02 8.760000000000001119e-02 2.109000000000000041e-01 9.500000000000000111e-02 -7.600000000000002587e-03 -9.600000000000000894e-03 8.643599999999999981e-04 8.065600000000001111e-04 2.076481000000000160e-02 1.011240000000000056e-03 3.422499999999999436e-04 2.016400000000000278e-04 8.704890000000001585e-03 7.673760000000001691e-03 4.447881000000000057e-02 9.025000000000000036e-03 5.776000000000003652e-05 9.216000000000001209e-05 1.250071625000000000e+06 1.261072500000000000e+06
1.000000000000000000e+00 5.999999999999999474e-04 -7.169999999999999984e-02 6.819999999999999674e-02 -7.330000000000000404e-02 -1.192000000000000004e-01 2.999999999999999889e-02 -2.879999999999999921e-02 -1.000999999999999945e-01 -7.590000000000000913e-02 -4.150000000000000216e-02 -1.376999999999999891e-01 1.579999999999999807e-02 3.599999999999999414e-07 5.140890000000000390e-03 4.651239999999999195e-03 5.372890000000000825e-03 1.420863999999999981e-02 8.999999999999999754e-04 8.294399999999999733e-04 1.002000999999999933e-02 5.760810000000001624e-03 1.722250000000000256e-03 1.896128999999999870e-02 2.496399999999999206e-04 1.253780875000000000e+06 1.268802625000000000e+06
1.000000000000000000e+00 2.960000000000000131e-02 -6.550000000000000266e-02 -1.879000000000000115e-01 -4.649999999999999967e-02 -6.529999999999999694e-02 -2.500000000000000139e-02 2.900000000000000147e-02 6.199999999999997180e-03 -2.560999999999999943e-01 2.680000000000000437e-02 5.390000000000000346e-02 -5.500000000000000028e-02 8.761600000000000681e-04 4.290250000000000660e-03 3.530641000000000335e-02 2.162250000000000109e-03 4.264089999999999894e-03 6.250000000000001214e-04 8.410000000000000591e-04 3.843999999999996400e-05 6.558720999999999302e-02 7.182400000000001977e-04 2.905210000000000518e-03 3.024999999999999911e-03 1.255337625000000000e+06 1.273771750000000000e+06
1.000000000000000000e+00 8.989999999999999380e-02 2.690000000000000030e-02 -6.640000000000000069e-02 -4.000000000000000083e-02 -1.170000000000000068e-01 1.919999999999999832e-02 6.029999999999999249e-02 9.240000000000000990e-02 1.215000000000000108e-01 6.499999999999998834e-03 -5.170000000000000984e-02 4.420000000000000318e-02 8.082009999999998848e-03 7.236099999999999650e-04 4.408959999999999962e-03 1.600000000000000077e-03 1.368900000000000151e-02 3.686399999999999400e-04 3.636089999999998941e-03 8.537760000000001875e-03 1.476225000000000280e-02 4.224999999999998342e-05 2.672890000000001116e-03 1.953640000000000411e-03 1.250985375000000000e+06 1.265832750000000000e+06
1.000000000000000000e+00 5.070000000000000201e-02 1.267999999999999960e-01 1.025999999999999968e-01 -7.729999999999999372e-02 -4.658999999999999808e-01 2.479999999999999913e-02 -3.919999999999999180e-02 9.989999999999998881e-02 1.689999999999999836e-01 -3.729999999999999288e-02 -3.488999999999999879e-01 5.600000000000000810e-03 2.570490000000000361e-03 1.607824000000000059e-02 1.052675999999999959e-02 5.975289999999999421e-03 2.170628099999999949e-01 6.150399999999999661e-04 1.536639999999999274e-03 9.980009999999997494e-03 2.856099999999999611e-02 1.391289999999999454e-03 1.217312099999999925e-01 3.136000000000001146e-05 1.243481375000000000e+06 1.261651250000000000e+06
1.000000000000000000e+00 8.340000000000000191e-02 1.351999999999999869e-01 -4.899999999999999842e-03 -1.711000000000000021e-01 -5.248000000000000442e-01 1.084999999999999992e-01 3.269999999999999990e-02 8.399999999999990807e-03 -1.074999999999999983e-01 -9.380000000000000837e-02 -5.890000000000006342e-02 8.369999999999999662e-02 6.955560000000000388e-03 1.827903999999999640e-02 2.400999999999999882e-05 2.927520999999999943e-02 2.754150400000000554e-01 1.177224999999999973e-02 1.069290000000000084e-03 7.055999999999983943e-05 1.155624999999999881e-02 8.798440000000001121e-03 3.469210000000007288e-03 7.005689999999999314e-03 1.255832375000000000e+06 1.278021750000000000e+06
1.000000000000000000e+00 3.799999999999999992e-03 -3.799999999999999992e-03 6.149999999999999911e-02 -1.285999999999999921e-01 -2.887000000000000122e-01 -3.169999999999999901e-02 -7.960000000000000409e-02 -1.389999999999999847e-01 6.640000000000000069e-02 4.250000000000000999e-02 2.361000000000000321e-01 -1.401999999999999913e-01 1.444000000000000066e-05 1.444000000000000066e-05 3.782250000000000022e-03 1.653795999999999738e-02 8.334769000000000205e-02 1.004890000000000037e-03 6.336160000000000403e-03 1.932099999999999443e-02 4.408959999999999962e-03 1.806250000000000780e-03 5.574321000000001525e-02 1.965603999999999615e-02 1.254563500000000000e+06 1.272431625000000000e+06
1.000000000000000000e+00 7.720000000000000473e-02 8.319999999999999618e-02 2.732999999999999874e-01 -1.540000000000000049e-02 -1.570000000000000007e-01 -2.800000000000000058e-02 7.340000000000000691e-02 8.699999999999999400e-02 2.117999999999999883e-01 1.131999999999999951e-01 1.317000000000000115e-01 3.699999999999998429e-03 5.959840000000000970e-03 6.922239999999999643e-03 7.469288999999999790e-02 2.371600000000000129e-04 2.464900000000000077e-02 7.840000000000000831e-04 5.387560000000001306e-03 7.568999999999999340e-03 4.485923999999999467e-02 1.281423999999999931e-02 1.734489000000000170e-02 1.368999999999998921e-05 1.249135625000000000e+06 1.268548750000000000e+06
1.000000000000000000e+00 6.790000000000000202e-02 1.744999999999999885e-01 1.121000000000000052e-01 -1.086000000000000021e-01 3.980000000000000204e-02 -3.769999999999999740e-02 -9.300000000000002709e-03 9.129999999999999227e-02 -1.611999999999999822e-01 -9.320000000000000506e-02 1.968000000000000027e-01 -9.699999999999996819e-03 4.610410000000000549e-03 3.045024999999999468e-02 1.256641000000000181e-02 1.179396000000000090e-02 1.584040000000000101e-03 1.421289999999999750e-03 8.649000000000004774e-05 8.335689999999998032e-03 2.598543999999999507e-02 8.686240000000001321e-03 3.873023999999999911e-02 9.408999999999993432e-05 1.252460000000000000e+06 1.271998375000000000e+06
1.000000000000000000e+00 6.169999999999999790e-02 2.000000000000000042e-02 -8.659999999999999643e-02 -9.810000000000000664e-02 -1.238999999999999962e-01 -1.789999999999999925e-02 -6.200000000000004119e-03 -1.544999999999999984e-01 -1.986999999999999877e-01 1.049999999999999545e-02 -1.637000000000000122e-01 1.979999999999999816e-02 3.806889999999999840e-03 4.000000000000000192e-04 7.499559999999999733e-03 9.623610000000001191e-03 1.535120999999999881e-02 3.204099999999999765e-04 3.844000000000005209e-05 2.387024999999999911e-02 3.948168999999999290e-02 1.102499999999999016e-04 2.679769000000000248e-02 3.920399999999999124e-04 1.252519375000000000e+06 1.270627375000000000e+06
1.000000000000000000e+00 6.279999999999999472e-02 -1.199000000000000066e-01 -2.799999999999999972e-03 -9.569999999999999341e-02 -1.758000000000000118e-01 -2.580000000000000002e-02 1.099999999999996814e-03 -1.398999999999999966e-01 8.379999999999999949e-02 2.400000000000013234e-03 -5.190000000000001557e-02 -7.900000000000000772e-03 3.943839999999999672e-03 1.437601000000000157e-02 7.839999999999999476e-06 9.158489999999998299e-03 3.090564000000000505e-02 6.656400000000000034e-04 1.209999999999993074e-06 1.957200999999999733e-02 7.022439999999999585e-03 5.760000000000063436e-06 2.693610000000001663e-03 6.241000000000000724e-05 1.252658500000000000e+06 1.271910500000000000e+06
1.000000000000000000e+00 5.059999999999999915e-02 -3.209999999999999659e-02 5.650000000000000161e-02 -9.049999999999999711e-02 -1.101000000000000034e-01 -1.770000000000000046e-02 -1.219999999999999557e-02 8.780000000000001692e-02 5.929999999999999855e-02 5.199999999999996292e-03 6.570000000000000839e-02 8.099999999999999561e-03 2.560359999999999806e-03 1.030409999999999833e-03 3.192250000000000209e-03 8.190249999999999614e-03 1.212201000000000077e-02 3.132900000000000311e-04 1.488399999999998828e-04 7.708840000000003259e-03 3.516489999999999720e-03 2.703999999999996134e-05 4.316490000000000951e-03 6.560999999999999016e-05 1.253001125000000000e+06 1.271691625000000000e+06
1.000000000000000000e+00 6.350000000000000089e-02 5.759999999999999842e-02 1.250999999999999890e-01 -7.000000000000000666e-02 -1.112999999999999962e-01 9.400000000000000369e-03 1.290000000000000174e-02 8.970000000000000195e-02 6.859999999999999432e-02 2.049999999999999045e-02 -1.199999999999992739e-03 2.709999999999999909e-02 4.032250000000000244e-03 3.317759999999999893e-03 1.565000999999999892e-02 4.900000000000000709e-03 1.238768999999999981e-02 8.836000000000000104e-05 1.664100000000000551e-04 8.046090000000000533e-03 4.705959999999999484e-03 4.202499999999996169e-04 1.439999999999982613e-06 7.344099999999999023e-04 1.252220875000000000e+06 1.270105000000000000e+06
1.000000000000000000e+00 6.049999999999999822e-02 1.280000000000000061e-02 1.622999999999999998e-01 -6.539999999999999980e-02 -1.223000000000000059e-01 4.719999999999999890e-02 -3.000000000000002665e-03 -4.479999999999999954e-02 3.720000000000001084e-02 4.600000000000006861e-03 -1.100000000000000977e-02 3.780000000000000027e-02 3.660249999999999875e-03 1.638400000000000034e-04 2.634128999999999984e-02 4.277160000000000337e-03 1.495729000000000156e-02 2.227840000000000029e-03 9.000000000000015475e-06 2.007039999999999866e-03 1.383840000000000764e-03 2.116000000000006168e-05 1.210000000000002171e-04 1.428840000000000015e-03 1.250610250000000000e+06 1.271853250000000000e+06
1.000000000000000000e+00 5.790000000000000008e-02 7.220000000000000029e-02 -2.009999999999999981e-02 -8.500000000000000611e-02 -8.119999999999999440e-02 3.529999999999999805e-02 -2.599999999999998146e-03 5.940000000000000141e-02 -1.824000000000000066e-01 -1.960000000000000631e-02 4.110000000000001152e-02 -1.190000000000000085e-02 3.352410000000000112e-03 5.212839999999999835e-03 4.040100000000000028e-04 7.225000000000001386e-03 6.593439999999999024e-03 1.246089999999999828e-03 6.759999999999990334e-06 3.528360000000000350e-03 3.326976000000000239e-02 3.841600000000002521e-04 1.689210000000000884e-03 1.416100000000000214e-04 1.250668625000000000e+06 1.269446125000000000e+06
1.000000000000000000e+00 8.440000000000000280e-02 -5.650000000000000161e-02 -1.749999999999999889e-01 -1.406999999999999917e-01 -1.754000000000000004e-01 5.659999999999999754e-02 2.650000000000000272e-02 -1.287000000000000088e-01 -1.548999999999999821e-01 -5.569999999999998563e-02 -9.420000000000000595e-02 2.129999999999999949e-02 7.123360000000000455e-03 3.192250000000000209e-03 3.062499999999999598e-02 1.979648999999999645e-02 3.076515999999999973e-02 3.203559999999999828e-03 7.022500000000001831e-04 1.656369000000000244e-02 2.399400999999999617e-02 3.102489999999998548e-03 8.873640000000000347e-03 4.536899999999999744e-04 1.253428625000000000e+06 1.275674250000000000e+06
1.000000000000000000e+00 2.610000000000000098e-01 -2.510000000000000078e-02 4.117000000000000104e-01 -2.616999999999999882e-01 -6.056000000000000272e-01 5.290000000000000258e-02 1.766000000000000070e-01 3.139999999999999736e-02 5.866999999999999993e-01 -1.209999999999999964e-01 -4.302000000000000268e-01 -3.699999999999994960e-03 6.812100000000000100e-02 6.300100000000000752e-04 1.694968900000000112e-01 6.848688999999999472e-02 3.667513600000000262e-01 2.798410000000000307e-03 3.118756000000000306e-02 9.859599999999999181e-04 3.442168899999999976e-01 1.464099999999999950e-02 1.850720400000000210e-01 1.368999999999996210e-05 1.259405125000000000e+06 1.265935500000000000e+06
1.000000000000000000e+00 1.350999999999999979e-01 1.741999999999999937e-01 2.566999999999999837e-01 -3.744999999999999996e-01 -2.669000000000000261e-01 -3.400000000000000244e-02 -1.259000000000000119e-01 1.993000000000000049e-01 -1.550000000000000266e-01 -1.128000000000000114e-01 3.387000000000000011e-01 -8.690000000000000502e-02 1.825200999999999907e-02 3.034563999999999664e-02 6.589488999999999763e-02 1.402502499999999930e-01 7.123561000000001864e-02 1.156000000000000126e-03 1.585081000000000337e-02 3.972049000000000413e-02 2.402500000000000815e-02 1.272384000000000188e-02 1.147176899999999972e-01 7.551610000000001134e-03 1.244222250000000000e+06 1.255704500000000000e+06
1.000000000000000000e+00 -2.306999999999999884e-01 8.019999999999999352e-02 -4.330999999999999850e-01 -1.724999999999999867e-01 -3.528000000000000025e-01 5.120000000000000245e-02 -3.658000000000000140e-01 -9.400000000000000022e-02 -6.897999999999999687e-01 2.020000000000000129e-01 -8.589999999999997637e-02 8.519999999999999796e-02 5.322248999999999730e-02 6.432039999999999112e-03 1.875756099999999760e-01 2.975624999999999451e-02 1.244678399999999963e-01 2.621440000000000055e-03 1.338096400000000075e-01 8.836000000000000104e-03 4.758240399999999481e-01 4.080400000000000693e-02 7.378809999999996067e-03 7.259039999999999590e-03 1.255925250000000000e+06 1.273442250000000000e+06
1.000000000000000000e+00 -1.123999999999999999e-01 5.000000000000000104e-03 7.300000000000000065e-03 2.799999999999999972e-03 -4.657999999999999918e-01 -8.999999999999999320e-03 1.182999999999999885e-01 -7.519999999999998908e-02 4.403999999999999582e-01 1.752999999999999836e-01 -1.129999999999999893e-01 -6.020000000000000351e-02 1.263376000000000082e-02 2.500000000000000120e-05 5.328999999999999970e-05 7.839999999999999476e-06 2.169696399999999914e-01 8.099999999999999019e-05 1.399488999999999768e-02 5.655039999999998332e-03 1.939521599999999568e-01 3.073008999999999463e-02 1.276899999999999737e-02 3.624040000000000247e-03 1.252889125000000000e+06 1.266154500000000000e+06
1.000000000000000000e+00 6.130000000000000032e-02 -9.729999999999999760e-02 2.116999999999999993e-01 -4.669999999999999846e-02 -1.593999999999999861e-01 -2.790000000000000119e-02 1.736999999999999933e-01 -1.023000000000000020e-01 2.043999999999999984e-01 -4.949999999999999539e-02 3.064000000000000057e-01 -1.890000000000000013e-02 3.757690000000000162e-03 9.467289999999999733e-03 4.481688999999999812e-02 2.180889999999999999e-03 2.540835999999999442e-02 7.784100000000001044e-04 3.017168999999999754e-02 1.046529000000000036e-02 4.177936000000000150e-02 2.450249999999999737e-03 9.388095999999999941e-02 3.572100000000000036e-04 1.249374375000000000e+06 1.263097875000000000e+06
1.000000000000000000e+00 7.989999999999999880e-02 7.499999999999999722e-03 -8.749999999999999445e-02 1.949999999999999997e-02 -1.560999999999999888e-01 -1.859999999999999848e-02 1.859999999999999848e-02 1.048000000000000043e-01 -2.992000000000000215e-01 6.619999999999999496e-02 3.299999999999997380e-03 9.300000000000002709e-03 6.384009999999999858e-03 5.624999999999999846e-05 7.656249999999998994e-03 3.802499999999999999e-04 2.436720999999999679e-02 3.459599999999999199e-04 3.459599999999999199e-04 1.098304000000000120e-02 8.952064000000001243e-02 4.382439999999999600e-03 1.088999999999998213e-05 8.649000000000004774e-05 1.247225500000000000e+06 1.261992000000000000e+06
1.000000000000000000e+00 1.628000000000000003e-01 1.420000000000000082e-02 -2.960999999999999743e-01 7.950000000000000122e-02 6.809999999999999387e-02 -1.066000000000000003e-01 8.290000000000000147e-02 6.700000000000001094e-03 -2.085999999999999799e-01 5.999999999999999778e-02 2.241999999999999826e-01 -8.799999999999999489e-02 2.650384000000000073e-02 2.016400000000000278e-04 8.767520999999998954e-02 6.320250000000000347e-03 4.637609999999999476e-03 1.136355999999999998e-02 6.872410000000000671e-03 4.489000000000001236e-05 4.351395999999999042e-02 3.599999999999999901e-03 5.026563999999999338e-02 7.743999999999999148e-03 1.246130625000000000e+06 1.260373625000000000e+06
1.000000000000000000e+00 1.474999999999999922e-01 -4.850000000000000144e-02 3.710000000000000103e-02 -2.680000000000000090e-02 -7.249999999999999500e-02 -1.237999999999999934e-01 -1.530000000000000804e-02 -6.270000000000000573e-02 3.331999999999999962e-01 -1.063000000000000056e-01 -1.406000000000000028e-01 -1.719999999999999307e-02 2.175624999999999781e-02 2.352250000000000174e-03 1.376410000000000003e-03 7.182400000000000893e-04 5.256249999999999638e-03 1.532643999999999847e-02 2.340900000000002473e-04 3.931290000000000479e-03 1.110222399999999943e-01 1.129969000000000112e-02 1.976836000000000218e-02 2.958399999999997425e-04 1.251571125000000000e+06 1.266415500000000000e+06
1.000000000000000000e+00 1.290000000000000001e-02 -3.200000000000000153e-03 2.454999999999999960e-01 -7.670000000000000429e-02 -5.779999999999999721e-02 -4.900000000000000189e-02 -1.345999999999999974e-01 4.529999999999999999e-02 2.084000000000000019e-01 -4.989999999999999991e-02 1.469999999999999779e-02 7.479999999999999150e-02 1.664100000000000008e-04 1.024000000000000021e-05 6.027024999999999744e-02 5.882890000000000862e-03 3.340839999999999869e-03 2.401000000000000356e-03 1.811716000000000021e-02 2.052089999999999904e-03 4.343056000000000000e-02 2.490009999999999966e-03 2.160899999999999453e-04 5.595039999999999042e-03 1.250517625000000000e+06 1.269045500000000000e+06
1.000000000000000000e+00 -1.100000000000000066e-03 5.000000000000000278e-02 7.439999999999999392e-02 -7.789999999999999702e-02 -8.150000000000000300e-02 -5.179999999999999882e-02 -1.400000000000000029e-02 5.320000000000000423e-02 -1.711000000000000021e-01 -1.199999999999992739e-03 -2.370000000000000578e-02 -2.799999999999996936e-03 1.210000000000000062e-06 2.500000000000000486e-03 5.535359999999998719e-03 6.068409999999999777e-03 6.642250000000000584e-03 2.683239999999999931e-03 1.960000000000000208e-04 2.830240000000000360e-03 2.927520999999999943e-02 1.439999999999982613e-06 5.616900000000003227e-04 7.839999999999982535e-06 1.251397750000000000e+06 1.268182625000000000e+06
1.000000000000000000e+00 8.619999999999999885e-02 1.139000000000000012e-01 -6.260000000000000286e-02 -8.079999999999999682e-02 1.119999999999999989e-02 -2.549999999999999836e-02 8.730000000000000260e-02 6.389999999999999847e-02 -1.370000000000000107e-01 -2.899999999999999800e-03 9.270000000000000462e-02 2.630000000000000046e-02 7.430439999999999962e-03 1.297321000000000064e-02 3.918760000000000299e-03 6.528639999999999617e-03 1.254399999999999916e-04 6.502499999999998949e-04 7.621290000000000182e-03 4.083209999999999444e-03 1.876900000000000443e-02 8.409999999999999101e-06 8.593290000000001691e-03 6.916900000000000132e-04 1.248760000000000000e+06 1.265323875000000000e+06
1.000000000000000000e+00 7.220000000000000029e-02 2.450000000000000094e-02 9.030000000000000526e-02 -6.560000000000000553e-02 -2.390000000000000110e-02 -1.830000000000000029e-02 -1.399999999999999856e-02 -8.940000000000000724e-02 1.529000000000000081e-01 1.519999999999999130e-02 -3.509999999999999926e-02 7.199999999999998068e-03 5.212839999999999835e-03 6.002500000000000890e-04 8.154090000000000990e-03 4.303360000000000865e-03 5.712100000000000554e-04 3.348900000000000141e-04 1.959999999999999666e-04 7.992360000000000436e-03 2.337841000000000224e-02 2.310399999999997395e-04 1.232009999999999963e-03 5.183999999999997123e-05 1.249466000000000000e+06 1.267746250000000000e+06
1.000000000000000000e+00 6.869999999999999718e-02 -1.034000000000000058e-01 3.280000000000000276e-02 -4.769999999999999934e-02 -8.300000000000000086e-03 -5.879999999999999810e-02 -3.500000000000003109e-03 -1.279000000000000137e-01 -5.750000000000000250e-02 1.790000000000000618e-02 1.560000000000000102e-02 -4.049999999999999434e-02 4.719689999999999476e-03 1.069156000000000099e-02 1.075840000000000216e-03 2.275290000000000125e-03 6.888999999999999941e-05 3.457439999999999992e-03 1.225000000000002163e-05 1.635841000000000378e-02 3.306250000000000161e-03 3.204100000000002476e-04 2.433600000000000281e-04 1.640249999999999564e-03 1.251778250000000000e+06 1.271079000000000000e+06
1.000000000000000000e+00 4.839999999999999858e-02 8.500000000000000611e-03 3.169999999999999901e-02 -3.939999999999999752e-02 -9.829999999999999849e-02 -2.520000000000000018e-02 -2.029999999999999860e-02 1.118999999999999995e-01 -1.100000000000003753e-03 8.300000000000001821e-03 -8.999999999999999667e-02 3.359999999999999792e-02 2.342560000000000042e-03 7.225000000000000790e-05 1.004890000000000037e-03 1.552359999999999808e-03 9.662890000000000368e-03 6.350400000000000185e-04 4.120899999999999390e-04 1.252161000000000073e-02 1.210000000000008320e-06 6.889000000000002652e-05 8.099999999999999561e-03 1.128959999999999816e-03 1.250334250000000000e+06 1.267113125000000000e+06
1.000000000000000000e+00 5.489999999999999741e-02 5.940000000000000141e-02 8.959999999999999909e-02 -2.489999999999999852e-02 -9.790000000000000091e-02 -3.899999999999999994e-02 6.499999999999998834e-03 5.090000000000000080e-02 5.790000000000000008e-02 1.449999999999999900e-02 3.999999999999975797e-04 -1.379999999999999977e-02 3.014009999999999693e-03 3.528360000000000350e-03 8.028159999999999463e-03 6.200099999999999405e-04 9.584409999999999805e-03 1.521000000000000000e-03 4.224999999999998342e-05 2.590810000000000248e-03 3.352410000000000112e-03 2.102499999999999606e-04 1.599999999999980711e-07 1.904399999999999995e-04 1.250737875000000000e+06 1.268079250000000000e+06
1.000000000000000000e+00 5.410000000000000225e-02 1.063999999999999946e-01 4.700000000000000011e-02 -8.039999999999999925e-02 -3.529999999999999805e-02 -2.639999999999999986e-02 -7.999999999999951594e-04 4.699999999999999317e-02 -4.259999999999999898e-02 -5.550000000000000072e-02 6.260000000000000286e-02 1.260000000000000009e-02 2.926810000000000175e-03 1.132095999999999970e-02 2.209000000000000026e-03 6.464160000000000045e-03 1.246089999999999828e-03 6.969599999999999407e-04 6.399999999999922842e-07 2.208999999999999159e-03 1.814759999999999898e-03 3.080250000000000089e-03 3.918760000000000299e-03 1.587600000000000046e-04 1.250947250000000000e+06 1.267747250000000000e+06
1.000000000000000000e+00 4.700000000000000011e-02 -3.429999999999999716e-02 2.290000000000000022e-02 -6.610000000000000597e-02 -1.023000000000000020e-01 -2.610000000000000167e-02 -7.100000000000002143e-03 -1.406999999999999917e-01 -2.409999999999999989e-02 1.429999999999999327e-02 -6.700000000000000400e-02 2.999999999999981848e-04 2.209000000000000026e-03 1.176489999999999871e-03 5.244100000000000020e-04 4.369210000000000975e-03 1.046529000000000036e-02 6.812100000000001271e-04 5.041000000000002727e-05 1.979648999999999645e-02 5.808099999999999635e-04 2.044899999999997989e-04 4.489000000000000802e-03 8.999999999999891331e-08 1.251878875000000000e+06 1.269605500000000000e+06
1.000000000000000000e+00 5.460000000000000270e-02 2.380000000000000171e-02 9.769999999999999518e-02 -4.000000000000000083e-02 -1.053999999999999937e-01 -3.169999999999999901e-02 7.600000000000002587e-03 5.809999999999999887e-02 7.479999999999999150e-02 2.610000000000000514e-02 -3.099999999999991651e-03 -5.599999999999997341e-03 2.981160000000000494e-03 5.664400000000000858e-04 9.545289999999999678e-03 1.600000000000000077e-03 1.110915999999999813e-02 1.004890000000000037e-03 5.776000000000003652e-05 3.375609999999999809e-03 5.595039999999999042e-03 6.812100000000002355e-04 9.609999999999948648e-06 3.135999999999997080e-05 1.249608875000000000e+06 1.266857500000000000e+06
1.000000000000000000e+00 9.279999999999999361e-02 -2.599999999999999881e-03 7.209999999999999742e-02 -6.840000000000000246e-02 -1.766999999999999960e-01 -1.000000000000000048e-04 3.819999999999999091e-02 -2.639999999999999986e-02 -2.559999999999999776e-02 -2.840000000000000163e-02 -7.130000000000000226e-02 3.159999999999999615e-02 8.611839999999999079e-03 6.759999999999999652e-06 5.198409999999999663e-03 4.678560000000000010e-03 3.122288999999999967e-02 1.000000000000000021e-08 1.459239999999999236e-03 6.969599999999999407e-04 6.553599999999999053e-04 8.065600000000001111e-04 5.083690000000000084e-03 9.985599999999996822e-04 1.254947625000000000e+06 1.270721500000000000e+06
1.000000000000000000e+00 7.699999999999999900e-02 4.549999999999999878e-02 -3.039999999999999925e-01 -2.795000000000000262e-01 -3.037000000000000255e-01 9.070000000000000284e-02 -1.579999999999999460e-02 4.809999999999999692e-02 -3.760999999999999899e-01 -2.111000000000000099e-01 -1.270000000000000295e-01 9.080000000000000571e-02 5.929000000000000242e-03 2.070250000000000042e-03 9.241599999999999815e-02 7.812025000000001607e-02 9.223369000000002094e-02 8.226490000000001232e-03 2.496399999999998121e-04 2.313609999999999799e-03 1.414512099999999939e-01 4.456321000000000587e-02 1.612900000000000791e-02 8.244640000000000996e-03 1.250408750000000000e+06 1.266411500000000000e+06
1.000000000000000000e+00 7.280000000000000360e-02 1.140999999999999931e-01 -5.890000000000000097e-02 -1.897999999999999965e-01 -2.456000000000000127e-01 2.369999999999999885e-02 -4.199999999999995404e-03 6.859999999999999432e-02 2.450999999999999845e-01 8.970000000000002971e-02 5.810000000000001275e-02 -6.700000000000000400e-02 5.299840000000000106e-03 1.301880999999999872e-02 3.469209999999999915e-03 3.602404000000000023e-02 6.031936000000000936e-02 5.616899999999999974e-04 1.763999999999995986e-05 4.705959999999999484e-03 6.007400999999999019e-02 8.046090000000005737e-03 3.375610000000001543e-03 4.489000000000000802e-03 1.249772375000000000e+06 1.268832125000000000e+06
1.000000000000000000e+00 7.510000000000000009e-02 1.759000000000000008e-01 2.791000000000000147e-01 3.200000000000000153e-03 -2.009999999999999981e-02 -4.139999999999999930e-02 2.299999999999996492e-03 6.180000000000000770e-02 3.380000000000000226e-01 1.930000000000000049e-01 2.255000000000000060e-01 -6.509999999999999121e-02 5.640009999999999989e-03 3.094080999999999915e-02 7.789681000000001077e-02 1.024000000000000021e-05 4.040100000000000028e-04 1.713960000000000049e-03 5.289999999999984080e-06 3.819240000000001089e-03 1.142440000000000122e-01 3.724900000000000433e-02 5.085024999999999962e-02 4.238009999999998653e-03 1.252082750000000000e+06 1.271730000000000000e+06
1.000000000000000000e+00 4.379999999999999866e-02 2.599999999999999881e-02 -6.710000000000000686e-02 1.559999999999999928e-02 3.289999999999999869e-02 -3.399999999999999811e-03 -3.130000000000000143e-02 -1.499000000000000055e-01 -3.462000000000000077e-01 1.239999999999999956e-02 5.299999999999999850e-02 3.799999999999999906e-02 1.918439999999999989e-03 6.759999999999999516e-04 4.502410000000000960e-03 2.433599999999999739e-04 1.082410000000000013e-03 1.155999999999999943e-05 9.796900000000000747e-04 2.247001000000000207e-02 1.198544400000000065e-01 1.537599999999999915e-04 2.808999999999999865e-03 1.443999999999999971e-03 1.248984625000000000e+06 1.265400875000000000e+06
1.000000000000000000e+00 7.330000000000000404e-02 -1.091000000000000025e-01 1.959999999999999937e-02 -6.450000000000000178e-02 -6.500000000000000222e-02 -4.479999999999999954e-02 2.950000000000000538e-02 -1.350999999999999979e-01 8.669999999999999929e-02 -8.010000000000000453e-02 -9.790000000000000091e-02 -4.139999999999999930e-02 5.372890000000000825e-03 1.190280999999999978e-02 3.841599999999999811e-04 4.160249999999999886e-03 4.225000000000000457e-03 2.007039999999999866e-03 8.702500000000003635e-04 1.825200999999999907e-02 7.516890000000000030e-03 6.416010000000000636e-03 9.584409999999999805e-03 1.713960000000000049e-03 1.250898750000000000e+06 1.267407000000000000e+06
1.000000000000000000e+00 5.500000000000000028e-02 -1.490000000000000005e-02 9.819999999999999563e-02 -4.059999999999999720e-02 -4.300000000000000003e-03 -3.899999999999999821e-03 -1.830000000000000376e-02 9.420000000000000595e-02 7.860000000000000320e-02 2.390000000000000457e-02 6.070000000000000395e-02 4.089999999999999886e-02 3.024999999999999911e-03 2.220099999999999971e-04 9.643239999999999104e-03 1.648359999999999756e-03 1.849000000000000085e-05 1.520999999999999837e-05 3.348900000000001225e-04 8.873640000000000347e-03 6.177960000000000569e-03 5.712100000000002722e-04 3.684490000000000334e-03 1.672809999999999835e-03 1.246936250000000000e+06 1.265579500000000000e+06
1.000000000000000000e+00 1.161999999999999977e-01 1.935999999999999943e-01 1.365999999999999992e-01 -7.900000000000000078e-02 1.194999999999999951e-01 -6.890000000000000291e-02 6.119999999999999746e-02 2.084999999999999909e-01 3.840000000000000357e-02 -3.840000000000000357e-02 1.237999999999999934e-01 -6.500000000000000222e-02 1.350243999999999923e-02 3.748096000000000066e-02 1.865955999999999865e-02 6.241000000000000020e-03 1.428024999999999954e-02 4.747209999999999971e-03 3.745439999999999620e-03 4.347224999999999701e-02 1.474560000000000193e-03 1.474560000000000193e-03 1.532643999999999847e-02 4.225000000000000457e-03 1.244932875000000000e+06 1.261200000000000000e+06
1.000000000000000000e+00 4.870000000000000023e-02 1.349999999999999985e-02 -4.870000000000000023e-02 -1.247999999999999943e-01 -7.900000000000000772e-03 -2.599999999999999881e-02 -6.750000000000000444e-02 -1.800999999999999823e-01 -1.852999999999999925e-01 -4.579999999999999349e-02 -1.273999999999999855e-01 4.290000000000000757e-02 2.371690000000000083e-03 1.822499999999999847e-04 2.371690000000000083e-03 1.557503999999999833e-02 6.241000000000000724e-05 6.759999999999999516e-04 4.556250000000000404e-03 3.243600999999999429e-02 3.433608999999999967e-02 2.097639999999999574e-03 1.623075999999999686e-02 1.840410000000000657e-03 1.251859750000000000e+06 1.268233625000000000e+06
1.000000000000000000e+00 4.529999999999999999e-02 -1.180999999999999966e-01 -1.165000000000000063e-01 -4.229999999999999732e-02 -9.270000000000000462e-02 -3.950000000000000039e-02 -3.400000000000000244e-03 -1.315999999999999948e-01 -6.779999999999999916e-02 8.249999999999999001e-02 -8.480000000000000038e-02 -1.350000000000000158e-02 2.052089999999999904e-03 1.394760999999999918e-02 1.357225000000000098e-02 1.789289999999999804e-03 8.593290000000001691e-03 1.560250000000000005e-03 1.156000000000000113e-05 1.731856000000000020e-02 4.596839999999999607e-03 6.806249999999998065e-03 7.191040000000000106e-03 1.822500000000000389e-04 1.253455375000000000e+06 1.273315250000000000e+06
1.000000000000000000e+00 3.230000000000000232e-02 -4.000000000000000083e-02 9.499999999999999764e-03 -1.048000000000000043e-01 -5.419999999999999818e-02 -6.429999999999999605e-02 -1.299999999999999767e-02 7.810000000000000275e-02 1.260000000000000009e-01 -6.250000000000000000e-02 3.850000000000000644e-02 -2.479999999999999566e-02 1.043290000000000103e-03 1.600000000000000077e-03 9.024999999999999819e-05 1.098304000000000120e-02 2.937639999999999609e-03 4.134489999999999346e-03 1.689999999999999337e-04 6.099610000000000101e-03 1.587600000000000122e-02 3.906250000000000000e-03 1.482250000000000494e-03 6.150399999999997492e-04 1.253734875000000000e+06 1.272563500000000000e+06
1.000000000000000000e+00 2.500000000000000139e-02 -6.539999999999999980e-02 2.850000000000000103e-02 -1.039999999999999952e-01 -1.497999999999999887e-01 -6.579999999999999738e-02 -7.300000000000000933e-03 -2.539999999999999897e-02 1.900000000000000300e-02 8.000000000000090372e-04 -9.559999999999999054e-02 -1.500000000000001332e-03 6.250000000000001214e-04 4.277160000000000337e-03 8.122500000000000379e-04 1.081599999999999923e-02 2.244003999999999791e-02 4.329640000000000051e-03 5.329000000000001325e-05 6.451599999999999826e-04 3.610000000000001012e-04 6.400000000000144130e-07 9.139359999999997416e-03 2.250000000000003869e-06 1.251214375000000000e+06 1.268997500000000000e+06
1.000000000000000000e+00 1.830000000000000029e-02 -6.100000000000000387e-03 5.460000000000000270e-02 -8.780000000000000304e-02 -1.388000000000000067e-01 -3.719999999999999696e-02 -6.700000000000001094e-03 5.929999999999999855e-02 2.610000000000000167e-02 1.619999999999999218e-02 1.099999999999998201e-02 2.860000000000000042e-02 3.348900000000000141e-04 3.721000000000000457e-05 2.981160000000000494e-03 7.708840000000000657e-03 1.926544000000000173e-02 1.383839999999999680e-03 4.489000000000001236e-05 3.516489999999999720e-03 6.812100000000001271e-04 2.624399999999997438e-04 1.209999999999996072e-04 8.179600000000000629e-04 1.250336875000000000e+06 1.268120000000000000e+06
1.000000000000000000e+00 5.650000000000000161e-02 4.590000000000000330e-02 3.299999999999999982e-03 -9.160000000000000087e-02 -4.970000000000000112e-02 -4.299999999999999656e-02 3.819999999999999785e-02 5.200000000000000455e-02 -5.130000000000000532e-02 -3.799999999999997824e-03 8.910000000000001252e-02 -5.799999999999999600e-03 3.192250000000000209e-03 2.106810000000000193e-03 1.088999999999999907e-05 8.390560000000000032e-03 2.470090000000000306e-03 1.848999999999999732e-03 1.459239999999999886e-03 2.704000000000000674e-03 2.631690000000000331e-03 1.443999999999998372e-05 7.938810000000002740e-03 3.363999999999999640e-05 1.251698250000000000e+06 1.268872875000000000e+06
1.000000000000000000e+00 6.119999999999999746e-02 3.889999999999999708e-02 1.190000000000000085e-02 -6.700000000000000400e-02 -7.599999999999999811e-02 -5.120000000000000245e-02 4.699999999999995848e-03 -7.000000000000006217e-03 8.600000000000000006e-03 2.459999999999999687e-02 -2.629999999999999699e-02 -8.200000000000005895e-03 3.745439999999999620e-03 1.513209999999999859e-03 1.416100000000000214e-04 4.489000000000000802e-03 5.775999999999999884e-03 2.621440000000000055e-03 2.208999999999995960e-05 4.900000000000008651e-05 7.396000000000000339e-05 6.051599999999998777e-04 6.916899999999997963e-04 6.724000000000009483e-05 1.250091875000000000e+06 1.267901250000000000e+06
1.000000000000000000e+00 5.469999999999999862e-02 8.519999999999999796e-02 6.360000000000000375e-02 -5.410000000000000225e-02 -8.340000000000000191e-02 -4.259999999999999898e-02 -6.499999999999998834e-03 4.630000000000000088e-02 5.170000000000000290e-02 1.290000000000000174e-02 -7.400000000000003797e-03 8.600000000000003475e-03 2.992089999999999767e-03 7.259039999999999590e-03 4.044960000000000222e-03 2.926810000000000175e-03 6.955560000000000388e-03 1.814759999999999898e-03 4.224999999999998342e-05 2.143690000000000179e-03 2.672890000000000248e-03 1.664100000000000551e-04 5.476000000000005847e-05 7.396000000000005760e-05 1.251043750000000000e+06 1.267763875000000000e+06
1.000000000000000000e+00 6.769999999999999629e-02 1.348999999999999921e-01 1.010000000000000064e-01 -4.150000000000000216e-02 -6.510000000000000508e-02 -2.489999999999999852e-02 1.299999999999999767e-02 4.969999999999999418e-02 3.740000000000000269e-02 1.260000000000000009e-02 1.829999999999999682e-02 1.770000000000000046e-02 4.583289999999999413e-03 1.819800999999999710e-02 1.020100000000000173e-02 1.722250000000000256e-03 4.238010000000000388e-03 6.200099999999999405e-04 1.689999999999999337e-04 2.470089999999999439e-03 1.398760000000000194e-03 1.587600000000000046e-04 3.348899999999999056e-04 3.132900000000000311e-04 1.251827125000000000e+06 1.269266250000000000e+06
1.000000000000000000e+00 6.679999999999999827e-02 -4.789999999999999813e-02 4.240000000000000019e-02 -2.869999999999999982e-02 -7.630000000000000671e-02 -1.159999999999999920e-02 -8.999999999999980238e-04 -1.827999999999999903e-01 -5.860000000000000625e-02 1.280000000000000235e-02 -1.120000000000000162e-02 1.329999999999999932e-02 4.462240000000000130e-03 2.294409999999999766e-03 1.797760000000000026e-03 8.236899999999999691e-04 5.821690000000000892e-03 1.345599999999999856e-04 8.099999999999964799e-07 3.341583999999999527e-02 3.433960000000000658e-03 1.638400000000000576e-04 1.254400000000000458e-04 1.768899999999999954e-04 1.251767000000000000e+06 1.269064000000000000e+06
1.000000000000000000e+00 7.560000000000000053e-02 -9.279999999999999361e-02 6.660000000000000642e-02 -7.130000000000000226e-02 -8.930000000000000437e-02 1.170000000000000033e-02 8.800000000000002265e-03 -4.489999999999999547e-02 2.420000000000000623e-02 -4.259999999999999898e-02 -1.299999999999999767e-02 2.330000000000000127e-02 5.715360000000000058e-03 8.611839999999999079e-03 4.435560000000000717e-03 5.083690000000000084e-03 7.974490000000000745e-03 1.368899999999999989e-04 7.744000000000004461e-05 2.016009999999999504e-03 5.856400000000003356e-04 1.814759999999999898e-03 1.689999999999999337e-04 5.428900000000000826e-04 1.253104500000000000e+06 1.267521875000000000e+06
1.000000000000000000e+00 8.369999999999999662e-02 1.055999999999999994e-01 1.111999999999999933e-01 -4.939999999999999947e-02 5.999999999999999474e-04 1.909999999999999892e-02 8.099999999999996092e-03 1.983999999999999930e-01 4.459999999999998688e-02 2.190000000000000280e-02 8.990000000000000768e-02 7.399999999999998593e-03 7.005689999999999314e-03 1.115135999999999905e-02 1.236543999999999838e-02 2.440359999999999925e-03 3.599999999999999414e-07 3.648099999999999715e-04 6.560999999999993595e-05 3.936255999999999783e-02 1.989159999999998932e-03 4.796100000000001057e-04 8.082010000000000582e-03 5.475999999999997715e-05 1.252535500000000000e+06 1.270533500000000000e+06
1.000000000000000000e+00 7.710000000000000187e-02 8.920000000000000151e-02 -5.799999999999999600e-03 -5.829999999999999766e-02 -7.729999999999999372e-02 2.359999999999999945e-02 -6.599999999999994760e-03 -1.639999999999999791e-02 -1.169999999999999929e-01 -8.899999999999998190e-03 -7.789999999999999702e-02 4.500000000000000527e-03 5.944410000000000666e-03 7.956640000000000934e-03 3.363999999999999640e-05 3.398889999999999897e-03 5.975289999999999421e-03 5.569600000000000072e-04 4.355999999999992853e-05 2.689599999999999456e-04 1.368899999999999804e-02 7.920999999999996837e-05 6.068409999999999777e-03 2.025000000000000432e-05 1.252506875000000000e+06 1.267636000000000000e+06
1.000000000000000000e+00 8.740000000000000546e-02 -5.210000000000000048e-02 -4.660000000000000253e-02 -5.279999999999999971e-02 -1.259000000000000119e-01 3.209999999999999659e-02 1.030000000000000360e-02 -1.413000000000000089e-01 -4.080000000000000293e-02 5.499999999999997946e-03 -4.860000000000001819e-02 8.499999999999997141e-03 7.638760000000001382e-03 2.714410000000000000e-03 2.171560000000000330e-03 2.787839999999999763e-03 1.585081000000000337e-02 1.030409999999999833e-03 1.060900000000000769e-04 1.996569000000000121e-02 1.664640000000000217e-03 3.024999999999997634e-05 2.361960000000001923e-03 7.224999999999995369e-05 1.249251250000000000e+06 1.266066000000000000e+06
1.000000000000000000e+00 8.110000000000000542e-02 -7.639999999999999569e-02 -3.239999999999999825e-02 -5.709999999999999798e-02 -2.889999999999999861e-02 4.889999999999999902e-02 -6.300000000000000044e-03 -2.429999999999999521e-02 1.420000000000000429e-02 -4.299999999999998268e-03 9.700000000000001676e-02 1.680000000000000243e-02 6.577210000000000868e-03 5.836959999999999545e-03 1.049759999999999843e-03 3.260409999999999611e-03 8.352099999999999672e-04 2.391209999999999950e-03 3.969000000000000116e-05 5.904899999999997217e-04 2.016400000000001091e-04 1.848999999999998391e-05 9.409000000000002431e-03 2.822400000000000624e-04 1.250307250000000000e+06 1.266757750000000000e+06
1.000000000000000000e+00 8.709999999999999687e-02 2.529999999999999957e-02 1.423000000000000098e-01 -3.269999999999999990e-02 -1.398999999999999966e-01 6.130000000000000032e-02 5.999999999999991451e-03 1.016999999999999987e-01 1.747000000000000219e-01 2.439999999999999808e-02 -1.110000000000000014e-01 1.240000000000000130e-02 7.586409999999999161e-03 6.400899999999999515e-04 2.024929000000000312e-02 1.069290000000000084e-03 1.957200999999999733e-02 3.757690000000000162e-03 3.599999999999989927e-05 1.034289000000000042e-02 3.052009000000000666e-02 5.953599999999998563e-04 1.232100000000000035e-02 1.537600000000000457e-04 1.250718000000000000e+06 1.266782250000000000e+06
1.000000000000000000e+00 1.039999999999999952e-01 1.047000000000000014e-01 1.605000000000000038e-01 -1.559999999999999928e-02 -3.849999999999999950e-02 2.659999999999999865e-02 1.689999999999999836e-02 7.939999999999999836e-02 1.819999999999999396e-02 1.710000000000000062e-02 1.013999999999999901e-01 -3.470000000000000168e-02 1.081599999999999923e-02 1.096209000000000072e-02 2.576025000000000190e-02 2.433599999999999739e-04 1.482250000000000061e-03 7.075599999999999815e-04 2.856099999999999438e-04 6.304360000000000172e-03 3.312399999999997898e-04 2.924100000000000006e-04 1.028195999999999798e-02 1.204090000000000108e-03 1.250467750000000000e+06 1.266184625000000000e+06
1.000000000000000000e+00 1.077000000000000041e-01 2.479999999999999913e-02 -1.487999999999999878e-01 -8.999999999999999667e-02 -6.640000000000000069e-02 3.400000000000000244e-02 3.700000000000008837e-03 -7.989999999999999880e-02 -3.093000000000000194e-01 -7.439999999999999392e-02 -2.790000000000000119e-02 7.400000000000003797e-03 1.159929000000000168e-02 6.150399999999999661e-04 2.214143999999999488e-02 8.099999999999999561e-03 4.408959999999999962e-03 1.156000000000000126e-03 1.369000000000006544e-05 6.384009999999999858e-03 9.566649000000000680e-02 5.535359999999998719e-03 7.784100000000001044e-04 5.476000000000005847e-05 1.253055125000000000e+06 1.268267500000000000e+06
1.000000000000000000e+00 1.423000000000000098e-01 -2.144000000000000072e-01 -1.738000000000000100e-01 -1.227000000000000035e-01 -1.864000000000000101e-01 8.949999999999999623e-02 3.460000000000000575e-02 -2.391999999999999960e-01 -2.500000000000002220e-02 -3.270000000000000684e-02 -1.200000000000000094e-01 5.549999999999999378e-02 2.024929000000000312e-02 4.596736000000000572e-02 3.020644000000000454e-02 1.505529000000000069e-02 3.474496000000000528e-02 8.010250000000000009e-03 1.197160000000000498e-03 5.721663999999999917e-02 6.250000000000010972e-04 1.069290000000000518e-03 1.440000000000000308e-02 3.080249999999999221e-03 1.254442500000000000e+06 1.270208875000000000e+06
1.000000000000000000e+00 1.650000000000000078e-01 -1.016999999999999987e-01 -7.860000000000000320e-02 -1.719999999999999862e-01 -5.057000000000000384e-01 1.111000000000000043e-01 2.269999999999999796e-02 1.127000000000000085e-01 9.520000000000000684e-02 -4.929999999999998272e-02 -3.193000000000000282e-01 2.160000000000000808e-02 2.722500000000000267e-02 1.034289000000000042e-02 6.177960000000000569e-03 2.958399999999999572e-02 2.557324900000000345e-01 1.234321000000000029e-02 5.152899999999999538e-04 1.270129000000000223e-02 9.063040000000001373e-03 2.430489999999998259e-03 1.019524900000000206e-01 4.665600000000003577e-04 1.252090000000000000e+06 1.272048250000000000e+06
1.000000000000000000e+00 1.015999999999999959e-01 1.037000000000000005e-01 -1.949999999999999997e-02 -1.136000000000000065e-01 -4.242000000000000215e-01 2.999999999999999737e-04 -6.340000000000001190e-02 2.053999999999999992e-01 5.909999999999999976e-02 5.839999999999997971e-02 8.150000000000001688e-02 -1.108000000000000096e-01 1.032255999999999972e-02 1.075368999999999978e-02 3.802499999999999999e-04 1.290496000000000178e-02 1.799456400000000178e-01 8.999999999999998534e-08 4.019560000000001881e-03 4.218915999999999639e-02 3.492809999999999838e-03 3.410559999999997812e-03 6.642250000000002319e-03 1.227664000000000186e-02 1.252519125000000000e+06 1.268731750000000000e+06
1.000000000000000000e+00 9.370000000000000551e-02 3.054000000000000048e-01 1.874000000000000110e-01 2.110000000000000070e-02 -1.239999999999999956e-02 -6.899999999999999883e-03 -7.899999999999990363e-03 2.016999999999999904e-01 2.069000000000000006e-01 1.347000000000000142e-01 4.117999999999999994e-01 -7.199999999999999803e-03 8.779690000000001451e-03 9.326916000000000373e-02 3.511876000000000581e-02 4.452100000000000285e-04 1.537599999999999915e-04 4.760999999999999987e-05 6.240999999999984461e-05 4.068288999999999933e-02 4.280761000000000288e-02 1.814409000000000508e-02 1.695792399999999922e-01 5.183999999999999833e-05 1.250688500000000000e+06 1.268183750000000000e+06
1.000000000000000000e+00 9.760000000000000620e-02 1.751999999999999946e-01 4.290000000000000063e-02 -8.509999999999999509e-02 1.799999999999999951e-03 -2.500000000000000052e-03 3.900000000000000688e-03 -1.302000000000000102e-01 -1.445000000000000173e-01 -1.061999999999999889e-01 1.419999999999999908e-02 4.399999999999999398e-03 9.525760000000001171e-03 3.069503999999999982e-02 1.840410000000000006e-03 7.242009999999999247e-03 3.239999999999999896e-06 6.250000000000000300e-06 1.521000000000000515e-05 1.695204000000000155e-02 2.088025000000000644e-02 1.127843999999999722e-02 2.016399999999999736e-04 1.935999999999999421e-05 1.248463875000000000e+06 1.266290500000000000e+06
1.000000000000000000e+00 8.939999999999999336e-02 -5.909999999999999976e-02 3.450000000000000289e-02 -7.220000000000000029e-02 -9.080000000000000571e-02 2.390000000000000110e-02 -8.200000000000012834e-03 -2.343000000000000083e-01 -8.399999999999997746e-03 1.289999999999999480e-02 -9.260000000000000175e-02 2.639999999999999986e-02 7.992359999999998701e-03 3.492809999999999838e-03 1.190250000000000119e-03 5.212839999999999835e-03 8.244640000000000996e-03 5.712100000000000554e-04 6.724000000000021680e-05 5.489649000000000612e-02 7.055999999999996140e-05 1.664099999999998653e-04 8.574760000000000715e-03 6.969599999999999407e-04 1.250997125000000000e+06 1.267457125000000000e+06
1.000000000000000000e+00 9.160000000000000087e-02 -2.999999999999999889e-02 1.406000000000000028e-01 -6.750000000000000444e-02 -6.049999999999999822e-02 2.319999999999999840e-02 2.200000000000007505e-03 2.910000000000000087e-02 1.060999999999999999e-01 4.699999999999995848e-03 3.030000000000000748e-02 -7.000000000000027034e-04 8.390560000000000032e-03 8.999999999999999754e-04 1.976836000000000218e-02 4.556250000000000404e-03 3.660249999999999875e-03 5.382399999999999424e-04 4.840000000000033281e-06 8.468100000000000323e-04 1.125721000000000013e-02 2.208999999999995960e-05 9.180900000000004205e-04 4.900000000000037789e-07 1.248035500000000000e+06 1.267058500000000000e+06
1.000000000000000000e+00 9.099999999999999756e-02 4.089999999999999886e-02 4.410000000000000031e-02 -2.000000000000000042e-02 7.729999999999999372e-02 -1.980000000000000163e-02 -6.000000000000033085e-04 7.089999999999999081e-02 -9.650000000000000244e-02 4.750000000000000056e-02 1.377999999999999781e-01 -4.299999999999999656e-02 8.281000000000000166e-03 1.672809999999999835e-03 1.944809999999999942e-03 4.000000000000000192e-04 5.975289999999999421e-03 3.920400000000000751e-04 3.600000000000039648e-07 5.026809999999998745e-03 9.312250000000001082e-03 2.256250000000000009e-03 1.898883999999999295e-02 1.848999999999999732e-03 1.253544875000000000e+06 1.271727875000000000e+06
1.000000000000000000e+00 9.229999999999999316e-02 -1.502999999999999892e-01 -1.154000000000000026e-01 4.429999999999999910e-02 8.749999999999999445e-02 8.939999999999999336e-02 1.299999999999995604e-03 -1.911999999999999811e-01 -1.595000000000000029e-01 6.429999999999999605e-02 1.020000000000000073e-02 1.091999999999999915e-01 8.519289999999998808e-03 2.259008999999999670e-02 1.331715999999999976e-02 1.962489999999999894e-03 7.656249999999998994e-03 7.992359999999998701e-03 1.689999999999988478e-06 3.655743999999998967e-02 2.544025000000000106e-02 4.134489999999999346e-03 1.040400000000000135e-04 1.192463999999999850e-02 1.254012625000000000e+06 1.267418250000000000e+06
1.000000000000000000e+00 1.185999999999999971e-01 -2.000000000000000042e-02 -9.260000000000000175e-02 -4.229999999999999732e-02 -2.350000000000000006e-02 3.209999999999999659e-02 2.630000000000000393e-02 1.302999999999999992e-01 2.280000000000000082e-02 -8.659999999999999643e-02 -1.109999999999999876e-01 -5.729999999999999677e-02 1.406595999999999888e-02 4.000000000000000192e-04 8.574760000000000715e-03 1.789289999999999804e-03 5.522500000000000065e-04 1.030409999999999833e-03 6.916900000000002300e-04 1.697809000000000124e-02 5.198400000000000373e-04 7.499559999999999733e-03 1.232099999999999689e-02 3.283289999999999473e-03 1.254777125000000000e+06 1.271170375000000000e+06
1.000000000000000000e+00 1.564000000000000112e-01 2.520000000000000018e-02 -1.406999999999999917e-01 -6.119999999999999746e-02 -3.930000000000000160e-02 -4.000000000000000083e-02 3.780000000000001414e-02 4.520000000000000406e-02 -4.809999999999998999e-02 -1.890000000000000013e-02 -1.580000000000000154e-02 -7.209999999999999742e-02 2.446096000000000381e-02 6.350400000000000185e-04 1.979648999999999645e-02 3.745439999999999620e-03 1.544490000000000142e-03 1.600000000000000077e-03 1.428840000000001099e-03 2.043040000000000307e-03 2.313609999999998931e-03 3.572100000000000036e-04 2.496400000000000290e-04 5.198409999999999663e-03 1.255133125000000000e+06 1.272846125000000000e+06
1.000000000000000000e+00 7.209999999999999742e-02 -6.029999999999999943e-02 -6.410000000000000420e-02 -9.520000000000000684e-02 -2.879999999999999921e-02 4.490000000000000241e-02 -8.430000000000001381e-02 -8.549999999999999267e-02 7.659999999999998754e-02 -3.400000000000000938e-02 1.050000000000000239e-02 8.490000000000000324e-02 5.198409999999999663e-03 3.636089999999999808e-03 4.108810000000000934e-03 9.063040000000001373e-03 8.294399999999999733e-04 2.016010000000000371e-03 7.106490000000002631e-03 7.310249999999999040e-03 5.867559999999998228e-03 1.156000000000000560e-03 1.102500000000000507e-04 7.208010000000000805e-03 1.253300250000000000e+06 1.267163000000000000e+06
1.000000000000000000e+00 8.229999999999999816e-02 -7.119999999999999940e-02 1.391999999999999904e-01 -9.779999999999999805e-02 -1.499000000000000055e-01 -1.269999999999999948e-02 1.020000000000000073e-02 -1.089999999999999997e-02 2.032999999999999807e-01 -2.599999999999991207e-03 -1.211000000000000132e-01 -5.759999999999999842e-02 6.773289999999999519e-03 5.069439999999999710e-03 1.937663999999999706e-02 9.564839999999999801e-03 2.247001000000000207e-02 1.612899999999999957e-04 1.040400000000000135e-04 1.188099999999999958e-04 4.133088999999999513e-02 6.759999999999953912e-06 1.466521000000000317e-02 3.317759999999999893e-03 1.254100625000000000e+06 1.269804875000000000e+06
1.000000000000000000e+00 7.119999999999999940e-02 -1.055999999999999994e-01 -2.759999999999999953e-02 -9.299999999999999933e-02 -1.812000000000000000e-01 -2.170000000000000054e-02 -1.109999999999999876e-02 -3.440000000000000002e-02 -1.668000000000000038e-01 4.799999999999998712e-03 -3.129999999999999449e-02 -9.000000000000001055e-03 5.069439999999999710e-03 1.115135999999999905e-02 7.617599999999999979e-04 8.649000000000000438e-03 3.283343999999999846e-02 4.708900000000000130e-04 1.232099999999999808e-04 1.183360000000000054e-03 2.782224000000000155e-02 2.303999999999998608e-05 9.796899999999996410e-04 8.100000000000001730e-05 1.254007375000000000e+06 1.267599500000000000e+06
1.000000000000000000e+00 7.409999999999999920e-02 1.356999999999999873e-01 4.730000000000000177e-02 -7.430000000000000493e-02 -1.451000000000000068e-01 -6.079999999999999988e-02 2.899999999999999800e-03 2.412999999999999867e-01 7.489999999999999436e-02 1.869999999999999440e-02 3.609999999999999321e-02 -3.909999999999999587e-02 5.490809999999999615e-03 1.841448999999999517e-02 2.237290000000000285e-03 5.520490000000001160e-03 2.105401000000000147e-02 3.696640000000000169e-03 8.409999999999999101e-06 5.822568999999999662e-02 5.610009999999999476e-03 3.496899999999997775e-04 1.303209999999999525e-03 1.528809999999999588e-03 1.255417125000000000e+06 1.268317125000000000e+06
1.000000000000000000e+00 6.930000000000000049e-02 1.446999999999999953e-01 1.600000000000000033e-02 -7.829999999999999460e-02 -8.450000000000000566e-02 -4.370000000000000273e-02 -4.799999999999998712e-03 9.000000000000007994e-03 -3.130000000000000143e-02 -3.999999999999989675e-03 6.060000000000000109e-02 1.709999999999999715e-02 4.802490000000000404e-03 2.093808999999999948e-02 2.559999999999999884e-04 6.130889999999999083e-03 7.140250000000000763e-03 1.909690000000000346e-03 2.303999999999998608e-05 8.100000000000013927e-05 9.796900000000000747e-04 1.599999999999991796e-05 3.672359999999999947e-03 2.924099999999998922e-04 1.254912000000000000e+06 1.269449625000000000e+06
1.000000000000000000e+00 4.680000000000000132e-02 -3.629999999999999893e-02 -3.039999999999999994e-02 -9.769999999999999518e-02 -1.247000000000000053e-01 -3.409999999999999837e-02 -2.249999999999999917e-02 -1.809999999999999942e-01 -4.639999999999999680e-02 -1.940000000000000058e-02 -4.019999999999999962e-02 9.600000000000004363e-03 2.190239999999999982e-03 1.317689999999999834e-03 9.241600000000000422e-04 9.545289999999999678e-03 1.555009000000000079e-02 1.162809999999999799e-03 5.062499999999999726e-04 3.276099999999999846e-02 2.152959999999999770e-03 3.763600000000000083e-04 1.616040000000000011e-03 9.216000000000007986e-05 1.254398750000000000e+06 1.268077500000000000e+06
1.000000000000000000e+00 1.105000000000000010e-01 -1.140000000000000041e-01 -5.519999999999999907e-02 -1.504999999999999949e-01 -2.044999999999999873e-01 1.319999999999999993e-02 6.370000000000000662e-02 -7.770000000000000517e-02 -2.479999999999999913e-02 -5.279999999999999971e-02 -7.979999999999998206e-02 4.729999999999999483e-02 1.221025000000000062e-02 1.299600000000000061e-02 3.047039999999999992e-03 2.265024999999999678e-02 4.182024999999999632e-02 1.742399999999999852e-04 4.057690000000000949e-03 6.037290000000000711e-03 6.150399999999999661e-04 2.787839999999999763e-03 6.368039999999997557e-03 2.237289999999999418e-03 1.250910125000000000e+06 1.263200125000000000e+06
1.000000000000000000e+00 1.025999999999999968e-01 5.700000000000000205e-03 9.539999999999999869e-02 -6.429999999999999605e-02 -2.349999999999999867e-01 3.160000000000000309e-02 -7.900000000000004241e-03 1.197000000000000008e-01 1.506000000000000116e-01 8.619999999999999885e-02 -3.049999999999999933e-02 1.840000000000000316e-02 1.052675999999999959e-02 3.249000000000000233e-05 9.101160000000000500e-03 4.134489999999999346e-03 5.522499999999999631e-02 9.985600000000001159e-04 6.241000000000006146e-05 1.432808999999999992e-02 2.268036000000000357e-02 7.430439999999999962e-03 9.302499999999999788e-04 3.385600000000001195e-04 1.245360250000000000e+06 1.261030375000000000e+06
1.000000000000000000e+00 8.630000000000000171e-02 1.718000000000000083e-01 1.794000000000000039e-01 -7.000000000000000146e-03 -1.292999999999999983e-01 1.959999999999999937e-02 -1.629999999999999505e-02 1.660999999999999976e-01 8.400000000000000522e-02 5.729999999999999677e-02 1.056999999999999884e-01 -1.200000000000000372e-02 7.447689999999999866e-03 2.951524000000000161e-02 3.218436000000000213e-02 4.900000000000000519e-05 1.671848999999999905e-02 3.841599999999999811e-04 2.656899999999998499e-04 2.758920999999999943e-02 7.056000000000000640e-03 3.283289999999999473e-03 1.117248999999999673e-02 1.440000000000000850e-04 1.249314125000000000e+06 1.261331750000000000e+06
1.000000000000000000e+00 9.560000000000000442e-02 -4.309999999999999942e-02 4.290000000000000063e-02 -5.850000000000000339e-02 -2.523000000000000242e-01 5.750000000000000250e-02 9.300000000000002709e-03 -2.149000000000000077e-01 -1.365000000000000102e-01 -5.150000000000000411e-02 -1.230000000000000260e-01 3.790000000000000313e-02 9.139360000000000886e-03 1.857609999999999990e-03 1.840410000000000006e-03 3.422250000000000379e-03 6.365529000000001714e-02 3.306250000000000161e-03 8.649000000000004774e-05 4.618201000000000250e-02 1.863225000000000298e-02 2.652250000000000527e-03 1.512900000000000703e-02 1.436410000000000161e-03 1.255304375000000000e+06 1.274222125000000000e+06
1.000000000000000000e+00 1.244999999999999996e-01 3.160000000000000309e-02 -1.078999999999999959e-01 -7.280000000000000360e-02 -1.313999999999999890e-01 1.770000000000000046e-02 2.889999999999999514e-02 7.470000000000000251e-02 -1.507999999999999896e-01 -1.430000000000000021e-02 1.209000000000000352e-01 -3.980000000000000204e-02 1.550025000000000014e-02 9.985600000000001159e-04 1.164240999999999887e-02 5.299840000000000106e-03 1.726595999999999687e-02 3.132900000000000311e-04 8.352099999999997504e-04 5.580090000000000224e-03 2.274063999999999600e-02 2.044900000000000157e-04 1.461681000000000785e-02 1.584040000000000101e-03 1.256940250000000000e+06 1.274543125000000000e+06
1.000000000000000000e+00 1.257000000000000062e-01 1.295000000000000040e-01 8.840000000000000635e-02 -6.569999999999999452e-02 -1.607999999999999985e-01 4.000000000000000083e-02 1.200000000000006617e-03 9.790000000000000091e-02 1.963000000000000023e-01 7.100000000000009082e-03 -2.940000000000000946e-02 2.230000000000000038e-02 1.580049000000000037e-02 1.677025000000000043e-02 7.814560000000001644e-03 4.316489999999999216e-03 2.585664000000000018e-02 1.600000000000000077e-03 1.440000000000015859e-06 9.584409999999999805e-03 3.853369000000000238e-02 5.041000000000012891e-05 8.643600000000005402e-04 4.972900000000000584e-04 1.252709750000000000e+06 1.269107500000000000e+06
1.000000000000000000e+00 5.589999999999999830e-02 -5.360000000000000181e-02 4.299999999999999656e-02 -9.210000000000000131e-02 -2.907000000000000139e-01 4.569999999999999757e-02 -6.980000000000000093e-02 -1.831000000000000127e-01 -4.540000000000000979e-02 -2.640000000000000679e-02 -1.299000000000000155e-01 5.699999999999996736e-03 3.124810000000000001e-03 2.872960000000000357e-03 1.848999999999999732e-03 8.482410000000000991e-03 8.450649000000000355e-02 2.088489999999999704e-03 4.872040000000000225e-03 3.352561000000000430e-02 2.061160000000000683e-03 6.969600000000003744e-04 1.687401000000000525e-02 3.248999999999996167e-05 1.252088250000000000e+06 1.268053500000000000e+06
1.000000000000000000e+00 6.650000000000000355e-02 1.080000000000000057e-02 -2.060000000000000026e-02 -1.408999999999999975e-01 -6.090000000000000274e-02 7.630000000000000671e-02 1.060000000000000525e-02 6.439999999999999891e-02 -6.359999999999998987e-02 -4.879999999999999616e-02 2.298000000000000043e-01 3.060000000000000914e-02 4.422250000000000833e-03 1.166400000000000081e-04 4.243600000000000367e-04 1.985280999999999851e-02 3.708810000000000318e-03 5.821690000000000892e-03 1.123600000000001101e-04 4.147360000000000109e-03 4.044959999999998487e-03 2.381439999999999425e-03 5.280804000000000054e-02 9.363600000000005556e-04 1.252564875000000000e+06 1.267991375000000000e+06
1.000000000000000000e+00 1.248999999999999971e-01 1.569000000000000117e-01 1.145000000000000046e-01 -9.900000000000000466e-02 -4.344999999999999973e-01 -3.599999999999999728e-02 5.839999999999999358e-02 1.461000000000000076e-01 1.350999999999999979e-01 4.189999999999999281e-02 -3.735999999999999877e-01 -1.123000000000000109e-01 1.560000999999999922e-02 2.461761000000000504e-02 1.311025000000000038e-02 9.801000000000000684e-03 1.887902499999999928e-01 1.295999999999999843e-03 3.410559999999999113e-03 2.134521000000000335e-02 1.825200999999999907e-02 1.755609999999999463e-03 1.395769599999999999e-01 1.261129000000000243e-02 1.247044375000000000e+06 1.257874500000000000e+06
1.000000000000000000e+00 6.450000000000000178e-02 4.440000000000000197e-02 -5.449999999999999983e-02 -6.199999999999999956e-02 -2.359999999999999876e-01 -8.240000000000000102e-02 -6.039999999999999536e-02 -1.125000000000000167e-01 -1.690000000000000113e-01 3.700000000000000511e-02 1.985000000000000098e-01 -4.640000000000000374e-02 4.160249999999999886e-03 1.971360000000000126e-03 2.970249999999999800e-03 3.843999999999999761e-03 5.569599999999999551e-02 6.789760000000000587e-03 3.648159999999999251e-03 1.265625000000000430e-02 2.856100000000000305e-02 1.369000000000000425e-03 3.940225000000000671e-02 2.152960000000000203e-03 1.256248250000000000e+06 1.275377125000000000e+06
1.000000000000000000e+00 -3.300000000000000155e-02 1.562000000000000055e-01 1.102999999999999953e-01 -9.790000000000000091e-02 -5.799999999999999600e-03 -1.720000000000000001e-02 -9.750000000000000333e-02 1.118000000000000105e-01 1.648000000000000020e-01 -3.590000000000000135e-02 2.301999999999999880e-01 6.520000000000000795e-02 1.089000000000000124e-03 2.439844000000000040e-02 1.216608999999999920e-02 9.584409999999999805e-03 3.363999999999999640e-05 2.958400000000000135e-04 9.506250000000000810e-03 1.249924000000000174e-02 2.715904000000000235e-02 1.288810000000000042e-03 5.299203999999999720e-02 4.251040000000001068e-03 1.256014125000000000e+06 1.271574250000000000e+06
1.000000000000000000e+00 -4.499999999999999660e-03 8.419999999999999707e-02 1.001999999999999974e-01 -5.279999999999999971e-02 -1.416999999999999926e-01 -3.649999999999999772e-02 2.850000000000000103e-02 -7.200000000000000844e-02 -1.009999999999999787e-02 4.510000000000000120e-02 -1.358999999999999930e-01 -1.929999999999999771e-02 2.024999999999999755e-05 7.089639999999999484e-03 1.004004000000000008e-02 2.787839999999999763e-03 2.007888999999999854e-02 1.332249999999999884e-03 8.122500000000000379e-04 5.184000000000001107e-03 1.020099999999999534e-04 2.034010000000000158e-03 1.846880999999999870e-02 3.724899999999998980e-04 1.254462500000000000e+06 1.271535875000000000e+06
1.000000000000000000e+00 4.819999999999999979e-02 4.460000000000000075e-02 1.020000000000000073e-02 -1.130000000000000032e-01 -6.899999999999999883e-03 -2.309999999999999901e-02 5.269999999999999685e-02 -3.959999999999999631e-02 -8.999999999999999667e-02 -6.020000000000000351e-02 1.348000000000000032e-01 1.339999999999999872e-02 2.323239999999999854e-03 1.989160000000000234e-03 1.040400000000000135e-04 1.276900000000000084e-02 4.760999999999999987e-05 5.336099999999999004e-04 2.777289999999999533e-03 1.568159999999999650e-03 8.099999999999999561e-03 3.624040000000000247e-03 1.817103999999999941e-02 1.795599999999999681e-04 1.252157375000000000e+06 1.269652125000000000e+06
1.000000000000000000e+00 6.199999999999999956e-02 8.759999999999999731e-02 1.743000000000000105e-01 -7.799999999999999642e-03 -2.217999999999999972e-01 2.100000000000000130e-02 1.379999999999999977e-02 4.299999999999999656e-02 1.641000000000000236e-01 1.052000000000000018e-01 -2.149000000000000077e-01 4.410000000000000031e-02 3.843999999999999761e-03 7.673759999999999956e-03 3.038049000000000305e-02 6.083999999999999348e-05 4.919524000000000119e-02 4.410000000000000400e-04 1.904399999999999995e-04 1.848999999999999732e-03 2.692881000000000788e-02 1.106704000000000021e-02 4.618201000000000250e-02 1.944809999999999942e-03 1.254846875000000000e+06 1.270124000000000000e+06
1.000000000000000000e+00 4.019999999999999962e-02 -7.290000000000000646e-02 -7.870000000000000606e-02 -1.930999999999999939e-01 -8.079999999999999682e-02 8.519999999999999796e-02 -2.179999999999999993e-02 -1.605000000000000038e-01 -2.530000000000000027e-01 -1.852999999999999925e-01 1.410000000000000142e-01 6.419999999999999318e-02 1.616040000000000011e-03 5.314410000000001182e-03 6.193690000000000827e-03 3.728760999999999881e-02 6.528639999999999617e-03 7.259039999999999590e-03 4.752399999999999832e-04 2.576025000000000190e-02 6.400899999999999646e-02 3.433608999999999967e-02 1.988100000000000284e-02 4.121639999999999332e-03 1.249264375000000000e+06 1.260702250000000000e+06
1.000000000000000000e+00 4.529999999999999999e-02 2.000000000000000096e-04 -1.035999999999999976e-01 -1.539999999999999980e-01 -7.439999999999999392e-02 1.750000000000000167e-02 5.100000000000000366e-03 7.310000000000001219e-02 -2.489999999999999158e-02 3.909999999999999587e-02 6.400000000000002909e-03 -6.769999999999999629e-02 2.052089999999999904e-03 4.000000000000000084e-08 1.073295999999999972e-02 2.371600000000000097e-02 5.535359999999998719e-03 3.062500000000000443e-04 2.601000000000000339e-05 5.343610000000002108e-03 6.200099999999996152e-04 1.528809999999999588e-03 4.096000000000003474e-05 4.583289999999999413e-03 1.254998250000000000e+06 1.270132000000000000e+06
1.000000000000000000e+00 4.739999999999999769e-02 -4.499999999999999833e-02 7.099999999999999367e-02 -2.730000000000000135e-02 -1.285999999999999921e-01 -3.899999999999999994e-02 2.099999999999997702e-03 -4.519999999999999712e-02 1.745999999999999774e-01 1.267000000000000071e-01 -5.419999999999999818e-02 -5.650000000000000161e-02 2.246759999999999990e-03 2.024999999999999890e-03 5.040999999999999474e-03 7.452900000000001234e-04 1.653795999999999738e-02 1.521000000000000000e-03 4.409999999999989964e-06 2.043039999999999873e-03 3.048515999999999379e-02 1.605289000000000021e-02 2.937639999999999609e-03 3.192250000000000209e-03 1.255563125000000000e+06 1.270459125000000000e+06
1.000000000000000000e+00 1.930000000000000118e-02 -1.214999999999999969e-01 -1.699999999999999905e-03 -2.330000000000000127e-02 -8.840000000000000635e-02 3.049999999999999933e-02 -2.809999999999999651e-02 -7.649999999999999856e-02 -7.269999999999998685e-02 4.000000000000000083e-03 4.019999999999998574e-02 6.950000000000000622e-02 3.724900000000000606e-04 1.476224999999999933e-02 2.889999999999999859e-06 5.428900000000000826e-04 7.814560000000001644e-03 9.302499999999999788e-04 7.896099999999998346e-04 5.852249999999999813e-03 5.285289999999998045e-03 1.599999999999999928e-05 1.616039999999998927e-03 4.830250000000001209e-03 1.253955750000000000e+06 1.266917500000000000e+06
1.000000000000000000e+00 5.519999999999999907e-02 3.799999999999999906e-02 -3.189999999999999780e-02 -8.809999999999999776e-02 -1.519999999999999962e-01 -2.500000000000000052e-03 3.590000000000000135e-02 1.595000000000000029e-01 -3.019999999999999768e-02 -6.479999999999999649e-02 -6.359999999999998987e-02 -3.300000000000000155e-02 3.047039999999999992e-03 1.443999999999999971e-03 1.017609999999999956e-03 7.761609999999999517e-03 2.310399999999999954e-02 6.250000000000000300e-06 1.288810000000000042e-03 2.544025000000000106e-02 9.120399999999998127e-04 4.199039999999999370e-03 4.044959999999998487e-03 1.089000000000000124e-03 1.253355000000000000e+06 1.269946125000000000e+06
1.000000000000000000e+00 9.220000000000000417e-02 1.834999999999999964e-01 1.127999999999999975e-01 -8.229999999999999816e-02 -9.470000000000000639e-02 6.840000000000000246e-02 3.700000000000000511e-02 1.454999999999999905e-01 1.446999999999999953e-01 5.799999999999999600e-03 5.729999999999998983e-02 7.090000000000000469e-02 8.500840000000000826e-03 3.367225000000000079e-02 1.272384000000000015e-02 6.773289999999999519e-03 8.968090000000001477e-03 4.678560000000000010e-03 1.369000000000000425e-03 2.117024999999999810e-02 2.093808999999999948e-02 3.363999999999999640e-05 3.283289999999999039e-03 5.026810000000000479e-03 1.250929375000000000e+06 1.267432875000000000e+06
1.000000000000000000e+00 7.910000000000000364e-02 2.919999999999999818e-01 2.833999999999999853e-01 -5.510000000000000314e-02 -2.142000000000000015e-01 -3.640000000000000180e-02 -1.310000000000000053e-02 1.084999999999999853e-01 1.705999999999999739e-01 2.719999999999999502e-02 -1.194999999999999951e-01 -1.048000000000000043e-01 6.256810000000000670e-03 8.526399999999999257e-02 8.031555999999999418e-02 3.036010000000000444e-03 4.588164000000000131e-02 1.324960000000000027e-03 1.716100000000000188e-04 1.177224999999999626e-02 2.910435999999999232e-02 7.398399999999997470e-04 1.428024999999999954e-02 1.098304000000000120e-02 1.250731875000000000e+06 1.264478875000000000e+06
1.000000000000000000e+00 2.278000000000000025e-01 8.945999999999999508e-01 -1.608999999999999875e-01 -4.316999999999999726e-01 -2.310000000000000109e-01 -1.864999999999999991e-01 1.486999999999999988e-01 6.026000000000000245e-01 -4.442999999999999727e-01 -3.765999999999999903e-01 -1.680000000000000937e-02 -1.501000000000000112e-01 5.189284000000000258e-02 8.003091599999999639e-01 2.588880999999999474e-02 1.863648899999999775e-01 5.336100000000000565e-02 3.478225000000000067e-02 2.211168999999999982e-02 3.631267600000000484e-01 1.974024899999999860e-01 1.418275599999999914e-01 2.822400000000003335e-04 2.253001000000000309e-02 1.245909375000000000e+06 1.267591000000000000e+06
1.000000000000000000e+00 9.859999999999999321e-02 -1.959999999999999937e-02 -7.961000000000000298e-01 -3.829000000000000181e-01 -2.823999999999999844e-01 -2.544000000000000150e-01 -1.292000000000000093e-01 -9.141999999999999016e-01 -6.351999999999999869e-01 4.879999999999995453e-02 -5.139999999999997349e-02 -6.790000000000001590e-02 9.721959999999998242e-03 3.841599999999999811e-04 6.337752100000000333e-01 1.466124100000000263e-01 7.974975999999998899e-02 6.471936000000000355e-02 1.669264000000000164e-02 8.357616399999998613e-01 4.034790400000000110e-01 2.381439999999995522e-03 2.641959999999997453e-03 4.610410000000002284e-03 1.254641250000000000e+06 1.274014000000000000e+06
1.000000000000000000e+00 -1.547999999999999932e-01 -9.872999999999999554e-01 -1.844999999999999973e-01 2.709999999999999909e-02 -2.346000000000000030e-01 -1.859999999999999987e-01 -2.533999999999999586e-01 -9.677000000000000046e-01 6.116000000000000325e-01 4.100000000000000311e-01 4.779999999999998139e-02 6.840000000000001634e-02 2.396303999999999795e-02 9.747612899999998914e-01 3.404025000000000106e-02 7.344099999999999023e-04 5.503716000000000164e-02 3.459600000000000175e-02 6.421155999999997310e-02 9.364432900000000393e-01 3.740545600000000359e-01 1.681000000000000272e-01 2.284839999999998053e-03 4.678560000000002612e-03 1.251029125000000000e+06 1.265728625000000000e+06
1.000000000000000000e+00 -7.280000000000000360e-02 -1.585999999999999910e-01 4.575000000000000178e-01 7.459999999999999964e-02 -1.113999999999999990e-01 -1.900000000000000022e-01 8.199999999999998956e-02 8.286999999999999922e-01 6.420000000000000151e-01 4.750000000000000056e-02 1.232000000000000040e-01 -4.000000000000003553e-03 5.299840000000000106e-03 2.515395999999999604e-02 2.093062500000000270e-01 5.565159999999999552e-03 1.240995999999999939e-02 3.610000000000000014e-02 6.723999999999998207e-03 6.867436900000000177e-01 4.121640000000000303e-01 2.256250000000000009e-03 1.517824000000000083e-02 1.600000000000002977e-05 1.243644500000000000e+06 1.257131500000000000e+06
1.000000000000000000e+00 3.810000000000000192e-02 4.189999999999999974e-02 1.602000000000000091e-01 -2.800000000000000058e-02 -8.309999999999999332e-02 -1.026999999999999996e-01 1.108999999999999986e-01 2.004999999999999838e-01 -2.973000000000000087e-01 -1.025999999999999968e-01 2.830000000000000571e-02 8.730000000000000260e-02 1.451610000000000096e-03 1.755609999999999896e-03 2.566404000000000254e-02 7.840000000000000831e-04 6.905609999999998659e-03 1.054728999999999910e-02 1.229881000000000030e-02 4.020024999999999293e-02 8.838729000000000724e-02 1.052675999999999959e-02 8.008900000000002822e-04 7.621290000000000182e-03 1.248829000000000000e+06 1.261419750000000000e+06
1.000000000000000000e+00 1.940000000000000058e-02 1.129999999999999928e-02 -3.640000000000000180e-02 -9.829999999999999849e-02 -9.619999999999999385e-02 -4.179999999999999688e-02 -1.870000000000000134e-02 -3.060000000000000220e-02 -1.965999999999999970e-01 -7.030000000000000138e-02 -1.310000000000000053e-02 6.090000000000000274e-02 3.763600000000000083e-04 1.276899999999999921e-04 1.324960000000000027e-03 9.662890000000000368e-03 9.254439999999999195e-03 1.747239999999999731e-03 3.496900000000000485e-04 9.363600000000001219e-04 3.865156000000000147e-02 4.942090000000000545e-03 1.716100000000000188e-04 3.708810000000000318e-03 1.250133000000000000e+06 1.263644625000000000e+06
1.000000000000000000e+00 -4.000000000000000083e-03 1.570000000000000007e-01 2.225999999999999923e-01 -7.510000000000000009e-02 8.359999999999999376e-02 1.409999999999999969e-02 -2.340000000000000066e-02 1.456999999999999962e-01 2.590000000000000080e-01 2.319999999999999840e-02 1.797999999999999876e-01 5.589999999999999830e-02 1.599999999999999928e-05 2.464900000000000077e-02 4.955075999999999925e-02 5.640009999999999989e-03 6.988959999999998923e-03 1.988100000000000023e-04 5.475599999999999955e-04 2.122848999999999917e-02 6.708100000000000174e-02 5.382399999999999424e-04 3.232803999999999539e-02 3.124810000000000001e-03 1.250644125000000000e+06 1.265116375000000000e+06
1.000000000000000000e+00 6.379999999999999560e-02 1.139000000000000012e-01 1.686999999999999889e-01 -1.650000000000000078e-02 -7.380000000000000449e-02 2.700000000000000143e-03 6.779999999999999916e-02 -4.309999999999999942e-02 -5.390000000000000346e-02 5.859999999999999931e-02 -1.573999999999999844e-01 -1.140000000000000041e-02 4.070439999999999822e-03 1.297321000000000064e-02 2.845968999999999582e-02 2.722500000000000310e-04 5.446440000000000309e-03 7.290000000000000507e-06 4.596839999999999607e-03 1.857609999999999990e-03 2.905210000000000518e-03 3.433959999999999790e-03 2.477475999999999637e-02 1.299600000000000093e-04 1.251882125000000000e+06 1.270597000000000000e+06
1.000000000000000000e+00 7.810000000000000275e-02 -7.789999999999999702e-02 -2.023000000000000076e-01 1.269999999999999948e-02 -1.464000000000000024e-01 1.600000000000000077e-03 1.430000000000000715e-02 -1.917999999999999983e-01 -3.709999999999999964e-01 2.920000000000000026e-02 -7.259999999999999787e-02 -1.100000000000000066e-03 6.099610000000000101e-03 6.068409999999999777e-03 4.092529000000000305e-02 1.612899999999999957e-04 2.143296000000000090e-02 2.560000000000000054e-06 2.044900000000002055e-04 3.678723999999999883e-02 1.376409999999999856e-01 8.526399999999999951e-04 5.270759999999999335e-03 1.210000000000000062e-06 1.254426250000000000e+06 1.273631125000000000e+06
1.000000000000000000e+00 8.190000000000000058e-02 -4.279999999999999777e-02 -1.260000000000000009e-02 -8.799999999999999489e-02 -1.274000000000000132e-01 -1.660000000000000017e-02 3.799999999999997824e-03 3.509999999999999926e-02 1.897000000000000075e-01 -1.006999999999999978e-01 1.899999999999998912e-02 -1.820000000000000090e-02 6.707610000000000135e-03 1.831839999999999727e-03 1.587600000000000046e-04 7.743999999999999148e-03 1.623076000000000380e-02 2.755599999999999977e-04 1.443999999999998372e-05 1.232009999999999963e-03 3.598609000000000530e-02 1.014049000000000027e-02 3.609999999999996133e-04 3.312400000000000067e-04 1.253862125000000000e+06 1.272957625000000000e+06
1.000000000000000000e+00 5.170000000000000290e-02 3.989999999999999797e-02 1.353000000000000036e-01 -1.078999999999999959e-01 -2.034999999999999865e-01 -3.549999999999999684e-02 -3.019999999999999768e-02 8.269999999999999574e-02 1.479000000000000037e-01 -1.990000000000000102e-02 -7.609999999999997322e-02 -1.889999999999999666e-02 2.672890000000000248e-03 1.592009999999999823e-03 1.830609000000000056e-02 1.164240999999999887e-02 4.141224999999999767e-02 1.260249999999999869e-03 9.120399999999998127e-04 6.839289999999999606e-03 2.187441000000000038e-02 3.960100000000000252e-04 5.791209999999996291e-03 3.572099999999998952e-04 1.253497000000000000e+06 1.272781000000000000e+06
1.000000000000000000e+00 8.129999999999999727e-02 1.297000000000000097e-01 3.769999999999999740e-02 -1.590000000000000094e-02 -2.523000000000000242e-01 -1.890000000000000013e-02 2.959999999999999437e-02 8.980000000000001870e-02 -9.760000000000000620e-02 9.199999999999999845e-02 -4.880000000000003779e-02 1.659999999999999670e-02 6.609689999999999663e-03 1.682209000000000135e-02 1.421289999999999750e-03 2.528100000000000139e-04 6.365529000000001714e-02 3.572100000000000036e-04 8.761599999999996344e-04 8.064040000000003219e-03 9.525760000000001171e-03 8.463999999999999302e-03 2.381440000000003762e-03 2.755599999999998892e-04 1.250944625000000000e+06 1.269228125000000000e+06
1.000000000000000000e+00 6.930000000000000049e-02 2.609000000000000208e-01 1.396000000000000019e-01 -8.400000000000000522e-02 -1.511000000000000121e-01 1.020000000000000073e-02 -1.199999999999999678e-02 1.312000000000000111e-01 1.019000000000000045e-01 -6.810000000000000775e-02 1.012000000000000122e-01 2.910000000000000087e-02 4.802490000000000404e-03 6.806881000000000737e-02 1.948816000000000090e-02 7.056000000000000640e-03 2.283121000000000456e-02 1.040400000000000135e-04 1.439999999999999223e-04 1.721344000000000346e-02 1.038361000000000145e-02 4.637610000000001211e-03 1.024144000000000269e-02 8.468100000000000323e-04 1.251327500000000000e+06 1.269135375000000000e+06
1.000000000000000000e+00 5.899999999999999689e-02 9.299999999999999933e-02 1.532999999999999918e-01 -1.852000000000000035e-01 8.469999999999999751e-02 4.100000000000000346e-03 -1.030000000000000360e-02 -1.679000000000000214e-01 1.369999999999998996e-02 -1.011999999999999983e-01 2.358000000000000096e-01 -6.100000000000000387e-03 3.480999999999999719e-03 8.649000000000000438e-03 2.350088999999999650e-02 3.429904000000000286e-02 7.174089999999999287e-03 1.681000000000000338e-05 1.060900000000000769e-04 2.819041000000000602e-02 1.876899999999997158e-04 1.024143999999999922e-02 5.560164000000000772e-02 3.721000000000000457e-05 1.253473125000000000e+06 1.275128375000000000e+06
1.000000000000000000e+00 2.879999999999999921e-02 -1.388999999999999957e-01 -7.109999999999999654e-02 -1.013000000000000012e-01 -8.409999999999999420e-02 -2.520000000000000018e-02 -3.019999999999999768e-02 -2.318999999999999950e-01 -2.243999999999999884e-01 8.390000000000000235e-02 -1.688000000000000056e-01 -2.929999999999999966e-02 8.294399999999999733e-04 1.929320999999999814e-02 5.055209999999999218e-03 1.026169000000000039e-02 7.072809999999998820e-03 6.350400000000000185e-04 9.120399999999998127e-04 5.377760999999999653e-02 5.035535999999999485e-02 7.039210000000000605e-03 2.849344000000000182e-02 8.584899999999999476e-04 1.253888125000000000e+06 1.273534000000000000e+06
1.000000000000000000e+00 3.769999999999999740e-02 -7.370000000000000162e-02 4.590000000000000330e-02 -8.719999999999999973e-02 -1.089999999999999997e-01 7.660000000000000142e-02 8.899999999999998190e-03 6.519999999999999407e-02 1.169999999999999929e-01 1.410000000000000142e-02 -2.490000000000000546e-02 1.018000000000000016e-01 1.421289999999999750e-03 5.431690000000000303e-03 2.106810000000000193e-03 7.603839999999999731e-03 1.188099999999999920e-02 5.867559999999999963e-03 7.920999999999996837e-05 4.251039999999999333e-03 1.368899999999999804e-02 1.988100000000000294e-04 6.200100000000002658e-04 1.036324000000000099e-02 1.252995500000000000e+06 1.270876375000000000e+06
1.000000000000000000e+00 4.599999999999999922e-02 3.230000000000000232e-02 8.019999999999999352e-02 -6.149999999999999911e-02 -2.406000000000000083e-01 4.519999999999999712e-02 8.300000000000001821e-03 1.060000000000000109e-01 3.429999999999999022e-02 2.570000000000000062e-02 -1.315999999999999948e-01 -3.140000000000000430e-02 2.115999999999999825e-03 1.043290000000000103e-03 6.432039999999999112e-03 3.782250000000000022e-03 5.788836000000000676e-02 2.043039999999999873e-03 6.889000000000002652e-05 1.123600000000000293e-02 1.176489999999999437e-03 6.604900000000000137e-04 1.731856000000000020e-02 9.859600000000003518e-04 1.251664750000000000e+06 1.269578125000000000e+06
1.000000000000000000e+00 1.089999999999999997e-01 7.799999999999999642e-03 -1.029000000000000054e-01 -2.399999999999999790e-03 -3.254000000000000226e-01 9.799999999999999684e-03 6.300000000000000044e-02 -2.450000000000000094e-02 -1.830999999999999850e-01 5.909999999999999976e-02 -8.480000000000001426e-02 -3.540000000000000091e-02 1.188099999999999920e-02 6.083999999999999348e-05 1.058841000000000122e-02 5.759999999999999062e-06 1.058851600000000198e-01 9.603999999999999527e-05 3.969000000000000306e-03 6.002500000000000890e-04 3.352560999999999736e-02 3.492809999999999838e-03 7.191040000000002708e-03 1.253160000000000125e-03 1.253003375000000000e+06 1.273236000000000000e+06
1.000000000000000000e+00 1.008000000000000007e-01 7.080000000000000182e-02 -1.202000000000000013e-01 -2.299999999999999961e-03 -1.900999999999999912e-01 -5.199999999999999761e-03 -8.199999999999998956e-03 6.300000000000000044e-02 -1.729999999999999594e-02 9.999999999999982861e-05 1.353000000000000314e-01 -1.499999999999999944e-02 1.016064000000000030e-02 5.012640000000000498e-03 1.444804000000000054e-02 5.290000000000000174e-06 3.613800999999999819e-02 2.703999999999999861e-05 6.723999999999998641e-05 3.969000000000000306e-03 2.992899999999998535e-04 9.999999999999965468e-09 1.830609000000000749e-02 2.249999999999999938e-04 1.253541750000000000e+06 1.273430375000000000e+06
1.000000000000000000e+00 1.003000000000000003e-01 -2.700000000000000143e-03 7.080000000000000182e-02 -1.310000000000000053e-01 -2.119000000000000050e-01 -1.820000000000000090e-02 -5.000000000000004441e-04 -7.349999999999999589e-02 1.910000000000000031e-01 -1.287000000000000088e-01 -2.180000000000001381e-02 -1.300000000000000114e-02 1.006009000000000070e-02 7.290000000000000507e-06 5.012640000000000498e-03 1.716100000000000264e-02 4.490161000000000152e-02 3.312400000000000067e-04 2.500000000000004651e-07 5.402249999999999067e-03 3.648099999999999954e-02 1.656369000000000244e-02 4.752400000000005795e-04 1.690000000000000421e-04 1.250829125000000000e+06 1.269289375000000000e+06
1.000000000000000000e+00 8.749999999999999445e-02 1.199999999999999895e-03 7.720000000000000473e-02 -1.318000000000000005e-01 -1.466999999999999971e-01 -1.820000000000000090e-02 -1.280000000000000582e-02 3.899999999999999821e-03 6.400000000000002909e-03 -7.999999999999951594e-04 6.520000000000000795e-02 0.000000000000000000e+00 7.656249999999998994e-03 1.439999999999999765e-06 5.959840000000000970e-03 1.737123999999999960e-02 2.152089000000000085e-02 3.312400000000000067e-04 1.638400000000001390e-04 1.520999999999999837e-05 4.096000000000003474e-05 6.399999999999922842e-07 4.251040000000001068e-03 0.000000000000000000e+00 1.252131000000000000e+06 1.269172875000000000e+06
1.000000000000000000e+00 9.310000000000000220e-02 2.680000000000000090e-02 8.169999999999999485e-02 -1.034999999999999948e-01 -1.726000000000000034e-01 -3.500000000000000073e-03 5.600000000000007749e-03 2.560000000000000123e-02 4.499999999999990119e-03 2.830000000000000571e-02 -2.590000000000000635e-02 1.470000000000000126e-02 8.667610000000000939e-03 7.182400000000000893e-04 6.674889999999999296e-03 1.071224999999999955e-02 2.979075999999999946e-02 1.225000000000000130e-05 3.136000000000008599e-05 6.553600000000000137e-04 2.024999999999990946e-05 8.008900000000002822e-04 6.708100000000003079e-04 2.160900000000000266e-04 1.251582500000000000e+06 1.267366250000000000e+06
1.000000000000000000e+00 9.349999999999999978e-02 3.599999999999999728e-02 1.383999999999999952e-01 -8.129999999999999727e-02 -1.612000000000000099e-01 4.000000000000000192e-04 3.999999999999975797e-04 9.199999999999996375e-03 5.670000000000000040e-02 2.219999999999999751e-02 1.139999999999999347e-02 3.900000000000000255e-03 8.742250000000000021e-03 1.295999999999999843e-03 1.915455999999999756e-02 6.609689999999999663e-03 2.598544000000000201e-02 1.600000000000000033e-07 1.599999999999980711e-07 8.463999999999993501e-05 3.214890000000000195e-03 4.928399999999999231e-04 1.299599999999998467e-04 1.521000000000000176e-05 1.249737000000000000e+06 1.268068625000000000e+06
1.000000000000000000e+00 9.199999999999999845e-02 1.279000000000000137e-01 7.080000000000000182e-02 -5.340000000000000302e-02 -1.375000000000000111e-01 2.899999999999999800e-03 -1.500000000000001332e-03 9.190000000000000946e-02 -6.759999999999999343e-02 2.789999999999999425e-02 2.369999999999999885e-02 2.499999999999999618e-03 8.463999999999999302e-03 1.635841000000000378e-02 5.012640000000000498e-03 2.851560000000000379e-03 1.890625000000000291e-02 8.409999999999999101e-06 2.250000000000003869e-06 8.445610000000000964e-03 4.569759999999999101e-03 7.784099999999996708e-04 5.616899999999999974e-04 6.249999999999997758e-06 1.249861625000000000e+06 1.269034625000000000e+06
1.000000000000000000e+00 9.579999999999999627e-02 1.690000000000000113e-01 -1.208000000000000046e-01 -1.014000000000000040e-01 -4.761000000000000232e-01 4.529999999999999999e-02 3.799999999999997824e-03 4.109999999999999765e-02 -1.915999999999999925e-01 -4.800000000000000100e-02 -3.386000000000000121e-01 4.240000000000000019e-02 9.177639999999999063e-03 2.856100000000000305e-02 1.459264000000000047e-02 1.028196000000000145e-02 2.266712100000000119e-01 2.052089999999999904e-03 1.443999999999998372e-05 1.689209999999999800e-03 3.671055999999999625e-02 2.304000000000000058e-03 1.146499600000000091e-01 1.797760000000000026e-03 1.247037875000000000e+06 1.268631750000000000e+06
1.000000000000000000e+00 1.030999999999999972e-01 3.300000000000000155e-02 1.830000000000000029e-02 -1.038000000000000034e-01 -4.128000000000000003e-01 1.870000000000000134e-02 7.300000000000000933e-03 -1.360000000000000098e-01 1.391000000000000014e-01 -2.399999999999999356e-03 6.330000000000002292e-02 -2.659999999999999865e-02 1.062960999999999941e-02 1.089000000000000124e-03 3.348900000000000141e-04 1.077444000000000145e-02 1.704038400000000009e-01 3.496900000000000485e-04 5.329000000000001325e-05 1.849600000000000202e-02 1.934881000000000101e-02 5.759999999999996521e-06 4.006890000000002533e-03 7.075599999999999815e-04 1.248325125000000000e+06 1.267949250000000000e+06
1.000000000000000000e+00 1.015999999999999959e-01 1.943000000000000005e-01 3.270000000000000129e-01 -7.249999999999999500e-02 -8.740000000000000546e-02 1.799999999999999864e-02 -1.500000000000001332e-03 1.612999999999999989e-01 3.087000000000000299e-01 3.130000000000000837e-02 3.254000000000000226e-01 -7.000000000000027034e-04 1.032255999999999972e-02 3.775248999999999966e-02 1.069290000000000102e-01 5.256249999999999638e-03 7.638760000000001382e-03 3.239999999999999608e-04 2.250000000000003869e-06 2.601768999999999957e-02 9.529569000000001622e-02 9.796900000000005083e-04 1.058851600000000198e-01 4.900000000000037789e-07 1.247136250000000000e+06 1.266991000000000000e+06
1.000000000000000000e+00 7.130000000000000226e-02 2.058000000000000107e-01 7.939999999999999836e-02 -7.330000000000000404e-02 -6.419999999999999318e-02 -1.239999999999999956e-02 -3.029999999999999361e-02 1.150000000000001021e-02 -2.476000000000000145e-01 -8.000000000000090372e-04 2.320000000000001228e-02 -3.039999999999999647e-02 5.083690000000000084e-03 4.235364000000000489e-02 6.304360000000000172e-03 5.372890000000000825e-03 4.121639999999999332e-03 1.537599999999999915e-04 9.180899999999996616e-04 1.322500000000002330e-04 6.130576000000000775e-02 6.400000000000144130e-07 5.382400000000005930e-04 9.241599999999998254e-04 1.245403875000000000e+06 1.265546250000000000e+06
