1.000000000000000000e+00 0.000000000000000000e+00 -0.000000000000000000e+00 -0.000000000000000000e+00 -0.000000000000000000e+00 0.000000000000000000e+00 -0.000000000000000000e+00 0.000000000000000000e+00 0.000000000000000000e+00 0.000000000000000000e+00 0.000000000000000000e+00 0.000000000000000000e+00 0.000000000000000000e+00 0.000000000000000000e+00 0.000000000000000000e+00 0.000000000000000000e+00 0.000000000000000000e+00 0.000000000000000000e+00 0.000000000000000000e+00 0.000000000000000000e+00 0.000000000000000000e+00 0.000000000000000000e+00 0.000000000000000000e+00 0.000000000000000000e+00 0.000000000000000000e+00 1.221692375000000000e+06 1.338062875000000000e+06
1.000000000000000000e+00 2.330000000000000127e-02 2.209000000000000130e-01 1.774999999999999911e-01 1.140000000000000041e-02 -1.962000000000000133e-01 4.599999999999999922e-03 2.330000000000000127e-02 2.209000000000000130e-01 1.774999999999999911e-01 1.140000000000000041e-02 -1.962000000000000133e-01 4.599999999999999922e-03 5.428900000000000826e-04 4.879681000000000296e-02 3.150624999999999953e-02 1.299600000000000093e-04 3.849444000000000476e-02 2.116000000000000069e-05 5.428900000000000826e-04 4.879681000000000296e-02 3.150624999999999953e-02 1.299600000000000093e-04 3.849444000000000476e-02 2.116000000000000069e-05 1.223192125000000000e+06 1.337955250000000000e+06
1.000000000000000000e+00 2.189999999999999933e-02 2.726999999999999980e-01 8.260000000000000675e-02 4.739999999999999769e-02 -1.121999999999999942e-01 -4.970000000000000112e-02 -1.400000000000001937e-03 5.179999999999998495e-02 -9.489999999999998437e-02 3.599999999999999728e-02 8.400000000000001910e-02 -5.430000000000000104e-02 4.796099999999999973e-04 7.436529000000000056e-02 6.822760000000001497e-03 2.246759999999999990e-03 1.258883999999999871e-02 2.470090000000000306e-03 1.960000000000005375e-06 2.683239999999998630e-03 9.006009999999996588e-03 1.295999999999999843e-03 7.056000000000003242e-03 2.948490000000000225e-03 1.223068625000000000e+06 1.339504375000000000e+06
1.000000000000000000e+00 6.100000000000000387e-03 4.490000000000000241e-02 -1.822999999999999898e-01 1.359999999999999924e-02 5.000000000000000104e-03 -2.889999999999999861e-02 -1.579999999999999807e-02 -2.278000000000000025e-01 -2.649000000000000243e-01 -3.379999999999999671e-02 1.171999999999999986e-01 2.080000000000000251e-02 3.721000000000000457e-05 2.016010000000000371e-03 3.323328999999999867e-02 1.849599999999999910e-04 2.500000000000000120e-05 8.352099999999999672e-04 2.496399999999999206e-04 5.189284000000000258e-02 7.017201000000000688e-02 1.142439999999999775e-03 1.373583999999999916e-02 4.326400000000000861e-04 1.220878375000000000e+06 1.337537375000000000e+06
1.000000000000000000e+00 -2.380000000000000171e-02 3.710000000000000103e-02 -2.700000000000000143e-03 1.149999999999999981e-02 -1.705000000000000127e-01 2.330000000000000127e-02 -2.990000000000000296e-02 -7.800000000000001377e-03 1.795999999999999819e-01 -2.099999999999999437e-03 -1.755000000000000171e-01 5.219999999999999640e-02 5.664400000000000858e-04 1.376410000000000003e-03 7.290000000000000507e-06 1.322499999999999891e-04 2.907025000000000581e-02 5.428900000000000826e-04 8.940100000000002038e-04 6.084000000000002058e-05 3.225615999999999206e-02 4.409999999999997588e-06 3.080025000000000471e-02 2.724839999999999641e-03 1.218663125000000000e+06 1.335459875000000000e+06
1.000000000000000000e+00 2.000000000000000042e-03 1.656999999999999862e-01 7.839999999999999747e-02 2.450000000000000094e-02 -1.781999999999999973e-01 -2.199999999999999872e-02 2.580000000000000349e-02 1.285999999999999921e-01 8.109999999999999154e-02 1.300000000000000114e-02 -7.699999999999984635e-03 -4.529999999999999999e-02 3.999999999999999819e-06 2.745648999999999659e-02 6.146559999999999697e-03 6.002500000000000890e-04 3.175523999999999708e-02 4.839999999999999468e-04 6.656400000000002202e-04 1.653795999999999738e-02 6.577209999999998266e-03 1.690000000000000421e-04 5.928999999999976607e-05 2.052089999999999904e-03 1.217656250000000000e+06 1.335213875000000000e+06
1.000000000000000000e+00 -4.800000000000000100e-02 4.250000000000000305e-02 -8.019999999999999352e-02 -3.399999999999999811e-03 -2.008000000000000063e-01 1.048999999999999932e-01 -5.000000000000000278e-02 -1.231999999999999762e-01 -1.585999999999999910e-01 -2.790000000000000119e-02 -2.260000000000000897e-02 1.268999999999999850e-01 2.304000000000000058e-03 1.806250000000000347e-03 6.432039999999999112e-03 1.155999999999999943e-05 4.032064000000000481e-02 1.100400999999999810e-02 2.500000000000000486e-03 1.517823999999999389e-02 2.515395999999999604e-02 7.784100000000001044e-04 5.107600000000004021e-04 1.610360999999999737e-02 1.217941625000000000e+06 1.337176625000000000e+06
1.000000000000000000e+00 -2.769999999999999893e-02 1.458000000000000129e-01 -3.131999999999999784e-01 -1.959999999999999937e-02 1.016999999999999987e-01 5.310000000000000137e-02 2.030000000000000207e-02 1.033000000000000029e-01 -2.329999999999999849e-01 -1.619999999999999912e-02 3.024999999999999911e-01 -5.179999999999999188e-02 7.672899999999998992e-04 2.125764000000000473e-02 9.809423999999998534e-02 3.841599999999999811e-04 1.034289000000000042e-02 2.819610000000000172e-03 4.120900000000001016e-04 1.067089000000000058e-02 5.428899999999999004e-02 2.624399999999999606e-04 9.150624999999999731e-02 2.683239999999999063e-03 1.218315625000000000e+06 1.340071250000000000e+06
1.000000000000000000e+00 -3.700000000000000164e-03 1.072000000000000036e-01 -8.999999999999999667e-02 -6.600000000000000311e-02 1.288999999999999868e-01 1.449999999999999900e-01 2.400000000000000050e-02 -3.860000000000000930e-02 2.231999999999999817e-01 -4.640000000000000374e-02 2.719999999999998808e-02 9.189999999999998170e-02 1.369000000000000106e-05 1.149184000000000143e-02 8.099999999999999561e-03 4.356000000000000497e-03 1.661520999999999831e-02 2.102499999999999855e-02 5.760000000000000146e-04 1.489960000000000676e-03 4.981823999999999281e-02 2.152960000000000203e-03 7.398399999999993133e-04 8.445609999999997494e-03 1.218243875000000000e+06 1.341637500000000000e+06
1.000000000000000000e+00 -3.719999999999999696e-02 2.699999999999999969e-02 -1.202000000000000013e-01 5.530000000000000193e-02 3.719999999999999696e-02 7.779999999999999416e-02 -3.349999999999999506e-02 -8.020000000000000739e-02 -3.020000000000000462e-02 1.213000000000000050e-01 -9.169999999999998985e-02 -6.719999999999999585e-02 1.383839999999999680e-03 7.289999999999999388e-04 1.444804000000000054e-02 3.058090000000000287e-03 1.383839999999999680e-03 6.052839999999999436e-03 1.122249999999999767e-03 6.432040000000000847e-03 9.120400000000002463e-04 1.471369000000000149e-02 8.408889999999998727e-03 4.515839999999999264e-03 1.222827750000000000e+06 1.346932375000000000e+06
1.000000000000000000e+00 8.279999999999999860e-02 1.547999999999999932e-01 -5.066000000000000503e-01 9.900000000000000466e-02 3.206999999999999851e-01 -5.220000000000000334e-02 1.199999999999999956e-01 1.277999999999999969e-01 -3.864000000000000767e-01 4.370000000000000273e-02 2.834999999999999742e-01 -1.300000000000000044e-01 6.855840000000000198e-03 2.396303999999999795e-02 2.566435600000000483e-01 9.801000000000000684e-03 1.028484899999999869e-01 2.724840000000000508e-03 1.439999999999999961e-02 1.633283999999999778e-02 1.493049600000000698e-01 1.909690000000000346e-03 8.037224999999999231e-02 1.690000000000000183e-02 1.221471875000000000e+06 1.349023000000000000e+06
1.000000000000000000e+00 -2.899999999999999800e-03 -1.789999999999999925e-02 -3.266999999999999904e-01 4.719999999999999890e-02 1.864000000000000101e-01 -6.100000000000000387e-03 -8.569999999999999840e-02 -1.726999999999999924e-01 1.799000000000000599e-01 -5.180000000000000576e-02 -1.342999999999999750e-01 4.610000000000000209e-02 8.409999999999999101e-06 3.204099999999999765e-04 1.067328899999999969e-01 2.227840000000000029e-03 3.474496000000000528e-02 3.721000000000000457e-05 7.344489999999999526e-03 2.982528999999999736e-02 3.236401000000001943e-02 2.683240000000000798e-03 1.803648999999999183e-02 2.125210000000000207e-03 1.221930500000000000e+06 1.346950750000000000e+06
1.000000000000000000e+00 7.700000000000000247e-03 5.419999999999999818e-02 -1.106000000000000039e-01 7.069999999999999896e-02 1.617999999999999994e-01 -2.110000000000000070e-02 1.060000000000000005e-02 7.209999999999999742e-02 2.160999999999999865e-01 2.350000000000000006e-02 -2.460000000000001075e-02 -1.499999999999999944e-02 5.929000000000000324e-05 2.937639999999999609e-03 1.223236000000000115e-02 4.998489999999999531e-03 2.617923999999999946e-02 4.452100000000000285e-04 1.123600000000000016e-04 5.198409999999999663e-03 4.669920999999999101e-02 5.522500000000000065e-04 6.051600000000005282e-04 2.249999999999999938e-04 1.219330250000000000e+06 1.342252875000000000e+06
1.000000000000000000e+00 2.799999999999999972e-03 -7.630000000000000671e-02 -7.019999999999999851e-02 5.269999999999999685e-02 1.300000000000000044e-01 -6.100000000000000387e-03 -4.899999999999999842e-03 -1.305000000000000049e-01 4.040000000000000535e-02 -1.800000000000000211e-02 -3.179999999999999494e-02 1.499999999999999944e-02 7.839999999999999476e-06 5.821690000000000892e-03 4.928039999999999851e-03 2.777289999999999533e-03 1.690000000000000183e-02 3.721000000000000457e-05 2.400999999999999882e-05 1.703025000000000025e-02 1.632160000000000338e-03 3.240000000000000692e-04 1.011239999999999622e-03 2.249999999999999938e-04 1.216761750000000000e+06 1.335109250000000000e+06
1.000000000000000000e+00 1.030000000000000013e-02 3.309999999999999748e-02 -4.130000000000000338e-02 7.979999999999999594e-02 -5.999999999999999778e-02 -2.390000000000000110e-02 7.499999999999999722e-03 1.093999999999999972e-01 2.889999999999999514e-02 2.709999999999999909e-02 -1.900000000000000022e-01 -1.779999999999999985e-02 1.060900000000000092e-04 1.095609999999999900e-03 1.705690000000000374e-03 6.368039999999999291e-03 3.599999999999999901e-03 5.712100000000000554e-04 5.624999999999999846e-05 1.196835999999999907e-02 8.352099999999997504e-04 7.344099999999999023e-04 3.610000000000000014e-02 3.168399999999999819e-04 1.216430125000000000e+06 1.333328500000000000e+06
1.000000000000000000e+00 9.299999999999999239e-03 2.358000000000000096e-01 -2.790000000000000119e-02 6.469999999999999363e-02 3.320000000000000034e-02 -2.980000000000000010e-02 -1.000000000000000888e-03 2.027000000000000191e-01 1.340000000000000219e-02 -1.510000000000000231e-02 9.320000000000000506e-02 -5.899999999999998995e-03 8.648999999999997998e-05 5.560164000000000772e-02 7.784100000000001044e-04 4.186089999999999083e-03 1.102239999999999991e-03 8.880399999999999882e-04 1.000000000000001861e-06 4.108729000000000547e-02 1.795600000000000494e-04 2.280100000000000616e-04 8.686240000000001321e-03 3.480999999999998689e-05 1.217546875000000000e+06 1.333842375000000000e+06
1.000000000000000000e+00 1.830000000000000029e-02 -1.409999999999999969e-02 -9.299999999999999933e-02 1.383000000000000063e-01 -1.519000000000000072e-01 -2.500000000000000139e-02 9.000000000000001055e-03 -2.499000000000000110e-01 -6.509999999999999121e-02 7.360000000000001263e-02 -1.851000000000000145e-01 4.799999999999998712e-03 3.348900000000000141e-04 1.988100000000000023e-04 8.649000000000000438e-03 1.912689000000000056e-02 2.307361000000000134e-02 6.250000000000001214e-04 8.100000000000001730e-05 6.245001000000000718e-02 4.238009999999998653e-03 5.416960000000001912e-03 3.426201000000000246e-02 2.303999999999998608e-05 1.218112750000000000e+06 1.336756375000000000e+06
1.000000000000000000e+00 -2.340000000000000066e-02 1.822999999999999898e-01 -6.640000000000000069e-02 6.940000000000000335e-02 6.339999999999999802e-02 6.149999999999999911e-02 -4.170000000000000095e-02 1.963999999999999913e-01 2.659999999999999865e-02 -6.890000000000000291e-02 2.152999999999999914e-01 8.649999999999999356e-02 5.475599999999999955e-04 3.323328999999999867e-02 4.408959999999999962e-03 4.816360000000000433e-03 4.019560000000000147e-03 3.782250000000000022e-03 1.738890000000000097e-03 3.857295999999999642e-02 7.075599999999999815e-04 4.747209999999999971e-03 4.635408999999999363e-02 7.482249999999999318e-03 1.218680375000000000e+06 1.336222500000000000e+06
1.000000000000000000e+00 -3.610000000000000014e-02 2.579000000000000181e-01 -2.175999999999999879e-01 -1.024999999999999939e-01 2.738999999999999768e-01 1.020000000000000073e-02 -1.269999999999999948e-02 7.560000000000002829e-02 -1.512000000000000011e-01 -1.718999999999999972e-01 2.104999999999999649e-01 -5.129999999999999838e-02 1.303209999999999959e-03 6.651241000000000791e-02 4.734975999999999768e-02 1.050624999999999823e-02 7.502120999999999096e-02 1.040400000000000135e-04 1.612899999999999957e-04 5.715360000000004395e-03 2.286144000000000023e-02 2.954961000000000046e-02 4.431024999999998853e-02 2.631689999999999897e-03 1.219706500000000000e+06 1.343050125000000000e+06
1.000000000000000000e+00 2.700000000000000143e-03 -8.600000000000000006e-03 -4.709999999999999742e-01 5.619999999999999996e-02 2.396999999999999964e-01 8.350000000000000477e-02 3.880000000000000115e-02 -2.665000000000000147e-01 -2.533999999999999586e-01 1.587000000000000077e-01 -3.419999999999998042e-02 7.330000000000000404e-02 7.290000000000000507e-06 7.396000000000000339e-05 2.218409999999999827e-01 3.158440000000000206e-03 5.745609000000000133e-02 6.972250000000001016e-03 1.505440000000000033e-03 7.102225000000000898e-02 6.421155999999997310e-02 2.518569000000000363e-02 1.169639999999998702e-03 5.372890000000000825e-03 1.221538625000000000e+06 1.345054750000000000e+06
1.000000000000000000e+00 -2.299999999999999961e-03 -1.476000000000000090e-01 -5.452000000000000179e-01 3.180000000000000188e-02 3.315000000000000169e-01 2.299999999999999961e-02 -5.000000000000000104e-03 -1.390000000000000124e-01 -7.420000000000004370e-02 -2.439999999999999808e-02 9.180000000000002047e-02 -6.050000000000000516e-02 5.290000000000000174e-06 2.178576000000000124e-02 2.972430400000000139e-01 1.011240000000000056e-03 1.098922500000000108e-01 5.289999999999999564e-04 2.500000000000000120e-05 1.932100000000000484e-02 5.505640000000006085e-03 5.953599999999998563e-04 8.427240000000004241e-03 3.660250000000000743e-03 1.220518500000000000e+06 1.346643375000000000e+06
1.000000000000000000e+00 4.440000000000000197e-02 -1.137999999999999984e-01 -1.499000000000000055e-01 8.930000000000000437e-02 3.760000000000000148e-02 4.320000000000000229e-02 4.670000000000000540e-02 3.380000000000001059e-02 3.952999999999999847e-01 5.750000000000000250e-02 -2.938999999999999946e-01 2.020000000000000268e-02 1.971360000000000126e-03 1.295043999999999883e-02 2.247001000000000207e-02 7.974490000000000745e-03 1.413760000000000017e-03 1.866240000000000130e-03 2.180890000000000432e-03 1.142440000000000642e-03 1.562620899999999924e-01 3.306250000000000161e-03 8.637720999999999594e-02 4.080400000000000845e-04 1.219556125000000000e+06 1.341609625000000000e+06
1.000000000000000000e+00 -9.199999999999999845e-03 2.139999999999999958e-01 6.300000000000000044e-03 7.359999999999999876e-02 -9.199999999999999845e-03 4.440000000000000197e-02 -5.360000000000000181e-02 3.277999999999999803e-01 1.562000000000000055e-01 -1.570000000000000562e-02 -4.680000000000000132e-02 1.199999999999999678e-03 8.464000000000000278e-05 4.579599999999999643e-02 3.969000000000000116e-05 5.416960000000000178e-03 8.464000000000000278e-05 1.971360000000000126e-03 2.872960000000000357e-03 1.074528399999999939e-01 2.439844000000000040e-02 2.464900000000001964e-04 2.190239999999999982e-03 1.439999999999999130e-06 1.218995625000000000e+06 1.338632875000000000e+06
1.000000000000000000e+00 5.390000000000000346e-02 -2.419999999999999929e-02 -1.486999999999999988e-01 -5.199999999999999761e-03 1.260000000000000009e-02 1.459000000000000019e-01 6.310000000000000331e-02 -2.381999999999999951e-01 -1.549999999999999989e-01 -7.879999999999999505e-02 2.179999999999999993e-02 1.015000000000000069e-01 2.905210000000000518e-03 5.856400000000000104e-04 2.211168999999999982e-02 2.703999999999999861e-05 1.587600000000000046e-04 2.128680999999999976e-02 3.981610000000000010e-03 5.673923999999999634e-02 2.402500000000000122e-02 6.209439999999999231e-03 4.752399999999999832e-04 1.030225000000000064e-02 1.218610125000000000e+06 1.337862000000000000e+06
1.000000000000000000e+00 1.420000000000000082e-02 1.403000000000000080e-01 -2.514000000000000123e-01 1.018000000000000016e-01 -1.239999999999999956e-02 3.320000000000000034e-02 -3.969999999999999918e-02 1.645000000000000073e-01 -1.027000000000000135e-01 1.069999999999999979e-01 -2.500000000000000139e-02 -1.126999999999999946e-01 2.016400000000000278e-04 1.968409000000000131e-02 6.320196000000000147e-02 1.036324000000000099e-02 1.537599999999999915e-04 1.102239999999999991e-03 1.576090000000000043e-03 2.706025000000000097e-02 1.054729000000000257e-02 1.144899999999999911e-02 6.250000000000001214e-04 1.270128999999999876e-02 1.218362625000000000e+06 1.338188875000000000e+06
1.000000000000000000e+00 2.060000000000000026e-02 3.272999999999999798e-01 -1.719999999999999862e-01 5.090000000000000080e-02 9.629999999999999671e-02 -7.349999999999999589e-02 6.399999999999999439e-03 1.869999999999999718e-01 7.940000000000002611e-02 -5.090000000000000080e-02 1.086999999999999911e-01 -1.066999999999999893e-01 4.243600000000000367e-04 1.071252899999999841e-01 2.958399999999999572e-02 2.590810000000000248e-03 9.273689999999999364e-03 5.402249999999999067e-03 4.095999999999999408e-05 3.496899999999998621e-02 6.304360000000004509e-03 2.590810000000000248e-03 1.181568999999999849e-02 1.138488999999999821e-02 1.219379375000000000e+06 1.339522875000000000e+06
1.000000000000000000e+00 1.050000000000000065e-02 -1.665000000000000091e-01 -2.262000000000000122e-01 1.299999999999999940e-03 1.836000000000000132e-01 4.989999999999999991e-02 -1.009999999999999960e-02 -4.938000000000000167e-01 -5.420000000000002593e-02 -4.959999999999999826e-02 8.730000000000001648e-02 1.233999999999999958e-01 1.102500000000000100e-04 2.772225000000000383e-02 5.116644000000000747e-02 1.689999999999999913e-06 3.370896000000000309e-02 2.490009999999999966e-03 1.020099999999999940e-04 2.438384400000000174e-01 2.937640000000002645e-03 2.460159999999999864e-03 7.621290000000002784e-03 1.522755999999999936e-02 1.218662625000000000e+06 1.340299875000000000e+06
1.000000000000000000e+00 -4.399999999999999745e-02 -5.870000000000000218e-02 -1.246000000000000024e-01 2.899999999999999800e-03 5.380000000000000060e-02 5.369999999999999774e-02 -5.449999999999999983e-02 1.078000000000000069e-01 1.016000000000000097e-01 1.599999999999999860e-03 -1.298000000000000265e-01 3.799999999999997824e-03 1.935999999999999787e-03 3.445690000000000384e-03 1.552516000000000139e-02 8.409999999999999101e-06 2.894439999999999860e-03 2.883689999999999951e-03 2.970249999999999800e-03 1.162084000000000207e-02 1.032256000000000146e-02 2.559999999999999630e-06 1.684804000000000856e-02 1.443999999999998372e-05 1.219086125000000000e+06 1.339996000000000000e+06
1.000000000000000000e+00 9.400000000000000369e-03 1.146999999999999964e-01 -2.243999999999999884e-01 5.799999999999999600e-03 1.082000000000000045e-01 2.610000000000000167e-02 5.339999999999999608e-02 1.733999999999999986e-01 -9.979999999999998594e-02 2.899999999999999800e-03 5.440000000000000391e-02 -2.759999999999999606e-02 8.836000000000000104e-05 1.315608999999999876e-02 5.035535999999999485e-02 3.363999999999999640e-05 1.170724000000000070e-02 6.812100000000001271e-04 2.851559999999999512e-03 3.006756000000000012e-02 9.960039999999996396e-03 8.409999999999999101e-06 2.959360000000000289e-03 7.617599999999997810e-04 1.218467000000000000e+06 1.337908250000000000e+06
1.000000000000000000e+00 -4.700000000000000011e-02 -7.270000000000000073e-02 -1.126000000000000056e-01 1.200000000000000025e-02 -1.199999999999999895e-03 1.770000000000000046e-02 -5.639999999999999875e-02 -1.874000000000000110e-01 1.117999999999999827e-01 6.200000000000000649e-03 -1.094000000000000111e-01 -8.400000000000001216e-03 2.209000000000000026e-03 5.285289999999999780e-03 1.267876000000000072e-02 1.440000000000000036e-04 1.439999999999999765e-06 3.132900000000000311e-04 3.180960000000000037e-03 3.511876000000000581e-02 1.249923999999999653e-02 3.844000000000001143e-05 1.196836000000000254e-02 7.056000000000001561e-05 1.217255500000000000e+06 1.336327625000000000e+06
1.000000000000000000e+00 1.750000000000000167e-02 1.322000000000000119e-01 -1.454999999999999905e-01 2.390000000000000110e-02 2.869999999999999982e-02 -3.700000000000000164e-03 6.450000000000000178e-02 2.049000000000000266e-01 -3.289999999999998481e-02 1.190000000000000085e-02 2.989999999999999949e-02 -2.140000000000000235e-02 3.062500000000000443e-04 1.747684000000000390e-02 2.117024999999999810e-02 5.712100000000000554e-04 8.236899999999999691e-04 1.369000000000000106e-05 4.160249999999999886e-03 4.198401000000000910e-02 1.082409999999998929e-03 1.416100000000000214e-04 8.940099999999999870e-04 4.579600000000000944e-04 1.218294375000000000e+06 1.336400625000000000e+06
1.000000000000000000e+00 6.599999999999999964e-03 2.379999999999999893e-01 -2.076000000000000068e-01 1.500000000000000031e-03 1.228999999999999954e-01 2.099999999999999870e-03 -1.090000000000000170e-02 1.057999999999999774e-01 -6.210000000000001630e-02 -2.239999999999999977e-02 9.419999999999999207e-02 5.799999999999999600e-03 4.355999999999999629e-05 5.664399999999999297e-02 4.309776000000000579e-02 2.250000000000000057e-06 1.510440999999999867e-02 4.409999999999999282e-06 1.188100000000000365e-04 1.119363999999999602e-02 3.856410000000001954e-03 5.017599999999999665e-04 8.873639999999998612e-03 3.363999999999999640e-05 1.218281000000000000e+06 1.338275625000000000e+06
1.000000000000000000e+00 1.200000000000000025e-02 4.320000000000000229e-02 6.199999999999999782e-03 4.270000000000000184e-02 -6.899999999999999883e-03 -1.779999999999999985e-02 5.400000000000000286e-03 -1.947999999999999732e-01 2.138000000000000178e-01 4.120000000000000051e-02 -1.297999999999999987e-01 -1.990000000000000102e-02 1.440000000000000036e-04 1.866240000000000130e-03 3.843999999999999788e-05 1.823290000000000197e-03 4.760999999999999987e-05 3.168399999999999819e-04 2.916000000000000203e-05 3.794703999999998745e-02 4.571044000000000496e-02 1.697440000000000147e-03 1.684803999999999816e-02 3.960100000000000252e-04 1.217734625000000000e+06 1.338030500000000000e+06
1.000000000000000000e+00 -1.499999999999999944e-02 2.089999999999999844e-02 -1.547000000000000042e-01 1.089999999999999997e-02 1.037000000000000005e-01 3.219999999999999946e-02 -2.699999999999999969e-02 -2.230000000000000385e-02 -1.609000000000000152e-01 -3.180000000000000188e-02 1.106000000000000039e-01 5.000000000000000278e-02 2.249999999999999938e-04 4.368099999999999327e-04 2.393208999999999961e-02 1.188099999999999958e-04 1.075368999999999978e-02 1.036840000000000027e-03 7.289999999999999388e-04 4.972900000000001668e-04 2.588881000000000515e-02 1.011240000000000056e-03 1.223236000000000115e-02 2.500000000000000486e-03 1.216823500000000000e+06 1.336817625000000000e+06
1.000000000000000000e+00 1.119999999999999989e-02 -1.830000000000000029e-02 -2.111999999999999988e-01 1.660000000000000017e-02 1.019999999999999934e-01 -1.600000000000000077e-03 2.620000000000000107e-02 -3.919999999999999873e-02 -5.649999999999999467e-02 5.700000000000000205e-03 -1.700000000000007061e-03 -3.379999999999999671e-02 1.254399999999999916e-04 3.348900000000000141e-04 4.460543999999999620e-02 2.755599999999999977e-04 1.040399999999999832e-02 2.560000000000000054e-06 6.864400000000000753e-04 1.536639999999999924e-03 3.192249999999999342e-03 3.249000000000000233e-05 2.890000000000023999e-06 1.142439999999999775e-03 1.218456375000000000e+06 1.340108750000000000e+06
1.000000000000000000e+00 1.609999999999999973e-02 2.610000000000000167e-02 -1.333000000000000018e-01 3.289999999999999869e-02 6.279999999999999472e-02 -2.879999999999999921e-02 4.899999999999999842e-03 4.440000000000000197e-02 7.789999999999999702e-02 1.629999999999999852e-02 -3.919999999999999873e-02 -2.719999999999999848e-02 2.592100000000000068e-04 6.812100000000001271e-04 1.776888999999999899e-02 1.082410000000000013e-03 3.943839999999999672e-03 8.294399999999999733e-04 2.400999999999999882e-05 1.971360000000000126e-03 6.068409999999999777e-03 2.656899999999999583e-04 1.536639999999999924e-03 7.398399999999999638e-04 1.220611250000000000e+06 1.342772750000000000e+06
1.000000000000000000e+00 1.050000000000000065e-02 1.267000000000000071e-01 -2.280000000000000082e-01 7.300000000000000065e-03 1.093999999999999972e-01 -2.019999999999999921e-02 -5.599999999999999076e-03 1.006000000000000089e-01 -9.470000000000000639e-02 -2.559999999999999776e-02 4.660000000000000253e-02 8.600000000000000006e-03 1.102500000000000100e-04 1.605289000000000021e-02 5.198400000000000243e-02 5.328999999999999970e-05 1.196835999999999907e-02 4.080399999999999761e-04 3.135999999999999113e-05 1.012036000000000185e-02 8.968090000000001477e-03 6.553599999999999053e-04 2.171560000000000330e-03 7.396000000000000339e-05 1.221509875000000000e+06 1.346432625000000000e+06
1.000000000000000000e+00 7.000000000000000146e-03 6.439999999999999891e-02 -1.602999999999999980e-01 2.179999999999999993e-02 2.019999999999999921e-02 -1.529999999999999936e-02 -3.500000000000000507e-03 -6.230000000000000815e-02 6.770000000000001017e-02 1.449999999999999900e-02 -8.920000000000000151e-02 4.899999999999999842e-03 4.900000000000000519e-05 4.147360000000000109e-03 2.569608999999999782e-02 4.752399999999999832e-04 4.080399999999999761e-04 2.340899999999999763e-04 1.225000000000000299e-05 3.881290000000001215e-03 4.583290000000001148e-03 2.102499999999999606e-04 7.956640000000000934e-03 2.400999999999999882e-05 1.220753250000000000e+06 1.344199500000000000e+06
1.000000000000000000e+00 2.139999999999999888e-02 7.589999999999999525e-02 -2.313000000000000056e-01 3.899999999999999821e-03 2.015000000000000124e-01 -5.260000000000000092e-02 1.439999999999999961e-02 1.149999999999999634e-02 -7.100000000000000755e-02 -1.789999999999999925e-02 1.813000000000000167e-01 -3.729999999999999982e-02 4.579599999999999318e-04 5.760809999999999022e-03 5.349969000000000252e-02 1.520999999999999837e-05 4.060225000000000639e-02 2.766760000000000053e-03 2.073599999999999933e-04 1.322499999999999078e-04 5.041000000000001209e-03 3.204099999999999765e-04 3.286969000000000696e-02 1.391289999999999888e-03 1.219959375000000000e+06 1.341211500000000000e+06
1.000000000000000000e+00 -3.700000000000000164e-03 -6.579999999999999738e-02 -4.799999999999999580e-03 1.399999999999999986e-03 5.689999999999999919e-02 -8.899999999999999925e-03 -2.509999999999999731e-02 -1.416999999999999926e-01 2.265000000000000069e-01 -2.499999999999999618e-03 -1.446000000000000063e-01 4.370000000000000273e-02 1.369000000000000106e-05 4.329640000000000051e-03 2.303999999999999625e-05 1.959999999999999869e-06 3.237609999999999707e-03 7.920999999999999547e-05 6.300099999999998583e-04 2.007888999999999854e-02 5.130225000000000063e-02 6.249999999999997758e-06 2.090916000000000302e-02 1.909690000000000346e-03 1.217126750000000000e+06 1.337486875000000000e+06
1.000000000000000000e+00 -0.000000000000000000e+00 6.909999999999999476e-02 -4.100000000000000172e-02 4.390000000000000152e-02 -1.154000000000000026e-01 -3.180000000000000188e-02 3.700000000000000164e-03 1.348999999999999921e-01 -3.620000000000000301e-02 4.250000000000000305e-02 -1.723000000000000087e-01 -2.290000000000000369e-02 0.000000000000000000e+00 4.774809999999999124e-03 1.681000000000000202e-03 1.927210000000000164e-03 1.331715999999999976e-02 1.011240000000000056e-03 1.369000000000000106e-05 1.819800999999999710e-02 1.310440000000000172e-03 1.806250000000000347e-03 2.968729000000000159e-02 5.244100000000002188e-04 1.216361875000000000e+06 1.335984375000000000e+06
1.000000000000000000e+00 -1.149999999999999981e-02 1.532999999999999918e-01 1.359999999999999924e-02 8.399999999999999481e-03 -3.350000000000000200e-02 8.999999999999999754e-04 -1.149999999999999981e-02 8.419999999999999707e-02 5.460000000000000270e-02 -3.550000000000000377e-02 8.190000000000000058e-02 3.269999999999999990e-02 1.322499999999999891e-04 2.350088999999999650e-02 1.849599999999999910e-04 7.055999999999998851e-05 1.122250000000000201e-03 8.099999999999999739e-07 1.322499999999999891e-04 7.089639999999999484e-03 2.981160000000000494e-03 1.260250000000000302e-03 6.707610000000000135e-03 1.069290000000000084e-03 1.216426875000000000e+06 1.334065125000000000e+06
1.000000000000000000e+00 -3.910000000000000281e-02 1.615999999999999936e-01 -1.537000000000000033e-01 1.609999999999999973e-02 9.869999999999999607e-02 5.070000000000000201e-02 -2.760000000000000300e-02 8.300000000000001821e-03 -1.673000000000000043e-01 7.700000000000000247e-03 1.321999999999999842e-01 4.980000000000000399e-02 1.528810000000000238e-03 2.611455999999999847e-02 2.362369000000000274e-02 2.592100000000000068e-04 9.741689999999999031e-03 2.570490000000000361e-03 7.617600000000002147e-04 6.889000000000002652e-05 2.798929000000000000e-02 5.929000000000000324e-05 1.747683999999999696e-02 2.480040000000000196e-03 1.216534250000000000e+06 1.337203625000000000e+06
1.000000000000000000e+00 -3.830000000000000071e-02 1.305999999999999939e-01 -2.646999999999999909e-01 -3.200000000000000067e-02 1.947000000000000119e-01 4.250000000000000305e-02 8.000000000000020983e-04 -3.099999999999999978e-02 -1.109999999999999876e-01 -4.810000000000000386e-02 9.600000000000001588e-02 -8.199999999999998956e-03 1.466889999999999991e-03 1.705635999999999958e-02 7.006608999999999754e-02 1.023999999999999954e-03 3.790809000000000539e-02 1.806250000000000347e-03 6.400000000000034015e-07 9.609999999999999402e-04 1.232099999999999689e-02 2.313610000000000232e-03 9.216000000000003703e-03 6.723999999999998641e-05 1.218591500000000000e+06 1.340857750000000000e+06
1.000000000000000000e+00 -4.819999999999999979e-02 5.580000000000000238e-02 -9.089999999999999469e-02 -1.200000000000000025e-02 1.514999999999999958e-01 1.909999999999999892e-02 -9.899999999999999079e-03 -7.479999999999999150e-02 1.738000000000000100e-01 2.000000000000000042e-02 -4.320000000000001616e-02 -2.340000000000000413e-02 2.323239999999999854e-03 3.113640000000000418e-03 8.262809999999998906e-03 1.440000000000000036e-04 2.295225000000000043e-02 3.648099999999999715e-04 9.800999999999997811e-05 5.595039999999999042e-03 3.020644000000000454e-02 4.000000000000000192e-04 1.866240000000001431e-03 5.475600000000002123e-04 1.219728000000000000e+06 1.343496500000000000e+06
1.000000000000000000e+00 -4.039999999999999841e-02 2.560000000000000123e-02 -3.372999999999999887e-01 6.219999999999999835e-02 5.800000000000000294e-02 1.990000000000000102e-02 7.800000000000001377e-03 -3.020000000000000115e-02 -2.464000000000000079e-01 7.420000000000000207e-02 -9.349999999999999978e-02 8.000000000000020983e-04 1.632159999999999904e-03 6.553600000000000137e-04 1.137712899999999971e-01 3.868839999999999692e-03 3.364000000000000237e-03 3.960100000000000252e-04 6.084000000000002058e-05 9.120400000000000295e-04 6.071296000000000331e-02 5.505640000000000013e-03 8.742250000000000021e-03 6.400000000000034015e-07 1.221554000000000000e+06 1.346250875000000000e+06
1.000000000000000000e+00 -5.400000000000000286e-03 -1.791000000000000092e-01 -7.439999999999999392e-02 1.087000000000000050e-01 -2.677999999999999825e-01 1.297000000000000097e-01 3.499999999999999639e-02 -2.047000000000000208e-01 2.629000000000000226e-01 4.650000000000000661e-02 -3.257999999999999785e-01 1.098000000000000087e-01 2.916000000000000203e-05 3.207681000000000421e-02 5.535359999999998719e-03 1.181569000000000022e-02 7.171683999999999004e-02 1.682209000000000135e-02 1.224999999999999744e-03 4.190209000000000988e-02 6.911641000000001700e-02 2.162250000000000543e-03 1.061456399999999856e-01 1.205604000000000224e-02 1.219405250000000000e+06 1.341640875000000000e+06
1.000000000000000000e+00 -4.229999999999999732e-02 1.531000000000000139e-01 -7.000000000000000146e-03 9.379999999999999449e-02 -6.419999999999999318e-02 5.879999999999999810e-02 -3.689999999999999530e-02 3.322000000000000508e-01 6.739999999999998770e-02 -1.490000000000001046e-02 2.036000000000000032e-01 -7.090000000000001856e-02 1.789289999999999804e-03 2.343961000000000308e-02 4.900000000000000519e-05 8.798439999999999386e-03 4.121639999999999332e-03 3.457439999999999992e-03 1.361609999999999644e-03 1.103568400000000393e-01 4.542759999999998119e-03 2.220100000000003223e-04 4.145296000000000397e-02 5.026810000000002214e-03 1.217659375000000000e+06 1.339334625000000000e+06
1.000000000000000000e+00 -1.200000000000000025e-02 8.519999999999999796e-02 -9.560000000000000442e-02 -3.830000000000000071e-02 8.129999999999999727e-02 1.072000000000000036e-01 3.029999999999999707e-02 -6.790000000000001590e-02 -8.859999999999999820e-02 -1.320999999999999952e-01 1.454999999999999905e-01 4.840000000000000552e-02 1.440000000000000036e-04 7.259039999999999590e-03 9.139360000000000886e-03 1.466889999999999991e-03 6.609689999999999663e-03 1.149184000000000143e-02 9.180899999999997700e-04 4.610410000000002284e-03 7.849959999999999577e-03 1.745040999999999953e-02 2.117024999999999810e-02 2.342560000000000475e-03 1.213407375000000000e+06 1.336997750000000000e+06
1.000000000000000000e+00 -1.005999999999999950e-01 1.320999999999999952e-01 -1.270000000000000018e-01 -5.449999999999999983e-02 8.870000000000000107e-02 1.834999999999999964e-01 -8.859999999999999820e-02 4.689999999999999725e-02 -3.139999999999999736e-02 -1.619999999999999912e-02 7.400000000000003797e-03 7.629999999999999283e-02 1.012035999999999838e-02 1.745040999999999953e-02 1.612900000000000097e-02 2.970249999999999800e-03 7.867690000000000100e-03 3.367225000000000079e-02 7.849959999999999577e-03 2.199609999999999847e-03 9.859599999999999181e-04 2.624399999999999606e-04 5.476000000000005847e-05 5.821689999999999157e-03 1.215610500000000000e+06 1.338627875000000000e+06
1.000000000000000000e+00 2.319999999999999840e-02 1.917000000000000093e-01 -3.429999999999999716e-02 1.909999999999999892e-02 1.165000000000000063e-01 1.052000000000000018e-01 1.237999999999999934e-01 5.960000000000001408e-02 9.270000000000000462e-02 7.359999999999999876e-02 2.780000000000000526e-02 -7.829999999999999460e-02 5.382399999999999424e-04 3.674889000000000627e-02 1.176489999999999871e-03 3.648099999999999715e-04 1.357225000000000098e-02 1.106704000000000021e-02 1.532643999999999847e-02 3.552160000000001688e-03 8.593290000000001691e-03 5.416960000000000178e-03 7.728400000000003323e-04 6.130889999999999083e-03 1.217926625000000000e+06 1.343773125000000000e+06
1.000000000000000000e+00 8.480000000000000038e-02 1.720000000000000001e-02 -4.730000000000000177e-02 6.199999999999999956e-02 2.639999999999999986e-02 6.660000000000000642e-02 6.160000000000000198e-02 -1.745000000000000162e-01 -1.300000000000000461e-02 4.290000000000000063e-02 -9.010000000000001341e-02 -3.859999999999999543e-02 7.191040000000000106e-03 2.958400000000000135e-04 2.237290000000000285e-03 3.843999999999999761e-03 6.969599999999999407e-04 4.435560000000000717e-03 3.794560000000000207e-03 3.045025000000000509e-02 1.690000000000001234e-04 1.840410000000000006e-03 8.118010000000001891e-03 1.489959999999999592e-03 1.220811875000000000e+06 1.346697250000000000e+06
1.000000000000000000e+00 5.469999999999999862e-02 1.102000000000000063e-01 -1.690000000000000113e-01 4.989999999999999991e-02 9.619999999999999385e-02 3.009999999999999828e-02 -3.010000000000000175e-02 9.299999999999999933e-02 -1.217000000000000026e-01 -1.209999999999999964e-02 6.980000000000000093e-02 -3.650000000000000466e-02 2.992089999999999767e-03 1.214404000000000178e-02 2.856100000000000305e-02 2.490009999999999966e-03 9.254439999999999195e-03 9.060099999999998450e-04 9.060100000000000618e-04 8.649000000000000438e-03 1.481089000000000017e-02 1.464100000000000026e-04 4.872040000000000225e-03 1.332250000000000318e-03 1.218434125000000000e+06 1.343848125000000000e+06
1.000000000000000000e+00 4.769999999999999934e-02 7.670000000000000429e-02 -1.552000000000000046e-01 8.840000000000000635e-02 -3.059999999999999873e-02 6.980000000000000093e-02 -6.999999999999999278e-03 -3.350000000000000200e-02 1.380000000000000671e-02 3.850000000000000644e-02 -1.267999999999999960e-01 3.969999999999999918e-02 2.275290000000000125e-03 5.882890000000000862e-03 2.408704000000000053e-02 7.814560000000001644e-03 9.363599999999999051e-04 4.872040000000000225e-03 4.899999999999999164e-05 1.122250000000000201e-03 1.904400000000001892e-04 1.482250000000000494e-03 1.607824000000000059e-02 1.576090000000000043e-03 1.217351000000000000e+06 1.343085125000000000e+06
1.000000000000000000e+00 -1.859999999999999848e-02 1.313999999999999890e-01 -1.652000000000000135e-01 6.569999999999999452e-02 1.069999999999999944e-02 8.379999999999999949e-02 -6.629999999999999782e-02 5.469999999999998475e-02 -1.000000000000000888e-02 -2.270000000000001183e-02 4.129999999999999644e-02 1.399999999999999856e-02 3.459599999999999199e-04 1.726595999999999687e-02 2.729104000000000599e-02 4.316489999999999216e-03 1.144899999999999830e-04 7.022439999999999585e-03 4.395689999999999840e-03 2.992089999999998466e-03 1.000000000000001810e-04 5.152900000000004959e-04 1.705689999999999724e-03 1.959999999999999666e-04 1.214592750000000000e+06 1.337353375000000000e+06
1.000000000000000000e+00 7.630000000000000671e-02 1.768000000000000127e-01 -1.159999999999999920e-02 3.729999999999999982e-02 1.770000000000000046e-02 6.899999999999999883e-03 9.490000000000001212e-02 4.540000000000002367e-02 1.536000000000000143e-01 -2.839999999999999469e-02 7.000000000000001013e-03 -7.689999999999999614e-02 5.821690000000000892e-03 3.125824000000000658e-02 1.345599999999999856e-04 1.391289999999999888e-03 3.132900000000000311e-04 4.760999999999999987e-05 9.006010000000001792e-03 2.061160000000001984e-03 2.359296000000000310e-02 8.065599999999996774e-04 4.900000000000001197e-05 5.913609999999999700e-03 1.214685000000000000e+06 1.337778875000000000e+06
1.000000000000000000e+00 2.069999999999999965e-02 6.919999999999999762e-02 9.619999999999999385e-02 1.105000000000000010e-01 -1.504999999999999949e-01 1.799999999999999951e-03 -5.560000000000001052e-02 -1.076000000000000151e-01 1.077999999999999931e-01 7.320000000000000118e-02 -1.681999999999999884e-01 -5.100000000000000366e-03 4.284900000000000124e-04 4.788639999999999390e-03 9.254439999999999195e-03 1.221025000000000062e-02 2.265024999999999678e-02 3.239999999999999896e-06 3.091360000000001329e-03 1.157776000000000291e-02 1.162083999999999860e-02 5.358240000000000225e-03 2.829123999999999528e-02 2.601000000000000339e-05 1.213700250000000000e+06 1.337945750000000000e+06
1.000000000000000000e+00 1.280000000000000061e-02 4.959999999999999826e-02 -2.323999999999999955e-01 2.809999999999999998e-02 1.242000000000000048e-01 6.000000000000000125e-03 -7.899999999999999037e-03 -1.959999999999999937e-02 -3.286000000000000032e-01 -8.240000000000000102e-02 2.746999999999999997e-01 4.200000000000000608e-03 1.638400000000000034e-04 2.460159999999999864e-03 5.400975999999999694e-02 7.896100000000000514e-04 1.542564000000000088e-02 3.600000000000000091e-05 6.240999999999998014e-05 3.841599999999999811e-04 1.079779599999999978e-01 6.789760000000000587e-03 7.546008999999999356e-02 1.764000000000000390e-05 1.215740500000000000e+06 1.338199500000000000e+06
1.000000000000000000e+00 1.739999999999999880e-02 6.869999999999999718e-02 -2.590999999999999970e-01 1.319999999999999993e-02 1.847000000000000031e-01 1.209999999999999964e-02 4.599999999999998188e-03 1.909999999999999892e-02 -2.670000000000000151e-02 -1.490000000000000005e-02 6.049999999999999822e-02 6.099999999999999520e-03 3.027599999999999541e-04 4.719689999999999476e-03 6.713281000000000109e-02 1.742399999999999852e-04 3.411408999999999969e-02 1.464100000000000026e-04 2.115999999999998375e-05 3.648099999999999715e-04 7.128900000000000948e-04 2.220099999999999971e-04 3.660249999999999875e-03 3.720999999999999102e-05 1.214761750000000000e+06 1.338746375000000000e+06
1.000000000000000000e+00 1.899999999999999996e-03 -2.089999999999999844e-02 -2.116000000000000103e-01 3.579999999999999849e-02 -1.600000000000000077e-03 4.819999999999999979e-02 -1.549999999999999815e-02 -8.959999999999999909e-02 4.749999999999998668e-02 2.259999999999999856e-02 -1.862999999999999934e-01 3.610000000000000014e-02 3.610000000000000165e-06 4.368099999999999327e-04 4.477456000000000491e-02 1.281639999999999906e-03 2.560000000000000054e-06 2.323239999999999854e-03 2.402499999999999308e-04 8.028159999999999463e-03 2.256249999999998708e-03 5.107599999999999684e-04 3.470768999999999938e-02 1.303209999999999959e-03 1.217449625000000000e+06 1.342422000000000000e+06
1.000000000000000000e+00 1.099999999999999936e-02 7.739999999999999658e-02 -3.446000000000000174e-01 1.200000000000000025e-02 1.082999999999999935e-01 2.510000000000000078e-02 9.099999999999998715e-03 9.829999999999999849e-02 -1.330000000000000071e-01 -2.379999999999999824e-02 1.098999999999999977e-01 -2.309999999999999901e-02 1.209999999999999867e-04 5.990759999999999488e-03 1.187491600000000064e-01 1.440000000000000036e-04 1.172888999999999876e-02 6.300100000000000752e-04 8.280999999999997456e-05 9.662890000000000368e-03 1.768900000000000333e-02 5.664399999999998690e-04 1.207801000000000013e-02 5.336099999999999004e-04 1.216426375000000000e+06 1.340635375000000000e+06
1.000000000000000000e+00 3.459999999999999881e-02 1.150999999999999940e-01 -8.300000000000000433e-02 6.239999999999999714e-02 -5.680000000000000326e-02 -5.269999999999999685e-02 2.359999999999999945e-02 3.769999999999999740e-02 2.615999999999999992e-01 5.040000000000000036e-02 -1.650999999999999968e-01 -7.779999999999999416e-02 1.197159999999999848e-03 1.324800999999999930e-02 6.889000000000001026e-03 3.893759999999999583e-03 3.226240000000000444e-03 2.777289999999999533e-03 5.569600000000000072e-04 1.421289999999999750e-03 6.843456000000000539e-02 2.540160000000000074e-03 2.725800999999999918e-02 6.052839999999999436e-03 1.215284000000000000e+06 1.343539500000000000e+06
1.000000000000000000e+00 2.690000000000000030e-02 9.320000000000000506e-02 -5.220000000000000334e-02 5.960000000000000020e-02 -1.048999999999999932e-01 6.700000000000000226e-03 -7.699999999999998512e-03 -2.189999999999998892e-02 3.080000000000000099e-02 -2.799999999999996936e-03 -4.809999999999998999e-02 5.939999999999999447e-02 7.236099999999999650e-04 8.686240000000001321e-03 2.724840000000000508e-03 3.552159999999999953e-03 1.100400999999999810e-02 4.489000000000000558e-05 5.928999999999997613e-05 4.796099999999995094e-04 9.486400000000000518e-04 7.839999999999982535e-06 2.313609999999998931e-03 3.528359999999999483e-03 1.214632375000000000e+06 1.338589000000000000e+06
1.000000000000000000e+00 -6.999999999999999929e-04 1.471000000000000085e-01 -2.328000000000000069e-01 5.020000000000000157e-02 4.139999999999999930e-02 2.599999999999999881e-03 -2.759999999999999953e-02 5.390000000000000346e-02 -1.806000000000000105e-01 -9.399999999999998634e-03 1.462999999999999856e-01 -4.100000000000000346e-03 4.899999999999999672e-07 2.163841000000000375e-02 5.419584000000000207e-02 2.520040000000000301e-03 1.713960000000000049e-03 6.759999999999999652e-06 7.617599999999999979e-04 2.905210000000000518e-03 3.261636000000000396e-02 8.835999999999997394e-05 2.140368999999999605e-02 1.681000000000000338e-05 1.213902125000000000e+06 1.337960625000000000e+06
1.000000000000000000e+00 2.469999999999999973e-02 1.242999999999999938e-01 -2.356999999999999929e-01 4.420000000000000318e-02 2.508000000000000229e-01 -2.730000000000000135e-02 2.539999999999999897e-02 -2.280000000000001470e-02 -2.899999999999985922e-03 -5.999999999999998390e-03 2.094000000000000306e-01 -2.990000000000000296e-02 6.100899999999999813e-04 1.545048999999999902e-02 5.555448999999999804e-02 1.953640000000000411e-03 6.290064000000000766e-02 7.452900000000001234e-04 6.451599999999999826e-04 5.198400000000006878e-04 8.409999999999917785e-06 3.599999999999998058e-05 4.384836000000000983e-02 8.940100000000002038e-04 1.213900375000000000e+06 1.337114000000000000e+06
1.000000000000000000e+00 -5.899999999999999863e-03 -1.208999999999999936e-01 -6.110000000000000153e-02 4.870000000000000023e-02 -1.572000000000000064e-01 6.629999999999999782e-02 -3.059999999999999873e-02 -2.451999999999999735e-01 1.745999999999999774e-01 4.499999999999997058e-03 -4.080000000000000293e-01 9.360000000000000264e-02 3.481000000000000045e-05 1.461680999999999918e-02 3.733210000000000261e-03 2.371690000000000083e-03 2.471184000000000228e-02 4.395689999999999840e-03 9.363599999999999051e-04 6.012303999999998871e-02 3.048515999999999379e-02 2.024999999999997383e-05 1.664640000000000286e-01 8.760959999999999928e-03 1.212672250000000000e+06 1.334951125000000000e+06
1.000000000000000000e+00 -1.299999999999999940e-03 2.048000000000000098e-01 -1.686999999999999889e-01 7.570000000000000340e-02 -8.849999999999999534e-02 4.739999999999999769e-02 4.599999999999999922e-03 3.256999999999999895e-01 -1.075999999999999873e-01 2.700000000000000316e-02 6.870000000000001106e-02 -1.890000000000000013e-02 1.689999999999999913e-06 4.194304000000000088e-02 2.845968999999999582e-02 5.730490000000000410e-03 7.832249999999998935e-03 2.246759999999999990e-03 2.116000000000000069e-05 1.060804899999999995e-01 1.157775999999999771e-02 7.290000000000001557e-04 4.719690000000001211e-03 3.572100000000000036e-04 1.214089125000000000e+06 1.338150000000000000e+06
1.000000000000000000e+00 -1.370000000000000037e-02 6.969999999999999807e-02 -1.391999999999999904e-01 4.290000000000000063e-02 6.099999999999999867e-02 8.029999999999999638e-02 -1.240000000000000130e-02 -1.350999999999999979e-01 2.949999999999999845e-02 -3.280000000000000276e-02 1.494999999999999940e-01 3.289999999999999869e-02 1.876900000000000139e-04 4.858089999999999804e-03 1.937663999999999706e-02 1.840410000000000006e-03 3.720999999999999915e-03 6.448089999999999204e-03 1.537600000000000457e-04 1.825200999999999907e-02 8.702499999999999299e-04 1.075840000000000216e-03 2.235024999999999859e-02 1.082410000000000013e-03 1.214073875000000000e+06 1.340791875000000000e+06
1.000000000000000000e+00 -1.110000000000000049e-02 1.689999999999999836e-02 -1.292999999999999983e-01 5.619999999999999996e-02 2.735000000000000209e-01 5.790000000000000008e-02 2.599999999999999881e-03 -5.279999999999999971e-02 9.899999999999992140e-03 1.329999999999999932e-02 2.125000000000000222e-01 -2.239999999999999630e-02 1.232100000000000079e-04 2.856099999999999438e-04 1.671848999999999905e-02 3.158440000000000206e-03 7.480225000000001456e-02 3.352410000000000112e-03 6.759999999999999652e-06 2.787839999999999763e-03 9.800999999999984258e-05 1.768899999999999954e-04 4.515625000000000888e-02 5.017599999999998580e-04 1.214792750000000000e+06 1.340474500000000000e+06
1.000000000000000000e+00 1.600000000000000077e-03 1.811000000000000110e-01 -1.854999999999999982e-01 5.480000000000000149e-02 9.890000000000000180e-02 6.959999999999999520e-02 1.270000000000000122e-02 1.642000000000000126e-01 -5.619999999999999996e-02 -1.399999999999998468e-03 -1.746000000000000330e-01 1.169999999999999513e-02 2.560000000000000054e-06 3.279721000000000719e-02 3.441024999999999640e-02 3.003040000000000223e-03 9.781210000000000251e-03 4.844159999999999265e-03 1.612900000000000228e-04 2.696164000000000546e-02 3.158440000000000206e-03 1.959999999999995634e-06 3.048516000000001114e-02 1.368899999999998905e-04 1.214546000000000000e+06 1.341398375000000000e+06
1.000000000000000000e+00 -1.619999999999999912e-02 5.369999999999999774e-02 -3.412000000000000033e-01 5.290000000000000258e-02 7.929999999999999549e-02 4.299999999999999656e-02 -1.779999999999999985e-02 -1.274000000000000132e-01 -1.557000000000000051e-01 -1.899999999999998912e-03 -1.960000000000000631e-02 -2.659999999999999865e-02 2.624399999999999606e-04 2.883689999999999951e-03 1.164174399999999970e-01 2.798410000000000307e-03 6.288489999999999011e-03 1.848999999999999732e-03 3.168399999999999819e-04 1.623076000000000380e-02 2.424249000000000195e-02 3.609999999999995930e-06 3.841600000000002521e-04 7.075599999999999815e-04 1.217901625000000000e+06 1.344828500000000000e+06
1.000000000000000000e+00 -5.000000000000000278e-02 -1.688000000000000056e-01 -1.110899999999999999e+00 -1.628000000000000003e-01 8.481999999999999540e-01 -8.730000000000000260e-02 -3.380000000000000365e-02 -2.225000000000000033e-01 -7.697000000000000508e-01 -2.157000000000000028e-01 7.688999999999999169e-01 -1.302999999999999992e-01 2.500000000000000486e-03 2.849344000000000182e-02 1.234098810000000102e+00 2.650384000000000073e-02 7.194432399999999284e-01 7.621290000000000182e-03 1.142440000000000209e-03 4.950625000000000164e-02 5.924380900000000283e-01 4.652649000000000368e-02 5.912072099999998720e-01 1.697809000000000124e-02 1.194124000000000000e+06 1.309359875000000000e+06
1.000000000000000000e+00 -5.190000000000000169e-02 -8.019999999999999352e-02 -6.069999999999999840e-01 -3.734999999999999987e-01 6.395999999999999464e-01 -7.389999999999999347e-02 -1.899999999999998912e-03 8.860000000000001208e-02 5.039000000000000146e-01 -2.106999999999999984e-01 -2.086000000000000076e-01 1.340000000000000913e-02 2.693610000000000362e-03 6.432039999999999112e-03 3.684489999999999710e-01 1.395022499999999943e-01 4.090881599999999230e-01 5.461209999999999329e-03 3.609999999999995930e-06 7.849960000000001312e-03 2.539152100000000023e-01 4.439449000000000173e-02 4.351396000000000430e-02 1.795600000000002392e-04 1.205062250000000000e+06 1.326903875000000000e+06
1.000000000000000000e+00 2.060000000000000026e-02 3.938999999999999724e-01 -9.940000000000000224e-02 -6.550000000000000266e-02 4.511000000000000010e-01 -9.919999999999999651e-02 7.250000000000000888e-02 4.740999999999999659e-01 5.075999999999999401e-01 3.079999999999999960e-01 -1.884999999999999454e-01 -2.530000000000000304e-02 4.243600000000000367e-04 1.551572099999999899e-01 9.880360000000001225e-03 4.290250000000000660e-03 2.034912100000000057e-01 9.840639999999999457e-03 5.256250000000001373e-03 2.247708099999999598e-01 2.576577599999999579e-01 9.486400000000000388e-02 3.553224999999998052e-02 6.400900000000001684e-04 1.216329875000000000e+06 1.333691375000000000e+06
1.000000000000000000e+00 2.970000000000000070e-02 3.540000000000000091e-02 -4.768000000000000016e-01 2.501999999999999780e-01 4.030000000000000249e-01 -3.640000000000000180e-02 9.100000000000000450e-03 -3.584999999999999853e-01 -3.774000000000000132e-01 3.156999999999999806e-01 -4.809999999999997611e-02 6.279999999999999472e-02 8.820900000000000876e-04 1.253160000000000125e-03 2.273382399999999970e-01 6.260003999999999569e-02 1.624090000000000256e-01 1.324960000000000027e-03 8.281000000000000166e-05 1.285222499999999768e-01 1.424307600000000174e-01 9.966648999999998260e-02 2.313609999999997630e-03 3.943839999999999672e-03 1.216976875000000000e+06 1.333496000000000000e+06
1.000000000000000000e+00 3.490000000000000047e-02 -1.411000000000000032e-01 -3.713000000000000189e-01 1.511000000000000121e-01 1.976999999999999869e-01 -7.180000000000000271e-02 5.199999999999999761e-03 -1.764999999999999902e-01 1.054999999999999827e-01 -9.909999999999996589e-02 -2.053000000000000380e-01 -3.540000000000000091e-02 1.218010000000000056e-03 1.990921000000000010e-02 1.378636900000000109e-01 2.283121000000000456e-02 3.908528999999999476e-02 5.155240000000000170e-03 2.703999999999999861e-05 3.115224999999999592e-02 1.113024999999999605e-02 9.820809999999994058e-03 4.214809000000001304e-02 1.253160000000000125e-03 1.216313125000000000e+06 1.331510875000000000e+06
1.000000000000000000e+00 2.040000000000000147e-02 4.549999999999999878e-02 -2.990999999999999770e-01 4.700000000000000011e-02 2.260999999999999954e-01 -3.570000000000000256e-02 -1.449999999999999900e-02 1.865999999999999881e-01 7.220000000000004192e-02 -1.041000000000000120e-01 2.840000000000000857e-02 3.610000000000000014e-02 4.161600000000000542e-04 2.070250000000000042e-03 8.946080999999998784e-02 2.209000000000000026e-03 5.112121000000000026e-02 1.274490000000000085e-03 2.102499999999999606e-04 3.481955999999999246e-02 5.212840000000005906e-03 1.083681000000000227e-02 8.065600000000004363e-04 1.303209999999999959e-03 1.216906500000000000e+06 1.331254000000000000e+06
1.000000000000000000e+00 2.009999999999999981e-02 -8.709999999999999687e-02 -3.370000000000000218e-01 5.500000000000000028e-02 2.124999999999999944e-01 -4.299999999999999656e-02 -3.000000000000016542e-04 -1.325999999999999956e-01 -3.790000000000004476e-02 8.000000000000000167e-03 -1.360000000000000098e-02 -7.299999999999993994e-03 4.040100000000000028e-04 7.586409999999999161e-03 1.135690000000000172e-01 3.024999999999999911e-03 4.515624999999999500e-02 1.848999999999999732e-03 9.000000000000099119e-08 1.758275999999999936e-02 1.436410000000003413e-03 6.399999999999999710e-05 1.849600000000000181e-04 5.328999999999991160e-05 1.218379000000000000e+06 1.334281500000000000e+06
1.000000000000000000e+00 8.500000000000000611e-03 -2.680000000000000090e-02 -2.000000000000000111e-01 6.700000000000000400e-02 5.500000000000000028e-02 -1.569999999999999868e-02 -1.159999999999999920e-02 6.029999999999999249e-02 1.370000000000000107e-01 1.200000000000000372e-02 -1.575000000000000011e-01 2.729999999999999788e-02 7.225000000000000790e-05 7.182400000000000893e-04 4.000000000000000777e-02 4.489000000000000802e-03 3.024999999999999911e-03 2.464899999999999795e-04 1.345599999999999856e-04 3.636089999999998941e-03 1.876900000000000443e-02 1.440000000000000850e-04 2.480625000000000191e-02 7.452899999999999065e-04 1.219897125000000000e+06 1.336356125000000000e+06
1.000000000000000000e+00 7.799999999999999642e-03 1.006999999999999978e-01 -3.256999999999999895e-01 6.880000000000000004e-02 1.254000000000000115e-01 8.800000000000000530e-03 -7.000000000000009687e-04 1.275000000000000022e-01 -1.256999999999999784e-01 1.799999999999996048e-03 7.040000000000001812e-02 2.450000000000000094e-02 6.083999999999999348e-05 1.014049000000000027e-02 1.060804899999999995e-01 4.733440000000000217e-03 1.572516000000000191e-02 7.744000000000000395e-05 4.900000000000013437e-07 1.625624999999999987e-02 1.580048999999999343e-02 3.239999999999985920e-06 4.956160000000002855e-03 6.002500000000000890e-04 1.221251750000000000e+06 1.337050250000000000e+06
1.000000000000000000e+00 1.580000000000000154e-02 -9.969999999999999696e-02 -3.361999999999999988e-01 9.210000000000000131e-02 8.400000000000000522e-02 -1.299999999999999940e-03 8.000000000000001901e-03 -2.003999999999999948e-01 -1.050000000000000933e-02 2.330000000000000127e-02 -4.140000000000000624e-02 -1.010000000000000134e-02 2.496400000000000290e-04 9.940089999999998649e-03 1.130304399999999959e-01 8.482410000000000991e-03 7.056000000000000640e-03 1.689999999999999913e-06 6.400000000000002421e-05 4.016016000000000030e-02 1.102500000000001997e-04 5.428900000000000826e-04 1.713960000000000483e-03 1.020100000000000211e-04 1.221401125000000000e+06 1.339401125000000000e+06
1.000000000000000000e+00 2.570000000000000062e-02 1.675000000000000100e-01 -1.877000000000000057e-01 1.310999999999999943e-01 5.800000000000000294e-02 -1.099999999999999936e-02 9.899999999999999079e-03 2.671999999999999931e-01 1.484999999999999931e-01 3.899999999999999301e-02 -2.600000000000000228e-02 -9.700000000000000289e-03 6.604900000000000137e-04 2.805625000000000480e-02 3.523129000000000538e-02 1.718720999999999791e-02 3.364000000000000237e-03 1.209999999999999867e-04 9.800999999999997811e-05 7.139584000000000208e-02 2.205224999999999894e-02 1.520999999999999349e-03 6.760000000000001685e-04 9.409000000000000208e-05 1.220731250000000000e+06 1.340164500000000000e+06
1.000000000000000000e+00 3.200000000000000067e-02 1.701000000000000012e-01 -3.463999999999999857e-01 1.032000000000000001e-01 7.449999999999999678e-02 -2.200000000000000133e-03 6.300000000000000044e-03 2.599999999999991207e-03 -1.586999999999999800e-01 -2.789999999999999425e-02 1.649999999999999384e-02 8.799999999999998795e-03 1.023999999999999954e-03 2.893400999999999959e-02 1.199929599999999957e-01 1.065024000000000005e-02 5.550249999999999628e-03 4.840000000000000247e-06 3.969000000000000116e-05 6.759999999999953912e-06 2.518568999999999322e-02 7.784099999999996708e-04 2.722499999999998142e-04 7.743999999999997684e-05 1.220745125000000000e+06 1.339844500000000000e+06
1.000000000000000000e+00 2.939999999999999905e-02 -7.960000000000000409e-02 -3.417999999999999927e-01 1.111000000000000043e-01 5.500000000000000028e-02 -1.400000000000000029e-02 -2.600000000000001615e-03 -2.497000000000000053e-01 4.599999999999992983e-03 7.900000000000004241e-03 -1.949999999999999650e-02 -1.179999999999999973e-02 8.643599999999999981e-04 6.336160000000000403e-03 1.168272399999999989e-01 1.234321000000000029e-02 3.024999999999999911e-03 1.960000000000000208e-04 6.760000000000008122e-06 6.235009000000000384e-02 2.115999999999993632e-05 6.241000000000006146e-05 3.802499999999998373e-04 1.392400000000000018e-04 1.220933250000000000e+06 1.338399375000000000e+06
1.000000000000000000e+00 5.020000000000000157e-02 1.584000000000000130e-01 -1.168000000000000010e-01 7.430000000000000493e-02 5.009999999999999870e-02 -5.990000000000000185e-02 2.080000000000000251e-02 2.380000000000000171e-01 2.249999999999999778e-01 -3.679999999999999938e-02 -4.900000000000001577e-03 -4.590000000000000330e-02 2.520040000000000301e-03 2.509056000000000480e-02 1.364223999999999992e-02 5.520490000000001160e-03 2.510010000000000019e-03 3.588010000000000418e-03 4.326400000000000861e-04 5.664400000000000684e-02 5.062499999999998945e-02 1.354240000000000044e-03 2.401000000000001576e-05 2.106810000000000193e-03 1.220833625000000000e+06 1.336832625000000000e+06
1.000000000000000000e+00 1.009000000000000036e-01 8.110000000000000542e-02 4.769999999999999934e-02 1.592000000000000082e-01 -1.602999999999999980e-01 1.100000000000000066e-03 5.070000000000000201e-02 -7.730000000000000759e-02 1.645000000000000073e-01 8.490000000000000324e-02 -2.104000000000000037e-01 6.099999999999999867e-02 1.018081000000000021e-02 6.577210000000000868e-03 2.275290000000000125e-03 2.534464000000000161e-02 2.569608999999999782e-02 1.210000000000000062e-06 2.570490000000000361e-03 5.975290000000001156e-03 2.706025000000000097e-02 7.208010000000000805e-03 4.426816000000000084e-02 3.720999999999999915e-03 1.221492625000000000e+06 1.336686500000000000e+06
1.000000000000000000e+00 -1.043000000000000038e-01 -3.189999999999999780e-02 -2.139999999999999958e-01 8.759999999999999731e-02 -1.592999999999999972e-01 2.069999999999999965e-02 -2.051999999999999935e-01 -1.130000000000000032e-01 -2.616999999999999882e-01 -7.160000000000001086e-02 1.000000000000000888e-03 1.959999999999999937e-02 1.087849000000000108e-02 1.017609999999999956e-03 4.579599999999999643e-02 7.673759999999999956e-03 2.537648999999999808e-02 4.284900000000000124e-04 4.210703999999999836e-02 1.276900000000000084e-02 6.848688999999999472e-02 5.126560000000001359e-03 1.000000000000001861e-06 3.841599999999999811e-04 1.223560625000000000e+06 1.338801500000000000e+06
1.000000000000000000e+00 -4.399999999999999745e-02 1.534000000000000086e-01 -4.708999999999999853e-01 -2.259999999999999856e-02 1.408999999999999975e-01 -2.719999999999999848e-02 6.030000000000000637e-02 1.853000000000000203e-01 -2.569000000000000172e-01 -1.101999999999999924e-01 3.002000000000000224e-01 -4.789999999999999813e-02 1.935999999999999787e-03 2.353156000000000345e-02 2.217468099999999886e-01 5.107599999999999684e-04 1.985280999999999851e-02 7.398399999999999638e-04 3.636090000000000676e-03 3.433609000000000661e-02 6.599761000000001210e-02 1.214403999999999831e-02 9.012004000000001236e-02 2.294409999999999766e-03 1.222065250000000000e+06 1.337069000000000000e+06
1.000000000000000000e+00 7.399999999999999634e-02 3.910000000000000281e-02 -2.134000000000000064e-01 3.000000000000000062e-03 9.669999999999999429e-02 5.879999999999999810e-02 1.179999999999999938e-01 -1.143000000000000127e-01 2.574999999999999512e-01 2.559999999999999776e-02 -4.420000000000000318e-02 8.599999999999999312e-02 5.475999999999999097e-03 1.528810000000000238e-03 4.553955999999999976e-02 9.000000000000000228e-06 9.350889999999998856e-03 3.457439999999999992e-03 1.392399999999999888e-02 1.306449000000000325e-02 6.630624999999996938e-02 6.553599999999999053e-04 1.953640000000000411e-03 7.395999999999998929e-03 1.221292000000000000e+06 1.336000250000000000e+06
1.000000000000000000e+00 -5.999999999999999778e-02 1.088999999999999968e-01 -1.605000000000000038e-01 3.700000000000000164e-03 8.089999999999999969e-02 -2.630000000000000046e-02 -1.340000000000000080e-01 6.980000000000000093e-02 5.290000000000000258e-02 7.000000000000001013e-04 -1.579999999999999460e-02 -8.509999999999999509e-02 3.599999999999999901e-03 1.185920999999999850e-02 2.576025000000000190e-02 1.369000000000000106e-05 6.544809999999999864e-03 6.916900000000000132e-04 1.795600000000000321e-02 4.872040000000000225e-03 2.798410000000000307e-03 4.900000000000001790e-07 2.496399999999998121e-04 7.242009999999999247e-03 1.220983750000000000e+06 1.339689875000000000e+06
1.000000000000000000e+00 -8.999999999999999754e-04 2.305000000000000104e-01 -3.402000000000000024e-01 -8.699999999999999400e-03 1.663000000000000034e-01 2.120000000000000009e-02 5.909999999999999976e-02 1.216000000000000136e-01 -1.796999999999999986e-01 -1.239999999999999956e-02 8.540000000000000369e-02 4.750000000000000056e-02 8.099999999999999739e-07 5.313025000000000386e-02 1.157360399999999984e-01 7.568999999999998852e-05 2.765569000000000013e-02 4.494400000000000066e-04 3.492809999999999838e-03 1.478656000000000414e-02 3.229209000000000246e-02 1.537599999999999915e-04 7.293160000000000788e-03 2.256250000000000009e-03 1.220886625000000000e+06 1.339224000000000000e+06
1.000000000000000000e+00 2.980000000000000010e-02 2.570000000000000062e-02 -1.419999999999999873e-01 -9.799999999999999684e-03 1.179999999999999938e-01 -1.930000000000000118e-02 3.070000000000000159e-02 -2.048000000000000098e-01 1.982000000000000151e-01 -1.100000000000000283e-03 -4.830000000000000959e-02 -4.050000000000000128e-02 8.880399999999999882e-04 6.604900000000000137e-04 2.016399999999999790e-02 9.603999999999999527e-05 1.392399999999999888e-02 3.724900000000000606e-04 9.424900000000001462e-04 4.194304000000000088e-02 3.928324000000000399e-02 1.210000000000000697e-06 2.332890000000001091e-03 1.640249999999999998e-03 1.221054625000000000e+06 1.340167625000000000e+06
1.000000000000000000e+00 -2.110000000000000070e-02 4.469999999999999668e-02 -1.140000000000000041e-01 -3.009999999999999828e-02 1.020999999999999963e-01 3.169999999999999901e-02 -5.090000000000000080e-02 1.899999999999999606e-02 2.799999999999998324e-02 -2.029999999999999860e-02 -1.589999999999999747e-02 5.100000000000000366e-02 4.452100000000000285e-04 1.998089999999999675e-03 1.299600000000000061e-02 9.060099999999998450e-04 1.042440999999999854e-02 1.004890000000000037e-03 2.590810000000000248e-03 3.609999999999998301e-04 7.839999999999991073e-04 4.120899999999999390e-04 2.528099999999999055e-04 2.601000000000000447e-03 1.221217250000000000e+06 1.338959250000000000e+06
1.000000000000000000e+00 7.199999999999999803e-03 2.809999999999999998e-02 -1.695000000000000118e-01 -2.779999999999999832e-02 1.948000000000000009e-01 -2.929999999999999966e-02 2.829999999999999877e-02 -1.659999999999999670e-02 -5.550000000000000766e-02 2.299999999999999961e-03 9.270000000000000462e-02 -6.099999999999999867e-02 5.183999999999999833e-05 7.896100000000000514e-04 2.873025000000000231e-02 7.728399999999998986e-04 3.794704000000000133e-02 8.584899999999999476e-04 8.008899999999999570e-04 2.755599999999998892e-04 3.080250000000000956e-03 5.290000000000000174e-06 8.593290000000001691e-03 3.720999999999999915e-03 1.222875375000000000e+06 1.339637500000000000e+06
1.000000000000000000e+00 -1.050000000000000065e-02 -3.810000000000000192e-02 -1.603999999999999870e-01 5.739999999999999963e-02 4.680000000000000132e-02 1.930000000000000118e-02 -1.770000000000000046e-02 -6.620000000000000884e-02 9.100000000000024736e-03 8.519999999999999796e-02 -1.479999999999999927e-01 4.860000000000000431e-02 1.102500000000000100e-04 1.451610000000000096e-03 2.572815999999999645e-02 3.294759999999999876e-03 2.190239999999999982e-03 3.724900000000000606e-04 3.132900000000000311e-04 4.382440000000001334e-03 8.281000000000044890e-05 7.259039999999999590e-03 2.190399999999999639e-02 2.361960000000000622e-03 1.221617500000000000e+06 1.339412000000000000e+06
1.000000000000000000e+00 -7.700000000000000247e-03 5.449999999999999983e-02 -1.396000000000000019e-01 6.600000000000000311e-02 5.140000000000000124e-02 1.799999999999999951e-03 2.800000000000000405e-03 9.260000000000000175e-02 2.079999999999998517e-02 8.600000000000003475e-03 4.599999999999999922e-03 -1.750000000000000167e-02 5.929000000000000324e-05 2.970249999999999800e-03 1.948816000000000090e-02 4.356000000000000497e-03 2.641960000000000055e-03 3.239999999999999896e-06 7.840000000000002864e-06 8.574760000000000715e-03 4.326399999999993814e-04 7.396000000000005760e-05 2.116000000000000069e-05 3.062500000000000443e-04 1.220642500000000000e+06 1.337348125000000000e+06
1.000000000000000000e+00 -1.949999999999999997e-02 3.699999999999999817e-02 -1.564000000000000112e-01 4.390000000000000152e-02 1.721000000000000030e-01 1.329999999999999932e-02 -1.179999999999999973e-02 -1.750000000000000167e-02 -1.680000000000000937e-02 -2.210000000000000159e-02 1.207000000000000017e-01 1.149999999999999981e-02 3.802499999999999999e-04 1.368999999999999774e-03 2.446096000000000381e-02 1.927210000000000164e-03 2.961841000000000126e-02 1.768899999999999954e-04 1.392400000000000018e-04 3.062500000000000443e-04 2.822400000000003335e-04 4.884100000000001027e-04 1.456848999999999991e-02 1.322499999999999891e-04 1.222470750000000000e+06 1.338245125000000000e+06
1.000000000000000000e+00 -2.939999999999999905e-02 6.230000000000000121e-02 -1.345000000000000084e-01 3.490000000000000047e-02 4.739999999999999769e-02 7.700000000000000247e-03 -9.899999999999999079e-03 2.530000000000000304e-02 2.190000000000000280e-02 -9.000000000000001055e-03 -1.247000000000000053e-01 -5.599999999999999076e-03 8.643599999999999981e-04 3.881290000000000347e-03 1.809025000000000216e-02 1.218010000000000056e-03 2.246759999999999990e-03 5.929000000000000324e-05 9.800999999999997811e-05 6.400900000000001684e-04 4.796100000000001057e-04 8.100000000000001730e-05 1.555009000000000079e-02 3.135999999999999113e-05 1.220843750000000000e+06 1.336193375000000000e+06
1.000000000000000000e+00 -4.250000000000000305e-02 1.474000000000000032e-01 -9.750000000000000333e-02 3.200000000000000067e-02 1.219999999999999973e-01 -1.020000000000000073e-02 -1.310000000000000400e-02 8.510000000000000897e-02 3.700000000000000511e-02 -2.899999999999999800e-03 7.459999999999999964e-02 -1.789999999999999925e-02 1.806250000000000347e-03 2.172676000000000121e-02 9.506250000000000810e-03 1.023999999999999954e-03 1.488399999999999966e-02 1.040400000000000135e-04 1.716100000000001001e-04 7.242010000000001849e-03 1.369000000000000425e-03 8.409999999999999101e-06 5.565159999999999552e-03 3.204099999999999765e-04 1.220951500000000000e+06 1.337405375000000000e+06
1.000000000000000000e+00 -6.750000000000000444e-02 -6.539999999999999980e-02 7.689999999999999614e-02 -1.000000000000000021e-03 -7.099999999999999367e-02 1.152999999999999997e-01 -2.500000000000000139e-02 -2.127999999999999892e-01 1.743999999999999995e-01 -3.300000000000000155e-02 -1.930000000000000049e-01 1.255000000000000004e-01 4.556250000000000404e-03 4.277160000000000337e-03 5.913609999999999700e-03 9.999999999999999547e-07 5.040999999999999474e-03 1.329408999999999973e-02 6.250000000000001214e-04 4.528383999999999882e-02 3.041535999999999892e-02 1.089000000000000124e-03 3.724900000000000433e-02 1.575025000000000036e-02 1.220464000000000000e+06 1.336492125000000000e+06
1.000000000000000000e+00 -6.819999999999999674e-02 6.679999999999999827e-02 3.839999999999999664e-02 1.129999999999999928e-02 1.164000000000000035e-01 8.029999999999999638e-02 -6.999999999999922951e-04 1.321999999999999842e-01 -3.849999999999999950e-02 1.229999999999999843e-02 1.874000000000000110e-01 -3.500000000000000333e-02 4.651239999999999195e-03 4.462240000000000130e-03 1.474559999999999760e-03 1.276899999999999921e-04 1.354896000000000052e-02 6.448089999999999204e-03 4.899999999999891676e-07 1.747683999999999696e-02 1.482250000000000061e-03 1.512899999999999694e-04 3.511876000000000581e-02 1.225000000000000177e-03 1.221251875000000000e+06 1.337973375000000000e+06
1.000000000000000000e+00 3.429999999999999716e-02 2.601999999999999869e-01 -1.544999999999999984e-01 -1.660000000000000017e-02 1.781999999999999973e-01 5.759999999999999842e-02 1.024999999999999939e-01 1.933999999999999886e-01 -1.928999999999999881e-01 -2.790000000000000119e-02 6.179999999999999383e-02 -2.269999999999999796e-02 1.176489999999999871e-03 6.770403999999999312e-02 2.387024999999999911e-02 2.755599999999999977e-04 3.175523999999999708e-02 3.317759999999999893e-03 1.050624999999999823e-02 3.740355999999999542e-02 3.721040999999999238e-02 7.784100000000001044e-04 3.819239999999999354e-03 5.152899999999999538e-04 1.221291250000000000e+06 1.341257000000000000e+06
1.000000000000000000e+00 5.559999999999999665e-02 9.120000000000000329e-02 -1.932999999999999996e-01 1.450000000000000074e-02 2.089999999999999844e-02 9.299999999999999239e-03 2.129999999999999949e-02 -1.689999999999999836e-01 -3.880000000000000115e-02 3.110000000000000264e-02 -1.572999999999999954e-01 -4.829999999999999571e-02 3.091359999999999594e-03 8.317440000000000597e-03 3.736488999999999783e-02 2.102500000000000148e-04 4.368099999999999327e-04 8.648999999999997998e-05 4.536899999999999744e-04 2.856099999999999611e-02 1.505440000000000033e-03 9.672100000000001399e-04 2.474328999999999765e-02 2.332889999999999790e-03 1.222906000000000000e+06 1.344094750000000000e+06
1.000000000000000000e+00 5.179999999999999882e-02 5.050000000000000322e-02 -2.277000000000000135e-01 7.140000000000000513e-02 2.427999999999999881e-01 6.899999999999999883e-03 -3.799999999999997824e-03 -4.070000000000000007e-02 -3.440000000000001390e-02 5.690000000000000613e-02 2.218999999999999861e-01 -2.399999999999999356e-03 2.683239999999999931e-03 2.550250000000000433e-03 5.184729000000000421e-02 5.097960000000000338e-03 5.895183999999999147e-02 4.760999999999999987e-05 1.443999999999998372e-05 1.656490000000000046e-03 1.183360000000000922e-03 3.237610000000000574e-03 4.923960999999999616e-02 5.759999999999996521e-06 1.224172375000000000e+06 1.346279000000000000e+06
1.000000000000000000e+00 -1.400000000000000029e-02 -6.940000000000000335e-02 -9.429999999999999494e-02 7.799999999999999642e-03 7.539999999999999480e-02 2.589999999999999941e-02 -6.579999999999999738e-02 -1.199000000000000066e-01 1.334000000000000186e-01 -6.360000000000000375e-02 -1.673999999999999932e-01 1.899999999999999953e-02 1.960000000000000208e-04 4.816360000000000433e-03 8.892489999999999423e-03 6.083999999999999348e-05 5.685159999999998999e-03 6.708099999999999827e-04 4.329640000000000051e-03 1.437601000000000157e-02 1.779556000000000540e-02 4.044960000000000222e-03 2.802275999999999725e-02 3.609999999999999928e-04 1.223507625000000000e+06 1.342754000000000000e+06
1.000000000000000000e+00 -9.799999999999999684e-03 -6.799999999999999621e-03 -1.275999999999999912e-01 1.140999999999999931e-01 -5.630000000000000282e-02 2.400000000000000050e-02 4.200000000000000608e-03 6.260000000000000286e-02 -3.329999999999999627e-02 1.062999999999999917e-01 -1.316999999999999837e-01 -1.899999999999998912e-03 9.603999999999999527e-05 4.623999999999999774e-05 1.628175999999999929e-02 1.301880999999999872e-02 3.169690000000000181e-03 5.760000000000000146e-04 1.764000000000000390e-05 3.918760000000000299e-03 1.108889999999999746e-03 1.129968999999999765e-02 1.734488999999999476e-02 3.609999999999995930e-06 1.221365125000000000e+06 1.338974500000000000e+06
1.000000000000000000e+00 -2.309999999999999901e-02 1.072000000000000036e-01 -1.151999999999999968e-01 3.559999999999999970e-02 -7.400000000000000328e-03 1.015000000000000069e-01 -1.329999999999999932e-02 1.140000000000000041e-01 1.239999999999999436e-02 -7.849999999999998646e-02 4.889999999999999902e-02 7.750000000000001332e-02 5.336099999999999004e-04 1.149184000000000143e-02 1.327103999999999957e-02 1.267359999999999928e-03 5.476000000000000426e-05 1.030225000000000064e-02 1.768899999999999954e-04 1.299600000000000061e-02 1.537599999999998560e-04 6.162249999999997591e-03 2.391209999999999950e-03 6.006250000000002039e-03 1.219774125000000000e+06 1.336074500000000000e+06
1.000000000000000000e+00 -1.190000000000000085e-02 1.176999999999999991e-01 -1.895999999999999908e-01 5.460000000000000270e-02 3.889999999999999708e-02 2.489999999999999852e-02 1.119999999999999815e-02 1.049999999999999545e-02 -7.439999999999999392e-02 1.900000000000000300e-02 4.629999999999999394e-02 -7.660000000000000142e-02 1.416100000000000214e-04 1.385328999999999901e-02 3.594815999999999984e-02 2.981160000000000494e-03 1.513209999999999859e-03 6.200099999999999405e-04 1.254399999999999645e-04 1.102499999999999016e-04 5.535359999999998719e-03 3.610000000000001012e-04 2.143689999999999311e-03 5.867559999999999963e-03 1.217402250000000000e+06 1.337618125000000000e+06
1.000000000000000000e+00 2.019999999999999921e-02 3.069999999999999951e-01 -2.932000000000000162e-01 1.930000000000000118e-02 2.295999999999999985e-01 -3.610000000000000014e-02 3.210000000000000353e-02 1.892999999999999960e-01 -1.036000000000000254e-01 -3.529999999999999805e-02 1.907000000000000084e-01 -6.099999999999999867e-02 4.080399999999999761e-04 9.424899999999999944e-02 8.596624000000001320e-02 3.724900000000000606e-04 5.271615999999999802e-02 1.303209999999999959e-03 1.030410000000000267e-03 3.583448999999999662e-02 1.073296000000000493e-02 1.246089999999999828e-03 3.636649000000000131e-02 3.720999999999999915e-03 1.220053625000000000e+06 1.340287250000000000e+06
1.000000000000000000e+00 -1.700000000000000122e-02 4.510000000000000120e-02 -5.260000000000000092e-02 9.799999999999999684e-03 6.980000000000000093e-02 5.430000000000000104e-02 -3.719999999999999696e-02 -2.619000000000000217e-01 2.406000000000000083e-01 -9.500000000000001499e-03 -1.597999999999999976e-01 9.040000000000000813e-02 2.890000000000000316e-04 2.034010000000000158e-03 2.766760000000000053e-03 9.603999999999999527e-05 4.872040000000000225e-03 2.948490000000000225e-03 1.383839999999999680e-03 6.859161000000001118e-02 5.788836000000000676e-02 9.025000000000002530e-05 2.553603999999999943e-02 8.172160000000001229e-03 1.220547375000000000e+06 1.342656125000000000e+06
1.000000000000000000e+00 -1.340000000000000045e-02 -1.015000000000000069e-01 -1.170000000000000068e-01 3.640000000000000180e-02 -3.670000000000000345e-02 3.289999999999999869e-02 3.600000000000000769e-03 -1.466000000000000081e-01 -6.440000000000001279e-02 2.660000000000000211e-02 -1.065000000000000113e-01 -2.140000000000000235e-02 1.795600000000000223e-04 1.030225000000000064e-02 1.368900000000000151e-02 1.324960000000000027e-03 1.346890000000000327e-03 1.082410000000000013e-03 1.296000000000000636e-05 2.149156000000000330e-02 4.147360000000001844e-03 7.075600000000000899e-04 1.134225000000000164e-02 4.579600000000000944e-04 1.221754000000000000e+06 1.341403000000000000e+06
1.000000000000000000e+00 -3.150000000000000022e-02 -2.110000000000000070e-02 -9.919999999999999651e-02 -5.100000000000000366e-03 3.180000000000000188e-02 1.203000000000000042e-01 -1.809999999999999803e-02 8.039999999999999925e-02 1.780000000000001026e-02 -4.150000000000000216e-02 6.850000000000000533e-02 8.740000000000000546e-02 9.922500000000000764e-04 4.452100000000000285e-04 9.840639999999999457e-03 2.601000000000000339e-05 1.011240000000000056e-03 1.447209000000000169e-02 3.276099999999999347e-04 6.464160000000000045e-03 3.168400000000003614e-04 1.722250000000000256e-03 4.692250000000001108e-03 7.638760000000001382e-03 1.221455750000000000e+06 1.339098625000000000e+06
1.000000000000000000e+00 -9.700000000000000289e-03 9.819999999999999563e-02 -2.487999999999999934e-01 3.420000000000000123e-02 2.335000000000000131e-01 6.660000000000000642e-02 2.179999999999999993e-02 1.192999999999999894e-01 -1.496000000000000107e-01 3.930000000000000160e-02 2.017000000000000182e-01 -5.369999999999999774e-02 9.409000000000000208e-05 9.643239999999999104e-03 6.190143999999999508e-02 1.169640000000000003e-03 5.452225000000000821e-02 4.435560000000000717e-03 4.752399999999999832e-04 1.423248999999999695e-02 2.238016000000000311e-02 1.544490000000000142e-03 4.068289000000000627e-02 2.883689999999999951e-03 1.220056750000000000e+06 1.339473750000000000e+06
1.000000000000000000e+00 1.260000000000000009e-02 5.840000000000000052e-02 -2.487000000000000044e-01 5.229999999999999927e-02 -5.630000000000000282e-02 7.019999999999999851e-02 2.230000000000000038e-02 -3.979999999999999510e-02 9.999999999998898659e-05 1.809999999999999803e-02 -2.898000000000000020e-01 3.599999999999992095e-03 1.587600000000000046e-04 3.410559999999999981e-03 6.185169000000000084e-02 2.735290000000000030e-03 3.169690000000000181e-03 4.928039999999999851e-03 4.972900000000000584e-04 1.584039999999999667e-03 9.999999999997796600e-09 3.276099999999999347e-04 8.398403999999999592e-02 1.295999999999994368e-05 1.217981625000000000e+06 1.336504125000000000e+06
1.000000000000000000e+00 -1.779999999999999985e-02 1.665000000000000091e-01 -3.719999999999999696e-02 6.160000000000000198e-02 -1.398000000000000076e-01 5.249999999999999806e-02 -3.039999999999999994e-02 1.081000000000000016e-01 2.115000000000000213e-01 9.300000000000002709e-03 -8.350000000000000477e-02 -1.770000000000000046e-02 3.168399999999999819e-04 2.772225000000000383e-02 1.383839999999999680e-03 3.794560000000000207e-03 1.954404000000000211e-02 2.756249999999999586e-03 9.241600000000000422e-04 1.168561000000000079e-02 4.473225000000000812e-02 8.649000000000004774e-05 6.972250000000001016e-03 3.132900000000000311e-04 1.218820875000000000e+06 1.339421875000000000e+06
1.000000000000000000e+00 6.700000000000000226e-03 1.882999999999999952e-01 1.277000000000000079e-01 3.880000000000000115e-02 2.529999999999999957e-02 5.820000000000000173e-02 2.450000000000000094e-02 2.179999999999998606e-02 1.648999999999999910e-01 -2.280000000000000082e-02 1.650999999999999968e-01 5.700000000000003675e-03 4.489000000000000558e-05 3.545688999999999785e-02 1.630729000000000206e-02 1.505440000000000033e-03 6.400899999999999515e-04 3.387240000000000129e-03 6.002500000000000890e-04 4.752399999999993869e-04 2.719200999999999563e-02 5.198400000000000373e-04 2.725800999999999918e-02 3.249000000000004299e-05 1.218571000000000000e+06 1.340070875000000000e+06
1.000000000000000000e+00 -3.289999999999999869e-02 1.655999999999999972e-01 -5.000000000000000104e-04 3.830000000000000071e-02 -1.210999999999999993e-01 9.020000000000000240e-02 -3.959999999999999631e-02 -2.269999999999999796e-02 -1.282000000000000084e-01 -5.000000000000004441e-04 -1.464000000000000024e-01 3.200000000000000067e-02 1.082410000000000013e-03 2.742336000000000079e-02 2.499999999999999887e-07 1.466889999999999991e-03 1.466520999999999970e-02 8.136040000000000633e-03 1.568159999999999650e-03 5.152899999999999538e-04 1.643524000000000374e-02 2.500000000000004651e-07 2.143296000000000090e-02 1.023999999999999954e-03 1.221388500000000000e+06 1.343915000000000000e+06
1.000000000000000000e+00 1.940000000000000058e-02 3.710000000000000103e-02 -1.986999999999999877e-01 3.409999999999999837e-02 -6.499999999999999702e-03 4.819999999999999979e-02 5.229999999999999927e-02 -1.285000000000000031e-01 -1.981999999999999873e-01 -4.200000000000002343e-03 1.145999999999999935e-01 -4.200000000000000261e-02 3.763600000000000083e-04 1.376410000000000003e-03 3.948168999999999290e-02 1.162809999999999799e-03 4.224999999999999698e-05 2.323239999999999854e-03 2.735290000000000030e-03 1.651224999999999915e-02 3.928323999999999705e-02 1.764000000000002084e-05 1.313315999999999789e-02 1.764000000000000160e-03 1.220873000000000000e+06 1.342012625000000000e+06
1.000000000000000000e+00 1.170000000000000033e-02 3.769999999999999740e-02 -2.162000000000000033e-01 6.040000000000000230e-02 1.585999999999999910e-01 -1.710000000000000062e-02 -7.700000000000000247e-03 5.999999999999963696e-04 -1.750000000000001554e-02 2.630000000000000393e-02 1.650999999999999968e-01 -6.529999999999999694e-02 1.368899999999999989e-04 1.421289999999999750e-03 4.674244000000000315e-02 3.648160000000000118e-03 2.515395999999999604e-02 2.924100000000000006e-04 5.929000000000000324e-05 3.599999999999956533e-07 3.062500000000005322e-04 6.916900000000002300e-04 2.725800999999999918e-02 4.264089999999999894e-03 1.220151875000000000e+06 1.343577500000000000e+06
1.000000000000000000e+00 7.499999999999999722e-03 -2.239999999999999977e-02 -2.290000000000000091e-01 3.610000000000000014e-02 8.429999999999999993e-02 5.160000000000000003e-02 -4.200000000000000608e-03 -6.010000000000000064e-02 -1.280000000000000582e-02 -2.430000000000000215e-02 -7.429999999999999105e-02 6.869999999999999718e-02 5.624999999999999846e-05 5.017599999999999665e-04 5.244100000000000150e-02 1.303209999999999959e-03 7.106490000000000029e-03 2.662560000000000014e-03 1.764000000000000390e-05 3.612010000000000134e-03 1.638400000000001390e-04 5.904900000000001554e-04 5.520489999999998558e-03 4.719689999999999476e-03 1.218305375000000000e+06 1.340210125000000000e+06
1.000000000000000000e+00 1.439999999999999961e-02 -2.099999999999999870e-03 -1.335000000000000075e-01 8.060000000000000497e-02 -1.739999999999999880e-01 3.289999999999999869e-02 6.899999999999999883e-03 2.029999999999999860e-02 9.550000000000000155e-02 4.450000000000000483e-02 -2.582999999999999741e-01 -1.870000000000000134e-02 2.073599999999999933e-04 4.409999999999999282e-06 1.782225000000000129e-02 6.496360000000000502e-03 3.027599999999999736e-02 1.082410000000000013e-03 4.760999999999999987e-05 4.120899999999999390e-04 9.120249999999999885e-03 1.980250000000000239e-03 6.671888999999998904e-02 3.496900000000000485e-04 1.217213875000000000e+06 1.339261000000000000e+06
1.000000000000000000e+00 8.699999999999999400e-03 1.545999999999999874e-01 -6.230000000000000121e-02 5.279999999999999971e-02 -1.787999999999999867e-01 7.380000000000000449e-02 -5.700000000000000205e-03 1.566999999999999782e-01 7.120000000000001328e-02 -2.780000000000000526e-02 -4.799999999999998712e-03 4.090000000000000580e-02 7.568999999999998852e-05 2.390115999999999769e-02 3.881290000000000347e-03 2.787839999999999763e-03 3.196943999999999481e-02 5.446440000000000309e-03 3.249000000000000233e-05 2.455488999999999242e-02 5.069440000000002312e-03 7.728400000000003323e-04 2.303999999999998608e-05 1.672810000000000486e-03 1.215110250000000000e+06 1.336997500000000000e+06
1.000000000000000000e+00 8.000000000000000167e-03 1.166999999999999982e-01 -1.106000000000000039e-01 6.809999999999999387e-02 -5.499999999999999681e-03 -3.399999999999999811e-03 -6.999999999999992339e-04 -3.789999999999998925e-02 -4.830000000000000265e-02 1.529999999999999416e-02 1.732999999999999818e-01 -7.720000000000000473e-02 6.399999999999999710e-05 1.361888999999999982e-02 1.223236000000000115e-02 4.637609999999999476e-03 3.024999999999999667e-05 1.155999999999999943e-05 4.899999999999989084e-07 1.436409999999999293e-03 2.332890000000000224e-03 2.340899999999998136e-04 3.003288999999999265e-02 5.959840000000000970e-03 1.216011750000000000e+06 1.338050625000000000e+06
1.000000000000000000e+00 7.499999999999999722e-03 5.059999999999999915e-02 -9.160000000000000087e-02 5.340000000000000302e-02 -1.962000000000000133e-01 2.040000000000000147e-02 -5.000000000000004441e-04 -6.609999999999999210e-02 1.900000000000000300e-02 -1.469999999999999085e-02 -1.907000000000000084e-01 2.380000000000000171e-02 5.624999999999999846e-05 2.560359999999999806e-03 8.390560000000000032e-03 2.851560000000000379e-03 3.849444000000000476e-02 4.161600000000000542e-04 2.500000000000004651e-07 4.369209999999999240e-03 3.610000000000001012e-04 2.160899999999997285e-04 3.636649000000000131e-02 5.664400000000000858e-04 1.216123250000000000e+06 1.338942625000000000e+06
1.000000000000000000e+00 -6.899999999999999883e-03 2.666000000000000036e-01 -1.894000000000000128e-01 8.240000000000000102e-02 -3.379999999999999671e-02 1.660000000000000017e-02 -1.439999999999999961e-02 2.159999999999999976e-01 -9.780000000000001192e-02 2.899999999999999800e-02 1.624000000000000166e-01 -3.800000000000001293e-03 4.760999999999999987e-05 7.107555999999999596e-02 3.587236000000000591e-02 6.789760000000000587e-03 1.142439999999999775e-03 2.755599999999999977e-04 2.073599999999999933e-04 4.665599999999999609e-02 9.564840000000001535e-03 8.409999999999998423e-04 2.637376000000000650e-02 1.444000000000000913e-05 1.217769125000000000e+06 1.341038375000000000e+06
1.000000000000000000e+00 1.000000000000000021e-02 1.408000000000000085e-01 -3.185999999999999943e-01 3.309999999999999748e-02 2.452000000000000013e-01 3.910000000000000281e-02 1.689999999999999836e-02 -1.257999999999999952e-01 -1.291999999999999815e-01 -4.930000000000000354e-02 2.790000000000000258e-01 2.250000000000000264e-02 1.000000000000000048e-04 1.982464000000000101e-02 1.015059599999999923e-01 1.095609999999999900e-03 6.012304000000000259e-02 1.528810000000000238e-03 2.856099999999999438e-04 1.582563999999999846e-02 1.669263999999999470e-02 2.430490000000000428e-03 7.784100000000002129e-02 5.062500000000000810e-04 1.217974375000000000e+06 1.342783875000000000e+06
1.000000000000000000e+00 1.110000000000000049e-02 -8.899999999999999925e-03 -1.340000000000000080e-01 8.069999999999999396e-02 1.579000000000000126e-01 4.379999999999999866e-02 1.100000000000000283e-03 -1.496999999999999997e-01 1.845999999999999863e-01 4.759999999999999648e-02 -8.729999999999998872e-02 4.699999999999995848e-03 1.232100000000000079e-04 7.920999999999999547e-05 1.795600000000000321e-02 6.512489999999999252e-03 2.493241000000000554e-02 1.918439999999999989e-03 1.210000000000000697e-06 2.241009000000000057e-02 3.407715999999999523e-02 2.265759999999999476e-03 7.621289999999998448e-03 2.208999999999995960e-05 1.216742375000000000e+06 1.340095625000000000e+06
1.000000000000000000e+00 2.429999999999999868e-02 9.639999999999999958e-02 -1.145000000000000046e-01 7.180000000000000271e-02 8.840000000000000635e-02 7.159999999999999698e-02 1.319999999999999819e-02 1.053000000000000047e-01 1.950000000000000344e-02 -8.899999999999991251e-03 -6.950000000000000622e-02 2.779999999999999832e-02 5.904899999999999385e-04 9.292959999999999415e-03 1.311025000000000038e-02 5.155240000000000170e-03 7.814560000000001644e-03 5.126559999999999624e-03 1.742399999999999581e-04 1.108809000000000183e-02 3.802500000000001083e-04 7.920999999999984640e-05 4.830250000000001209e-03 7.728399999999998986e-04 1.213901250000000000e+06 1.335931625000000000e+06
1.000000000000000000e+00 3.000000000000000062e-03 1.039999999999999952e-01 -2.144999999999999962e-01 7.159999999999999698e-02 1.313000000000000000e-01 1.219999999999999973e-01 -2.129999999999999949e-02 7.599999999999995648e-03 -9.999999999999999167e-02 -2.000000000000057288e-04 4.289999999999999369e-02 5.040000000000000036e-02 9.000000000000000228e-06 1.081599999999999923e-02 4.601024999999999560e-02 5.126559999999999624e-03 1.723968999999999849e-02 1.488399999999999966e-02 4.536899999999999744e-04 5.775999999999993488e-05 9.999999999999998473e-03 4.000000000000229047e-08 1.840409999999999355e-03 2.540160000000000074e-03 1.216028750000000000e+06 1.338373625000000000e+06
1.000000000000000000e+00 6.180000000000000077e-02 5.750000000000000250e-02 -1.335000000000000075e-01 1.565000000000000002e-01 -1.584000000000000130e-01 1.480000000000000066e-02 5.879999999999999810e-02 -4.649999999999999273e-02 8.099999999999998868e-02 8.490000000000000324e-02 -2.897000000000000131e-01 -1.071999999999999897e-01 3.819240000000000222e-03 3.306250000000000161e-03 1.782225000000000129e-02 2.449225000000000013e-02 2.509056000000000480e-02 2.190400000000000170e-04 3.457439999999999992e-03 2.162249999999999242e-03 6.560999999999998257e-03 7.208010000000000805e-03 8.392609000000000874e-02 1.149183999999999796e-02 1.213474375000000000e+06 1.338295625000000000e+06
1.000000000000000000e+00 6.500000000000000222e-02 -1.152999999999999997e-01 -3.840000000000000080e-01 9.139999999999999514e-02 5.879999999999999810e-02 -9.310000000000000220e-02 3.200000000000001454e-03 -1.728000000000000091e-01 -2.505000000000000004e-01 -6.510000000000000508e-02 2.172000000000000042e-01 -1.078999999999999959e-01 4.225000000000000457e-03 1.329408999999999973e-02 1.474560000000000037e-01 8.353959999999998817e-03 3.457439999999999992e-03 8.667610000000000939e-03 1.024000000000000868e-05 2.985984000000000207e-02 6.275024999999999353e-02 4.238010000000000388e-03 4.717584000000000360e-02 1.164240999999999887e-02 1.219952500000000000e+06 1.343927000000000000e+06
1.000000000000000000e+00 -1.269999999999999948e-02 3.552000000000000157e-01 -7.895999999999999686e-01 -1.302999999999999992e-01 4.897000000000000242e-01 -9.070000000000000284e-02 -7.770000000000000517e-02 4.705000000000000293e-01 -4.055999999999999606e-01 -2.217000000000000082e-01 4.309000000000000052e-01 2.399999999999999356e-03 1.612899999999999957e-04 1.261670400000000081e-01 6.234681599999999380e-01 1.697809000000000124e-02 2.398060900000000273e-01 8.226490000000001232e-03 6.037290000000000711e-03 2.213702500000000184e-01 1.645113599999999676e-01 4.915089000000000263e-02 1.856748099999999957e-01 5.759999999999996521e-06 1.220885000000000000e+06 1.351021000000000000e+06
1.000000000000000000e+00 -6.610000000000000597e-02 1.497999999999999887e-01 -4.830999999999999739e-01 -1.295999999999999930e-01 2.546999999999999820e-01 4.400000000000000265e-03 -5.340000000000000302e-02 -2.054000000000000270e-01 3.064999999999999947e-01 7.000000000000061728e-04 -2.350000000000000422e-01 9.510000000000000397e-02 4.369210000000000975e-03 2.244003999999999791e-02 2.333856099999999656e-01 1.679615999999999748e-02 6.487208999999999337e-02 1.936000000000000099e-05 2.851560000000000379e-03 4.218916000000001026e-02 9.394224999999999104e-02 4.900000000000086493e-07 5.522500000000001713e-02 9.044009999999999896e-03 1.219057500000000000e+06 1.343042625000000000e+06
1.000000000000000000e+00 -7.359999999999999876e-02 -1.670999999999999985e-01 -3.980000000000000204e-01 -4.250000000000000305e-02 4.843999999999999972e-01 -3.670000000000000345e-02 -7.499999999999992784e-03 -3.168999999999999595e-01 8.509999999999995346e-02 8.709999999999998299e-02 2.297000000000000153e-01 -4.110000000000000459e-02 5.416960000000000178e-03 2.792240999999999820e-02 1.584040000000000170e-01 1.806250000000000347e-03 2.346433599999999953e-01 1.346890000000000327e-03 5.624999999999989004e-05 1.004256099999999707e-01 7.242009999999992308e-03 7.586409999999997426e-03 5.276209000000000454e-02 1.689210000000000451e-03 1.218126000000000000e+06 1.340208875000000000e+06
1.000000000000000000e+00 3.899999999999999821e-03 -3.910000000000000281e-02 -2.671999999999999931e-01 2.259999999999999856e-02 3.914000000000000257e-01 -8.099999999999999561e-03 7.749999999999999944e-02 1.280000000000000027e-01 1.308000000000000274e-01 6.510000000000000508e-02 -9.299999999999997158e-02 2.860000000000000389e-02 1.520999999999999837e-05 1.528810000000000238e-03 7.139584000000000208e-02 5.107599999999999684e-04 1.531939600000000179e-01 6.560999999999999016e-05 6.006250000000000304e-03 1.638399999999999926e-02 1.710864000000000829e-02 4.238010000000000388e-03 8.648999999999995233e-03 8.179600000000001713e-04 1.213808875000000000e+06 1.333467125000000000e+06
