1.000000000000000000e+00 -0.000000000000000000e+00 0.000000000000000000e+00 0.000000000000000000e+00 -0.000000000000000000e+00 -0.000000000000000000e+00 -0.000000000000000000e+00 0.000000000000000000e+00 0.000000000000000000e+00 0.000000000000000000e+00 0.000000000000000000e+00 0.000000000000000000e+00 0.000000000000000000e+00 0.000000000000000000e+00 0.000000000000000000e+00 0.000000000000000000e+00 0.000000000000000000e+00 0.000000000000000000e+00 0.000000000000000000e+00 0.000000000000000000e+00 0.000000000000000000e+00 0.000000000000000000e+00 0.000000000000000000e+00 0.000000000000000000e+00 0.000000000000000000e+00 1.142166500000000000e+06 1.174397625000000000e+06
1.000000000000000000e+00 3.099999999999999978e-02 9.410000000000000309e-02 7.989999999999999880e-02 8.999999999999999754e-04 -3.529999999999999805e-02 4.340000000000000108e-02 3.099999999999999978e-02 9.410000000000000309e-02 7.989999999999999880e-02 8.999999999999999754e-04 -3.529999999999999805e-02 4.340000000000000108e-02 9.609999999999999402e-04 8.854810000000001152e-03 6.384009999999999858e-03 8.099999999999999739e-07 1.246089999999999828e-03 1.883560000000000052e-03 9.609999999999999402e-04 8.854810000000001152e-03 6.384009999999999858e-03 8.099999999999999739e-07 1.246089999999999828e-03 1.883560000000000052e-03 1.141881625000000000e+06 1.174718500000000000e+06
1.000000000000000000e+00 3.849999999999999950e-02 1.044000000000000067e-01 1.217000000000000026e-01 -6.000000000000000125e-03 -3.400000000000000244e-02 4.469999999999999668e-02 7.499999999999999722e-03 1.030000000000000360e-02 4.180000000000000382e-02 -6.899999999999999883e-03 1.299999999999995604e-03 1.299999999999995604e-03 1.482250000000000061e-03 1.089936000000000203e-02 1.481089000000000017e-02 3.600000000000000091e-05 1.156000000000000126e-03 1.998089999999999675e-03 5.624999999999999846e-05 1.060900000000000769e-04 1.747240000000000381e-03 4.760999999999999987e-05 1.689999999999988478e-06 1.689999999999988478e-06 1.142174500000000000e+06 1.174691000000000000e+06
1.000000000000000000e+00 3.889999999999999708e-02 1.272000000000000075e-01 1.521000000000000130e-01 -1.549999999999999989e-02 -2.440000000000000155e-02 6.719999999999999585e-02 3.999999999999975797e-04 2.280000000000000082e-02 3.040000000000001035e-02 -9.499999999999999764e-03 9.600000000000000894e-03 2.249999999999999917e-02 1.513209999999999859e-03 1.617984000000000089e-02 2.313441000000000455e-02 2.402499999999999851e-04 5.953600000000000732e-04 4.515839999999999264e-03 1.599999999999980711e-07 5.198400000000000373e-04 9.241600000000005843e-04 9.024999999999999819e-05 9.216000000000001209e-05 5.062499999999999726e-04 1.141916375000000000e+06 1.173995625000000000e+06
1.000000000000000000e+00 5.539999999999999786e-02 1.073000000000000065e-01 1.365999999999999992e-01 -7.400000000000000328e-03 -2.939999999999999905e-02 7.359999999999999876e-02 1.650000000000000078e-02 -1.990000000000000102e-02 -1.550000000000001377e-02 8.099999999999999561e-03 -4.999999999999997502e-03 6.400000000000002909e-03 3.069159999999999597e-03 1.151329000000000068e-02 1.865955999999999865e-02 5.476000000000000426e-05 8.643599999999999981e-04 5.416960000000000178e-03 2.722500000000000310e-04 3.960100000000000252e-04 2.402500000000004187e-04 6.560999999999999016e-05 2.499999999999997409e-05 4.096000000000003474e-05 1.140858625000000000e+06 1.174526875000000000e+06
1.000000000000000000e+00 7.000000000000000666e-02 1.703999999999999959e-01 2.170999999999999874e-01 -1.409999999999999969e-02 -4.359999999999999987e-02 8.480000000000000038e-02 1.460000000000000880e-02 6.309999999999998943e-02 8.049999999999998823e-02 -6.699999999999999359e-03 -1.420000000000000082e-02 1.120000000000000162e-02 4.900000000000000709e-03 2.903615999999999836e-02 4.713240999999999264e-02 1.988100000000000023e-04 1.900959999999999933e-03 7.191040000000000106e-03 2.131600000000002698e-04 3.981609999999998276e-03 6.480249999999998164e-03 4.488999999999999203e-05 2.016400000000000278e-04 1.254400000000000458e-04 1.142634125000000000e+06 1.176116250000000000e+06
1.000000000000000000e+00 7.030000000000000138e-02 1.668999999999999928e-01 2.313999999999999946e-01 -1.870000000000000134e-02 -5.829999999999999766e-02 1.015000000000000069e-01 2.999999999999947153e-04 -3.500000000000003109e-03 1.430000000000000715e-02 -4.600000000000001657e-03 -1.469999999999999779e-02 1.670000000000000651e-02 4.942090000000000545e-03 2.785560999999999593e-02 5.354595999999999661e-02 3.496900000000000485e-04 3.398889999999999897e-03 1.030225000000000064e-02 8.999999999999683544e-08 1.225000000000002163e-05 2.044900000000002055e-04 2.116000000000001425e-05 2.160899999999999453e-04 2.788900000000002250e-04 1.141564125000000000e+06 1.175038125000000000e+06
1.000000000000000000e+00 8.480000000000000038e-02 1.448000000000000120e-01 2.515999999999999903e-01 -1.600000000000000077e-03 -7.430000000000000493e-02 1.213000000000000050e-01 1.449999999999999900e-02 -2.209999999999998077e-02 2.019999999999999574e-02 1.710000000000000062e-02 -1.600000000000000727e-02 1.979999999999999816e-02 7.191040000000000106e-03 2.096704000000000276e-02 6.330255999999999383e-02 2.560000000000000054e-06 5.520490000000001160e-03 1.471369000000000149e-02 2.102499999999999606e-04 4.884099999999991270e-04 4.080399999999998134e-04 2.924100000000000006e-04 2.560000000000002595e-04 3.920399999999999124e-04 1.140207000000000000e+06 1.174134125000000000e+06
1.000000000000000000e+00 9.270000000000000462e-02 1.540999999999999870e-01 2.781000000000000139e-01 9.100000000000000450e-03 -8.820000000000000062e-02 1.346999999999999864e-01 7.900000000000004241e-03 9.299999999999974953e-03 2.650000000000002354e-02 1.070000000000000118e-02 -1.389999999999999569e-02 1.339999999999998137e-02 8.593290000000001691e-03 2.374680999999999667e-02 7.733961000000000308e-02 8.281000000000000166e-05 7.779239999999999766e-03 1.814408999999999467e-02 6.241000000000006146e-05 8.648999999999953275e-05 7.022500000000012673e-04 1.144900000000000236e-04 1.932099999999998933e-04 1.795599999999995073e-04 1.140824125000000000e+06 1.176308125000000000e+06
1.000000000000000000e+00 1.166999999999999982e-01 2.172000000000000042e-01 3.176999999999999824e-01 3.039999999999999994e-02 -1.140999999999999931e-01 1.623999999999999888e-01 2.399999999999999356e-02 6.310000000000001719e-02 3.959999999999996856e-02 2.129999999999999949e-02 -2.589999999999999247e-02 2.770000000000000240e-02 1.361888999999999982e-02 4.717584000000000360e-02 1.009332899999999950e-01 9.241600000000000422e-04 1.301880999999999872e-02 2.637375999999999610e-02 5.759999999999996893e-04 3.981610000000001745e-03 1.568159999999997481e-03 4.536899999999999744e-04 6.708099999999996574e-04 7.672900000000001160e-04 1.140886375000000000e+06 1.177093375000000000e+06
1.000000000000000000e+00 1.096000000000000030e-01 2.574000000000000177e-01 3.494999999999999774e-01 3.370000000000000079e-02 -1.280000000000000027e-01 1.680999999999999994e-01 -7.099999999999995204e-03 4.020000000000001350e-02 3.179999999999999494e-02 3.300000000000000849e-03 -1.390000000000000957e-02 5.700000000000010614e-03 1.201216000000000089e-02 6.625476000000000976e-02 1.221502499999999880e-01 1.135689999999999963e-03 1.638399999999999926e-02 2.825760999999999898e-02 5.040999999999993240e-05 1.616040000000001095e-03 1.011239999999999622e-03 1.089000000000000585e-05 1.932100000000002728e-04 3.249000000000012430e-05 1.142148000000000000e+06 1.178558250000000000e+06
1.000000000000000000e+00 1.103999999999999981e-01 2.341999999999999915e-01 3.659999999999999920e-01 3.869999999999999829e-02 -1.539999999999999980e-01 1.801000000000000101e-01 7.999999999999951594e-04 -2.320000000000002616e-02 1.650000000000001465e-02 4.999999999999997502e-03 -2.599999999999999534e-02 1.200000000000001066e-02 1.218815999999999997e-02 5.484963999999999812e-02 1.339559999999999917e-01 1.497689999999999872e-03 2.371600000000000097e-02 3.243601000000000123e-02 6.399999999999922842e-07 5.382400000000012435e-04 2.722500000000004647e-04 2.499999999999997409e-05 6.759999999999997348e-04 1.440000000000002476e-04 1.139096250000000000e+06 1.173787625000000000e+06
1.000000000000000000e+00 1.030999999999999972e-01 2.559000000000000163e-01 3.814000000000000168e-01 4.050000000000000128e-02 -1.761000000000000065e-01 1.965000000000000080e-01 -7.300000000000000933e-03 2.170000000000002482e-02 1.540000000000002478e-02 1.800000000000002986e-03 -2.210000000000000853e-02 1.639999999999999791e-02 1.062960999999999941e-02 6.548481000000000440e-02 1.454659600000000053e-01 1.640249999999999998e-03 3.101121000000000086e-02 3.861225000000000074e-02 5.329000000000001325e-05 4.708900000000010972e-04 2.371600000000007719e-04 3.240000000000010907e-06 4.884100000000004280e-04 2.689599999999999456e-04 1.139368250000000000e+06 1.173776625000000000e+06
1.000000000000000000e+00 8.200000000000000344e-02 2.600000000000000089e-01 4.015000000000000235e-01 3.339999999999999913e-02 -1.743000000000000105e-01 2.043000000000000094e-01 -2.109999999999999376e-02 4.099999999999992539e-03 2.010000000000000675e-02 -7.100000000000002143e-03 1.799999999999996048e-03 7.800000000000001377e-03 6.724000000000000810e-03 6.760000000000000731e-02 1.612022500000000191e-01 1.115560000000000032e-03 3.038049000000000305e-02 4.173849000000000309e-02 4.452099999999997574e-04 1.680999999999993900e-05 4.040100000000002738e-04 5.041000000000002727e-05 3.239999999999985920e-06 6.084000000000002058e-05 1.139113625000000000e+06 1.174786375000000000e+06
1.000000000000000000e+00 8.569999999999999840e-02 2.818999999999999839e-01 4.131000000000000227e-01 4.630000000000000088e-02 -1.913999999999999868e-01 2.056000000000000050e-01 3.699999999999994960e-03 2.189999999999997504e-02 1.159999999999999920e-02 1.290000000000000174e-02 -1.709999999999997633e-02 1.299999999999995604e-03 7.344489999999999526e-03 7.946760999999999409e-02 1.706516100000000091e-01 2.143690000000000179e-03 3.663395999999999320e-02 4.227136000000000088e-02 1.368999999999996210e-05 4.796099999999989131e-04 1.345599999999999856e-04 1.664100000000000551e-04 2.924099999999991875e-04 1.689999999999988478e-06 1.140109250000000000e+06 1.174790875000000000e+06
1.000000000000000000e+00 4.159999999999999809e-02 3.125999999999999890e-01 4.655000000000000249e-01 3.350000000000000200e-02 -2.015000000000000124e-01 2.202999999999999958e-01 -4.410000000000000031e-02 3.070000000000000506e-02 5.240000000000000213e-02 -1.279999999999999888e-02 -1.010000000000002562e-02 1.469999999999999085e-02 1.730559999999999911e-03 9.771875999999998785e-02 2.166902500000000287e-01 1.122250000000000201e-03 4.060225000000000639e-02 4.853208999999999995e-02 1.944809999999999942e-03 9.424900000000003631e-04 2.745760000000000301e-03 1.638399999999999763e-04 1.020100000000005226e-04 2.160899999999997285e-04 1.140008875000000000e+06 1.174103375000000000e+06
1.000000000000000000e+00 3.180000000000000188e-02 3.078000000000000180e-01 4.410000000000000031e-01 4.009999999999999676e-02 -2.069999999999999896e-01 2.373999999999999999e-01 -9.799999999999996214e-03 -4.799999999999970957e-03 -2.450000000000002176e-02 6.599999999999994760e-03 -5.499999999999977129e-03 1.710000000000000409e-02 1.011240000000000056e-03 9.474084000000000672e-02 1.944810000000000150e-01 1.608009999999999778e-03 4.284899999999999820e-02 5.635876000000000080e-02 9.603999999999992751e-05 2.303999999999972181e-05 6.002500000000010648e-04 4.355999999999992853e-05 3.024999999999974934e-05 2.924100000000001633e-04 1.140323750000000000e+06 1.174484250000000000e+06
1.000000000000000000e+00 2.510000000000000078e-02 2.666999999999999926e-01 4.002999999999999892e-01 5.229999999999999927e-02 -2.268000000000000016e-01 2.484000000000000097e-01 -6.700000000000001094e-03 -4.110000000000002540e-02 -4.070000000000001394e-02 1.220000000000000251e-02 -1.980000000000001203e-02 1.100000000000000977e-02 6.300100000000000752e-04 7.112889000000000017e-02 1.602400900000000017e-01 2.735290000000000030e-03 5.143824000000000313e-02 6.170256000000000352e-02 4.489000000000001236e-05 1.689210000000002185e-03 1.656490000000001130e-03 1.488400000000000725e-04 3.920400000000004545e-04 1.210000000000002171e-04 1.138187125000000000e+06 1.172442500000000000e+06
1.000000000000000000e+00 3.160000000000000309e-02 3.199000000000000177e-01 4.164999999999999813e-01 6.160000000000000198e-02 -2.132000000000000006e-01 2.474999999999999978e-01 6.500000000000002304e-03 5.320000000000002505e-02 1.619999999999999218e-02 9.300000000000002709e-03 1.360000000000000098e-02 -9.000000000000119016e-04 9.985600000000001159e-04 1.023360100000000050e-01 1.734722499999999945e-01 3.794560000000000207e-03 4.545423999999999992e-02 6.125624999999999820e-02 4.225000000000003086e-05 2.830240000000002528e-03 2.624399999999997438e-04 8.649000000000004774e-05 1.849600000000000181e-04 8.100000000000214674e-07 1.140398875000000000e+06 1.173613375000000000e+06
1.000000000000000000e+00 1.760000000000000106e-02 3.262999999999999790e-01 4.386999999999999789e-01 5.600000000000000117e-02 -2.696999999999999953e-01 2.661999999999999922e-01 -1.400000000000000203e-02 6.399999999999961275e-03 2.219999999999999751e-02 -5.600000000000000810e-03 -5.649999999999999467e-02 1.869999999999999440e-02 3.097600000000000158e-04 1.064716899999999800e-01 1.924576899999999868e-01 3.136000000000000332e-03 7.273808999999999136e-02 7.086243999999999876e-02 1.960000000000000479e-04 4.095999999999950619e-05 4.928399999999999231e-04 3.136000000000001146e-05 3.192249999999999342e-03 3.496899999999997775e-04 1.139891625000000000e+06 1.174465125000000000e+06
1.000000000000000000e+00 3.819999999999999785e-02 3.170000000000000040e-01 4.355999999999999872e-01 6.940000000000000335e-02 -2.740000000000000213e-01 3.023000000000000131e-01 2.059999999999999679e-02 -9.299999999999974953e-03 -3.099999999999991651e-03 1.340000000000000219e-02 -4.300000000000026024e-03 3.610000000000002096e-02 1.459239999999999886e-03 1.004890000000000089e-01 1.897473599999999760e-01 4.816360000000000433e-03 7.507600000000001772e-02 9.138529000000000790e-02 4.243599999999998740e-04 8.648999999999953275e-05 9.609999999999948648e-06 1.795600000000000494e-04 1.849000000000022446e-05 1.303210000000001477e-03 1.139664500000000000e+06 1.173751500000000000e+06
1.000000000000000000e+00 3.719999999999999696e-02 2.856000000000000205e-01 4.032999999999999918e-01 8.400000000000000522e-02 -2.802999999999999936e-01 3.130000000000000004e-01 -1.000000000000000888e-03 -3.139999999999998348e-02 -3.229999999999999538e-02 1.460000000000000187e-02 -6.299999999999972289e-03 1.069999999999998730e-02 1.383839999999999680e-03 8.156736000000000542e-02 1.626508899999999924e-01 7.056000000000000640e-03 7.856808999999999321e-02 9.796900000000000053e-02 1.000000000000001861e-06 9.859599999999990507e-04 1.043289999999999669e-03 2.131600000000000530e-04 3.968999999999964879e-05 1.144899999999997255e-04 1.140049250000000000e+06 1.172682250000000000e+06
1.000000000000000000e+00 5.729999999999999677e-02 3.214000000000000190e-01 3.889000000000000234e-01 1.083999999999999964e-01 -2.824999999999999734e-01 3.402999999999999914e-01 2.009999999999999981e-02 3.579999999999999849e-02 -1.439999999999996838e-02 2.439999999999999114e-02 -2.199999999999979750e-03 2.729999999999999094e-02 3.283289999999999473e-03 1.032979600000000081e-01 1.512432100000000168e-01 1.175055999999999844e-02 7.980624999999998137e-02 1.158040899999999984e-01 4.040100000000000028e-04 1.281639999999999906e-03 2.073599999999990989e-04 5.953599999999995311e-04 4.839999999999911308e-06 7.452899999999994729e-04 1.140375500000000000e+06 1.174205625000000000e+06
1.000000000000000000e+00 7.349999999999999589e-02 3.005999999999999783e-01 3.582000000000000184e-01 1.293999999999999873e-01 -3.516000000000000236e-01 3.904000000000000248e-01 1.619999999999999912e-02 -2.080000000000004068e-02 -3.070000000000000506e-02 2.099999999999999090e-02 -6.910000000000005027e-02 5.010000000000003340e-02 5.402249999999999067e-03 9.036035999999998680e-02 1.283072400000000168e-01 1.674435999999999633e-02 1.236225600000000202e-01 1.524121600000000187e-01 2.624399999999999606e-04 4.326400000000017124e-04 9.424900000000003631e-04 4.409999999999996063e-04 4.774810000000006931e-03 2.510010000000003488e-03 1.140525375000000000e+06 1.175449375000000000e+06
1.000000000000000000e+00 1.376999999999999891e-01 1.852000000000000035e-01 -3.030000000000000054e-02 2.560999999999999943e-01 -5.117000000000000437e-01 1.476999999999999980e-01 6.419999999999999318e-02 -1.153999999999999748e-01 -3.885000000000000120e-01 1.267000000000000071e-01 -1.601000000000000201e-01 -2.427000000000000268e-01 1.896128999999999870e-02 3.429904000000000286e-02 9.180899999999999868e-04 6.558720999999999302e-02 2.618368900000000443e-01 2.181529000000000107e-02 4.121639999999999332e-03 1.331715999999999456e-02 1.509322500000000178e-01 1.605289000000000021e-02 2.563201000000000715e-02 5.890329000000001092e-02 1.139715875000000000e+06 1.174248375000000000e+06
1.000000000000000000e+00 1.552000000000000046e-01 2.417999999999999872e-01 1.381000000000000005e-01 2.832000000000000073e-01 -5.440000000000000391e-01 1.585000000000000020e-01 1.750000000000001554e-02 5.659999999999998366e-02 1.683999999999999941e-01 2.710000000000001297e-02 -3.229999999999999538e-02 1.080000000000000404e-02 2.408704000000000053e-02 5.846723999999999671e-02 1.907160999999999926e-02 8.020224000000000797e-02 2.959360000000000324e-01 2.512225000000000222e-02 3.062500000000005322e-04 3.203559999999998093e-03 2.835855999999999794e-02 7.344100000000006612e-04 1.043289999999999669e-03 1.166400000000000894e-04 1.138615625000000000e+06 1.173623000000000000e+06
1.000000000000000000e+00 1.680000000000000104e-01 3.179000000000000159e-01 2.157000000000000028e-01 2.650000000000000133e-01 -4.844999999999999862e-01 2.867999999999999994e-01 1.280000000000000582e-02 7.610000000000002873e-02 7.760000000000000231e-02 -1.819999999999999396e-02 5.950000000000005285e-02 1.282999999999999974e-01 2.822400000000000256e-02 1.010604100000000033e-01 4.652649000000000368e-02 7.022500000000000964e-02 2.347402499999999836e-01 8.225424000000000624e-02 1.638400000000001390e-04 5.791210000000004098e-03 6.021760000000000133e-03 3.312399999999997898e-04 3.540250000000006499e-03 1.646088999999999886e-02 1.142112500000000000e+06 1.181390250000000000e+06
1.000000000000000000e+00 2.073000000000000120e-01 3.392999999999999905e-01 2.620999999999999996e-01 2.802000000000000046e-01 -4.181000000000000272e-01 3.296999999999999931e-01 3.930000000000000160e-02 2.139999999999997460e-02 4.639999999999999680e-02 1.519999999999999130e-02 6.639999999999995905e-02 4.289999999999999369e-02 4.297329000000000426e-02 1.151244899999999960e-01 6.869640999999999942e-02 7.851204000000000516e-02 1.748076100000000299e-01 1.087020900000000012e-01 1.544490000000000142e-03 4.579599999999989018e-04 2.152959999999999770e-03 2.310399999999997395e-04 4.408959999999994758e-03 1.840409999999999355e-03 1.142189250000000000e+06 1.179777500000000000e+06
1.000000000000000000e+00 1.970999999999999974e-01 3.598999999999999977e-01 2.690000000000000169e-01 2.671000000000000041e-01 -3.708000000000000185e-01 3.603000000000000091e-01 -1.020000000000001461e-02 2.060000000000000719e-02 6.900000000000017231e-03 -1.310000000000000053e-02 4.730000000000000870e-02 3.060000000000001608e-02 3.884840999999999989e-02 1.295280099999999990e-01 7.236100000000000865e-02 7.134241000000000887e-02 1.374926400000000271e-01 1.298160899999999951e-01 1.040400000000002981e-04 4.243600000000003077e-04 4.761000000000023704e-05 1.716100000000000188e-04 2.237290000000000719e-03 9.363600000000009893e-04 1.140351875000000000e+06 1.175902625000000000e+06
1.000000000000000000e+00 1.857999999999999929e-01 3.809000000000000163e-01 3.176999999999999824e-01 2.503000000000000225e-01 -3.448999999999999844e-01 3.891000000000000014e-01 -1.130000000000000449e-02 2.100000000000001865e-02 4.869999999999996554e-02 -1.679999999999998161e-02 2.590000000000003411e-02 2.879999999999999227e-02 3.452163999999999927e-02 1.450848100000000085e-01 1.009332899999999950e-01 6.265009000000000550e-02 1.189560099999999870e-01 1.513988099999999948e-01 1.276900000000001005e-04 4.410000000000007989e-04 2.371689999999996613e-03 2.822399999999993577e-04 6.708100000000017174e-04 8.294399999999995396e-04 1.139377250000000000e+06 1.173773875000000000e+06
1.000000000000000000e+00 1.681999999999999884e-01 4.037999999999999923e-01 3.723000000000000198e-01 2.414000000000000035e-01 -3.291999999999999926e-01 4.282000000000000250e-01 -1.760000000000000453e-02 2.289999999999997593e-02 5.460000000000003739e-02 -8.900000000000019007e-03 1.569999999999999174e-02 3.910000000000002363e-02 2.829123999999999528e-02 1.630544399999999949e-01 1.386072900000000219e-01 5.827395999999999965e-02 1.083726399999999923e-01 1.833552400000000304e-01 3.097600000000001784e-04 5.244099999999989178e-04 2.981160000000003963e-03 7.921000000000033429e-05 2.464899999999997627e-04 1.528810000000001756e-03 1.138662000000000000e+06 1.172872875000000000e+06
1.000000000000000000e+00 1.448000000000000120e-01 4.188000000000000056e-01 3.977999999999999869e-01 2.338000000000000078e-01 -3.075999999999999845e-01 4.324000000000000066e-01 -2.339999999999997637e-02 1.500000000000001332e-02 2.549999999999996714e-02 -7.599999999999995648e-03 2.160000000000000808e-02 4.199999999999981526e-03 2.096704000000000276e-02 1.753934400000000116e-01 1.582448399999999977e-01 5.466244000000000658e-02 9.461775999999999520e-02 1.869697600000000126e-01 5.475599999999989113e-04 2.250000000000004004e-04 6.502499999999983770e-04 5.775999999999993488e-05 4.665600000000003577e-04 1.763999999999984466e-05 1.138443125000000000e+06 1.170569500000000000e+06
1.000000000000000000e+00 1.378000000000000058e-01 4.685000000000000275e-01 4.333000000000000185e-01 2.341000000000000025e-01 -3.008000000000000118e-01 4.499000000000000221e-01 -7.000000000000006217e-03 4.970000000000002194e-02 3.550000000000003153e-02 2.999999999999947153e-04 6.799999999999972733e-03 1.750000000000001554e-02 1.898883999999999989e-02 2.194922500000000276e-01 1.877488900000000294e-01 5.480281000000000041e-02 9.048064000000000107e-02 2.024100100000000291e-01 4.900000000000008651e-05 2.470090000000002041e-03 1.260250000000002254e-03 8.999999999999683544e-08 4.623999999999963182e-05 3.062500000000005322e-04 1.138713625000000000e+06 1.168713750000000000e+06
1.000000000000000000e+00 1.091000000000000025e-01 4.979999999999999982e-01 4.660000000000000253e-01 2.185999999999999888e-01 -3.058000000000000163e-01 4.890999999999999792e-01 -2.870000000000000329e-02 2.949999999999997069e-02 3.270000000000000684e-02 -1.550000000000001377e-02 -5.000000000000004441e-03 3.919999999999995710e-02 1.190280999999999978e-02 2.480040000000000022e-01 2.171560000000000157e-01 4.778595999999999538e-02 9.351364000000000898e-02 2.392188099999999762e-01 8.236900000000001859e-04 8.702499999999983036e-04 1.069290000000000518e-03 2.402500000000004187e-04 2.500000000000004524e-05 1.536639999999996672e-03 1.138855875000000000e+06 1.168446750000000000e+06
1.000000000000000000e+00 9.679999999999999716e-02 4.904999999999999916e-01 4.477999999999999758e-01 2.147999999999999909e-01 -3.170000000000000040e-01 4.788999999999999924e-01 -1.230000000000000537e-02 -7.500000000000006661e-03 -1.820000000000004947e-02 -3.799999999999997824e-03 -1.119999999999998774e-02 -1.019999999999998685e-02 9.370240000000000166e-03 2.405902500000000055e-01 2.005248399999999820e-01 4.613903999999999922e-02 1.004890000000000089e-01 2.293452099999999938e-01 1.512900000000001321e-04 5.625000000000010010e-05 3.312400000000017956e-04 1.443999999999998372e-05 1.254399999999997206e-04 1.040399999999997289e-04 1.138887375000000000e+06 1.169600750000000000e+06
1.000000000000000000e+00 8.169999999999999485e-02 4.828000000000000069e-01 4.289000000000000035e-01 2.131000000000000116e-01 -3.313999999999999724e-01 4.672000000000000042e-01 -1.510000000000000231e-02 -7.699999999999984635e-03 -1.889999999999997238e-02 -1.699999999999979305e-03 -1.439999999999996838e-02 -1.169999999999998819e-02 6.674889999999999296e-03 2.330958399999999986e-01 1.839552100000000079e-01 4.541161000000000503e-02 1.098259599999999864e-01 2.182758399999999988e-01 2.280100000000000616e-04 5.928999999999976607e-05 3.572099999999989737e-04 2.889999999999929555e-06 2.073599999999990989e-04 1.368899999999997278e-04 1.138717375000000000e+06 1.169230750000000000e+06
1.000000000000000000e+00 9.710000000000000575e-02 4.787000000000000144e-01 4.591000000000000081e-01 2.137999999999999901e-01 -3.216999999999999860e-01 4.742999999999999994e-01 1.540000000000001090e-02 -4.099999999999992539e-03 3.020000000000000462e-02 6.999999999999784173e-04 9.699999999999986411e-03 7.099999999999995204e-03 9.428410000000001651e-03 2.291536900000000210e-01 2.107728100000000049e-01 4.571043999999999802e-02 1.034908899999999882e-01 2.249604900000000129e-01 2.371600000000003382e-04 1.680999999999993900e-05 9.120400000000002463e-04 4.899999999999697917e-07 9.408999999999973103e-05 5.040999999999993240e-05 1.139077000000000000e+06 1.169256750000000000e+06
1.000000000000000000e+00 9.710000000000000575e-02 4.949999999999999956e-01 4.692999999999999949e-01 2.081999999999999962e-01 -3.271000000000000019e-01 4.914000000000000035e-01 0.000000000000000000e+00 1.629999999999998117e-02 1.019999999999998685e-02 -5.599999999999993872e-03 -5.400000000000015898e-03 1.710000000000000409e-02 9.428410000000001651e-03 2.450249999999999928e-01 2.202424899999999852e-01 4.334723999999999522e-02 1.069944099999999981e-01 2.414739600000000153e-01 0.000000000000000000e+00 2.656899999999993620e-04 1.040399999999997289e-04 3.135999999999993014e-05 2.916000000000017143e-05 2.924100000000001633e-04 1.138716750000000000e+06 1.170173125000000000e+06
1.000000000000000000e+00 1.328999999999999904e-01 4.336999999999999744e-01 3.768000000000000238e-01 2.212999999999999967e-01 -3.336000000000000076e-01 4.552999999999999825e-01 3.579999999999998461e-02 -6.130000000000002114e-02 -9.249999999999997113e-02 1.310000000000000053e-02 -6.500000000000005773e-03 -3.610000000000002096e-02 1.766240999999999645e-02 1.880956899999999821e-01 1.419782400000000055e-01 4.897369000000000028e-02 1.112889600000000062e-01 2.072980899999999904e-01 1.281639999999998822e-03 3.757690000000002764e-03 8.556249999999994416e-03 1.716100000000000188e-04 4.225000000000007829e-05 1.303210000000001477e-03 1.139399500000000000e+06 1.171173750000000000e+06
1.000000000000000000e+00 1.570000000000000007e-01 4.047000000000000042e-01 2.682999999999999829e-01 2.515000000000000013e-01 -3.212999999999999745e-01 4.089999999999999747e-01 2.410000000000001030e-02 -2.899999999999997025e-02 -1.085000000000000409e-01 3.020000000000000462e-02 1.230000000000003313e-02 -4.630000000000000782e-02 2.464900000000000077e-02 1.637820899999999913e-01 7.198488999999999582e-02 6.325224999999999598e-02 1.032336899999999891e-01 1.672809999999999853e-01 5.808100000000005056e-04 8.409999999999983244e-04 1.177225000000000840e-02 9.120400000000002463e-04 1.512900000000008097e-04 2.143690000000000612e-03 1.139470125000000000e+06 1.171257625000000000e+06
1.000000000000000000e+00 2.020000000000000129e-01 3.936999999999999944e-01 2.081000000000000072e-01 2.686000000000000054e-01 -3.396000000000000130e-01 3.669999999999999929e-01 4.500000000000001221e-02 -1.100000000000000977e-02 -6.019999999999997575e-02 1.710000000000000409e-02 -1.830000000000003846e-02 -4.199999999999998179e-02 4.080400000000000693e-02 1.549996899999999955e-01 4.330561000000000133e-02 7.214596000000000897e-02 1.153281600000000129e-01 1.346890000000000032e-01 2.025000000000001191e-03 1.210000000000002171e-04 3.624039999999997212e-03 2.924100000000001633e-04 3.348900000000014235e-04 1.763999999999998425e-03 1.138309750000000000e+06 1.170262875000000000e+06
1.000000000000000000e+00 1.327000000000000124e-01 3.682000000000000273e-01 -8.000000000000000167e-03 2.664000000000000257e-01 -3.575999999999999734e-01 3.221999999999999864e-01 -6.930000000000000049e-02 -2.549999999999996714e-02 -2.161000000000000143e-01 -2.199999999999979750e-03 -1.799999999999996048e-02 -4.480000000000000648e-02 1.760929000000000313e-02 1.355712400000000095e-01 6.399999999999999710e-05 7.096896000000001148e-02 1.278777599999999792e-01 1.038128399999999896e-01 4.802490000000000404e-03 6.502499999999983770e-04 4.669921000000000488e-02 4.839999999999911308e-06 3.239999999999985513e-04 2.007040000000000733e-03 1.140045250000000000e+06 1.173894375000000000e+06
1.000000000000000000e+00 8.469999999999999751e-02 4.571999999999999953e-01 1.242000000000000048e-01 2.429999999999999938e-01 -2.913000000000000034e-01 4.027999999999999914e-01 -4.800000000000001488e-02 8.899999999999996803e-02 1.322000000000000119e-01 -2.340000000000003189e-02 6.629999999999997007e-02 8.060000000000000497e-02 7.174089999999999287e-03 2.090318399999999965e-01 1.542564000000000088e-02 5.904899999999999732e-02 8.485568999999999751e-02 1.622478400000000043e-01 2.304000000000001359e-03 7.920999999999994018e-03 1.747684000000000390e-02 5.475600000000015134e-04 4.395689999999996371e-03 6.496360000000000502e-03 1.140654125000000000e+06 1.176280250000000000e+06
1.000000000000000000e+00 6.840000000000000246e-02 4.647999999999999909e-01 1.928999999999999881e-01 2.321999999999999897e-01 -2.894999999999999796e-01 4.395999999999999908e-01 -1.629999999999999505e-02 7.599999999999995648e-03 6.869999999999998330e-02 -1.080000000000000404e-02 1.800000000000023803e-03 3.679999999999999938e-02 4.678560000000000010e-03 2.160390399999999878e-01 3.721040999999999238e-02 5.391683999999999366e-02 8.381024999999998892e-02 1.932481600000000022e-01 2.656899999999998499e-04 5.775999999999993488e-05 4.719689999999997741e-03 1.166400000000000894e-04 3.240000000000085870e-06 1.354240000000000044e-03 1.141390125000000000e+06 1.179081875000000000e+06
1.000000000000000000e+00 7.359999999999999876e-02 4.248999999999999999e-01 1.683000000000000052e-01 2.424000000000000044e-01 -2.366999999999999937e-01 4.456999999999999851e-01 5.199999999999996292e-03 -3.989999999999999103e-02 -2.459999999999998299e-02 1.020000000000001461e-02 5.279999999999998583e-02 6.099999999999994316e-03 5.416960000000000178e-03 1.805400100000000008e-01 2.832489000000000187e-02 5.875775999999999916e-02 5.602688999999999586e-02 1.986484899999999831e-01 2.703999999999996134e-05 1.592009999999999389e-03 6.051599999999991188e-04 1.040400000000002981e-04 2.787839999999998462e-03 3.720999999999993003e-05 1.143161875000000000e+06 1.179655375000000000e+06
1.000000000000000000e+00 7.069999999999999896e-02 4.566999999999999948e-01 1.734999999999999876e-01 2.336999999999999911e-01 -2.227999999999999980e-01 4.758000000000000007e-01 -2.899999999999999800e-03 3.179999999999999494e-02 5.199999999999982414e-03 -8.700000000000013278e-03 1.389999999999999569e-02 3.010000000000001563e-02 4.998489999999999531e-03 2.085748899999999850e-01 3.010224999999999707e-02 5.461568999999999452e-02 4.963983999999999758e-02 2.263856399999999991e-01 8.409999999999999101e-06 1.011239999999999622e-03 2.703999999999981565e-05 7.569000000000023246e-05 1.932099999999998933e-04 9.060100000000009292e-04 1.141980125000000000e+06 1.176950750000000000e+06
1.000000000000000000e+00 5.489999999999999741e-02 4.848999999999999977e-01 1.967000000000000137e-01 2.220000000000000029e-01 -2.016999999999999904e-01 4.923000000000000154e-01 -1.580000000000000154e-02 2.820000000000000284e-02 2.320000000000002616e-02 -1.169999999999998819e-02 2.110000000000000764e-02 1.650000000000001465e-02 3.014009999999999693e-03 2.351280099999999984e-01 3.869089000000000556e-02 4.928400000000000142e-02 4.068288999999999933e-02 2.423592900000000050e-01 2.496400000000000290e-04 7.952400000000001178e-04 5.382400000000012435e-04 1.368899999999997278e-04 4.452100000000002995e-04 2.722500000000004647e-04 1.141041625000000000e+06 1.174522250000000000e+06
1.000000000000000000e+00 4.070000000000000007e-02 7.048999999999999710e-01 2.781000000000000139e-01 2.250000000000000056e-01 -1.998000000000000054e-01 5.117000000000000437e-01 -1.419999999999999735e-02 2.199999999999999734e-01 8.140000000000000013e-02 3.000000000000002665e-03 1.899999999999985034e-03 1.940000000000002833e-02 1.656490000000000046e-03 4.968840099999999316e-01 7.733961000000000308e-02 5.062500000000000333e-02 3.992004000000000385e-02 2.618368900000000443e-01 2.016399999999999193e-04 4.839999999999999164e-02 6.625960000000000183e-03 9.000000000000015475e-06 3.609999999999942990e-06 3.763600000000010925e-04 1.140565875000000000e+06 1.174428125000000000e+06
1.000000000000000000e+00 4.170000000000000095e-02 5.261000000000000121e-01 2.059999999999999887e-01 2.099999999999999922e-01 -1.469999999999999918e-01 4.849999999999999867e-01 1.000000000000000888e-03 -1.787999999999999590e-01 -7.210000000000002518e-02 -1.500000000000001332e-02 5.280000000000001359e-02 -2.670000000000005702e-02 1.738890000000000097e-03 2.767812099999999997e-01 4.243599999999999456e-02 4.409999999999999337e-02 2.160899999999999627e-02 2.352249999999999897e-01 1.000000000000001861e-06 3.196943999999998787e-02 5.198410000000004000e-03 2.250000000000004004e-04 2.787840000000001497e-03 7.128900000000030221e-04 1.141235250000000000e+06 1.174930000000000000e+06
1.000000000000000000e+00 5.000000000000000104e-03 5.661000000000000476e-01 2.346000000000000030e-01 1.927999999999999992e-01 -1.786000000000000087e-01 4.993000000000000216e-01 -3.670000000000000345e-02 4.000000000000003553e-02 2.860000000000001430e-02 -1.719999999999999307e-02 -3.160000000000001696e-02 1.430000000000003491e-02 2.500000000000000120e-05 3.204692100000000599e-01 5.503716000000000164e-02 3.717183999999999766e-02 3.189796000000000298e-02 2.493004900000000135e-01 1.346890000000000327e-03 1.600000000000002896e-03 8.179600000000008218e-04 2.958399999999997425e-04 9.985600000000009833e-04 2.044900000000009915e-04 1.140281625000000000e+06 1.171447750000000000e+06
1.000000000000000000e+00 9.400000000000000369e-03 5.502000000000000224e-01 2.129999999999999949e-01 1.889000000000000123e-01 -1.841000000000000136e-01 5.114999999999999547e-01 4.400000000000000265e-03 -1.590000000000002522e-02 -2.160000000000000808e-02 -3.899999999999986811e-03 -5.500000000000004885e-03 1.219999999999993312e-02 8.836000000000000104e-05 3.027200400000000236e-01 4.536899999999999961e-02 3.568321000000000687e-02 3.389281000000000238e-02 2.616322499999999551e-01 1.936000000000000099e-05 2.528100000000008270e-04 4.665600000000003577e-04 1.520999999999989673e-05 3.025000000000005427e-05 1.488399999999983649e-04 1.139896250000000000e+06 1.168398500000000000e+06
1.000000000000000000e+00 -1.299999999999999940e-03 5.453999999999999959e-01 2.202999999999999958e-01 1.837000000000000022e-01 -1.841000000000000136e-01 5.082999999999999741e-01 -1.070000000000000118e-02 -4.800000000000026468e-03 7.300000000000000933e-03 -5.200000000000010170e-03 0.000000000000000000e+00 -3.199999999999980638e-03 1.689999999999999913e-06 2.974611600000000022e-01 4.853208999999999995e-02 3.374569000000000180e-02 3.389281000000000238e-02 2.583688899999999622e-01 1.144900000000000236e-04 2.304000000000025374e-05 5.329000000000001325e-05 2.704000000000010703e-05 0.000000000000000000e+00 1.023999999999987655e-05 1.139289125000000000e+06 1.166436875000000000e+06
1.000000000000000000e+00 -6.799999999999999621e-03 5.634000000000000119e-01 2.499000000000000110e-01 1.759999999999999898e-01 -1.708000000000000074e-01 5.218000000000000416e-01 -5.499999999999999681e-03 1.800000000000001599e-02 2.960000000000001519e-02 -7.700000000000012390e-03 1.330000000000000626e-02 1.350000000000006750e-02 4.623999999999999774e-05 3.174195599999999895e-01 6.245001000000000718e-02 3.097599999999999659e-02 2.917264000000000315e-02 2.722752400000000295e-01 3.024999999999999667e-05 3.240000000000005571e-04 8.761600000000009355e-04 5.929000000000019297e-05 1.768900000000001580e-04 1.822500000000018279e-04 1.138812125000000000e+06 1.168022250000000000e+06
1.000000000000000000e+00 -9.199999999999999845e-03 5.955000000000000293e-01 3.176999999999999824e-01 1.635000000000000064e-01 -1.895999999999999908e-01 5.442000000000000171e-01 -2.400000000000000223e-03 3.210000000000001741e-02 6.779999999999997140e-02 -1.249999999999998335e-02 -1.879999999999998339e-02 2.239999999999997549e-02 8.464000000000000278e-05 3.546202500000000257e-01 1.009332899999999950e-01 2.673225000000000254e-02 3.594815999999999984e-02 2.961536399999999958e-01 5.760000000000000756e-06 1.030410000000001134e-03 4.596839999999996138e-03 1.562499999999995967e-04 3.534399999999993536e-04 5.017599999999988823e-04 1.139836750000000000e+06 1.169402875000000000e+06
1.000000000000000000e+00 -2.149999999999999828e-02 5.691000000000000503e-01 3.126999999999999780e-01 1.521000000000000130e-01 -1.887000000000000066e-01 5.361000000000000210e-01 -1.229999999999999843e-02 -2.639999999999997904e-02 -5.000000000000004441e-03 -1.139999999999999347e-02 8.999999999999841460e-04 -8.099999999999996092e-03 4.622499999999999331e-04 3.238748100000000685e-01 9.778128999999999293e-02 2.313441000000000455e-02 3.560769000000000434e-02 2.874032100000000201e-01 1.512899999999999694e-04 6.969599999999988565e-04 2.500000000000004524e-05 1.299599999999998467e-04 8.099999999999714925e-07 6.560999999999993595e-05 1.139993000000000000e+06 1.169788375000000000e+06
1.000000000000000000e+00 1.000000000000000048e-04 6.217000000000000304e-01 3.029999999999999916e-01 1.736999999999999933e-01 -1.855999999999999872e-01 5.030000000000000027e-01 2.159999999999999767e-02 5.259999999999998010e-02 -9.699999999999986411e-03 2.159999999999998033e-02 3.100000000000019407e-03 -3.310000000000001830e-02 1.000000000000000021e-08 3.865108900000000514e-01 9.180900000000000172e-02 3.017168999999999754e-02 3.444735999999999632e-02 2.530089999999999839e-01 4.665599999999999240e-04 2.766759999999997884e-03 9.408999999999973103e-05 4.665599999999991651e-04 9.610000000000119749e-06 1.095610000000001201e-03 1.142076000000000000e+06 1.175010500000000000e+06
1.000000000000000000e+00 -7.499999999999999722e-03 6.445999999999999508e-01 3.027000000000000246e-01 1.743999999999999995e-01 -1.882999999999999952e-01 5.168000000000000371e-01 -7.599999999999999985e-03 2.289999999999992042e-02 -2.999999999999669598e-04 7.000000000000061728e-04 -2.700000000000007949e-03 1.380000000000003446e-02 5.624999999999999846e-05 4.155091599999999330e-01 9.162729000000001400e-02 3.041535999999999892e-02 3.545688999999999785e-02 2.670822400000000263e-01 5.776000000000000264e-05 5.244099999999963157e-04 8.999999999998017271e-08 4.900000000000086493e-07 7.290000000000042858e-06 1.904400000000009481e-04 1.141173375000000000e+06 1.176208750000000000e+06
1.000000000000000000e+00 -1.909999999999999892e-02 6.772000000000000242e-01 3.140000000000000013e-01 1.693000000000000060e-01 -1.544000000000000095e-01 5.163999999999999702e-01 -1.159999999999999920e-02 3.260000000000007336e-02 1.129999999999997673e-02 -5.099999999999993427e-03 3.389999999999998570e-02 -4.000000000000669687e-04 3.648099999999999715e-04 4.585998400000000363e-01 9.859600000000000308e-02 2.866249000000000227e-02 2.383936000000000388e-02 2.666689599999999549e-01 1.345599999999999856e-04 1.062760000000004821e-03 1.276899999999994771e-04 2.600999999999993224e-05 1.149209999999999034e-03 1.600000000000535782e-07 1.140072625000000000e+06 1.173450250000000000e+06
1.000000000000000000e+00 -6.010000000000000064e-02 6.881000000000000449e-01 3.214000000000000190e-01 1.439000000000000001e-01 -1.635000000000000064e-01 5.234999999999999654e-01 -4.100000000000000172e-02 1.090000000000002078e-02 7.400000000000017675e-03 -2.540000000000000591e-02 -9.099999999999996980e-03 7.099999999999995204e-03 3.612010000000000134e-03 4.734816100000000527e-01 1.032979600000000081e-01 2.070721000000000020e-02 2.673225000000000254e-02 2.740522499999999417e-01 1.681000000000000202e-03 1.188100000000004566e-04 5.476000000000026175e-05 6.451600000000003079e-04 8.280999999999994745e-05 5.040999999999993240e-05 1.139398500000000000e+06 1.173559000000000000e+06
1.000000000000000000e+00 -7.270000000000000073e-02 6.702000000000000179e-01 2.942000000000000171e-01 1.446999999999999953e-01 -1.562999999999999945e-01 5.338000000000000522e-01 -1.260000000000000009e-02 -1.790000000000002700e-02 -2.720000000000000195e-02 7.999999999999951594e-04 7.200000000000011946e-03 1.030000000000008686e-02 5.285289999999999780e-03 4.491680400000000462e-01 8.655364000000001501e-02 2.093808999999999948e-02 2.442968999999999696e-02 2.849424400000000746e-01 1.587600000000000046e-04 3.204100000000009523e-04 7.398400000000000722e-04 6.399999999999922842e-07 5.184000000000017451e-05 1.060900000000017845e-04 1.138972250000000000e+06 1.174213250000000000e+06
1.000000000000000000e+00 -5.630000000000000282e-02 6.889999999999999458e-01 2.333999999999999964e-01 1.670999999999999985e-01 -1.486000000000000099e-01 4.920999999999999819e-01 1.639999999999999791e-02 1.879999999999992788e-02 -6.080000000000002069e-02 2.240000000000000324e-02 7.699999999999984635e-03 -4.170000000000007034e-02 3.169690000000000181e-03 4.747209999999999486e-01 5.447555999999999926e-02 2.792240999999999820e-02 2.208196000000000464e-02 2.421624099999999946e-01 2.689599999999999456e-04 3.534399999999972937e-04 3.696640000000002337e-03 5.017600000000001833e-04 5.928999999999976607e-05 1.738890000000005952e-03 1.141382000000000000e+06 1.175547250000000000e+06
1.000000000000000000e+00 -2.759999999999999953e-02 6.845999999999999863e-01 2.682999999999999829e-01 1.723999999999999977e-01 -1.781999999999999973e-01 5.068000000000000282e-01 2.870000000000000329e-02 -4.399999999999959499e-03 3.489999999999998659e-02 5.299999999999999156e-03 -2.959999999999998743e-02 1.470000000000004636e-02 7.617599999999999979e-04 4.686771599999999816e-01 7.198488999999999582e-02 2.972175999999999985e-02 3.175523999999999708e-02 2.568462400000000034e-01 8.236900000000001859e-04 1.935999999999964523e-05 1.218009999999998972e-03 2.808999999999999025e-05 8.761599999999993092e-04 2.160900000000013548e-04 1.140615750000000000e+06 1.173711000000000000e+06
1.000000000000000000e+00 2.079999999999999905e-02 6.860000000000000542e-01 3.045999999999999819e-01 1.827000000000000013e-01 -1.801999999999999991e-01 5.002999999999999670e-01 4.839999999999999858e-02 1.400000000000067857e-03 3.629999999999999893e-02 1.030000000000000360e-02 -2.000000000000001776e-03 -6.500000000000061284e-03 4.326399999999999777e-04 4.705960000000000698e-01 9.278115999999998753e-02 3.337928999999999896e-02 3.247204000000000063e-02 2.503000899999999751e-01 2.342560000000000042e-03 1.960000000000190028e-06 1.317689999999999834e-03 1.060900000000000769e-04 4.000000000000007442e-06 4.225000000000079658e-05 1.139655375000000000e+06 1.171134000000000000e+06
1.000000000000000000e+00 2.419999999999999929e-02 7.632999999999999785e-01 4.279000000000000026e-01 1.691999999999999893e-01 -1.756999999999999951e-01 5.376999999999999558e-01 3.400000000000000244e-03 7.729999999999992433e-02 1.233000000000000207e-01 -1.350000000000001199e-02 4.500000000000003997e-03 3.739999999999998881e-02 5.856400000000000104e-04 5.826268900000000084e-01 1.830984099999999892e-01 2.862863999999999687e-02 3.087048999999999696e-02 2.891212899999999753e-01 1.156000000000000113e-05 5.975289999999988146e-03 1.520289000000000536e-02 1.822500000000003371e-04 2.025000000000003482e-05 1.398759999999999110e-03 1.139251125000000000e+06 1.171576125000000000e+06
1.000000000000000000e+00 1.370000000000000037e-02 7.816999999999999504e-01 4.501999999999999891e-01 1.487999999999999878e-01 -1.640000000000000069e-01 5.719999999999999529e-01 -1.049999999999999892e-02 1.839999999999997193e-02 2.229999999999998650e-02 -2.040000000000000147e-02 1.169999999999998819e-02 3.429999999999999716e-02 1.876900000000000139e-04 6.110548899999999062e-01 2.026800399999999780e-01 2.214143999999999488e-02 2.689600000000000324e-02 3.271839999999999193e-01 1.102499999999999829e-04 3.385599999999989811e-04 4.972899999999994079e-04 4.161600000000000542e-04 1.368899999999997278e-04 1.176489999999999871e-03 1.139935500000000000e+06 1.175207000000000000e+06
1.000000000000000000e+00 -5.499999999999999681e-03 7.389999999999999902e-01 3.588000000000000078e-01 1.340999999999999970e-01 -1.250999999999999890e-01 5.606999999999999762e-01 -1.920000000000000179e-02 -4.269999999999996021e-02 -9.139999999999998126e-02 -1.469999999999999085e-02 3.890000000000001790e-02 -1.129999999999997673e-02 3.024999999999999667e-05 5.461209999999999676e-01 1.287374400000000085e-01 1.798280999999999838e-02 1.565000999999999892e-02 3.143844899999999609e-01 3.686400000000000484e-04 1.823289999999996511e-03 8.353959999999997083e-03 2.160899999999997285e-04 1.513210000000001377e-03 1.276899999999994771e-04 1.139999000000000000e+06 1.174486250000000000e+06
1.000000000000000000e+00 1.140000000000000041e-02 7.026999999999999913e-01 2.010000000000000120e-01 1.567000000000000060e-01 -9.479999999999999538e-02 5.520000000000000462e-01 1.689999999999999836e-02 -3.629999999999999893e-02 -1.577999999999999958e-01 2.260000000000000897e-02 3.029999999999999361e-02 -8.699999999999930012e-03 1.299600000000000093e-04 4.937872899999999898e-01 4.040100000000000635e-02 2.455489000000000283e-02 8.987039999999999959e-03 3.047040000000000304e-01 2.856099999999999438e-04 1.317689999999999834e-03 2.490083999999999700e-02 5.107600000000004021e-04 9.180899999999996616e-04 7.568999999999878234e-05 1.140217125000000000e+06 1.172827000000000000e+06
1.000000000000000000e+00 3.099999999999999891e-03 7.520000000000000018e-01 2.524000000000000132e-01 1.575000000000000011e-01 -1.131999999999999951e-01 6.016000000000000236e-01 -8.300000000000000086e-03 4.930000000000001048e-02 5.140000000000000124e-02 7.999999999999951594e-04 -1.839999999999999969e-02 4.959999999999997744e-02 9.609999999999999470e-06 5.655040000000000067e-01 6.370576000000000016e-02 2.480625000000000191e-02 1.281423999999999931e-02 3.619225600000000043e-01 6.888999999999999941e-05 2.430490000000000862e-03 2.641960000000000055e-03 6.399999999999922842e-07 3.385600000000000111e-04 2.460159999999997696e-03 1.139569875000000000e+06 1.170710000000000000e+06
1.000000000000000000e+00 -1.799999999999999951e-03 7.689000000000000279e-01 2.515000000000000013e-01 1.482999999999999874e-01 -6.969999999999999807e-02 6.342999999999999750e-01 -4.899999999999999842e-03 1.690000000000002611e-02 -9.000000000000119016e-04 -9.200000000000013722e-03 4.349999999999999700e-02 3.269999999999995133e-02 3.239999999999999896e-06 5.912072100000000940e-01 6.325224999999999598e-02 2.199288999999999758e-02 4.858089999999999804e-03 4.023364899999999911e-01 2.400999999999999882e-05 2.856100000000008654e-04 8.100000000000214674e-07 8.464000000000024672e-05 1.892249999999999835e-03 1.069289999999996832e-03 1.141968875000000000e+06 1.176372500000000000e+06
1.000000000000000000e+00 -6.499999999999999702e-03 7.402999999999999581e-01 2.310000000000000109e-01 1.423999999999999988e-01 -4.479999999999999954e-02 6.371999999999999886e-01 -4.699999999999999317e-03 -2.860000000000006981e-02 -2.049999999999999045e-02 -5.899999999999988587e-03 2.489999999999999852e-02 2.900000000000013678e-03 4.224999999999999698e-05 5.480440899999999838e-01 5.336100000000000565e-02 2.027775999999999884e-02 2.007039999999999866e-03 4.060238399999999692e-01 2.208999999999999348e-05 8.179600000000039660e-04 4.202499999999996169e-04 3.480999999999986492e-05 6.200099999999999405e-04 8.410000000000078722e-06 1.140979125000000000e+06 1.174203125000000000e+06
1.000000000000000000e+00 -2.189999999999999933e-02 7.460999999999999854e-01 2.124000000000000055e-01 1.386999999999999900e-01 -4.139999999999999930e-02 6.558000000000000496e-01 -1.540000000000000049e-02 5.800000000000027356e-03 -1.860000000000000542e-02 -3.700000000000008837e-03 3.400000000000000244e-03 1.860000000000006093e-02 4.796099999999999973e-04 5.566652100000000214e-01 4.511376000000000275e-02 1.923768999999999826e-02 1.713960000000000049e-03 4.300736400000000903e-01 2.371600000000000129e-04 3.364000000000031489e-05 3.459600000000001910e-04 1.369000000000006544e-05 1.156000000000000113e-05 3.459600000000022510e-04 1.140089875000000000e+06 1.170235625000000000e+06
1.000000000000000000e+00 -1.959999999999999937e-02 7.586000000000000520e-01 2.263000000000000012e-01 1.463000000000000134e-01 -6.300000000000000044e-02 6.538000000000000478e-01 2.299999999999999961e-03 1.250000000000006661e-02 1.389999999999999569e-02 7.600000000000023404e-03 -2.160000000000000114e-02 -2.000000000000001776e-03 3.841599999999999811e-04 5.754739600000000621e-01 5.121168999999999721e-02 2.140369000000000299e-02 3.969000000000000306e-03 4.274544400000000466e-01 5.290000000000000174e-06 1.562500000000016567e-04 1.932099999999998933e-04 5.776000000000035500e-05 4.665600000000000324e-04 4.000000000000007442e-06 1.139654250000000000e+06 1.171576500000000000e+06
1.000000000000000000e+00 -1.930000000000000118e-02 7.592999999999999750e-01 2.056000000000000050e-01 1.406999999999999917e-01 -6.310000000000000331e-02 6.680000000000000382e-01 2.999999999999981848e-04 6.999999999999229061e-04 -2.069999999999999618e-02 -5.600000000000021627e-03 -1.000000000000028644e-04 1.419999999999999041e-02 3.724900000000000606e-04 5.765364899999999571e-01 4.227136000000000088e-02 1.979648999999999645e-02 3.981610000000000010e-03 4.462240000000000650e-01 8.999999999999891331e-08 4.899999999998920764e-07 4.284899999999998497e-04 3.136000000000024185e-05 1.000000000000057262e-08 2.016399999999997296e-04 1.141120000000000000e+06 1.174823625000000000e+06
1.000000000000000000e+00 5.300000000000000024e-03 7.288000000000000034e-01 2.762000000000000011e-01 1.325999999999999956e-01 -6.850000000000000533e-02 6.810000000000000497e-01 2.460000000000000034e-02 -3.049999999999997158e-02 7.059999999999999609e-02 -8.099999999999996092e-03 -5.400000000000002021e-03 1.300000000000001155e-02 2.809000000000000041e-05 5.311494399999999727e-01 7.628643999999999703e-02 1.758275999999999936e-02 4.692250000000001108e-03 4.637610000000000898e-01 6.051599999999999861e-04 9.302499999999982441e-04 4.984359999999999312e-03 6.560999999999993595e-05 2.916000000000002236e-05 1.690000000000003132e-04 1.140844625000000000e+06 1.173098375000000000e+06
1.000000000000000000e+00 3.200000000000000153e-03 7.994999999999999885e-01 2.609000000000000208e-01 1.337000000000000133e-01 -8.039999999999999925e-02 6.600000000000000311e-01 -2.099999999999999870e-03 7.069999999999998508e-02 -1.529999999999998028e-02 1.100000000000017630e-03 -1.189999999999999392e-02 -2.100000000000001865e-02 1.024000000000000021e-05 6.392002500000000254e-01 6.806881000000000737e-02 1.787569000000000310e-02 6.464160000000000045e-03 4.356000000000000427e-01 4.409999999999999282e-06 4.998489999999997796e-03 2.340899999999994071e-04 1.210000000000038813e-06 1.416099999999998588e-04 4.410000000000007989e-04 1.140604625000000000e+06 1.173220125000000000e+06
1.000000000000000000e+00 -2.009999999999999981e-02 7.707000000000000517e-01 1.764999999999999902e-01 1.355999999999999983e-01 -6.759999999999999343e-02 6.555999999999999606e-01 -2.330000000000000127e-02 -2.879999999999993676e-02 -8.440000000000003055e-02 1.899999999999985034e-03 1.280000000000000582e-02 -4.400000000000070521e-03 4.040100000000000028e-04 5.939784900000000256e-01 3.115224999999999592e-02 1.838735999999999843e-02 4.569759999999999101e-03 4.298113599999999757e-01 5.428900000000000826e-04 8.294399999999963954e-04 7.123360000000004792e-03 3.609999999999942990e-06 1.638400000000001390e-04 1.936000000000062102e-05 1.140500500000000000e+06 1.173029125000000000e+06
1.000000000000000000e+00 -6.519999999999999407e-02 7.747000000000000552e-01 2.134000000000000064e-01 1.074999999999999983e-01 -7.209999999999999742e-02 6.767999999999999572e-01 -4.509999999999999426e-02 4.000000000000003553e-03 3.690000000000001612e-02 -2.809999999999999998e-02 -4.500000000000003997e-03 2.119999999999999662e-02 4.251039999999999333e-03 6.001600900000000349e-01 4.553955999999999976e-02 1.155624999999999881e-02 5.198409999999999663e-03 4.580582399999999499e-01 2.034009999999999291e-03 1.600000000000002977e-05 1.361610000000001161e-03 7.896100000000000514e-04 2.025000000000003482e-05 4.494399999999998440e-04 1.139688250000000000e+06 1.171420250000000000e+06
1.000000000000000000e+00 -6.660000000000000642e-02 8.276000000000000023e-01 2.393000000000000127e-01 1.098999999999999977e-01 -5.820000000000000173e-02 6.652000000000000135e-01 -1.400000000000012346e-03 5.289999999999994706e-02 2.590000000000000635e-02 2.399999999999999356e-03 1.389999999999999569e-02 -1.159999999999994369e-02 4.435560000000000717e-03 6.849217600000000461e-01 5.726449000000000816e-02 1.207801000000000013e-02 3.387240000000000129e-03 4.424910400000000021e-01 1.960000000000034597e-06 2.798409999999994235e-03 6.708100000000003079e-04 5.759999999999996521e-06 1.932099999999998933e-04 1.345599999999986846e-04 1.140514000000000000e+06 1.174925375000000000e+06
1.000000000000000000e+00 -8.290000000000000147e-02 8.245999999999999996e-01 2.348000000000000087e-01 1.043000000000000038e-01 -7.349999999999999589e-02 6.642000000000000126e-01 -1.629999999999999505e-02 -3.000000000000002665e-03 -4.500000000000003997e-03 -5.599999999999993872e-03 -1.529999999999999416e-02 -1.000000000000000888e-03 6.872410000000000671e-03 6.799651599999999574e-01 5.513104000000000615e-02 1.087849000000000108e-02 5.402249999999999067e-03 4.411616400000000215e-01 2.656899999999998499e-04 9.000000000000015475e-06 2.025000000000003482e-05 3.135999999999993014e-05 2.340899999999998136e-04 1.000000000000001861e-06 1.141569250000000000e+06 1.178129000000000000e+06
1.000000000000000000e+00 -1.262999999999999956e-01 8.433000000000000496e-01 2.710000000000000187e-01 8.559999999999999554e-02 -6.370000000000000662e-02 6.886999999999999789e-01 -4.339999999999999414e-02 1.870000000000004992e-02 3.620000000000000995e-02 -1.870000000000000828e-02 9.799999999999989275e-03 2.449999999999996625e-02 1.595168999999999754e-02 7.111548900000000950e-01 7.344100000000000628e-02 7.327359999999998909e-03 4.057690000000000949e-03 4.743076899999999485e-01 1.883559999999999401e-03 3.496900000000018917e-04 1.310440000000000823e-03 3.496900000000003196e-04 9.603999999999979198e-05 6.002499999999983543e-04 1.142104875000000000e+06 1.176592500000000000e+06
1.000000000000000000e+00 -1.836000000000000132e-01 8.429999999999999716e-01 2.651000000000000023e-01 7.290000000000000646e-02 -7.119999999999999940e-02 6.994000000000000217e-01 -5.730000000000001759e-02 -3.000000000000779821e-04 -5.900000000000016342e-03 -1.269999999999998908e-02 -7.499999999999992784e-03 1.070000000000004281e-02 3.370896000000000309e-02 7.106489999999999752e-01 7.027801000000000187e-02 5.314410000000001182e-03 5.069439999999999710e-03 4.891603600000000163e-01 3.283290000000002075e-03 9.000000000004678391e-08 3.481000000000019018e-05 1.612899999999997246e-04 5.624999999999989004e-05 1.144900000000009181e-04 1.141627375000000000e+06 1.175758125000000000e+06
1.000000000000000000e+00 -2.363999999999999990e-01 8.332000000000000517e-01 2.872000000000000108e-01 6.829999999999999960e-02 -7.839999999999999747e-02 6.831000000000000405e-01 -5.279999999999998583e-02 -9.799999999999919886e-03 2.210000000000000853e-02 -4.600000000000006861e-03 -7.199999999999998068e-03 -1.629999999999998117e-02 5.588495999999999742e-02 6.942222400000001015e-01 8.248384000000000271e-02 4.664889999999999662e-03 6.146559999999999697e-03 4.666256100000000795e-01 2.787839999999998462e-03 9.603999999999842318e-05 4.884100000000004280e-04 2.116000000000006168e-05 5.183999999999997123e-05 2.656899999999993620e-04 1.139284750000000000e+06 1.172509250000000000e+06
1.000000000000000000e+00 -3.013000000000000123e-01 8.569999999999999840e-01 3.192999999999999727e-01 4.839999999999999858e-02 -6.460000000000000464e-02 6.956999999999999851e-01 -6.490000000000001323e-02 2.379999999999993232e-02 3.209999999999996190e-02 -1.990000000000000102e-02 1.379999999999999283e-02 1.259999999999994458e-02 9.078169000000001210e-02 7.344490000000000185e-01 1.019524899999999790e-01 2.342560000000000042e-03 4.173160000000000411e-03 4.839984900000000034e-01 4.212010000000002141e-03 5.664399999999967248e-04 1.030409999999997448e-03 3.960100000000000252e-04 1.904399999999998097e-04 1.587599999999985952e-04 1.139318375000000000e+06 1.172481125000000000e+06
1.000000000000000000e+00 -2.834999999999999742e-01 9.032000000000000028e-01 3.861999999999999877e-01 4.610000000000000209e-02 -1.063999999999999946e-01 7.286000000000000254e-01 1.780000000000003801e-02 4.620000000000001883e-02 6.690000000000001501e-02 -2.299999999999996492e-03 -4.179999999999998994e-02 3.290000000000004032e-02 8.037224999999999231e-02 8.157702399999999798e-01 1.491504399999999952e-01 2.125210000000000207e-03 1.132095999999999970e-02 5.308579600000000731e-01 3.168400000000013371e-04 2.134440000000001770e-03 4.475610000000002260e-03 5.289999999999984080e-06 1.747239999999999080e-03 1.082410000000002615e-03 1.139975750000000000e+06 1.172147500000000000e+06
1.000000000000000000e+00 -2.740000000000000213e-01 9.274000000000000021e-01 4.492999999999999772e-01 3.350000000000000200e-02 -1.098999999999999977e-01 7.641999999999999904e-01 9.499999999999952927e-03 2.419999999999999929e-02 6.309999999999998943e-02 -1.260000000000000009e-02 -3.500000000000003109e-03 3.559999999999996501e-02 7.507600000000001772e-02 8.600707600000000452e-01 2.018704899999999858e-01 1.122250000000000201e-03 1.207801000000000013e-02 5.840016399999999885e-01 9.024999999999910373e-05 5.856400000000000104e-04 3.981609999999998276e-03 1.587600000000000046e-04 1.225000000000002163e-05 1.267359999999997542e-03 1.138950750000000000e+06 1.170876625000000000e+06
1.000000000000000000e+00 -2.218999999999999861e-01 9.012000000000000011e-01 4.025000000000000244e-01 6.270000000000000573e-02 -1.210999999999999993e-01 7.765999999999999570e-01 5.210000000000003517e-02 -2.620000000000000107e-02 -4.679999999999995275e-02 2.920000000000000373e-02 -1.120000000000000162e-02 1.239999999999996660e-02 4.923960999999999616e-02 8.121614400000000122e-01 1.620062500000000183e-01 3.931290000000000479e-03 1.466520999999999970e-02 6.031075599999999870e-01 2.714410000000003469e-03 6.864400000000000753e-04 2.190239999999995645e-03 8.526400000000002120e-04 1.254400000000000458e-04 1.537599999999991784e-04 1.140547250000000000e+06 1.171116000000000000e+06
1.000000000000000000e+00 -2.742999999999999883e-01 9.524000000000000243e-01 4.777000000000000135e-01 3.860000000000000236e-02 -1.686999999999999889e-01 7.821000000000000174e-01 -5.240000000000000213e-02 5.120000000000002327e-02 7.519999999999998908e-02 -2.410000000000000336e-02 -4.759999999999998954e-02 5.500000000000060396e-03 7.524048999999999321e-02 9.070657600000000542e-01 2.281972900000000248e-01 1.489960000000000243e-03 2.845968999999999582e-02 6.116804100000000632e-01 2.745760000000000301e-03 2.621440000000002223e-03 5.655039999999998332e-03 5.808100000000001803e-04 2.265759999999999042e-03 3.025000000000066413e-05 1.139761500000000000e+06 1.171398500000000000e+06
1.000000000000000000e+00 -2.834999999999999742e-01 9.664000000000000368e-01 4.865999999999999770e-01 4.580000000000000043e-02 -2.013999999999999957e-01 7.788000000000000478e-01 -9.199999999999985967e-03 1.400000000000001243e-02 8.899999999999963496e-03 7.199999999999998068e-03 -3.270000000000000684e-02 -3.299999999999969624e-03 8.037224999999999231e-02 9.339289600000000302e-01 2.367795599999999723e-01 2.097640000000000008e-03 4.056196000000000107e-02 6.065294400000000863e-01 8.463999999999974528e-05 1.960000000000003460e-04 7.920999999999934495e-05 5.183999999999997123e-05 1.069290000000000518e-03 1.088999999999979917e-05 1.138789625000000000e+06 1.170473250000000000e+06
1.000000000000000000e+00 -2.492000000000000048e-01 9.532000000000000473e-01 3.970000000000000195e-01 7.420000000000000207e-02 -1.986999999999999877e-01 7.361999999999999655e-01 3.429999999999996940e-02 -1.319999999999998952e-02 -8.959999999999995746e-02 2.840000000000000163e-02 2.700000000000007949e-03 -4.260000000000008225e-02 6.210064000000000556e-02 9.085902400000001045e-01 1.576090000000000269e-01 5.505640000000000013e-03 3.948168999999999290e-02 5.419904399999999622e-01 1.176489999999997919e-03 1.742399999999997141e-04 8.028159999999992524e-03 8.065600000000001111e-04 7.290000000000042858e-06 1.814760000000007053e-03 1.138789750000000000e+06 1.172971375000000000e+06
1.000000000000000000e+00 -2.464000000000000079e-01 9.544000000000000261e-01 3.464999999999999747e-01 8.100000000000000255e-02 -2.222000000000000086e-01 7.280999999999999694e-01 2.799999999999996936e-03 1.199999999999978861e-03 -5.050000000000004485e-02 6.800000000000000488e-03 -2.350000000000002087e-02 -8.099999999999996092e-03 6.071296000000000331e-02 9.108793600000000268e-01 1.200622499999999815e-01 6.560999999999999992e-03 4.937284000000000117e-02 5.301296099999999178e-01 7.839999999999982535e-06 1.439999999999949367e-06 2.550250000000004336e-03 4.624000000000000451e-05 5.522500000000009823e-04 6.560999999999993595e-05 1.138868625000000000e+06 1.175172625000000000e+06
1.000000000000000000e+00 -1.970000000000000084e-01 8.975999999999999535e-01 2.242000000000000104e-01 1.015000000000000069e-01 -2.021999999999999909e-01 6.826999999999999735e-01 4.939999999999999947e-02 -5.680000000000007265e-02 -1.222999999999999643e-01 2.050000000000000433e-02 2.000000000000001776e-02 -4.539999999999999591e-02 3.880900000000000322e-02 8.056857599999999175e-01 5.026564000000000726e-02 1.030225000000000064e-02 4.088483999999999868e-02 4.660792899999999794e-01 2.440359999999999925e-03 3.226240000000008250e-03 1.495728999999999115e-02 4.202500000000001590e-04 4.000000000000007239e-04 2.061159999999999815e-03 1.141147875000000000e+06 1.177682750000000000e+06
1.000000000000000000e+00 -1.857999999999999929e-01 9.002000000000000002e-01 2.313000000000000056e-01 1.078000000000000069e-01 -1.635000000000000064e-01 6.645999999999999686e-01 1.120000000000001550e-02 2.600000000000046718e-03 7.099999999999995204e-03 6.300000000000000044e-03 3.869999999999998441e-02 -1.810000000000000497e-02 3.452163999999999927e-02 8.103600399999999482e-01 5.349969000000000252e-02 1.162084000000000207e-02 2.673225000000000254e-02 4.416931599999999736e-01 1.254400000000003440e-04 6.760000000000242750e-06 5.040999999999993240e-05 3.969000000000000116e-05 1.497689999999998788e-03 3.276100000000002057e-04 1.141510375000000000e+06 1.174912000000000000e+06
1.000000000000000000e+00 -2.142999999999999905e-01 1.005800000000000027e+00 2.867999999999999994e-01 9.850000000000000422e-02 -1.743999999999999995e-01 6.877999999999999670e-01 -2.849999999999999756e-02 1.056000000000000272e-01 5.549999999999999378e-02 -9.300000000000002709e-03 -1.089999999999999303e-02 2.319999999999999840e-02 4.592448999999999837e-02 1.011633640000000112e+00 8.225424000000000624e-02 9.702250000000000804e-03 3.041535999999999892e-02 4.730688399999999350e-01 8.122499999999998211e-04 1.115136000000000599e-02 3.080249999999999221e-03 8.649000000000004774e-05 1.188099999999998467e-04 5.382399999999999424e-04 1.142273750000000000e+06 1.179604125000000000e+06
1.000000000000000000e+00 -2.366000000000000048e-01 1.012999999999999901e+00 3.168000000000000260e-01 8.340000000000000191e-02 -1.411000000000000032e-01 7.007999999999999785e-01 -2.230000000000001426e-02 7.199999999999873168e-03 3.000000000000002665e-02 -1.510000000000000231e-02 3.329999999999999627e-02 1.300000000000001155e-02 5.597956000000000459e-02 1.026168999999999887e+00 1.003622400000000192e-01 6.955560000000000388e-03 1.990921000000000010e-02 4.911206399999999972e-01 4.972900000000006005e-04 5.183999999999817552e-05 9.000000000000016017e-04 2.280100000000000616e-04 1.108889999999999746e-03 1.690000000000003132e-04 1.143225250000000000e+06 1.181661750000000000e+06
1.000000000000000000e+00 -2.268999999999999906e-01 9.729999999999999760e-01 2.883999999999999897e-01 8.799999999999999489e-02 -1.265999999999999903e-01 6.840000000000000524e-01 9.700000000000014166e-03 -3.999999999999992450e-02 -2.840000000000003633e-02 4.599999999999992983e-03 1.450000000000001288e-02 -1.679999999999992610e-02 5.148360999999999910e-02 9.467289999999999317e-01 8.317455999999999461e-02 7.743999999999999148e-03 1.602755999999999625e-02 4.678560000000000496e-01 9.409000000000027313e-05 1.599999999999994005e-03 8.065600000000020626e-04 2.115999999999993632e-05 2.102500000000003672e-04 2.822399999999975146e-04 1.141809875000000000e+06 1.175192375000000000e+06
1.000000000000000000e+00 -2.610000000000000098e-01 1.017700000000000049e+00 2.752999999999999892e-01 6.750000000000000444e-02 -9.579999999999999627e-02 7.062000000000000499e-01 -3.410000000000001918e-02 4.470000000000007301e-02 -1.310000000000000053e-02 -2.049999999999999045e-02 3.079999999999999405e-02 2.219999999999999751e-02 6.812100000000000100e-02 1.035713290000000120e+00 7.579008999999999052e-02 4.556250000000000404e-03 9.177639999999999063e-03 4.987184400000000961e-01 1.162810000000001317e-03 1.998090000000006614e-03 1.716100000000000188e-04 4.202499999999996169e-04 9.486399999999996181e-04 4.928399999999999231e-04 1.139159250000000000e+06 1.169283125000000000e+06
1.000000000000000000e+00 -2.963999999999999968e-01 1.045500000000000096e+00 3.189000000000000168e-01 5.720000000000000084e-02 -1.219999999999999973e-01 6.941000000000000503e-01 -3.539999999999998703e-02 2.780000000000004690e-02 4.360000000000002762e-02 -1.030000000000000360e-02 -2.620000000000000107e-02 -1.209999999999999964e-02 8.785295999999999383e-02 1.093070250000000243e+00 1.016972100000000101e-01 3.271840000000000252e-03 1.488399999999999966e-02 4.817748100000000533e-01 1.253159999999999040e-03 7.728400000000026091e-04 1.900960000000002318e-03 1.060900000000000769e-04 6.864400000000000753e-04 1.464100000000000026e-04 1.138008625000000000e+06 1.166421250000000000e+06
1.000000000000000000e+00 -3.128000000000000225e-01 1.070400000000000018e+00 3.543000000000000038e-01 3.679999999999999938e-02 -1.019999999999999934e-01 7.412999999999999590e-01 -1.640000000000002567e-02 2.489999999999992220e-02 3.539999999999998703e-02 -2.040000000000000147e-02 2.000000000000000389e-02 4.719999999999990870e-02 9.784384000000001524e-02 1.145756160000000135e+00 1.255284899999999926e-01 1.354240000000000044e-03 1.040399999999999832e-02 5.495256899999999556e-01 2.689600000000008672e-04 6.200099999999961458e-04 1.253159999999999040e-03 4.161600000000000542e-04 4.000000000000001818e-04 2.227839999999991355e-03 1.139019250000000000e+06 1.170235500000000000e+06
1.000000000000000000e+00 -3.266000000000000014e-01 1.049400000000000110e+00 3.438999999999999835e-01 1.799999999999999864e-02 -9.460000000000000353e-02 7.418000000000000149e-01 -1.379999999999997895e-02 -2.099999999999990763e-02 -1.040000000000002034e-02 -1.880000000000000074e-02 7.399999999999989919e-03 5.000000000000559552e-04 1.066675599999999946e-01 1.101240360000000251e+00 1.182672099999999837e-01 3.239999999999999608e-04 8.949160000000001142e-03 5.502672400000000463e-01 1.904399999999994303e-04 4.409999999999961368e-04 1.081600000000004281e-04 3.534400000000000042e-04 5.475999999999984840e-05 2.500000000000559458e-07 1.140744375000000000e+06 1.172317625000000000e+06
1.000000000000000000e+00 -3.309000000000000274e-01 1.114700000000000024e+00 4.374000000000000110e-01 1.000000000000000048e-04 -1.218000000000000055e-01 7.641999999999999904e-01 -4.300000000000026024e-03 6.529999999999991367e-02 9.350000000000002753e-02 -1.789999999999999925e-02 -2.720000000000000195e-02 2.239999999999997549e-02 1.094948100000000119e-01 1.242556090000000113e+00 1.913187600000000044e-01 1.000000000000000021e-08 1.483524000000000127e-02 5.840016399999999885e-01 1.849000000000022446e-05 4.264089999999988619e-03 8.742250000000005225e-03 3.204099999999999765e-04 7.398400000000000722e-04 5.017599999999988823e-04 1.139165125000000000e+06 1.169861125000000000e+06
1.000000000000000000e+00 -3.247999999999999776e-01 1.133499999999999952e+00 4.132000000000000117e-01 -8.999999999999999754e-04 -9.539999999999999869e-02 7.804999999999999716e-01 6.100000000000049827e-03 1.879999999999992788e-02 -2.419999999999999929e-02 -1.000000000000000021e-03 2.640000000000000679e-02 1.629999999999998117e-02 1.054950399999999844e-01 1.284822249999999944e+00 1.707342400000000093e-01 8.099999999999999739e-07 9.101160000000000500e-03 6.091802499999999787e-01 3.721000000000060766e-05 3.534399999999972937e-04 5.856400000000000104e-04 9.999999999999999547e-07 6.969600000000003744e-04 2.656899999999993620e-04 1.138638000000000000e+06 1.170162750000000000e+06
1.000000000000000000e+00 -3.266999999999999904e-01 1.066400000000000015e+00 3.387000000000000011e-01 6.499999999999999702e-03 -1.081000000000000016e-01 7.976999999999999647e-01 -1.900000000000012790e-03 -6.709999999999993747e-02 -7.450000000000001066e-02 7.399999999999999460e-03 -1.270000000000000295e-02 1.719999999999999307e-02 1.067328899999999969e-01 1.137208959999999935e+00 1.147176899999999972e-01 4.224999999999999698e-05 1.168561000000000079e-02 6.363252899999999324e-01 3.610000000000048446e-06 4.502409999999991419e-03 5.550250000000001363e-03 5.475999999999999070e-05 1.612900000000000770e-04 2.958399999999997425e-04 1.138817625000000000e+06 1.169168125000000000e+06
1.000000000000000000e+00 -3.138000000000000234e-01 1.036000000000000032e+00 2.832000000000000073e-01 1.859999999999999848e-02 -7.689999999999999614e-02 7.997999999999999554e-01 1.289999999999996705e-02 -3.039999999999998259e-02 -5.549999999999999378e-02 1.209999999999999964e-02 3.120000000000000551e-02 2.099999999999990763e-03 9.847044000000002018e-02 1.073296000000000028e+00 8.020224000000000797e-02 3.459599999999999199e-04 5.913609999999999700e-03 6.396800399999998943e-01 1.664099999999991606e-04 9.241599999999989580e-04 3.080249999999999221e-03 1.464100000000000026e-04 9.734400000000003293e-04 4.409999999999961165e-06 1.138662750000000000e+06 1.167809500000000000e+06
1.000000000000000000e+00 -3.185000000000000053e-01 1.094100000000000072e+00 3.289000000000000257e-01 1.409999999999999969e-02 -9.589999999999999913e-02 8.056999999999999718e-01 -4.699999999999981970e-03 5.810000000000004050e-02 4.570000000000001839e-02 -4.499999999999998793e-03 -1.900000000000000300e-02 5.900000000000016342e-03 1.014422499999999977e-01 1.197054810000000247e+00 1.081752100000000216e-01 1.988100000000000023e-04 9.196809999999999707e-03 6.491524899999999709e-01 2.208999999999983085e-05 3.375610000000004579e-03 2.088490000000001873e-03 2.024999999999999077e-05 3.610000000000001012e-04 3.481000000000019018e-05 1.138924375000000000e+06 1.168690875000000000e+06
1.000000000000000000e+00 -2.859999999999999765e-01 1.101900000000000102e+00 2.775000000000000244e-01 3.080000000000000099e-02 -1.003000000000000003e-01 8.129999999999999449e-01 3.250000000000002887e-02 7.800000000000029132e-03 -5.140000000000000124e-02 1.669999999999999957e-02 -4.400000000000001132e-03 7.299999999999973177e-03 8.179599999999997983e-02 1.214183610000000302e+00 7.700625000000001219e-02 9.486400000000000518e-04 1.006009000000000070e-02 6.609689999999999177e-01 1.056250000000001849e-03 6.084000000000045426e-05 2.641960000000000055e-03 2.788900000000000081e-04 1.936000000000001115e-05 5.328999999999960667e-05 1.140300250000000000e+06 1.172640250000000000e+06
1.000000000000000000e+00 -2.661000000000000032e-01 1.064899999999999958e+00 2.396999999999999964e-01 3.490000000000000047e-02 -9.489999999999999825e-02 8.195999999999999952e-01 1.989999999999997327e-02 -3.700000000000014388e-02 -3.780000000000002802e-02 4.099999999999999478e-03 5.400000000000002021e-03 6.600000000000050271e-03 7.080920999999999743e-02 1.134012009999999959e+00 5.745609000000000133e-02 1.218010000000000056e-03 9.006010000000000057e-03 6.717441600000000346e-01 3.960099999999989410e-04 1.369000000000010616e-03 1.428840000000002183e-03 1.680999999999999660e-05 2.916000000000002236e-05 4.356000000000066037e-05 1.140312250000000000e+06 1.172577625000000000e+06
1.000000000000000000e+00 -1.887999999999999956e-01 1.035800000000000054e+00 1.370000000000000037e-02 9.600000000000000200e-02 -7.560000000000000053e-02 8.429999999999999716e-01 7.730000000000000759e-02 -2.909999999999990372e-02 -2.260000000000000064e-01 6.110000000000000153e-02 1.929999999999999771e-02 2.339999999999997637e-02 3.564544000000000046e-02 1.072881640000000081e+00 1.876900000000000139e-04 9.216000000000000233e-03 5.715360000000000058e-03 7.106489999999999752e-01 5.975290000000001156e-03 8.468099999999943945e-04 5.107600000000000334e-02 3.733210000000000261e-03 3.724899999999998980e-04 5.475599999999989113e-04 1.140693625000000000e+06 1.175046125000000000e+06
1.000000000000000000e+00 -1.897999999999999965e-01 1.014100000000000001e+00 -2.670000000000000151e-02 1.076000000000000012e-01 -1.121000000000000052e-01 8.586000000000000298e-01 -1.000000000000000888e-03 -2.170000000000005258e-02 -4.040000000000000535e-02 1.159999999999999920e-02 -3.650000000000000466e-02 1.560000000000005826e-02 3.602404000000000023e-02 1.028398810000000108e+00 7.128900000000000948e-04 1.157775999999999944e-02 1.256641000000000181e-02 7.371939600000000370e-01 1.000000000000001861e-06 4.708900000000022898e-04 1.632160000000000338e-03 1.345599999999999856e-04 1.332250000000000318e-03 2.433600000000018171e-04 1.140760875000000000e+06 1.173700875000000000e+06
1.000000000000000000e+00 -1.608999999999999875e-01 1.019200000000000106e+00 -1.194000000000000061e-01 1.370000000000000107e-01 -1.187000000000000000e-01 8.035999999999999810e-01 2.890000000000000902e-02 5.100000000000104450e-03 -9.270000000000000462e-02 2.940000000000000946e-02 -6.599999999999994760e-03 -5.500000000000004885e-02 2.588880999999999474e-02 1.038768640000000243e+00 1.425636000000000091e-02 1.876900000000000443e-02 1.408969000000000020e-02 6.457729599999999515e-01 8.352100000000005093e-04 2.601000000000106387e-05 8.593290000000001691e-03 8.643600000000005402e-04 4.355999999999992853e-05 3.025000000000005549e-03 1.141805625000000000e+06 1.176510500000000000e+06
1.000000000000000000e+00 -1.771000000000000074e-01 1.022100000000000009e+00 -6.060000000000000109e-02 1.257000000000000062e-01 -1.358999999999999930e-01 8.084999999999999964e-01 -1.620000000000001994e-02 2.899999999999902656e-03 5.880000000000000504e-02 -1.130000000000000449e-02 -1.719999999999999307e-02 4.900000000000015454e-03 3.136441000000000229e-02 1.044688410000000012e+00 3.672359999999999947e-03 1.580049000000000037e-02 1.846880999999999870e-02 6.536722499999999547e-01 2.624400000000006654e-04 8.409999999999434977e-06 3.457440000000000426e-03 1.276900000000001005e-04 2.958399999999997425e-04 2.401000000000015128e-05 1.142381375000000000e+06 1.178922875000000000e+06
1.000000000000000000e+00 -1.552999999999999936e-01 1.078100000000000058e+00 7.109999999999999654e-02 9.379999999999999449e-02 -1.237000000000000044e-01 8.477000000000000091e-01 2.180000000000001381e-02 5.600000000000004974e-02 1.316999999999999837e-01 -3.190000000000001168e-02 1.219999999999998863e-02 3.920000000000001261e-02 2.411808999999999828e-02 1.162299610000000039e+00 5.055209999999999218e-03 8.798439999999999386e-03 1.530169000000000147e-02 7.185952899999999977e-01 4.752400000000005795e-04 3.136000000000005537e-03 1.734488999999999476e-02 1.017610000000000823e-03 1.488399999999997201e-04 1.536640000000001009e-03 1.141828625000000000e+06 1.179306875000000000e+06
1.000000000000000000e+00 -1.665999999999999981e-01 1.130100000000000104e+00 1.292000000000000093e-01 7.720000000000000473e-02 -1.228000000000000064e-01 8.384000000000000341e-01 -1.130000000000000449e-02 5.200000000000004619e-02 5.810000000000001275e-02 -1.659999999999998976e-02 8.999999999999980238e-04 -9.299999999999974953e-03 2.775555999999999857e-02 1.277126010000000145e+00 1.669264000000000164e-02 5.959840000000000970e-03 1.507984000000000234e-02 7.029145600000000771e-01 1.276900000000001005e-04 2.704000000000005011e-03 3.375610000000001543e-03 2.755599999999996724e-04 8.099999999999964799e-07 8.648999999999953275e-05 1.141946125000000000e+06 1.179336875000000000e+06
1.000000000000000000e+00 -2.139999999999999958e-01 1.112000000000000099e+00 1.305999999999999939e-01 4.590000000000000330e-02 -1.062000000000000027e-01 8.568999999999999950e-01 -4.739999999999999769e-02 -1.810000000000000497e-02 1.399999999999984590e-03 -3.130000000000000143e-02 1.660000000000000364e-02 1.849999999999996092e-02 4.579599999999999643e-02 1.236544000000000310e+00 1.705635999999999958e-02 2.106810000000000193e-03 1.127844000000000069e-02 7.342776100000000250e-01 2.246759999999999990e-03 3.276100000000002057e-04 1.959999999999956670e-06 9.796900000000000747e-04 2.755600000000001061e-04 3.422499999999985341e-04 1.138994750000000000e+06 1.175852625000000000e+06
1.000000000000000000e+00 -2.151000000000000134e-01 1.124100000000000099e+00 1.892000000000000071e-01 3.910000000000000281e-02 -8.970000000000000195e-02 8.864999999999999547e-01 -1.100000000000017630e-03 1.209999999999999964e-02 5.860000000000001319e-02 -6.800000000000000488e-03 1.650000000000000078e-02 2.959999999999995968e-02 4.626801000000000524e-02 1.263600810000000241e+00 3.579664000000000457e-02 1.528810000000000238e-03 8.046090000000000533e-03 7.858822499999998934e-01 1.210000000000038813e-06 1.464100000000000026e-04 3.433960000000001525e-03 4.624000000000000451e-05 2.722500000000000310e-04 8.761599999999975744e-04 1.138516625000000000e+06 1.172807750000000000e+06
1.000000000000000000e+00 -2.048000000000000098e-01 1.174199999999999910e+00 2.162000000000000033e-01 6.560000000000000553e-02 -1.039999999999999952e-01 8.931999999999999940e-01 1.030000000000000360e-02 5.009999999999981135e-02 2.699999999999999623e-02 2.650000000000000272e-02 -1.429999999999999327e-02 6.700000000000039257e-03 4.194304000000000088e-02 1.378745639999999772e+00 4.674244000000000315e-02 4.303360000000000865e-03 1.081599999999999923e-02 7.978062399999999998e-01 1.060900000000000769e-04 2.510009999999980937e-03 7.289999999999998304e-04 7.022500000000001831e-04 2.044899999999997989e-04 4.489000000000052735e-05 1.139571625000000000e+06 1.174215500000000000e+06
1.000000000000000000e+00 -1.958000000000000018e-01 1.168099999999999916e+00 1.496000000000000107e-01 7.099999999999999367e-02 -9.130000000000000615e-02 9.054999999999999716e-01 9.000000000000007994e-03 -6.099999999999994316e-03 -6.659999999999999254e-02 5.399999999999988143e-03 1.269999999999998908e-02 1.229999999999997762e-02 3.833763999999999922e-02 1.364457609999999876e+00 2.238016000000000311e-02 5.040999999999999474e-03 8.335690000000001501e-03 8.199302499999999716e-01 8.100000000000013927e-05 3.720999999999993003e-05 4.435559999999998983e-03 2.915999999999987328e-05 1.612899999999997246e-04 1.512899999999994544e-04 1.141768625000000000e+06 1.176236625000000000e+06
1.000000000000000000e+00 -1.877999999999999947e-01 1.178399999999999892e+00 2.184000000000000108e-01 5.559999999999999665e-02 -9.270000000000000462e-02 9.194999999999999840e-01 8.000000000000007105e-03 1.029999999999997584e-02 6.880000000000000004e-02 -1.539999999999999702e-02 -1.399999999999998468e-03 1.400000000000001243e-02 3.526883999999999575e-02 1.388626559999999843e+00 4.769856000000000790e-02 3.091359999999999594e-03 8.593290000000001691e-03 8.454802499999999332e-01 6.400000000000011908e-05 1.060899999999995077e-04 4.733440000000000217e-03 2.371599999999999045e-04 1.959999999999995634e-06 1.960000000000003460e-04 1.140413750000000000e+06 1.173014875000000000e+06
1.000000000000000000e+00 -2.112999999999999878e-01 1.207600000000000007e+00 2.444999999999999951e-01 3.790000000000000313e-02 -7.820000000000000562e-02 9.297999999999999599e-01 -2.349999999999999312e-02 2.920000000000011475e-02 2.609999999999998432e-02 -1.769999999999999352e-02 1.449999999999999900e-02 1.029999999999997584e-02 4.464768999999999682e-02 1.458297759999999998e+00 5.978025000000000005e-02 1.436410000000000161e-03 6.115240000000000953e-03 8.645280399999999421e-01 5.522499999999996812e-04 8.526400000000067172e-04 6.812099999999991513e-04 3.132899999999997601e-04 2.102499999999999606e-04 1.060899999999995077e-04 1.139525500000000000e+06 1.170636500000000000e+06
1.000000000000000000e+00 -2.285000000000000087e-01 1.260399999999999965e+00 3.150999999999999912e-01 2.319999999999999840e-02 -9.990000000000000269e-02 9.418999999999999595e-01 -1.720000000000002083e-02 5.279999999999995808e-02 7.059999999999999609e-02 -1.470000000000000473e-02 -2.169999999999999707e-02 1.209999999999999964e-02 5.221225000000000172e-02 1.588608159999999936e+00 9.928800999999999599e-02 5.382399999999999424e-04 9.980010000000000964e-03 8.871756099999998924e-01 2.958400000000007183e-04 2.787839999999995426e-03 4.984359999999999312e-03 2.160900000000001351e-04 4.708899999999998504e-04 1.464100000000000026e-04 1.138587750000000000e+06 1.171913000000000000e+06
1.000000000000000000e+00 -2.550000000000000044e-01 1.241400000000000059e+00 2.464999999999999969e-01 1.379999999999999977e-02 -9.059999999999999998e-02 9.528999999999999693e-01 -2.649999999999999578e-02 -1.899999999999990585e-02 -6.859999999999999432e-02 -9.399999999999998634e-03 9.300000000000002709e-03 1.100000000000000977e-02 6.502499999999999947e-02 1.541073960000000076e+00 6.076224999999999682e-02 1.904399999999999995e-04 8.208359999999999615e-03 9.080184099999999425e-01 7.022499999999997494e-04 3.609999999999964149e-04 4.705959999999999484e-03 8.835999999999997394e-05 8.649000000000004774e-05 1.210000000000002171e-04 1.139958125000000000e+06 1.174565875000000000e+06
1.000000000000000000e+00 -2.610999999999999988e-01 1.217200000000000060e+00 2.137000000000000011e-01 2.400000000000000050e-02 -9.009999999999999953e-02 9.363000000000000211e-01 -6.099999999999994316e-03 -2.419999999999999929e-02 -3.279999999999999583e-02 1.020000000000000073e-02 5.000000000000004441e-04 -1.659999999999994813e-02 6.817320999999999798e-02 1.481575840000000088e+00 4.566769000000000384e-02 5.760000000000000146e-04 8.118010000000000156e-03 8.766576900000000450e-01 3.720999999999993003e-05 5.856400000000000104e-04 1.075839999999999783e-03 1.040400000000000135e-04 2.500000000000004651e-07 2.755599999999982629e-04 1.140124250000000000e+06 1.175189000000000000e+06
1.000000000000000000e+00 -2.738999999999999768e-01 1.199000000000000066e+00 1.592000000000000082e-01 1.290000000000000001e-02 -5.759999999999999842e-02 9.304000000000000048e-01 -1.279999999999997806e-02 -1.819999999999999396e-02 -5.449999999999999289e-02 -1.110000000000000049e-02 3.250000000000000111e-02 -5.900000000000016342e-03 7.502120999999999096e-02 1.437601000000000129e+00 2.534464000000000161e-02 1.664100000000000008e-04 3.317759999999999893e-03 8.656441599999999958e-01 1.638399999999994342e-04 3.312399999999997898e-04 2.970249999999999366e-03 1.232100000000000079e-04 1.056250000000000114e-03 3.481000000000019018e-05 1.140808500000000000e+06 1.174868500000000000e+06
1.000000000000000000e+00 -2.378000000000000114e-01 1.208499999999999908e+00 1.361999999999999877e-01 4.109999999999999765e-02 -8.079999999999999682e-02 9.191000000000000281e-01 3.609999999999996545e-02 9.499999999999841904e-03 -2.300000000000002043e-02 2.819999999999999590e-02 -2.319999999999999840e-02 -1.129999999999997673e-02 5.654884000000000299e-02 1.460472249999999805e+00 1.855043999999999790e-02 1.689209999999999800e-03 6.528639999999999617e-03 8.447448100000000126e-01 1.303209999999997573e-03 9.024999999999698953e-05 5.290000000000009322e-04 7.952399999999997925e-04 5.382399999999999424e-04 1.276899999999994771e-04 1.140238750000000000e+06 1.174234000000000000e+06
1.000000000000000000e+00 -2.036999999999999922e-01 1.206599999999999895e+00 7.159999999999999698e-02 8.219999999999999529e-02 -1.236000000000000015e-01 8.691999999999999726e-01 3.410000000000001918e-02 -1.900000000000012790e-03 -6.459999999999999076e-02 4.109999999999999765e-02 -4.280000000000000471e-02 -4.990000000000005542e-02 4.149368999999999974e-02 1.455883559999999743e+00 5.126559999999999624e-03 6.756839999999999201e-03 1.527696000000000089e-02 7.555086399999999536e-01 1.162810000000001317e-03 3.610000000000048446e-06 4.173159999999998676e-03 1.689209999999999800e-03 1.831840000000000378e-03 2.490010000000005604e-03 1.139862375000000000e+06 1.175225125000000000e+06
1.000000000000000000e+00 -2.066999999999999948e-01 1.237700000000000022e+00 1.917999999999999983e-01 6.069999999999999701e-02 -1.107000000000000067e-01 9.121000000000000218e-01 -3.000000000000002665e-03 3.110000000000012754e-02 1.202000000000000013e-01 -2.149999999999999828e-02 1.289999999999999480e-02 4.290000000000004921e-02 4.272488999999999454e-02 1.531901289999999971e+00 3.678723999999999883e-02 3.684489999999999467e-03 1.225449000000000156e-02 8.319264100000000051e-01 9.000000000000015475e-06 9.672100000000079462e-04 1.444804000000000054e-02 4.622499999999999331e-04 1.664099999999998653e-04 1.840410000000004126e-03 1.142435375000000000e+06 1.179630500000000000e+06
1.000000000000000000e+00 -1.862000000000000044e-01 1.271400000000000086e+00 2.043000000000000094e-01 7.480000000000000537e-02 -1.076000000000000012e-01 9.429999999999999494e-01 2.049999999999999045e-02 3.370000000000006324e-02 1.250000000000001110e-02 1.410000000000000836e-02 3.100000000000005529e-03 3.089999999999992752e-02 3.467044000000000376e-02 1.616457960000000194e+00 4.173849000000000309e-02 5.595040000000000777e-03 1.157775999999999944e-02 8.892489999999999561e-01 4.202499999999996169e-04 1.135690000000004300e-03 1.562500000000002743e-04 1.988100000000002463e-04 9.610000000000035045e-06 9.548099999999955017e-04 1.140437875000000000e+06 1.178510500000000000e+06
1.000000000000000000e+00 -1.585999999999999910e-01 1.266499999999999959e+00 1.952000000000000124e-01 8.959999999999999909e-02 -9.740000000000000047e-02 9.599999999999999645e-01 2.760000000000001341e-02 -4.900000000000126477e-03 -9.099999999999996980e-03 1.479999999999999372e-02 1.020000000000000073e-02 1.700000000000001510e-02 2.515395999999999604e-02 1.604022249999999872e+00 3.810304000000000468e-02 8.028159999999999463e-03 9.486760000000000331e-03 9.215999999999999748e-01 7.617600000000007568e-04 2.401000000000123887e-05 8.280999999999994745e-05 2.190399999999998273e-04 1.040400000000000135e-04 2.890000000000005195e-04 1.140282375000000000e+06 1.173046125000000000e+06
1.000000000000000000e+00 -1.395000000000000129e-01 1.234399999999999942e+00 2.165999999999999870e-01 9.639999999999999958e-02 -1.015000000000000069e-01 9.685000000000000275e-01 1.909999999999997811e-02 -3.210000000000001741e-02 2.139999999999997460e-02 6.800000000000000488e-03 -4.100000000000006417e-03 8.500000000000063061e-03 1.946025000000000532e-02 1.523743359999999880e+00 4.691555999999999504e-02 9.292959999999999415e-03 1.030225000000000064e-02 9.379922500000000829e-01 3.648099999999991584e-04 1.030410000000001134e-03 4.579599999999989018e-04 4.624000000000000451e-05 1.681000000000005420e-05 7.225000000000107855e-05 1.140578000000000000e+06 1.171538500000000000e+06
1.000000000000000000e+00 -1.307999999999999996e-01 1.335499999999999909e+00 2.452999999999999903e-01 9.170000000000000373e-02 -4.469999999999999668e-02 9.758999999999999897e-01 8.700000000000013278e-03 1.010999999999999677e-01 2.870000000000000329e-02 -4.699999999999995848e-03 5.680000000000001020e-02 7.399999999999962164e-03 1.710864000000000135e-02 1.783560249999999847e+00 6.017208999999999752e-02 8.408890000000000461e-03 1.998089999999999675e-03 9.523808099999999666e-01 7.569000000000023246e-05 1.022120999999999273e-02 8.236900000000001859e-04 2.208999999999995960e-05 3.226240000000001312e-03 5.475999999999944183e-05 1.141023000000000000e+06 1.173182875000000000e+06
1.000000000000000000e+00 -1.376000000000000001e-01 1.322200000000000042e+00 1.957000000000000128e-01 9.279999999999999361e-02 -5.300000000000000024e-03 9.720999999999999641e-01 -6.800000000000000488e-03 -1.329999999999986748e-02 -4.959999999999997744e-02 1.099999999999989875e-03 3.939999999999999752e-02 -3.800000000000025580e-03 1.893376000000000087e-02 1.748212840000000101e+00 3.829849000000000447e-02 8.611839999999999079e-03 2.809000000000000041e-05 9.449784099999999354e-01 4.624000000000000451e-05 1.768899999999964717e-04 2.460159999999997696e-03 1.209999999999977827e-06 1.552359999999999808e-03 1.444000000000019378e-05 1.139510500000000000e+06 1.173962625000000000e+06
1.000000000000000000e+00 -1.181999999999999995e-01 1.272799999999999931e+00 1.408999999999999975e-01 9.859999999999999321e-02 -8.800000000000000530e-03 9.477999999999999758e-01 1.940000000000000058e-02 -4.940000000000011049e-02 -5.480000000000001537e-02 5.799999999999999600e-03 -3.500000000000000507e-03 -2.429999999999998828e-02 1.397123999999999935e-02 1.620019839999999878e+00 1.985280999999999851e-02 9.721959999999998242e-03 7.744000000000000395e-05 8.983248399999999023e-01 3.763600000000000083e-04 2.440360000000010767e-03 3.003040000000001524e-03 3.363999999999999640e-05 1.225000000000000299e-05 5.904899999999993964e-04 1.142269000000000000e+06 1.175829375000000000e+06
1.000000000000000000e+00 -1.527000000000000024e-01 1.320500000000000007e+00 1.628999999999999893e-01 9.929999999999999938e-02 -2.769999999999999893e-02 9.747000000000000108e-01 -3.450000000000000289e-02 4.770000000000007567e-02 2.199999999999999178e-02 7.000000000000061728e-04 -1.890000000000000013e-02 2.690000000000003499e-02 2.331729000000000093e-02 1.743720249999999972e+00 2.653640999999999639e-02 9.860489999999999533e-03 7.672899999999998992e-04 9.500400900000000037e-01 1.190250000000000119e-03 2.275290000000007064e-03 4.839999999999996215e-04 4.900000000000086493e-07 3.572100000000000036e-04 7.236100000000019166e-04 1.140730625000000000e+06 1.174028625000000000e+06
1.000000000000000000e+00 -1.492999999999999883e-01 1.296899999999999942e+00 1.315999999999999948e-01 1.004000000000000031e-01 -2.259999999999999856e-02 9.770999999999999686e-01 3.400000000000014122e-03 -2.360000000000006537e-02 -3.129999999999999449e-02 1.100000000000003753e-03 5.100000000000000366e-03 2.399999999999957723e-03 2.229048999999999614e-02 1.681949609999999762e+00 1.731856000000000020e-02 1.008016000000000120e-02 5.107599999999999684e-04 9.547244099999999678e-01 1.156000000000009600e-05 5.569600000000030429e-04 9.796899999999996410e-04 1.210000000000008320e-06 2.601000000000000339e-05 5.759999999999797468e-06 1.140508000000000000e+06 1.172818500000000000e+06
1.000000000000000000e+00 -1.761999999999999955e-01 1.251400000000000068e+00 6.829999999999999960e-02 8.559999999999999554e-02 -5.400000000000000286e-03 9.734000000000000430e-01 -2.690000000000000724e-02 -4.549999999999987388e-02 -6.329999999999999516e-02 -1.480000000000000759e-02 1.720000000000000001e-02 -3.699999999999925571e-03 3.104643999999999807e-02 1.566001960000000137e+00 4.664889999999999662e-03 7.327359999999998909e-03 2.916000000000000203e-05 9.475075600000001375e-01 7.236100000000003987e-04 2.070249999999988332e-03 4.006889999999999064e-03 2.190400000000002339e-04 2.958400000000000135e-04 1.368999999999944880e-05 1.140232625000000000e+06 1.173907625000000000e+06
1.000000000000000000e+00 -1.678000000000000047e-01 1.274599999999999955e+00 1.640000000000000138e-02 1.063999999999999946e-01 -2.670000000000000151e-02 9.393000000000000238e-01 8.399999999999990807e-03 2.319999999999988738e-02 -5.190000000000000169e-02 2.079999999999999905e-02 -2.129999999999999949e-02 -3.410000000000001918e-02 2.815684000000000242e-02 1.624605159999999993e+00 2.689600000000000541e-04 1.132095999999999970e-02 7.128900000000000948e-04 8.822844900000000878e-01 7.055999999999983943e-05 5.382399999999947383e-04 2.693610000000000362e-03 4.326399999999999777e-04 4.536899999999999744e-04 1.162810000000001317e-03 1.140754750000000000e+06 1.176203250000000000e+06
