1.000000000000000000e+00 0.000000000000000000e+00 0.000000000000000000e+00 0.000000000000000000e+00 0.000000000000000000e+00 0.000000000000000000e+00 -0.000000000000000000e+00 0.000000000000000000e+00 0.000000000000000000e+00 0.000000000000000000e+00 0.000000000000000000e+00 0.000000000000000000e+00 0.000000000000000000e+00 0.000000000000000000e+00 0.000000000000000000e+00 0.000000000000000000e+00 0.000000000000000000e+00 0.000000000000000000e+00 0.000000000000000000e+00 0.000000000000000000e+00 0.000000000000000000e+00 0.000000000000000000e+00 0.000000000000000000e+00 0.000000000000000000e+00 0.000000000000000000e+00 1.220626375000000000e+06 1.355510375000000000e+06
1.000000000000000000e+00 2.000000000000000096e-04 -1.529999999999999936e-02 0.000000000000000000e+00 -4.000000000000000192e-04 1.529999999999999936e-02 9.199999999999999845e-03 2.000000000000000096e-04 -1.529999999999999936e-02 0.000000000000000000e+00 -4.000000000000000192e-04 1.529999999999999936e-02 9.199999999999999845e-03 4.000000000000000084e-08 2.340899999999999763e-04 0.000000000000000000e+00 1.600000000000000033e-07 2.340899999999999763e-04 8.464000000000000278e-05 4.000000000000000084e-08 2.340899999999999763e-04 0.000000000000000000e+00 1.600000000000000033e-07 2.340899999999999763e-04 8.464000000000000278e-05 1.218037625000000000e+06 1.353811375000000000e+06
1.000000000000000000e+00 4.899999999999999842e-03 -5.899999999999999863e-03 -8.500000000000000611e-03 6.199999999999999782e-03 2.970000000000000070e-02 1.600000000000000033e-02 4.700000000000000185e-03 9.399999999999998634e-03 -8.500000000000000611e-03 6.599999999999999964e-03 1.440000000000000134e-02 6.800000000000000488e-03 2.400999999999999882e-05 3.481000000000000045e-05 7.225000000000000790e-05 3.843999999999999788e-05 8.820900000000000876e-04 2.559999999999999884e-04 2.209000000000000026e-05 8.835999999999997394e-05 7.225000000000000790e-05 4.355999999999999629e-05 2.073600000000000475e-04 4.624000000000000451e-05 1.222235875000000000e+06 1.361035000000000000e+06
1.000000000000000000e+00 6.199999999999999782e-03 7.889999999999999791e-02 9.690000000000000002e-02 -1.820000000000000090e-02 -1.126999999999999946e-01 1.720000000000000001e-02 1.299999999999999940e-03 8.480000000000000038e-02 1.053999999999999937e-01 -2.440000000000000155e-02 -1.423999999999999988e-01 1.199999999999999678e-03 3.843999999999999788e-05 6.225209999999999251e-03 9.389609999999999623e-03 3.312400000000000067e-04 1.270128999999999876e-02 2.958400000000000135e-04 1.689999999999999913e-06 7.191040000000000106e-03 1.110915999999999813e-02 5.953600000000000732e-04 2.027775999999999884e-02 1.439999999999999130e-06 1.220326125000000000e+06 1.359241500000000000e+06
1.000000000000000000e+00 1.750000000000000167e-02 7.729999999999999372e-02 1.149999999999999981e-02 -8.999999999999999320e-03 -3.399999999999999811e-03 2.900000000000000147e-02 1.130000000000000102e-02 -1.600000000000004197e-03 -8.540000000000000369e-02 9.200000000000001579e-03 1.092999999999999944e-01 1.180000000000000146e-02 3.062500000000000443e-04 5.975289999999999421e-03 1.322499999999999891e-04 8.099999999999999019e-05 1.155999999999999943e-05 8.410000000000000591e-04 1.276900000000000192e-04 2.560000000000013606e-06 7.293160000000000788e-03 8.464000000000002988e-05 1.194648999999999885e-02 1.392400000000000289e-04 1.218188000000000000e+06 1.355146500000000000e+06
1.000000000000000000e+00 2.009999999999999981e-02 -1.413000000000000089e-01 2.920000000000000026e-02 -1.280000000000000061e-02 2.000000000000000042e-03 4.379999999999999866e-02 2.599999999999998146e-03 -2.186000000000000165e-01 1.770000000000000046e-02 -3.800000000000001293e-03 5.400000000000000286e-03 1.479999999999999719e-02 4.040100000000000028e-04 1.996569000000000121e-02 8.526399999999999951e-04 1.638400000000000034e-04 3.999999999999999819e-06 1.918439999999999989e-03 6.759999999999990334e-06 4.778596000000000926e-02 3.132900000000000311e-04 1.444000000000000913e-05 2.916000000000000203e-05 2.190399999999999086e-04 1.218717250000000000e+06 1.357886625000000000e+06
1.000000000000000000e+00 2.009999999999999981e-02 -1.564000000000000112e-01 4.159999999999999809e-02 -1.100000000000000066e-03 -1.799999999999999864e-02 4.870000000000000023e-02 0.000000000000000000e+00 -1.510000000000000231e-02 1.239999999999999783e-02 1.170000000000000033e-02 -1.999999999999999695e-02 4.900000000000001577e-03 4.040100000000000028e-04 2.446096000000000381e-02 1.730559999999999911e-03 1.210000000000000062e-06 3.239999999999999608e-04 2.371690000000000083e-03 0.000000000000000000e+00 2.280100000000000616e-04 1.537599999999999373e-04 1.368899999999999989e-04 3.999999999999998565e-04 2.401000000000001576e-05 1.213556625000000000e+06 1.344679500000000000e+06
1.000000000000000000e+00 2.350000000000000006e-02 -1.223000000000000059e-01 1.899999999999999953e-02 -5.000000000000000104e-04 -1.849999999999999908e-02 4.739999999999999769e-02 3.400000000000000244e-03 3.410000000000000531e-02 -2.259999999999999856e-02 6.000000000000000559e-04 -5.000000000000004441e-04 -1.300000000000002542e-03 5.522500000000000065e-04 1.495729000000000156e-02 3.609999999999999928e-04 2.499999999999999887e-07 3.422499999999999436e-04 2.246759999999999990e-03 1.156000000000000113e-05 1.162810000000000449e-03 5.107599999999999684e-04 3.600000000000000472e-07 2.500000000000004651e-07 1.690000000000006689e-06 1.217313750000000000e+06 1.352060375000000000e+06
1.000000000000000000e+00 3.139999999999999736e-02 -8.680000000000000215e-02 3.780000000000000027e-02 2.419999999999999929e-02 -2.369999999999999885e-02 4.050000000000000128e-02 7.899999999999997302e-03 3.550000000000000377e-02 1.880000000000000074e-02 2.469999999999999973e-02 -5.199999999999999761e-03 -6.899999999999996414e-03 9.859599999999999181e-04 7.534240000000000208e-03 1.428840000000000015e-03 5.856400000000000104e-04 5.616899999999999974e-04 1.640249999999999998e-03 6.240999999999995303e-05 1.260250000000000302e-03 3.534400000000000042e-04 6.100899999999999813e-04 2.703999999999999861e-05 4.760999999999995243e-05 1.218909500000000000e+06 1.354172000000000000e+06
1.000000000000000000e+00 2.790000000000000119e-02 -8.340000000000000191e-02 5.299999999999999850e-02 7.220000000000000029e-02 -5.709999999999999798e-02 3.529999999999999805e-02 -3.499999999999996170e-03 3.400000000000000244e-03 1.519999999999999823e-02 4.800000000000000100e-02 -3.339999999999999913e-02 -5.200000000000003231e-03 7.784100000000001044e-04 6.955560000000000388e-03 2.808999999999999865e-03 5.212839999999999835e-03 3.260409999999999611e-03 1.246089999999999828e-03 1.224999999999997250e-05 1.156000000000000113e-05 2.310399999999999563e-04 2.304000000000000058e-03 1.115560000000000032e-03 2.704000000000003249e-05 1.215045750000000000e+06 1.349183875000000000e+06
1.000000000000000000e+00 1.870000000000000134e-02 -5.809999999999999887e-02 7.380000000000000449e-02 7.739999999999999658e-02 -6.619999999999999496e-02 4.259999999999999898e-02 -9.199999999999999845e-03 2.530000000000000304e-02 2.080000000000000598e-02 5.199999999999996292e-03 -9.099999999999996980e-03 7.300000000000000933e-03 3.496900000000000485e-04 3.375609999999999809e-03 5.446440000000000309e-03 5.990759999999999488e-03 4.382439999999999600e-03 1.814759999999999898e-03 8.464000000000000278e-05 6.400900000000001684e-04 4.326400000000002488e-04 2.703999999999996134e-05 8.280999999999994745e-05 5.329000000000001325e-05 1.215786250000000000e+06 1.346395000000000000e+06
1.000000000000000000e+00 2.369999999999999885e-02 2.109000000000000041e-01 1.600000000000000077e-03 7.929999999999999549e-02 -4.238999999999999990e-01 1.870000000000000134e-02 4.999999999999997502e-03 2.690000000000000169e-01 -7.220000000000000029e-02 1.899999999999998912e-03 -3.577000000000000179e-01 -2.389999999999999764e-02 5.616899999999999974e-04 4.447881000000000057e-02 2.560000000000000054e-06 6.288489999999999011e-03 1.796912099999999901e-01 3.496900000000000485e-04 2.499999999999997409e-05 7.236100000000000865e-02 5.212839999999999835e-03 3.609999999999995930e-06 1.279492900000000211e-01 5.712099999999998385e-04 1.214650000000000000e+06 1.351261875000000000e+06
1.000000000000000000e+00 2.829999999999999877e-02 1.557999999999999940e-01 -7.230000000000000315e-02 1.658000000000000029e-01 -3.357999999999999874e-01 -1.200000000000000025e-02 4.599999999999999922e-03 -5.510000000000001008e-02 -7.390000000000000735e-02 8.650000000000000744e-02 8.810000000000001164e-02 -3.070000000000000159e-02 8.008899999999999570e-04 2.427363999999999911e-02 5.227290000000000755e-03 2.748964000000000268e-02 1.127616399999999963e-01 1.440000000000000036e-04 2.116000000000000069e-05 3.036010000000001312e-03 5.461210000000001064e-03 7.482250000000001053e-03 7.761610000000002119e-03 9.424900000000001462e-04 1.217850750000000000e+06 1.348954875000000000e+06
1.000000000000000000e+00 2.899999999999999800e-03 -2.220000000000000029e-01 3.500000000000000073e-03 1.589000000000000135e-01 1.739999999999999880e-01 -1.810000000000000150e-02 -2.539999999999999897e-02 -3.778000000000000247e-01 7.580000000000000626e-02 -6.899999999999989475e-03 5.098000000000000309e-01 -6.100000000000001255e-03 8.409999999999999101e-06 4.928400000000000142e-02 1.225000000000000130e-05 2.524921000000000457e-02 3.027599999999999736e-02 3.276100000000000431e-04 6.451599999999999826e-04 1.427328400000000275e-01 5.745640000000000643e-03 4.760999999999985757e-05 2.598960400000000504e-01 3.721000000000001813e-05 1.218867250000000000e+06 1.354827625000000000e+06
1.000000000000000000e+00 5.799999999999999600e-03 -2.446000000000000119e-01 -1.810000000000000150e-02 1.461000000000000076e-01 1.912999999999999978e-01 -2.200000000000000133e-03 2.899999999999999800e-03 -2.260000000000000897e-02 -2.160000000000000114e-02 -1.280000000000000582e-02 1.730000000000000981e-02 1.590000000000000094e-02 3.363999999999999640e-05 5.982916000000000623e-02 3.276100000000000431e-04 2.134521000000000335e-02 3.659569000000000016e-02 4.840000000000000247e-06 8.409999999999999101e-06 5.107600000000004021e-04 4.665600000000000324e-04 1.638400000000001390e-04 2.992900000000003414e-04 2.528100000000000139e-04 1.221057000000000000e+06 1.359453375000000000e+06
1.000000000000000000e+00 1.460000000000000013e-02 -2.972000000000000197e-01 -6.320000000000000617e-02 1.456000000000000072e-01 1.060000000000000005e-02 1.859999999999999848e-02 8.800000000000000530e-03 -5.260000000000000786e-02 -4.510000000000000120e-02 -5.000000000000004441e-04 -1.806999999999999995e-01 2.079999999999999905e-02 2.131599999999999988e-04 8.832784000000001856e-02 3.994240000000000464e-03 2.119936000000000043e-02 1.123600000000000016e-04 3.459599999999999199e-04 7.744000000000000395e-05 2.766760000000000920e-03 2.034010000000000158e-03 2.500000000000004651e-07 3.265248999999999929e-02 4.326399999999999777e-04 1.223702250000000000e+06 1.361637875000000000e+06
1.000000000000000000e+00 2.100000000000000130e-02 -2.644000000000000239e-01 -2.280000000000000082e-02 1.338999999999999913e-01 4.469999999999999668e-02 3.749999999999999861e-02 6.400000000000001174e-03 3.279999999999999583e-02 4.040000000000000535e-02 -1.170000000000001594e-02 3.409999999999999837e-02 1.890000000000000013e-02 4.410000000000000400e-04 6.990736000000001560e-02 5.198400000000000373e-04 1.792920999999999751e-02 1.998089999999999675e-03 1.406249999999999948e-03 4.096000000000001441e-05 1.075839999999999783e-03 1.632160000000000338e-03 1.368900000000003783e-04 1.162809999999999799e-03 3.572100000000000036e-04 1.221305875000000000e+06 1.356532625000000000e+06
1.000000000000000000e+00 2.920000000000000026e-02 -2.071000000000000063e-01 -6.499999999999999702e-03 1.368999999999999939e-01 5.960000000000000020e-02 5.179999999999999882e-02 8.199999999999998956e-03 5.730000000000001759e-02 1.630000000000000199e-02 3.000000000000002665e-03 1.490000000000000352e-02 1.430000000000000021e-02 8.526399999999999951e-04 4.289041000000000381e-02 4.224999999999999698e-05 1.874160999999999883e-02 3.552159999999999953e-03 2.683239999999999931e-03 6.723999999999998641e-05 3.283290000000002075e-03 2.656900000000000667e-04 9.000000000000015475e-06 2.220100000000001055e-04 2.044900000000000157e-04 1.216371250000000000e+06 1.349710875000000000e+06
1.000000000000000000e+00 3.740000000000000269e-02 -2.238999999999999879e-01 2.000000000000000042e-03 1.391000000000000014e-01 5.920000000000000262e-02 5.689999999999999919e-02 8.200000000000002426e-03 -1.679999999999998161e-02 8.500000000000000611e-03 2.200000000000007505e-03 -3.999999999999975797e-04 5.100000000000000366e-03 1.398760000000000194e-03 5.013120999999999550e-02 3.999999999999999819e-06 1.934881000000000101e-02 3.504640000000000272e-03 3.237609999999999707e-03 6.724000000000004062e-05 2.822399999999993577e-04 7.225000000000000790e-05 4.840000000000033281e-06 1.599999999999980711e-07 2.601000000000000339e-05 1.219118000000000000e+06 1.349566125000000000e+06
1.000000000000000000e+00 3.130000000000000143e-02 -2.391000000000000070e-01 5.100000000000000366e-03 1.416999999999999926e-01 5.260000000000000092e-02 5.979999999999999899e-02 -6.100000000000001255e-03 -1.520000000000001905e-02 3.100000000000000325e-03 2.599999999999991207e-03 -6.600000000000001699e-03 2.899999999999999800e-03 9.796900000000000747e-04 5.716881000000000046e-02 2.601000000000000339e-05 2.007888999999999854e-02 2.766760000000000053e-03 3.576039999999999948e-03 3.721000000000001813e-05 2.310400000000005798e-04 9.610000000000002858e-06 6.759999999999953912e-06 4.356000000000002340e-05 8.409999999999999101e-06 1.217027375000000000e+06 1.348427750000000000e+06
1.000000000000000000e+00 3.440000000000000002e-02 -2.248999999999999888e-01 2.469999999999999973e-02 1.496000000000000107e-01 3.610000000000000014e-02 5.390000000000000346e-02 3.099999999999998590e-03 1.420000000000001816e-02 1.959999999999999937e-02 7.900000000000018119e-03 -1.650000000000000078e-02 -5.899999999999995526e-03 1.183360000000000054e-03 5.058000999999999470e-02 6.100899999999999813e-04 2.238016000000000311e-02 1.303209999999999959e-03 2.905210000000000518e-03 9.609999999999991000e-06 2.016400000000005157e-04 3.841599999999999811e-04 6.241000000000029185e-05 2.722500000000000310e-04 3.480999999999994624e-05 1.219027375000000000e+06 1.349626625000000000e+06
1.000000000000000000e+00 2.999999999999999889e-02 -2.195999999999999897e-01 2.700000000000000143e-03 1.628999999999999893e-01 4.660000000000000253e-02 5.059999999999999915e-02 -4.400000000000001132e-03 5.299999999999999156e-03 -2.199999999999999872e-02 1.329999999999997851e-02 1.050000000000000239e-02 -3.300000000000004319e-03 8.999999999999999754e-04 4.822415999999999509e-02 7.290000000000000507e-06 2.653640999999999639e-02 2.171560000000000330e-03 2.560359999999999806e-03 1.936000000000001115e-05 2.808999999999999025e-05 4.839999999999999468e-04 1.768899999999994262e-04 1.102500000000000507e-04 1.089000000000002787e-05 1.220505375000000000e+06 1.358118500000000000e+06
1.000000000000000000e+00 3.819999999999999785e-02 -1.839999999999999969e-01 2.099999999999999870e-03 1.706999999999999906e-01 7.069999999999999896e-02 6.119999999999999746e-02 8.199999999999998956e-03 3.559999999999999276e-02 -6.000000000000002727e-04 7.800000000000001377e-03 2.409999999999999643e-02 1.059999999999999831e-02 1.459239999999999886e-03 3.385599999999999721e-02 4.409999999999999282e-06 2.913848999999999606e-02 4.998489999999999531e-03 3.745439999999999620e-03 6.723999999999998641e-05 1.267359999999999494e-03 3.600000000000003119e-07 6.084000000000002058e-05 5.808099999999998550e-04 1.123599999999999610e-04 1.217825000000000000e+06 1.351011750000000000e+06
1.000000000000000000e+00 3.799999999999999906e-02 -1.411000000000000032e-01 1.849999999999999908e-02 1.620999999999999941e-01 5.999999999999999778e-02 6.529999999999999694e-02 -1.999999999999987899e-04 4.289999999999999369e-02 1.639999999999999791e-02 -8.599999999999996536e-03 -1.070000000000000118e-02 4.099999999999999478e-03 1.443999999999999971e-03 1.990921000000000010e-02 3.422499999999999436e-04 2.627640999999999658e-02 3.599999999999999901e-03 4.264089999999999894e-03 3.999999999999951776e-08 1.840409999999999355e-03 2.689599999999999456e-04 7.395999999999993562e-05 1.144900000000000236e-04 1.680999999999999660e-05 1.220562750000000000e+06 1.353477875000000000e+06
1.000000000000000000e+00 3.899999999999999994e-02 -1.150000000000000050e-01 4.700000000000000185e-03 1.625999999999999945e-01 7.549999999999999767e-02 7.359999999999999876e-02 1.000000000000000888e-03 2.609999999999999820e-02 -1.379999999999999977e-02 5.000000000000004441e-04 1.549999999999999989e-02 8.300000000000001821e-03 1.521000000000000000e-03 1.322500000000000064e-02 2.209000000000000026e-05 2.643875999999999865e-02 5.700249999999999588e-03 5.416960000000000178e-03 1.000000000000001861e-06 6.812099999999999102e-04 1.904399999999999995e-04 2.500000000000004651e-07 2.402499999999999851e-04 6.889000000000002652e-05 1.219921875000000000e+06 1.353049500000000000e+06
1.000000000000000000e+00 3.500000000000000333e-02 -9.489999999999999825e-02 -2.829999999999999877e-02 1.587000000000000077e-01 9.550000000000000155e-02 7.900000000000000078e-02 -3.999999999999996614e-03 2.010000000000000675e-02 -3.300000000000000155e-02 -3.899999999999986811e-03 2.000000000000000389e-02 5.400000000000002021e-03 1.225000000000000177e-03 9.006010000000000057e-03 8.008899999999999570e-04 2.518569000000000363e-02 9.120249999999999885e-03 6.241000000000000020e-03 1.599999999999997217e-05 4.040100000000002738e-04 1.089000000000000124e-03 1.520999999999989673e-05 4.000000000000001818e-04 2.916000000000002236e-05 1.224034250000000000e+06 1.363934875000000000e+06
1.000000000000000000e+00 4.250000000000000305e-02 -1.086000000000000021e-01 -2.189999999999999933e-02 1.678000000000000047e-01 1.030999999999999972e-01 8.179999999999999771e-02 7.499999999999999722e-03 -1.370000000000000384e-02 6.399999999999999439e-03 9.099999999999996980e-03 7.599999999999995648e-03 2.799999999999996936e-03 1.806250000000000347e-03 1.179396000000000090e-02 4.796099999999999973e-04 2.815684000000000242e-02 1.062960999999999941e-02 6.691239999999999341e-03 5.624999999999999846e-05 1.876900000000000953e-04 4.095999999999999408e-05 8.280999999999994745e-05 5.775999999999993488e-05 7.839999999999982535e-06 1.223925750000000000e+06 1.363128250000000000e+06
1.000000000000000000e+00 3.670000000000000345e-02 -9.149999999999999800e-02 -2.899999999999999800e-03 1.625999999999999945e-01 9.310000000000000220e-02 8.540000000000000369e-02 -5.799999999999999600e-03 1.710000000000000409e-02 1.899999999999999953e-02 -5.200000000000010170e-03 -9.999999999999995004e-03 3.600000000000005973e-03 1.346890000000000327e-03 8.372249999999999484e-03 8.409999999999999101e-06 2.643875999999999865e-02 8.667610000000000939e-03 7.293160000000000788e-03 3.363999999999999640e-05 2.924100000000001633e-04 3.609999999999999928e-04 2.704000000000010703e-05 9.999999999999989637e-05 1.296000000000004363e-05 1.220603750000000000e+06 1.357791875000000000e+06
1.000000000000000000e+00 3.749999999999999861e-02 -1.567999999999999949e-01 -3.180000000000000188e-02 1.590999999999999914e-01 -5.460000000000000270e-02 8.640000000000000457e-02 7.999999999999951594e-04 -6.529999999999999694e-02 -2.890000000000000208e-02 -3.500000000000003109e-03 -1.476999999999999980e-01 1.000000000000000888e-03 1.406249999999999948e-03 2.458623999999999879e-02 1.011240000000000056e-03 2.531280999999999809e-02 2.981160000000000494e-03 7.464960000000000519e-03 6.399999999999922842e-07 4.264089999999999894e-03 8.352100000000000756e-04 1.225000000000002163e-05 2.181529000000000107e-02 1.000000000000001861e-06 1.220836000000000000e+06 1.354045000000000000e+06
1.000000000000000000e+00 4.290000000000000063e-02 -8.250000000000000389e-02 1.299999999999999940e-03 1.627000000000000113e-01 1.433999999999999997e-01 8.709999999999999687e-02 5.400000000000002021e-03 7.429999999999999105e-02 3.310000000000000442e-02 3.600000000000019851e-03 1.980000000000000093e-01 6.999999999999922951e-04 1.840410000000000006e-03 6.806250000000000668e-03 1.689999999999999913e-06 2.647129000000000495e-02 2.056356000000000156e-02 7.586409999999999161e-03 2.916000000000002236e-05 5.520489999999998558e-03 1.095610000000000334e-03 1.296000000000014358e-05 3.920400000000000273e-02 4.899999999999891676e-07 1.220384250000000000e+06 1.353246750000000000e+06
1.000000000000000000e+00 4.460000000000000075e-02 -1.396000000000000019e-01 -1.009999999999999960e-02 1.701000000000000012e-01 -3.520000000000000212e-02 9.320000000000000506e-02 1.700000000000000122e-03 -5.709999999999999798e-02 -1.140000000000000041e-02 7.399999999999989919e-03 -1.786000000000000087e-01 6.100000000000008193e-03 1.989160000000000234e-03 1.948816000000000090e-02 1.020099999999999940e-04 2.893400999999999959e-02 1.239040000000000063e-03 8.686240000000001321e-03 2.890000000000000282e-06 3.260409999999999611e-03 1.299600000000000093e-04 5.475999999999984840e-05 3.189796000000000298e-02 3.721000000000009944e-05 1.216618250000000000e+06 1.344173750000000000e+06
1.000000000000000000e+00 4.660000000000000253e-02 -1.066000000000000003e-01 -1.159999999999999920e-02 1.935999999999999943e-01 -4.390000000000000152e-02 8.790000000000000591e-02 2.000000000000001776e-03 3.300000000000000155e-02 -1.499999999999999598e-03 2.349999999999999312e-02 -8.699999999999999400e-03 -5.299999999999999156e-03 2.171560000000000330e-03 1.136355999999999998e-02 1.345599999999999856e-04 3.748096000000000066e-02 1.927210000000000164e-03 7.726410000000001263e-03 4.000000000000007442e-06 1.089000000000000124e-03 2.249999999999998786e-06 5.522499999999996812e-04 7.568999999999998852e-05 2.808999999999999025e-05 1.218595625000000000e+06 1.350377250000000000e+06
1.000000000000000000e+00 5.460000000000000270e-02 -1.130000000000000032e-01 -1.399999999999999986e-03 2.116000000000000103e-01 -7.499999999999999722e-02 8.920000000000000151e-02 8.000000000000000167e-03 -6.400000000000002909e-03 1.019999999999999900e-02 1.800000000000001599e-02 -3.109999999999999570e-02 1.299999999999995604e-03 2.981160000000000494e-03 1.276900000000000084e-02 1.959999999999999869e-06 4.477456000000000491e-02 5.624999999999999792e-03 7.956640000000000934e-03 6.399999999999999710e-05 4.096000000000003474e-05 1.040399999999999729e-04 3.240000000000005571e-04 9.672099999999997063e-04 1.689999999999988478e-06 1.215004750000000000e+06 1.345667000000000000e+06
1.000000000000000000e+00 4.139999999999999930e-02 -1.019000000000000045e-01 7.100000000000000408e-03 2.205999999999999905e-01 -9.520000000000000684e-02 8.909999999999999865e-02 -1.320000000000000340e-02 1.109999999999999876e-02 8.500000000000000611e-03 8.999999999999980238e-03 -2.020000000000000961e-02 -1.000000000000028644e-04 1.713960000000000049e-03 1.038361000000000145e-02 5.041000000000000694e-05 4.866435999999999679e-02 9.063040000000001373e-03 7.938809999999999270e-03 1.742400000000000936e-04 1.232099999999999808e-04 7.225000000000000790e-05 8.099999999999963783e-05 4.080400000000004098e-04 1.000000000000057262e-08 1.217643375000000000e+06 1.350251625000000000e+06
1.000000000000000000e+00 3.520000000000000212e-02 -8.490000000000000324e-02 -7.300000000000000065e-03 2.069999999999999896e-01 -6.460000000000000464e-02 8.540000000000000369e-02 -6.199999999999997180e-03 1.700000000000000122e-02 -1.439999999999999961e-02 -1.360000000000000098e-02 3.060000000000000220e-02 -3.699999999999994960e-03 1.239040000000000063e-03 7.208010000000000805e-03 5.328999999999999970e-05 4.284899999999999820e-02 4.173160000000000411e-03 7.293160000000000788e-03 3.843999999999996400e-05 2.890000000000000316e-04 2.073599999999999933e-04 1.849600000000000181e-04 9.363600000000001219e-04 1.368999999999996210e-05 1.218671250000000000e+06 1.351979875000000000e+06
1.000000000000000000e+00 5.040000000000000036e-02 8.490000000000000324e-02 8.319999999999999618e-02 -1.450000000000000074e-02 -4.529999999999999999e-02 9.320000000000000506e-02 1.519999999999999823e-02 1.698000000000000065e-01 9.049999999999999711e-02 -2.215000000000000024e-01 1.930000000000000465e-02 7.800000000000001377e-03 2.540160000000000074e-03 7.208010000000000805e-03 6.922239999999999643e-03 2.102500000000000148e-04 2.052089999999999904e-03 8.686240000000001321e-03 2.310399999999999563e-04 2.883204000000000322e-02 8.190249999999999614e-03 4.906225000000000169e-02 3.724900000000001691e-04 6.084000000000002058e-05 1.221208250000000000e+06 1.355699625000000000e+06
1.000000000000000000e+00 4.469999999999999668e-02 -3.080000000000000099e-02 -3.660000000000000059e-02 2.142000000000000015e-01 -1.399999999999999986e-03 8.340000000000000191e-02 -5.700000000000003675e-03 -1.156999999999999973e-01 -1.197999999999999898e-01 2.287000000000000144e-01 4.390000000000000152e-02 -9.800000000000003153e-03 1.998089999999999675e-03 9.486400000000000518e-04 1.339560000000000056e-03 4.588164000000000131e-02 1.959999999999999869e-06 6.955560000000000388e-03 3.249000000000004299e-05 1.338648999999999915e-02 1.435203999999999820e-02 5.230369000000000684e-02 1.927210000000000164e-03 9.604000000000006304e-05 1.222121625000000000e+06 1.358755125000000000e+06
1.000000000000000000e+00 6.619999999999999496e-02 -2.149000000000000077e-01 1.810000000000000150e-02 -9.299999999999999239e-03 -1.510000000000000057e-02 1.015000000000000069e-01 2.149999999999999828e-02 -1.841000000000000136e-01 5.469999999999999862e-02 -2.235000000000000042e-01 -1.370000000000000037e-02 1.810000000000000497e-02 4.382439999999999600e-03 4.618201000000000250e-02 3.276100000000000431e-04 8.648999999999997998e-05 2.280100000000000074e-04 1.030225000000000064e-02 4.622499999999999331e-04 3.389281000000000238e-02 2.992089999999999767e-03 4.995225000000000359e-02 1.876900000000000139e-04 3.276100000000002057e-04 1.217635500000000000e+06 1.350664500000000000e+06
1.000000000000000000e+00 4.399999999999999745e-02 1.899999999999999996e-03 6.599999999999999964e-03 2.064999999999999891e-01 -2.330000000000000127e-02 1.087999999999999939e-01 -2.219999999999999751e-02 2.168000000000000205e-01 -1.150000000000000154e-02 2.157999999999999918e-01 -8.200000000000000691e-03 7.299999999999987055e-03 1.935999999999999787e-03 3.610000000000000165e-06 4.355999999999999629e-05 4.264224999999999266e-02 5.428900000000000826e-04 1.183743999999999942e-02 4.928399999999999231e-04 4.700224000000000762e-02 1.322500000000000433e-04 4.656963999999999548e-02 6.724000000000001352e-05 5.328999999999980996e-05 1.217921625000000000e+06 1.349819625000000000e+06
1.000000000000000000e+00 6.419999999999999318e-02 -2.411999999999999977e-01 1.700000000000000122e-02 -1.110000000000000049e-02 -2.120000000000000009e-02 1.096000000000000030e-01 2.019999999999999574e-02 -2.431000000000000105e-01 1.040000000000000126e-02 -2.175999999999999879e-01 2.100000000000001171e-03 8.000000000000090372e-04 4.121639999999999332e-03 5.817743999999999693e-02 2.890000000000000316e-04 1.232100000000000079e-04 4.494400000000000066e-04 1.201216000000000089e-02 4.080399999999998134e-04 5.909761000000000181e-02 1.081600000000000215e-04 4.734975999999999768e-02 4.410000000000005211e-06 6.400000000000144130e-07 1.215475375000000000e+06 1.346463750000000000e+06
1.000000000000000000e+00 3.880000000000000115e-02 7.480000000000000537e-02 5.179999999999999882e-02 2.010000000000000120e-01 -6.410000000000000420e-02 1.106000000000000039e-01 -2.539999999999999203e-02 3.160000000000000031e-01 3.479999999999999760e-02 2.121000000000000107e-01 -4.290000000000000757e-02 1.000000000000000888e-03 1.505440000000000033e-03 5.595040000000000777e-03 2.683239999999999931e-03 4.040100000000000635e-02 4.108810000000000934e-03 1.223236000000000115e-02 6.451599999999995489e-04 9.985600000000000032e-02 1.211039999999999816e-03 4.498641000000000445e-02 1.840410000000000657e-03 1.000000000000001861e-06 1.216605375000000000e+06 1.349475500000000000e+06
1.000000000000000000e+00 7.230000000000000315e-02 -1.678000000000000047e-01 -8.300000000000000086e-03 -6.599999999999999964e-03 3.700000000000000164e-03 9.990000000000000269e-02 3.350000000000000200e-02 -2.426000000000000101e-01 -6.010000000000000064e-02 -2.076000000000000068e-01 6.779999999999999916e-02 -1.070000000000000118e-02 5.227290000000000755e-03 2.815684000000000242e-02 6.888999999999999941e-05 4.355999999999999629e-05 1.369000000000000106e-05 9.980010000000000964e-03 1.122250000000000201e-03 5.885476000000000596e-02 3.612010000000000134e-03 4.309776000000000579e-02 4.596839999999999607e-03 1.144900000000000236e-04 1.216734125000000000e+06 1.349241375000000000e+06
1.000000000000000000e+00 5.020000000000000157e-02 8.500000000000000611e-02 2.900000000000000147e-02 2.182000000000000051e-01 -3.200000000000000067e-02 1.101000000000000034e-01 -2.210000000000000159e-02 2.528000000000000247e-01 3.729999999999999982e-02 2.247999999999999998e-01 -3.570000000000000256e-02 1.020000000000000073e-02 2.520040000000000301e-03 7.225000000000001386e-03 8.410000000000000591e-04 4.761123999999999912e-02 1.023999999999999954e-03 1.212201000000000077e-02 4.884100000000001027e-04 6.390784000000000742e-02 1.391289999999999888e-03 5.053504000000000329e-02 1.274490000000000085e-03 1.040400000000000135e-04 1.219489375000000000e+06 1.352763750000000000e+06
1.000000000000000000e+00 9.089999999999999469e-02 -1.647000000000000131e-01 7.700000000000000247e-03 3.930000000000000160e-02 -5.469999999999999862e-02 9.840000000000000135e-02 4.069999999999999313e-02 -2.497000000000000330e-01 -2.129999999999999949e-02 -1.789000000000000035e-01 -2.269999999999999796e-02 -1.170000000000000207e-02 8.262809999999998906e-03 2.712609000000000548e-02 5.929000000000000324e-05 1.544490000000000142e-03 2.992089999999999767e-03 9.682559999999999778e-03 1.656489999999999395e-03 6.235009000000001772e-02 4.536899999999999744e-04 3.200520999999999922e-02 5.152899999999999538e-04 1.368900000000000531e-04 1.215803750000000000e+06 1.347356750000000000e+06
1.000000000000000000e+00 8.359999999999999376e-02 -2.169999999999999984e-01 4.789999999999999813e-02 6.010000000000000064e-02 -8.920000000000000151e-02 8.619999999999999885e-02 -7.300000000000000933e-03 -5.229999999999998539e-02 4.019999999999999962e-02 2.079999999999999905e-02 -3.450000000000000289e-02 -1.220000000000000251e-02 6.988959999999998923e-03 4.708899999999999891e-02 2.294409999999999766e-03 3.612010000000000134e-03 7.956640000000000934e-03 7.430439999999999962e-03 5.329000000000001325e-05 2.735289999999998296e-03 1.616040000000000011e-03 4.326399999999999777e-04 1.190250000000000119e-03 1.488400000000000725e-04 1.218062500000000000e+06 1.345659750000000000e+06
1.000000000000000000e+00 6.919999999999999762e-02 -3.326000000000000068e-01 4.599999999999999922e-02 4.959999999999999826e-02 -6.569999999999999452e-02 7.770000000000000517e-02 -1.439999999999999614e-02 -1.156000000000000083e-01 -1.899999999999998912e-03 -1.050000000000000239e-02 2.350000000000000699e-02 -8.499999999999993672e-03 4.788639999999999390e-03 1.106227600000000005e-01 2.115999999999999825e-03 2.460159999999999864e-03 4.316489999999999216e-03 6.037290000000000711e-03 2.073599999999998849e-04 1.336336000000000121e-02 3.609999999999995930e-06 1.102500000000000507e-04 5.522500000000003318e-04 7.224999999999988593e-05 1.219591125000000000e+06 1.349418125000000000e+06
1.000000000000000000e+00 6.189999999999999669e-02 -1.688000000000000056e-01 4.259999999999999898e-02 3.359999999999999792e-02 -9.550000000000000155e-02 5.870000000000000218e-02 -7.300000000000000933e-03 1.638000000000000012e-01 -3.400000000000000244e-03 -1.600000000000000033e-02 -2.980000000000000704e-02 -1.900000000000000300e-02 3.831609999999999617e-03 2.849344000000000182e-02 1.814759999999999898e-03 1.128959999999999816e-03 9.120249999999999885e-03 3.445690000000000384e-03 5.329000000000001325e-05 2.683044000000000054e-02 1.156000000000000113e-05 2.559999999999999884e-04 8.880400000000004219e-04 3.610000000000001012e-04 1.212970250000000000e+06 1.342038750000000000e+06
1.000000000000000000e+00 6.090000000000000274e-02 1.794999999999999929e-01 -5.530000000000000193e-02 -1.710000000000000062e-02 -4.606999999999999984e-01 3.989999999999999797e-02 -9.999999999999939493e-04 3.482999999999999985e-01 -9.790000000000000091e-02 -5.069999999999999507e-02 -3.651999999999999691e-01 -1.880000000000000421e-02 3.708810000000000318e-03 3.222024999999999889e-02 3.058090000000000287e-03 2.924100000000000006e-04 2.122444900000000079e-01 1.592009999999999823e-03 9.999999999999878845e-07 1.213128899999999927e-01 9.584409999999999805e-03 2.570489999999999494e-03 1.333710399999999685e-01 3.534400000000001668e-04 1.220562250000000000e+06 1.358217000000000000e+06
1.000000000000000000e+00 6.320000000000000617e-02 -3.880000000000000115e-02 -5.949999999999999734e-02 1.280000000000000061e-02 -1.512000000000000011e-01 4.769999999999999934e-02 2.300000000000003431e-03 -2.182999999999999940e-01 -4.199999999999995404e-03 2.990000000000000296e-02 3.094999999999999973e-01 7.800000000000001377e-03 3.994240000000000464e-03 1.505440000000000033e-03 3.540249999999999560e-03 1.638400000000000034e-04 2.286144000000000023e-02 2.275290000000000125e-03 5.290000000000015420e-06 4.765488999999999836e-02 1.763999999999995986e-05 8.940100000000002038e-04 9.579024999999999346e-02 6.084000000000002058e-05 1.222032625000000000e+06 1.362299375000000000e+06
1.000000000000000000e+00 6.049999999999999822e-02 4.250000000000000305e-02 3.099999999999999891e-03 1.799999999999999951e-03 1.577999999999999958e-01 6.850000000000000533e-02 -2.700000000000007949e-03 8.130000000000001115e-02 6.260000000000000286e-02 -1.100000000000000110e-02 3.089999999999999969e-01 2.080000000000000598e-02 3.660249999999999875e-03 1.806250000000000347e-03 9.609999999999999470e-06 3.239999999999999896e-06 2.490083999999999700e-02 4.692250000000001108e-03 7.290000000000042858e-06 6.609690000000001397e-03 3.918760000000000299e-03 1.210000000000000273e-04 9.548099999999999643e-02 4.326400000000002488e-04 1.219656750000000000e+06 1.358760500000000000e+06
1.000000000000000000e+00 6.919999999999999762e-02 -5.790000000000000008e-02 -6.110000000000000153e-02 7.100000000000000408e-03 -1.549999999999999989e-01 8.050000000000000211e-02 8.699999999999999400e-03 -1.004000000000000031e-01 -6.420000000000000706e-02 5.300000000000000891e-03 -3.127999999999999670e-01 1.199999999999999678e-02 4.788639999999999390e-03 3.352410000000000112e-03 3.733210000000000261e-03 5.041000000000000694e-05 2.402500000000000122e-02 6.480250000000000767e-03 7.568999999999998852e-05 1.008016000000000120e-02 4.121640000000001067e-03 2.809000000000001058e-05 9.784383999999997361e-02 1.439999999999999223e-04 1.215433375000000000e+06 1.346367625000000000e+06
1.000000000000000000e+00 7.900000000000000078e-02 3.690000000000000224e-02 -6.500000000000000222e-02 1.069999999999999944e-02 -1.038000000000000034e-01 8.129999999999999727e-02 9.800000000000003153e-03 9.479999999999999538e-02 -3.900000000000000688e-03 3.599999999999999034e-03 5.119999999999999551e-02 7.999999999999951594e-04 6.241000000000000020e-03 1.361610000000000077e-03 4.225000000000000457e-03 1.144899999999999830e-04 1.077444000000000145e-02 6.609689999999999663e-03 9.604000000000006304e-05 8.987039999999999959e-03 1.521000000000000515e-05 1.295999999999999281e-05 2.621439999999999621e-03 6.399999999999922842e-07 1.217517000000000000e+06 1.349439125000000000e+06
1.000000000000000000e+00 7.499999999999999722e-02 9.660000000000000531e-02 -8.390000000000000235e-02 7.499999999999999722e-03 -1.068000000000000060e-01 9.320000000000000506e-02 -4.000000000000003553e-03 5.970000000000000306e-02 -1.890000000000000013e-02 -3.199999999999999720e-03 -3.000000000000002665e-03 1.190000000000000779e-02 5.624999999999999792e-03 9.331560000000000896e-03 7.039210000000000605e-03 5.624999999999999846e-05 1.140624000000000152e-02 8.686240000000001321e-03 1.600000000000002977e-05 3.564090000000000227e-03 3.572100000000000036e-04 1.023999999999999852e-05 9.000000000000015475e-06 1.416100000000001841e-04 1.225020875000000000e+06 1.365663125000000000e+06
1.000000000000000000e+00 7.199999999999999456e-02 7.810000000000000275e-02 -6.600000000000000311e-02 8.000000000000000383e-04 -1.026999999999999996e-01 1.019999999999999934e-01 -3.000000000000002665e-03 -1.850000000000000255e-02 1.789999999999999925e-02 -6.699999999999999359e-03 4.100000000000006417e-03 8.799999999999988387e-03 5.183999999999999372e-03 6.099610000000000101e-03 4.356000000000000497e-03 6.400000000000000134e-07 1.054728999999999910e-02 1.040399999999999832e-02 9.000000000000015475e-06 3.422500000000001062e-04 3.204099999999999765e-04 4.488999999999999203e-05 1.681000000000005420e-05 7.743999999999980066e-05 1.218816375000000000e+06 1.355864500000000000e+06
1.000000000000000000e+00 6.959999999999999520e-02 -1.589000000000000135e-01 -6.610000000000000597e-02 5.000000000000000104e-03 -8.210000000000000631e-02 1.040999999999999981e-01 -2.399999999999999356e-03 -2.370000000000000162e-01 -1.000000000000028644e-04 4.199999999999999740e-03 2.059999999999999332e-02 2.100000000000004641e-03 4.844159999999999265e-03 2.524921000000000457e-02 4.369210000000000975e-03 2.500000000000000120e-05 6.740410000000001366e-03 1.083680999999999880e-02 5.759999999999996521e-06 5.616900000000001059e-02 1.000000000000057262e-08 1.763999999999999713e-05 4.243599999999997114e-04 4.410000000000019610e-06 1.220752500000000000e+06 1.360275000000000000e+06
1.000000000000000000e+00 6.809999999999999387e-02 -1.721999999999999920e-01 -5.770000000000000129e-02 1.179999999999999973e-02 -1.059999999999999970e-01 1.039000000000000062e-01 -1.500000000000001332e-03 -1.329999999999997851e-02 8.400000000000004685e-03 6.799999999999999621e-03 -2.389999999999999070e-02 -1.999999999999918510e-04 4.637609999999999476e-03 2.965283999999999628e-02 3.329289999999999940e-03 1.392400000000000018e-04 1.123599999999999946e-02 1.079521000000000126e-02 2.250000000000003869e-06 1.768899999999994262e-04 7.056000000000008337e-05 4.623999999999999774e-05 5.712099999999995133e-04 3.999999999999673844e-08 1.217650125000000000e+06 1.356218750000000000e+06
1.000000000000000000e+00 6.700000000000000400e-02 -1.995000000000000107e-01 -4.259999999999999898e-02 2.690000000000000030e-02 -1.332000000000000128e-01 9.370000000000000551e-02 -1.099999999999989875e-03 -2.730000000000001870e-02 1.510000000000000231e-02 1.510000000000000057e-02 -2.720000000000001583e-02 -1.020000000000000073e-02 4.489000000000000802e-03 3.980025000000000229e-02 1.814759999999999898e-03 7.236099999999999650e-04 1.774224000000000287e-02 8.779690000000001451e-03 1.209999999999977827e-06 7.452900000000009907e-04 2.280100000000000616e-04 2.280100000000000074e-04 7.398400000000008312e-04 1.040400000000000135e-04 1.219411875000000000e+06 1.356324250000000000e+06
1.000000000000000000e+00 6.479999999999999649e-02 -2.356999999999999929e-01 -3.540000000000000091e-02 2.270000000000000143e-02 -9.990000000000000269e-02 8.029999999999999638e-02 -2.200000000000007505e-03 -3.619999999999998219e-02 7.199999999999998068e-03 -4.199999999999998873e-03 3.330000000000001015e-02 -1.340000000000000913e-02 4.199039999999999370e-03 5.555448999999999804e-02 1.253160000000000125e-03 5.152900000000000622e-04 9.980010000000000964e-03 6.448089999999999204e-03 4.840000000000033281e-06 1.310439999999998655e-03 5.183999999999997123e-05 1.763999999999999035e-05 1.108890000000000613e-03 1.795600000000002392e-04 1.220084625000000000e+06 1.355356625000000000e+06
1.000000000000000000e+00 5.729999999999999677e-02 -2.184999999999999998e-01 -4.440000000000000197e-02 1.660000000000000017e-02 -9.249999999999999889e-02 7.639999999999999569e-02 -7.499999999999999722e-03 1.719999999999999307e-02 -9.000000000000001055e-03 -6.100000000000001255e-03 7.400000000000003797e-03 -3.900000000000000688e-03 3.283289999999999473e-03 4.774224999999999997e-02 1.971360000000000126e-03 2.755599999999999977e-04 8.556249999999999620e-03 5.836959999999999545e-03 5.624999999999999846e-05 2.958399999999997425e-04 8.100000000000001730e-05 3.721000000000001813e-05 5.476000000000005847e-05 1.521000000000000515e-05 1.218566000000000000e+06 1.350460375000000000e+06
1.000000000000000000e+00 5.099999999999999672e-02 -1.925000000000000044e-01 -3.320000000000000034e-02 1.280000000000000061e-02 -7.589999999999999525e-02 8.179999999999999771e-02 -6.300000000000000044e-03 2.599999999999999534e-02 1.120000000000000162e-02 -3.799999999999999559e-03 1.660000000000000364e-02 5.400000000000002021e-03 2.600999999999999580e-03 3.705624999999999891e-02 1.102239999999999991e-03 1.638400000000000034e-04 5.760809999999999022e-03 6.691239999999999341e-03 3.969000000000000116e-05 6.759999999999997348e-04 1.254400000000000458e-04 1.443999999999999727e-05 2.755600000000001061e-04 2.916000000000002236e-05 1.219537750000000000e+06 1.354097250000000000e+06
1.000000000000000000e+00 5.279999999999999971e-02 -2.039999999999999869e-01 -3.359999999999999792e-02 1.319999999999999993e-02 -6.679999999999999827e-02 8.079999999999999682e-02 1.800000000000002986e-03 -1.149999999999998246e-02 -3.999999999999975797e-04 3.999999999999993144e-04 9.099999999999996980e-03 -1.000000000000000888e-03 2.787839999999999763e-03 4.161599999999999328e-02 1.128959999999999816e-03 1.742399999999999852e-04 4.462240000000000130e-03 6.528639999999999617e-03 3.240000000000010907e-06 1.322499999999996096e-04 1.599999999999980711e-07 1.599999999999994475e-07 8.280999999999994745e-05 1.000000000000001861e-06 1.219986875000000000e+06 1.354018875000000000e+06
1.000000000000000000e+00 5.229999999999999927e-02 -2.270000000000000073e-01 5.599999999999999943e-03 3.009999999999999828e-02 -7.069999999999999896e-02 7.929999999999999549e-02 -5.000000000000004441e-04 -2.300000000000002043e-02 3.919999999999999873e-02 1.689999999999999836e-02 -3.900000000000000688e-03 -1.500000000000001332e-03 2.735290000000000030e-03 5.152900000000000535e-02 3.135999999999999790e-05 9.060099999999998450e-04 4.998489999999999531e-03 6.288489999999999011e-03 2.500000000000004651e-07 5.290000000000009322e-04 1.536639999999999924e-03 2.856099999999999438e-04 1.521000000000000515e-05 2.250000000000003869e-06 1.212147125000000000e+06 1.337591250000000000e+06
1.000000000000000000e+00 5.419999999999999818e-02 -2.149999999999999967e-01 9.499999999999999764e-03 5.449999999999999983e-02 -1.188000000000000028e-01 6.880000000000000004e-02 1.899999999999998912e-03 1.200000000000001066e-02 3.899999999999999821e-03 2.440000000000000155e-02 -4.810000000000000386e-02 -1.049999999999999545e-02 2.937639999999999609e-03 4.622499999999999526e-02 9.024999999999999819e-05 2.970249999999999800e-03 1.411344000000000140e-02 4.733440000000000217e-03 3.609999999999995930e-06 1.440000000000002476e-04 1.520999999999999837e-05 5.953600000000000732e-04 2.313610000000000232e-03 1.102499999999999016e-04 1.215552375000000000e+06 1.341438250000000000e+06
1.000000000000000000e+00 5.480000000000000149e-02 -2.195999999999999897e-01 -2.100000000000000130e-02 7.380000000000000449e-02 -1.368000000000000049e-01 6.819999999999999674e-02 6.000000000000033085e-04 -4.599999999999992983e-03 -3.049999999999999933e-02 1.930000000000000465e-02 -1.800000000000000211e-02 -6.000000000000033085e-04 3.003040000000000223e-03 4.822415999999999509e-02 4.410000000000000400e-04 5.446440000000000309e-03 1.871424000000000004e-02 4.651239999999999195e-03 3.600000000000039648e-07 2.115999999999993632e-05 9.302499999999999788e-04 3.724900000000001691e-04 3.240000000000000692e-04 3.600000000000039648e-07 1.217514625000000000e+06 1.349167750000000000e+06
1.000000000000000000e+00 5.850000000000000339e-02 -2.018999999999999961e-01 1.990000000000000102e-02 1.139000000000000012e-01 -2.177999999999999936e-01 4.270000000000000184e-02 3.700000000000001898e-03 1.769999999999999352e-02 4.090000000000000580e-02 4.009999999999999676e-02 -8.099999999999998868e-02 -2.549999999999999489e-02 3.422250000000000379e-03 4.076360999999999873e-02 3.960100000000000252e-04 1.297321000000000064e-02 4.743683999999999401e-02 1.823290000000000197e-03 1.369000000000001462e-05 3.132899999999997601e-04 1.672810000000000486e-03 1.608009999999999778e-03 6.560999999999998257e-03 6.502499999999997865e-04 1.217443000000000000e+06 1.347362250000000000e+06
1.000000000000000000e+00 5.850000000000000339e-02 -1.763000000000000123e-01 -5.700000000000000205e-03 1.079999999999999988e-01 -1.778000000000000136e-01 3.540000000000000091e-02 0.000000000000000000e+00 2.559999999999998388e-02 -2.560000000000000123e-02 -5.900000000000002465e-03 3.999999999999998002e-02 -7.300000000000000933e-03 3.422250000000000379e-03 3.108169000000000556e-02 3.249000000000000233e-05 1.166399999999999902e-02 3.161284000000000316e-02 1.253160000000000125e-03 0.000000000000000000e+00 6.553599999999991464e-04 6.553600000000000137e-04 3.481000000000002755e-05 1.599999999999998342e-03 5.329000000000001325e-05 1.217889125000000000e+06 1.354101375000000000e+06
1.000000000000000000e+00 5.340000000000000302e-02 -1.773000000000000131e-01 -6.300000000000000044e-03 8.599999999999999312e-02 -8.000000000000000167e-02 3.710000000000000103e-02 -5.100000000000000366e-03 -1.000000000000000888e-03 -5.999999999999998390e-04 -2.200000000000000566e-02 9.780000000000001192e-02 1.700000000000000122e-03 2.851560000000000379e-03 3.143529000000000462e-02 3.969000000000000116e-05 7.395999999999998929e-03 6.400000000000000307e-03 1.376410000000000003e-03 2.601000000000000339e-05 1.000000000000001861e-06 3.599999999999997825e-07 4.840000000000002720e-04 9.564840000000001535e-03 2.890000000000000282e-06 1.216498500000000000e+06 1.348679500000000000e+06
1.000000000000000000e+00 5.129999999999999838e-02 -1.431000000000000050e-01 -2.709999999999999909e-02 7.430000000000000493e-02 -3.769999999999999740e-02 4.510000000000000120e-02 -2.100000000000004641e-03 3.420000000000000817e-02 -2.079999999999999905e-02 -1.169999999999998819e-02 4.230000000000000426e-02 8.000000000000000167e-03 2.631689999999999897e-03 2.047761000000000026e-02 7.344099999999999023e-04 5.520490000000001160e-03 1.421289999999999750e-03 2.034010000000000158e-03 4.410000000000019610e-06 1.169640000000000653e-03 4.326399999999999777e-04 1.368899999999997278e-04 1.789290000000000455e-03 6.399999999999999710e-05 1.217858875000000000e+06 1.353043375000000000e+06
1.000000000000000000e+00 4.939999999999999947e-02 -9.510000000000000397e-02 -4.080000000000000293e-02 6.189999999999999669e-02 -1.000000000000000021e-02 5.190000000000000169e-02 -1.899999999999998912e-03 4.800000000000000100e-02 -1.370000000000000384e-02 -1.240000000000000824e-02 2.769999999999999546e-02 6.800000000000000488e-03 2.440359999999999925e-03 9.044009999999999896e-03 1.664640000000000217e-03 3.831609999999999617e-03 1.000000000000000048e-04 2.693610000000000362e-03 3.609999999999995930e-06 2.304000000000000058e-03 1.876900000000000953e-04 1.537600000000002084e-04 7.672899999999997908e-04 4.624000000000000451e-05 1.219660500000000000e+06 1.356922750000000000e+06
1.000000000000000000e+00 4.120000000000000051e-02 -5.720000000000000084e-02 -2.369999999999999885e-02 5.090000000000000080e-02 -1.430000000000000021e-02 5.960000000000000020e-02 -8.199999999999998956e-03 3.790000000000000313e-02 1.710000000000000409e-02 -1.099999999999999589e-02 -4.300000000000000003e-03 7.699999999999998512e-03 1.697440000000000147e-03 3.271840000000000252e-03 5.616899999999999974e-04 2.590810000000000248e-03 2.044900000000000157e-04 3.552159999999999953e-03 6.723999999999998641e-05 1.436410000000000161e-03 2.924100000000001633e-04 1.209999999999999054e-04 1.849000000000000085e-05 5.928999999999997613e-05 1.218917500000000000e+06 1.353649625000000000e+06
1.000000000000000000e+00 3.839999999999999664e-02 -4.359999999999999987e-02 -2.819999999999999937e-02 4.080000000000000293e-02 -1.359999999999999924e-02 6.439999999999999891e-02 -2.800000000000003875e-03 1.360000000000000098e-02 -4.500000000000000527e-03 -1.009999999999999787e-02 7.000000000000009687e-04 4.799999999999998712e-03 1.474559999999999760e-03 1.900959999999999933e-03 7.952400000000000094e-04 1.664640000000000217e-03 1.849599999999999910e-04 4.147360000000000109e-03 7.840000000000021499e-06 1.849600000000000181e-04 2.025000000000000432e-05 1.020099999999999534e-04 4.900000000000013437e-07 2.303999999999998608e-05 1.218844750000000000e+06 1.357017375000000000e+06
1.000000000000000000e+00 3.359999999999999792e-02 1.524999999999999967e-01 1.489000000000000046e-01 2.939999999999999905e-02 -1.940000000000000058e-02 7.749999999999999944e-02 -4.799999999999998712e-03 1.960999999999999965e-01 1.771000000000000074e-01 -1.140000000000000388e-02 -5.800000000000001335e-03 1.310000000000000053e-02 1.128959999999999816e-03 2.325624999999999915e-02 2.217121000000000022e-02 8.643599999999999981e-04 3.763600000000000083e-04 6.006250000000000304e-03 2.303999999999998608e-05 3.845520999999999662e-02 3.136441000000000229e-02 1.299600000000000906e-04 3.364000000000001673e-05 1.716100000000000188e-04 1.213293500000000000e+06 1.341934875000000000e+06
1.000000000000000000e+00 7.320000000000000118e-02 1.110000000000000014e-01 -9.229999999999999316e-02 8.930000000000000437e-02 -1.363000000000000045e-01 4.889999999999999902e-02 3.960000000000000325e-02 -4.149999999999999523e-02 -2.411999999999999977e-01 5.990000000000000879e-02 -1.169000000000000039e-01 -2.860000000000000042e-02 5.358240000000000225e-03 1.232100000000000035e-02 8.519289999999998808e-03 7.974490000000000745e-03 1.857769000000000087e-02 2.391209999999999950e-03 1.568160000000000300e-03 1.722249999999999606e-03 5.817743999999999693e-02 3.588010000000000851e-03 1.366561000000000164e-02 8.179600000000000629e-04 1.212450375000000000e+06 1.344542750000000000e+06
1.000000000000000000e+00 6.690000000000000113e-02 -1.749999999999999889e-01 -4.030000000000000249e-02 2.139999999999999888e-02 -3.340000000000000191e-01 6.140000000000000319e-02 -6.300000000000000044e-03 -2.859999999999999765e-01 5.199999999999999067e-02 -6.790000000000000202e-02 -1.977000000000000146e-01 1.250000000000000416e-02 4.475610000000000525e-03 3.062499999999999598e-02 1.624090000000000126e-03 4.579599999999999318e-04 1.115560000000000163e-01 3.769960000000000585e-03 3.969000000000000116e-05 8.179599999999997983e-02 2.703999999999998939e-03 4.610410000000000549e-03 3.908529000000000864e-02 1.562500000000001117e-04 1.222332250000000000e+06 1.358044000000000000e+06
1.000000000000000000e+00 1.013000000000000012e-01 -1.208999999999999936e-01 -7.349999999999999589e-02 6.429999999999999605e-02 -7.259999999999999787e-02 4.179999999999999688e-02 3.440000000000000002e-02 5.409999999999999531e-02 -3.319999999999999341e-02 4.289999999999999369e-02 2.614000000000000212e-01 -1.960000000000000631e-02 1.026169000000000039e-02 1.461680999999999918e-02 5.402249999999999067e-03 4.134489999999999346e-03 5.270759999999999335e-03 1.747239999999999731e-03 1.183360000000000054e-03 2.926809999999999308e-03 1.102239999999999557e-03 1.840409999999999355e-03 6.832996000000000902e-02 3.841600000000002521e-04 1.220909250000000000e+06 1.360511875000000000e+06
1.000000000000000000e+00 6.769999999999999629e-02 -2.091000000000000081e-01 -2.199999999999999872e-02 3.860000000000000236e-02 4.359999999999999987e-02 6.500000000000000222e-02 -3.360000000000000486e-02 -8.820000000000001450e-02 5.149999999999999717e-02 -2.569999999999999368e-02 1.161999999999999977e-01 2.320000000000000534e-02 4.583289999999999413e-03 4.372281000000000084e-02 4.839999999999999468e-04 1.489960000000000243e-03 1.900959999999999933e-03 4.225000000000000457e-03 1.128960000000000250e-03 7.779240000000002368e-03 2.652249999999999660e-03 6.604899999999996885e-04 1.350243999999999923e-02 5.382400000000002677e-04 1.219424875000000000e+06 1.357425125000000000e+06
1.000000000000000000e+00 9.130000000000000615e-02 -1.158000000000000002e-01 -1.269999999999999948e-02 4.730000000000000177e-02 -8.340000000000000191e-02 6.360000000000000375e-02 2.360000000000000986e-02 9.330000000000000793e-02 9.299999999999999239e-03 8.699999999999999400e-03 -1.270000000000000018e-01 -1.399999999999998468e-03 8.335690000000001501e-03 1.340964000000000045e-02 1.612899999999999957e-04 2.237290000000000285e-03 6.955560000000000388e-03 4.044960000000000222e-03 5.569600000000004408e-04 8.704890000000001585e-03 8.648999999999997998e-05 7.568999999999998852e-05 1.612900000000000097e-02 1.959999999999995634e-06 1.214168375000000000e+06 1.346439750000000000e+06
1.000000000000000000e+00 6.510000000000000508e-02 -1.892000000000000071e-01 6.199999999999999782e-03 3.109999999999999917e-02 7.190000000000000557e-02 6.539999999999999980e-02 -2.620000000000000107e-02 -7.340000000000000691e-02 1.890000000000000013e-02 -1.620000000000000259e-02 1.552999999999999936e-01 1.799999999999996048e-03 4.238010000000000388e-03 3.579664000000000457e-02 3.843999999999999788e-05 9.672099999999999231e-04 5.169610000000000698e-03 4.277160000000000337e-03 6.864400000000000753e-04 5.387560000000001306e-03 3.572100000000000036e-04 2.624400000000000691e-04 2.411808999999999828e-02 3.239999999999985920e-06 1.216490000000000000e+06 1.347238625000000000e+06
1.000000000000000000e+00 7.739999999999999658e-02 -9.410000000000000309e-02 4.359999999999999987e-02 2.769999999999999893e-02 -1.147999999999999993e-01 8.240000000000000102e-02 1.229999999999999150e-02 9.510000000000000397e-02 3.740000000000000269e-02 -3.400000000000000244e-03 -1.867000000000000048e-01 1.700000000000000122e-02 5.990759999999999488e-03 8.854810000000001152e-03 1.900959999999999933e-03 7.672899999999998992e-04 1.317903999999999951e-02 6.789760000000000587e-03 1.512899999999997797e-04 9.044009999999999896e-03 1.398760000000000194e-03 1.156000000000000113e-05 3.485689000000000148e-02 2.890000000000000316e-04 1.213817375000000000e+06 1.341664875000000000e+06
1.000000000000000000e+00 8.500000000000000611e-02 -1.163000000000000006e-01 3.470000000000000168e-02 5.739999999999999963e-02 8.749999999999999445e-02 6.729999999999999871e-02 7.600000000000009526e-03 -2.219999999999999751e-02 -8.899999999999998190e-03 2.970000000000000070e-02 2.022999999999999798e-01 -1.510000000000000231e-02 7.225000000000001386e-03 1.352568999999999994e-02 1.204090000000000108e-03 3.294759999999999876e-03 7.656249999999998994e-03 4.529290000000000052e-03 5.776000000000014494e-05 4.928399999999999231e-04 7.920999999999996837e-05 8.820900000000000876e-04 4.092528999999998918e-02 2.280100000000000616e-04 1.216520625000000000e+06 1.342520375000000000e+06
1.000000000000000000e+00 7.549999999999999767e-02 -2.826000000000000179e-01 3.599999999999999901e-03 5.720000000000000084e-02 -1.242999999999999938e-01 6.679999999999999827e-02 -9.500000000000008438e-03 -1.663000000000000034e-01 -3.110000000000000264e-02 -1.999999999999987899e-04 -2.117999999999999883e-01 -5.000000000000004441e-04 5.700249999999999588e-03 7.986276000000000486e-02 1.295999999999999958e-05 3.271840000000000252e-03 1.545048999999999902e-02 4.462240000000000130e-03 9.025000000000016082e-05 2.765569000000000013e-02 9.672100000000001399e-04 3.999999999999951776e-08 4.485923999999999467e-02 2.500000000000004651e-07 1.212972375000000000e+06 1.341579000000000000e+06
1.000000000000000000e+00 7.580000000000000626e-02 -2.003000000000000058e-01 5.670000000000000040e-02 7.870000000000000606e-02 8.809999999999999776e-02 6.210000000000000242e-02 3.000000000000085931e-04 8.230000000000001203e-02 5.310000000000000137e-02 2.150000000000000522e-02 2.123999999999999777e-01 -4.699999999999995848e-03 5.745640000000000643e-03 4.012009000000000408e-02 3.214890000000000195e-03 6.193690000000000827e-03 7.761609999999999517e-03 3.856410000000000220e-03 9.000000000000516018e-08 6.773290000000002122e-03 2.819610000000000172e-03 4.622500000000002041e-04 4.511375999999998887e-02 2.208999999999995960e-05 1.216454250000000000e+06 1.345354875000000000e+06
1.000000000000000000e+00 7.249999999999999500e-02 -3.008000000000000118e-01 1.299999999999999940e-02 6.690000000000000113e-02 -1.451000000000000068e-01 5.689999999999999919e-02 -3.300000000000011258e-03 -1.005000000000000060e-01 -4.370000000000000273e-02 -1.180000000000000493e-02 -2.332000000000000184e-01 -5.200000000000003231e-03 5.256249999999999638e-03 9.048064000000000107e-02 1.689999999999999879e-04 4.475610000000000525e-03 2.105401000000000147e-02 3.237609999999999707e-03 1.089000000000007361e-05 1.010025000000000159e-02 1.909690000000000346e-03 1.392400000000001102e-04 5.438224000000000530e-02 2.704000000000003249e-05 1.210489125000000000e+06 1.333731000000000000e+06
1.000000000000000000e+00 7.240000000000000602e-02 -1.670999999999999985e-01 3.450000000000000289e-02 1.262000000000000066e-01 -7.199999999999999456e-02 2.759999999999999953e-02 -9.999999999998898659e-05 1.337000000000000133e-01 2.150000000000000522e-02 5.930000000000000548e-02 7.310000000000001219e-02 -2.929999999999999966e-02 5.241760000000000690e-03 2.792240999999999820e-02 1.190250000000000119e-03 1.592644000000000004e-02 5.183999999999999372e-03 7.617599999999999979e-04 9.999999999997796600e-09 1.787569000000000310e-02 4.622500000000002041e-04 3.516490000000000588e-03 5.343610000000002108e-03 8.584899999999999476e-04 1.214326375000000000e+06 1.337172875000000000e+06
1.000000000000000000e+00 7.330000000000000404e-02 -4.789999999999999813e-02 -2.100000000000000130e-02 1.532000000000000028e-01 -3.153000000000000247e-01 2.709999999999999909e-02 8.999999999999980238e-04 1.192000000000000004e-01 -5.550000000000000766e-02 2.699999999999999623e-02 -2.433000000000000163e-01 -5.000000000000004441e-04 5.372890000000000825e-03 2.294409999999999766e-03 4.410000000000000400e-04 2.347023999999999985e-02 9.941409000000001051e-02 7.344099999999999023e-04 8.099999999999964799e-07 1.420863999999999981e-02 3.080250000000000956e-03 7.289999999999998304e-04 5.919489000000000695e-02 2.500000000000004651e-07 1.218735625000000000e+06 1.352759375000000000e+06
1.000000000000000000e+00 8.229999999999999816e-02 6.679999999999999827e-02 4.610000000000000209e-02 1.383000000000000063e-01 2.599999999999999881e-02 2.980000000000000010e-02 8.999999999999994116e-03 1.146999999999999964e-01 6.710000000000000686e-02 -1.489999999999999658e-02 3.413000000000000478e-01 2.700000000000001010e-03 6.773289999999999519e-03 4.462240000000000130e-03 2.125210000000000207e-03 1.912689000000000056e-02 6.759999999999999516e-04 8.880399999999999882e-04 8.099999999999989533e-05 1.315608999999999876e-02 4.502410000000000960e-03 2.220099999999998886e-04 1.164856900000000306e-01 7.290000000000005589e-06 1.217808875000000000e+06 1.347174500000000000e+06
1.000000000000000000e+00 6.660000000000000642e-02 8.250000000000000389e-02 1.359999999999999924e-02 1.310000000000000053e-01 5.079999999999999793e-02 2.750000000000000014e-02 -1.569999999999999174e-02 1.570000000000000562e-02 -3.250000000000000111e-02 -7.300000000000000933e-03 2.479999999999999913e-02 -2.299999999999999961e-03 4.435560000000000717e-03 6.806250000000000668e-03 1.849599999999999910e-04 1.716100000000000264e-02 2.580639999999999930e-03 7.562499999999999778e-04 2.464899999999997627e-04 2.464900000000001964e-04 1.056250000000000114e-03 5.329000000000001325e-05 6.150399999999999661e-04 5.290000000000000174e-06 1.219823625000000000e+06 1.354261250000000000e+06
1.000000000000000000e+00 5.739999999999999963e-02 8.160000000000000586e-02 4.120000000000000051e-02 1.102999999999999953e-01 2.809999999999999998e-02 4.449999999999999789e-02 -9.200000000000006783e-03 -8.999999999999980238e-04 2.759999999999999953e-02 -2.070000000000001006e-02 -2.269999999999999796e-02 1.699999999999999775e-02 3.294759999999999876e-03 6.658560000000000867e-03 1.697440000000000147e-03 1.216608999999999920e-02 7.896100000000000514e-04 1.980249999999999806e-03 8.464000000000012475e-05 8.099999999999964799e-07 7.617599999999999979e-04 4.284900000000003918e-04 5.152899999999999538e-04 2.889999999999999232e-04 1.221309750000000000e+06 1.357940000000000000e+06
1.000000000000000000e+00 4.490000000000000241e-02 1.277999999999999969e-01 6.310000000000000331e-02 7.989999999999999880e-02 -7.409999999999999920e-02 3.590000000000000135e-02 -1.249999999999999722e-02 4.619999999999999107e-02 2.190000000000000280e-02 -3.039999999999999647e-02 -1.021999999999999992e-01 -8.599999999999996536e-03 2.016010000000000371e-03 1.633283999999999778e-02 3.981610000000000010e-03 6.384009999999999858e-03 5.490809999999999615e-03 1.288810000000000042e-03 1.562499999999999219e-04 2.134439999999999168e-03 4.796100000000001057e-04 9.241599999999998254e-04 1.044484000000000037e-02 7.395999999999993562e-05 1.220398125000000000e+06 1.360297000000000000e+06
1.000000000000000000e+00 4.959999999999999826e-02 4.009999999999999676e-02 6.679999999999999827e-02 8.039999999999999925e-02 -1.383999999999999952e-01 3.799999999999999906e-02 4.699999999999995848e-03 -8.770000000000000018e-02 3.699999999999994960e-03 5.000000000000004441e-04 -6.429999999999999605e-02 2.099999999999997702e-03 2.460159999999999864e-03 1.608009999999999778e-03 4.462240000000000130e-03 6.464160000000000045e-03 1.915455999999999756e-02 1.443999999999999971e-03 2.208999999999995960e-05 7.691289999999999932e-03 1.368999999999996210e-05 2.500000000000004651e-07 4.134489999999999346e-03 4.409999999999989964e-06 1.216946875000000000e+06 1.350422375000000000e+06
1.000000000000000000e+00 6.010000000000000064e-02 -1.093999999999999972e-01 -8.600000000000000006e-03 1.063999999999999946e-01 -9.919999999999999651e-02 2.980000000000000010e-02 1.050000000000000239e-02 -1.494999999999999940e-01 -7.539999999999999480e-02 2.599999999999999534e-02 3.919999999999999873e-02 -8.199999999999998956e-03 3.612010000000000134e-03 1.196835999999999907e-02 7.396000000000000339e-05 1.132095999999999970e-02 9.840639999999999457e-03 8.880399999999999882e-04 1.102500000000000507e-04 2.235024999999999859e-02 5.685159999999998999e-03 6.759999999999997348e-04 1.536639999999999924e-03 6.723999999999998641e-05 1.219486375000000000e+06 1.358443500000000000e+06
1.000000000000000000e+00 5.890000000000000097e-02 -1.753000000000000114e-01 9.299999999999999239e-03 1.044999999999999957e-01 -4.270000000000000184e-02 3.379999999999999671e-02 -1.199999999999999678e-03 -6.590000000000001412e-02 1.789999999999999925e-02 -1.899999999999998912e-03 5.649999999999999467e-02 3.999999999999996614e-03 3.469209999999999915e-03 3.073009000000000504e-02 8.648999999999997998e-05 1.092024999999999940e-02 1.823290000000000197e-03 1.142439999999999775e-03 1.439999999999999130e-06 4.342810000000001634e-03 3.204099999999999765e-04 3.609999999999995930e-06 3.192249999999999342e-03 1.599999999999997217e-05 1.222880125000000000e+06 1.361328625000000000e+06
1.000000000000000000e+00 6.869999999999999718e-02 -2.187000000000000055e-01 -4.000000000000000192e-04 1.330000000000000071e-01 -1.329999999999999932e-02 3.300000000000000155e-02 9.799999999999996214e-03 -4.339999999999999414e-02 -9.699999999999998554e-03 2.850000000000001144e-02 2.940000000000000252e-02 -7.999999999999951594e-04 4.719689999999999476e-03 4.782969000000000109e-02 1.600000000000000033e-07 1.768900000000000333e-02 1.768899999999999954e-04 1.089000000000000124e-03 9.603999999999992751e-05 1.883559999999999401e-03 9.408999999999997498e-05 8.122500000000006885e-04 8.643600000000001065e-04 6.399999999999922842e-07 1.223600000000000000e+06 1.365454000000000000e+06
1.000000000000000000e+00 7.499999999999999722e-02 -2.871000000000000218e-01 1.080000000000000057e-02 1.544999999999999984e-01 -6.669999999999999540e-02 2.929999999999999966e-02 6.300000000000000044e-03 -6.840000000000001634e-02 1.119999999999999989e-02 2.149999999999999134e-02 -5.339999999999999608e-02 -3.700000000000001898e-03 5.624999999999999792e-03 8.242641000000001938e-02 1.166400000000000081e-04 2.387024999999999911e-02 4.448889999999999616e-03 8.584899999999999476e-04 3.969000000000000116e-05 4.678560000000002612e-03 1.254399999999999916e-04 4.622499999999996078e-04 2.851559999999999512e-03 1.369000000000001462e-05 1.220377250000000000e+06 1.356761750000000000e+06
1.000000000000000000e+00 6.669999999999999540e-02 -3.151999999999999802e-01 2.999999999999999889e-02 1.506000000000000116e-01 -8.619999999999999885e-02 2.980000000000000010e-02 -8.300000000000001821e-03 -2.809999999999995834e-02 1.919999999999999832e-02 -3.899999999999986811e-03 -1.950000000000000344e-02 5.000000000000004441e-04 4.448889999999999616e-03 9.935103999999998770e-02 8.999999999999999754e-04 2.268036000000000357e-02 7.430439999999999962e-03 8.880399999999999882e-04 6.889000000000002652e-05 7.896099999999976662e-04 3.686399999999999400e-04 1.520999999999989673e-05 3.802500000000001083e-04 2.500000000000004651e-07 1.214011250000000000e+06 1.345060625000000000e+06
1.000000000000000000e+00 6.719999999999999585e-02 -1.854000000000000092e-01 2.380000000000000171e-02 1.542000000000000037e-01 -1.136999999999999955e-01 1.729999999999999941e-02 5.000000000000004441e-04 1.297999999999999710e-01 -6.199999999999997180e-03 3.599999999999992095e-03 -2.749999999999999667e-02 -1.250000000000000069e-02 4.515839999999999264e-03 3.437316000000000676e-02 5.664400000000000858e-04 2.377764000000000266e-02 1.292768999999999863e-02 2.992899999999999619e-04 2.500000000000004651e-07 1.684803999999999122e-02 3.843999999999996400e-05 1.295999999999994368e-05 7.562499999999998694e-04 1.562500000000000304e-04 1.214400625000000000e+06 1.347436125000000000e+06
1.000000000000000000e+00 7.979999999999999594e-02 4.019999999999999962e-02 -5.050000000000000322e-02 1.343000000000000027e-01 -1.552999999999999936e-01 8.000000000000000167e-03 1.260000000000000009e-02 2.256000000000000227e-01 -7.430000000000000493e-02 -1.990000000000000102e-02 -4.159999999999999809e-02 -9.299999999999999239e-03 6.368039999999999291e-03 1.616040000000000011e-03 2.550250000000000433e-03 1.803649000000000224e-02 2.411808999999999828e-02 6.399999999999999710e-05 1.587600000000000046e-04 5.089536000000000754e-02 5.520490000000001160e-03 3.960100000000000252e-04 1.730559999999999911e-03 8.648999999999997998e-05 1.218278750000000000e+06 1.350187000000000000e+06
1.000000000000000000e+00 6.479999999999999649e-02 -3.039999999999999994e-02 -4.880000000000000310e-02 1.391999999999999904e-01 -2.899999999999999800e-03 -1.359999999999999924e-02 -1.499999999999999944e-02 -7.059999999999999609e-02 1.700000000000000122e-03 4.899999999999987699e-03 1.523999999999999799e-01 -2.160000000000000114e-02 4.199039999999999370e-03 9.241600000000000422e-04 2.381440000000000293e-03 1.937663999999999706e-02 8.409999999999999101e-06 1.849599999999999910e-04 2.249999999999999938e-04 4.984359999999999312e-03 2.890000000000000282e-06 2.400999999999988023e-05 2.322575999999999460e-02 4.665600000000000324e-04 1.222029875000000000e+06 1.359207625000000000e+06
1.000000000000000000e+00 5.109999999999999959e-02 2.015000000000000124e-01 -3.009999999999999828e-02 1.173000000000000015e-01 2.700000000000000143e-03 2.799999999999999972e-03 -1.369999999999999690e-02 2.319000000000000228e-01 1.870000000000000481e-02 -2.189999999999998892e-02 5.599999999999999943e-03 1.639999999999999791e-02 2.611210000000000094e-03 4.060225000000000639e-02 9.060099999999998450e-04 1.375929000000000041e-02 7.290000000000000507e-06 7.839999999999999476e-06 1.876899999999999055e-04 5.377761000000001040e-02 3.496900000000001570e-04 4.796099999999995094e-04 3.135999999999999790e-05 2.689599999999999456e-04 1.223659625000000000e+06 1.363052750000000000e+06
1.000000000000000000e+00 5.609999999999999709e-02 -1.510000000000000057e-02 -2.769999999999999893e-02 1.170000000000000068e-01 3.250000000000000111e-02 1.389999999999999916e-02 4.999999999999997502e-03 -2.166000000000000147e-01 2.399999999999999356e-03 -2.999999999999947153e-04 2.980000000000000010e-02 1.109999999999999876e-02 3.147209999999999678e-03 2.280100000000000074e-04 7.672899999999998992e-04 1.368900000000000151e-02 1.056250000000000114e-03 1.932099999999999746e-04 2.499999999999997409e-05 4.691556000000000892e-02 5.759999999999996521e-06 8.999999999999683544e-08 8.880399999999999882e-04 1.232099999999999808e-04 1.217287625000000000e+06 1.351006125000000000e+06
1.000000000000000000e+00 6.469999999999999363e-02 5.360000000000000181e-02 -5.190000000000000169e-02 1.174000000000000044e-01 3.479999999999999760e-02 1.969999999999999876e-02 8.599999999999996536e-03 6.869999999999999718e-02 -2.420000000000000276e-02 3.999999999999975797e-04 2.299999999999996492e-03 5.799999999999999600e-03 4.186089999999999083e-03 2.872960000000000357e-03 2.693610000000000362e-03 1.378276000000000154e-02 1.211039999999999816e-03 3.880899999999999519e-04 7.395999999999993562e-05 4.719689999999999476e-03 5.856400000000001188e-04 1.599999999999980711e-07 5.289999999999984080e-06 3.363999999999999640e-05 1.220198625000000000e+06 1.356067500000000000e+06
1.000000000000000000e+00 5.960000000000000020e-02 6.610000000000000597e-02 -5.689999999999999919e-02 1.098999999999999977e-01 5.920000000000000262e-02 1.729999999999999941e-02 -5.099999999999993427e-03 1.250000000000000416e-02 -4.999999999999997502e-03 -7.500000000000006661e-03 2.440000000000000502e-02 -2.399999999999999356e-03 3.552159999999999953e-03 4.369210000000000975e-03 3.237609999999999707e-03 1.207801000000000013e-02 3.504640000000000272e-03 2.992899999999999619e-04 2.600999999999993224e-05 1.562500000000001117e-04 2.499999999999997409e-05 5.625000000000010010e-05 5.953600000000002900e-04 5.759999999999996521e-06 1.221751125000000000e+06 1.359554250000000000e+06
1.000000000000000000e+00 5.460000000000000270e-02 7.459999999999999964e-02 -6.370000000000000662e-02 1.067000000000000032e-01 8.409999999999999420e-02 2.400000000000000050e-02 -4.999999999999997502e-03 8.499999999999993672e-03 -6.800000000000007427e-03 -3.199999999999994515e-03 2.489999999999999158e-02 6.700000000000001094e-03 2.981160000000000494e-03 5.565159999999999552e-03 4.057690000000000949e-03 1.138488999999999994e-02 7.072809999999998820e-03 5.760000000000000146e-04 2.499999999999997409e-05 7.224999999999988593e-05 4.624000000000009938e-05 1.023999999999996464e-05 6.200099999999996152e-04 4.489000000000001236e-05 1.225340250000000000e+06 1.368121500000000000e+06
1.000000000000000000e+00 5.190000000000000169e-02 4.270000000000000184e-02 -5.260000000000000092e-02 1.053000000000000047e-01 8.050000000000000211e-02 2.179999999999999993e-02 -2.700000000000001010e-03 -3.189999999999999780e-02 1.110000000000000570e-02 -1.399999999999998468e-03 -3.599999999999992095e-03 -2.200000000000000566e-03 2.693610000000000362e-03 1.823290000000000197e-03 2.766760000000000053e-03 1.108809000000000183e-02 6.480250000000000767e-03 4.752399999999999832e-04 7.290000000000005589e-06 1.017609999999999956e-03 1.232100000000001163e-04 1.959999999999995634e-06 1.295999999999994368e-05 4.840000000000002788e-06 1.223884000000000000e+06 1.365708625000000000e+06
1.000000000000000000e+00 5.840000000000000052e-02 4.120000000000000051e-02 6.160000000000000198e-02 1.140000000000000041e-01 8.920000000000000151e-02 2.910000000000000087e-02 6.499999999999998834e-03 -1.500000000000001332e-03 1.141999999999999960e-01 8.699999999999999400e-03 8.699999999999999400e-03 7.300000000000000933e-03 3.410559999999999981e-03 1.697440000000000147e-03 3.794560000000000207e-03 1.299600000000000061e-02 7.956640000000000934e-03 8.468100000000000323e-04 4.224999999999998342e-05 2.250000000000003869e-06 1.304163999999999844e-02 7.568999999999998852e-05 7.568999999999998852e-05 5.329000000000001325e-05 1.221774125000000000e+06 1.358109250000000000e+06
1.000000000000000000e+00 6.180000000000000077e-02 -2.299999999999999961e-03 -9.189999999999999558e-02 1.290999999999999925e-01 2.450000000000000094e-02 2.050000000000000086e-02 3.400000000000000244e-03 -4.349999999999999700e-02 -1.534999999999999976e-01 1.509999999999998843e-02 -6.470000000000000751e-02 -8.600000000000000006e-03 3.819240000000000222e-03 5.290000000000000174e-06 8.445609999999999229e-03 1.666680999999999718e-02 6.002500000000000890e-04 4.202500000000000506e-04 1.156000000000000113e-05 1.892249999999999835e-03 2.356224999999999986e-02 2.280099999999996550e-04 4.186090000000000817e-03 7.396000000000000339e-05 1.222680125000000000e+06 1.361936875000000000e+06
1.000000000000000000e+00 6.590000000000000024e-02 -2.129000000000000059e-01 -2.879999999999999921e-02 1.295999999999999930e-01 8.279999999999999860e-02 2.120000000000000009e-02 4.099999999999999478e-03 -2.106000000000000094e-01 6.309999999999998943e-02 5.000000000000004441e-04 5.829999999999999766e-02 6.999999999999992339e-04 4.342809999999999900e-03 4.532641000000000447e-02 8.294399999999999733e-04 1.679615999999999748e-02 6.855840000000000198e-03 4.494400000000000066e-04 1.680999999999999660e-05 4.435236000000000733e-02 3.981609999999998276e-03 2.500000000000004651e-07 3.398889999999999897e-03 4.899999999999989084e-07 1.216483750000000000e+06 1.347558000000000000e+06
1.000000000000000000e+00 5.979999999999999899e-02 -2.200000000000000133e-03 -2.299999999999999961e-03 1.180999999999999966e-01 6.479999999999999649e-02 2.819999999999999937e-02 -6.100000000000001255e-03 2.106999999999999984e-01 2.649999999999999925e-02 -1.149999999999999634e-02 -1.800000000000000211e-02 6.999999999999999278e-03 3.576039999999999948e-03 4.840000000000000247e-06 5.290000000000000174e-06 1.394760999999999918e-02 4.199039999999999370e-03 7.952400000000000094e-04 3.721000000000001813e-05 4.439449000000000173e-02 7.022499999999999663e-04 1.322499999999999078e-04 3.240000000000000692e-04 4.899999999999999164e-05 1.219320750000000000e+06 1.353032000000000000e+06
1.000000000000000000e+00 5.260000000000000092e-02 -2.723999999999999755e-01 -1.299999999999999940e-03 1.232000000000000040e-01 6.479999999999999649e-02 3.030000000000000054e-02 -7.199999999999998068e-03 -2.701999999999999957e-01 1.000000000000000021e-03 5.100000000000007305e-03 0.000000000000000000e+00 2.100000000000001171e-03 2.766760000000000053e-03 7.420175999999999161e-02 1.689999999999999913e-06 1.517824000000000083e-02 4.199039999999999370e-03 9.180899999999999868e-04 5.183999999999997123e-05 7.300803999999999627e-02 9.999999999999999547e-07 2.601000000000007454e-05 0.000000000000000000e+00 4.410000000000005211e-06 1.216437375000000000e+06 1.343383750000000000e+06
1.000000000000000000e+00 5.970000000000000306e-02 -9.049999999999999711e-02 -1.250000000000000069e-02 1.295000000000000040e-01 8.219999999999999529e-02 2.529999999999999957e-02 7.100000000000002143e-03 1.818999999999999784e-01 -1.120000000000000162e-02 6.300000000000000044e-03 1.739999999999999880e-02 -5.000000000000000971e-03 3.564090000000000227e-03 8.190249999999999614e-03 1.562500000000000304e-04 1.677025000000000043e-02 6.756839999999999201e-03 6.400899999999999515e-04 5.041000000000002727e-05 3.308760999999998953e-02 1.254400000000000458e-04 3.969000000000000116e-05 3.027599999999999541e-04 2.500000000000001136e-05 1.219902750000000000e+06 1.351865125000000000e+06
1.000000000000000000e+00 5.890000000000000097e-02 -3.195000000000000062e-01 1.190000000000000085e-02 1.330999999999999961e-01 7.389999999999999347e-02 2.659999999999999865e-02 -8.000000000000020983e-04 -2.290000000000000091e-01 2.440000000000000155e-02 3.599999999999992095e-03 -8.300000000000001821e-03 1.299999999999999073e-03 3.469209999999999915e-03 1.020802499999999974e-01 1.416100000000000214e-04 1.771560999999999969e-02 5.461209999999999329e-03 7.075599999999999815e-04 6.400000000000034015e-07 5.244100000000000150e-02 5.953600000000000732e-04 1.295999999999994368e-05 6.889000000000002652e-05 1.689999999999997584e-06 1.216140875000000000e+06 1.343313250000000000e+06
1.000000000000000000e+00 6.729999999999999871e-02 -5.269999999999999685e-02 8.399999999999999481e-03 1.557000000000000051e-01 7.699999999999999900e-02 2.319999999999999840e-02 8.399999999999997746e-03 2.668000000000000371e-01 -3.500000000000001374e-03 2.260000000000000897e-02 3.100000000000005529e-03 -3.400000000000000244e-03 4.529290000000000052e-03 2.777289999999999533e-03 7.055999999999998851e-05 2.424249000000000195e-02 5.929000000000000242e-03 5.382399999999999424e-04 7.055999999999996140e-05 7.118224000000002161e-02 1.225000000000000977e-05 5.107600000000004021e-04 9.610000000000035045e-06 1.156000000000000113e-05 1.218517375000000000e+06 1.347195375000000000e+06
1.000000000000000000e+00 6.840000000000000246e-02 -1.267999999999999960e-01 1.480000000000000066e-02 1.635000000000000064e-01 5.160000000000000003e-02 1.930000000000000118e-02 1.100000000000003753e-03 -7.409999999999999920e-02 6.400000000000001174e-03 7.800000000000001377e-03 -2.539999999999999897e-02 -3.899999999999997219e-03 4.678560000000000010e-03 1.607824000000000059e-02 2.190400000000000170e-04 2.673225000000000254e-02 2.662560000000000014e-03 3.724900000000000606e-04 1.210000000000008320e-06 5.490809999999999615e-03 4.096000000000001441e-05 6.084000000000002058e-05 6.451599999999999826e-04 1.520999999999997804e-05 1.215360375000000000e+06 1.343626625000000000e+06
1.000000000000000000e+00 6.189999999999999669e-02 -1.147999999999999993e-01 3.459999999999999881e-02 1.786000000000000087e-01 3.269999999999999990e-02 1.750000000000000167e-02 -6.500000000000005773e-03 1.199999999999999678e-02 1.979999999999999816e-02 1.510000000000000231e-02 -1.890000000000000013e-02 -1.799999999999999517e-03 3.831609999999999617e-03 1.317903999999999951e-02 1.197159999999999848e-03 3.189796000000000298e-02 1.069290000000000084e-03 3.062500000000000443e-04 4.225000000000007829e-05 1.439999999999999223e-04 3.920399999999999124e-04 2.280100000000000616e-04 3.572100000000000036e-04 3.239999999999998202e-06 1.217140750000000000e+06 1.346391000000000000e+06
1.000000000000000000e+00 7.610000000000000098e-02 -7.149999999999999412e-02 4.359999999999999987e-02 2.230999999999999928e-01 -2.920000000000000026e-02 1.899999999999999953e-02 1.420000000000000429e-02 4.330000000000000515e-02 9.000000000000001055e-03 4.449999999999998401e-02 -6.189999999999999669e-02 1.499999999999997863e-03 5.791209999999999761e-03 5.112249999999998740e-03 1.900959999999999933e-03 4.977360999999999591e-02 8.526399999999999951e-04 3.609999999999999928e-04 2.016400000000001091e-04 1.874890000000000367e-03 8.100000000000001730e-05 1.980249999999998504e-03 3.831609999999999617e-03 2.249999999999993704e-06 1.218124250000000000e+06 1.351595875000000000e+06
1.000000000000000000e+00 6.969999999999999807e-02 -6.439999999999999891e-02 1.469999999999999953e-02 2.081999999999999962e-01 -1.020000000000000073e-02 2.149999999999999828e-02 -6.400000000000002909e-03 7.099999999999995204e-03 -2.890000000000000208e-02 -1.489999999999999658e-02 1.899999999999999953e-02 2.499999999999998751e-03 4.858089999999999804e-03 4.147360000000000109e-03 2.160899999999999995e-04 4.334723999999999522e-02 1.040400000000000135e-04 4.622499999999999331e-04 4.096000000000003474e-05 5.040999999999993240e-05 8.352100000000000756e-04 2.220099999999998886e-04 3.609999999999999928e-04 6.249999999999993523e-06 1.217695625000000000e+06 1.347701875000000000e+06
1.000000000000000000e+00 8.790000000000000591e-02 -6.890000000000000291e-02 -7.700000000000000247e-03 -2.060000000000000026e-02 2.210000000000000159e-02 1.949999999999999997e-02 1.820000000000000784e-02 -4.500000000000003997e-03 -2.239999999999999977e-02 -2.288000000000000034e-01 3.230000000000000232e-02 -1.999999999999998307e-03 7.726410000000001263e-03 4.747209999999999971e-03 5.929000000000000324e-05 4.243600000000000367e-04 4.884100000000001027e-04 3.802499999999999999e-04 3.312400000000002777e-04 2.025000000000003482e-05 5.017599999999999665e-04 5.234944000000000403e-02 1.043290000000000103e-03 3.999999999999993043e-06 1.220149875000000000e+06 1.355902250000000000e+06
1.000000000000000000e+00 5.580000000000000238e-02 1.008000000000000007e-01 7.130000000000000226e-02 1.801000000000000101e-01 -2.529999999999999957e-02 3.590000000000000135e-02 -3.210000000000000353e-02 1.697000000000000175e-01 7.900000000000000078e-02 2.007000000000000173e-01 -4.739999999999999769e-02 1.640000000000000138e-02 3.113640000000000418e-03 1.016064000000000030e-02 5.083690000000000084e-03 3.243601000000000123e-02 6.400899999999999515e-04 1.288810000000000042e-03 1.030410000000000267e-03 2.879809000000000535e-02 6.241000000000000020e-03 4.028049000000000907e-02 2.246759999999999990e-03 2.689600000000000541e-04 1.221448875000000000e+06 1.358794625000000000e+06
1.000000000000000000e+00 8.419999999999999707e-02 5.759999999999999842e-02 -2.040000000000000147e-02 -2.249999999999999917e-02 8.099999999999999561e-03 1.930000000000000118e-02 2.839999999999999469e-02 -4.320000000000000229e-02 -9.170000000000000373e-02 -2.026000000000000023e-01 3.339999999999999913e-02 -1.660000000000000017e-02 7.089639999999999484e-03 3.317759999999999893e-03 4.161600000000000542e-04 5.062499999999999726e-04 6.560999999999999016e-05 3.724900000000000606e-04 8.065599999999996774e-04 1.866240000000000130e-03 8.408890000000000461e-03 4.104676000000000158e-02 1.115560000000000032e-03 2.755599999999999977e-04 1.221687375000000000e+06 1.362202250000000000e+06
1.000000000000000000e+00 6.090000000000000274e-02 -1.892000000000000071e-01 -3.749999999999999861e-02 1.882000000000000062e-01 2.580000000000000002e-02 3.259999999999999704e-02 -2.329999999999999433e-02 -2.468000000000000194e-01 -1.709999999999999715e-02 2.106999999999999984e-01 1.770000000000000046e-02 1.329999999999999585e-02 3.708810000000000318e-03 3.579664000000000457e-02 1.406249999999999948e-03 3.541924000000000461e-02 6.656400000000000034e-04 1.062759999999999833e-03 5.428899999999997573e-04 6.091024000000001132e-02 2.924099999999998922e-04 4.439449000000000173e-02 3.132900000000000311e-04 1.768899999999998870e-04 1.222126125000000000e+06 1.361591750000000000e+06
1.000000000000000000e+00 8.530000000000000082e-02 3.250000000000000111e-02 -2.999999999999999889e-02 -3.939999999999999752e-02 1.490000000000000005e-02 3.729999999999999982e-02 2.439999999999999808e-02 2.217000000000000082e-01 7.499999999999999722e-03 -2.275999999999999968e-01 -1.089999999999999997e-02 4.700000000000002787e-03 7.276089999999999815e-03 1.056250000000000114e-03 8.999999999999999754e-04 1.552359999999999808e-03 2.220099999999999971e-04 1.391289999999999888e-03 5.953599999999998563e-04 4.915089000000000263e-02 5.624999999999999846e-05 5.180175999999999531e-02 1.188099999999999958e-04 2.209000000000002737e-05 1.216242125000000000e+06 1.353468500000000000e+06
1.000000000000000000e+00 6.819999999999999674e-02 -2.058999999999999997e-01 -1.140000000000000041e-02 1.801999999999999991e-01 1.239999999999999956e-02 3.520000000000000212e-02 -1.710000000000000409e-02 -2.384000000000000008e-01 1.859999999999999848e-02 2.195999999999999897e-01 -2.500000000000000486e-03 -2.099999999999997702e-03 4.651239999999999195e-03 4.239480999999999805e-02 1.299600000000000093e-04 3.247204000000000063e-02 1.537599999999999915e-04 1.239040000000000063e-03 2.924100000000001633e-04 5.683455999999999925e-02 3.459599999999999199e-04 4.822415999999999509e-02 6.250000000000002841e-06 4.409999999999989964e-06 1.217629500000000000e+06 1.352568000000000000e+06
1.000000000000000000e+00 8.179999999999999771e-02 3.500000000000000073e-03 -7.499999999999999722e-03 -3.749999999999999861e-02 2.920000000000000026e-02 3.869999999999999829e-02 1.360000000000000098e-02 2.094000000000000028e-01 3.900000000000000688e-03 -2.177000000000000046e-01 1.680000000000000243e-02 3.499999999999996170e-03 6.691239999999999341e-03 1.225000000000000130e-05 5.624999999999999846e-05 1.406249999999999948e-03 8.526399999999999951e-04 1.497689999999999872e-03 1.849600000000000181e-04 4.384836000000000289e-02 1.521000000000000515e-05 4.739329000000000458e-02 2.822400000000000624e-04 1.224999999999997250e-05 1.216841750000000000e+06 1.351382250000000000e+06
1.000000000000000000e+00 6.350000000000000089e-02 -2.177000000000000046e-01 2.589999999999999941e-02 1.827000000000000013e-01 -1.399999999999999986e-03 4.290000000000000063e-02 -1.829999999999999682e-02 -2.212000000000000077e-01 3.339999999999999913e-02 2.202000000000000068e-01 -3.059999999999999873e-02 4.200000000000002343e-03 4.032250000000000244e-03 4.739329000000000458e-02 6.708099999999999827e-04 3.337928999999999896e-02 1.959999999999999869e-06 1.840410000000000006e-03 3.348899999999999056e-04 4.892944000000000460e-02 1.115560000000000032e-03 4.848804000000000308e-02 9.363599999999999051e-04 1.764000000000002084e-05 1.217813625000000000e+06 1.353960125000000000e+06
1.000000000000000000e+00 7.199999999999999456e-02 -5.050000000000000322e-02 1.689999999999999836e-02 -3.649999999999999772e-02 -2.570000000000000062e-02 4.159999999999999809e-02 8.499999999999993672e-03 1.672000000000000153e-01 -9.000000000000001055e-03 -2.192000000000000060e-01 -2.430000000000000215e-02 -1.300000000000002542e-03 5.183999999999999372e-03 2.550250000000000433e-03 2.856099999999999438e-04 1.332249999999999884e-03 6.604900000000000137e-04 1.730559999999999911e-03 7.224999999999988593e-05 2.795584000000000610e-02 8.100000000000001730e-05 4.804864000000000357e-02 5.904900000000001554e-04 1.690000000000006689e-06 1.216291750000000000e+06 1.351334375000000000e+06
1.000000000000000000e+00 7.530000000000000582e-02 -3.114999999999999991e-01 1.310000000000000053e-02 2.026000000000000023e-01 -8.800000000000000530e-03 5.129999999999999838e-02 3.300000000000011258e-03 -2.610000000000000098e-01 -3.799999999999997824e-03 2.391000000000000070e-01 1.689999999999999836e-02 9.700000000000000289e-03 5.670090000000000893e-03 9.703225000000000044e-02 1.716100000000000188e-04 4.104676000000000158e-02 7.744000000000000395e-05 2.631689999999999897e-03 1.089000000000007361e-05 6.812100000000000100e-02 1.443999999999998372e-05 5.716881000000000046e-02 2.856099999999999438e-04 9.409000000000000208e-05 1.218411875000000000e+06 1.351157500000000000e+06
1.000000000000000000e+00 9.080000000000000571e-02 -1.292999999999999983e-01 -2.799999999999999972e-03 -4.000000000000000083e-03 -4.189999999999999974e-02 4.059999999999999720e-02 1.549999999999999989e-02 1.822000000000000008e-01 -1.590000000000000094e-02 -2.066000000000000059e-01 -3.309999999999999748e-02 -1.070000000000000118e-02 8.244640000000000996e-03 1.671848999999999905e-02 7.839999999999999476e-06 1.599999999999999928e-05 1.755609999999999896e-03 1.648359999999999756e-03 2.402499999999999851e-04 3.319683999999999829e-02 2.528100000000000139e-04 4.268356000000000233e-02 1.095609999999999900e-03 1.144900000000000236e-04 1.217032875000000000e+06 1.352583750000000000e+06
1.000000000000000000e+00 5.999999999999999778e-02 -1.405000000000000138e-01 2.220000000000000098e-02 2.227000000000000091e-01 -7.000000000000000666e-02 3.470000000000000168e-02 -3.080000000000000793e-02 -1.120000000000001550e-02 2.500000000000000139e-02 2.267000000000000126e-01 -2.810000000000000692e-02 -5.899999999999995526e-03 3.599999999999999901e-03 1.974025000000000432e-02 4.928400000000000315e-04 4.959529000000000715e-02 4.900000000000000709e-03 1.204090000000000108e-03 9.486400000000004855e-04 1.254400000000003440e-04 6.250000000000001214e-04 5.139289000000000357e-02 7.896100000000003767e-04 3.480999999999994624e-05 1.217366625000000000e+06 1.348866500000000000e+06
1.000000000000000000e+00 6.610000000000000597e-02 -1.623999999999999888e-01 -8.099999999999999561e-03 3.799999999999999992e-03 -7.240000000000000602e-02 2.900000000000000147e-02 6.100000000000008193e-03 -2.189999999999997504e-02 -3.030000000000000054e-02 -2.189000000000000112e-01 -2.399999999999999356e-03 -5.700000000000000205e-03 4.369210000000000975e-03 2.637375999999999610e-02 6.560999999999999016e-05 1.444000000000000066e-05 5.241760000000000690e-03 8.410000000000000591e-04 3.721000000000009944e-05 4.796099999999989131e-04 9.180899999999999868e-04 4.791721000000000175e-02 5.759999999999996521e-06 3.249000000000000233e-05 1.218925875000000000e+06 1.354167375000000000e+06
1.000000000000000000e+00 4.689999999999999725e-02 -1.759999999999999898e-01 1.650000000000000078e-02 2.272000000000000131e-01 -9.249999999999999889e-02 3.699999999999999817e-02 -1.920000000000000873e-02 -1.360000000000000098e-02 2.460000000000000034e-02 2.234000000000000152e-01 -2.009999999999999287e-02 7.999999999999996697e-03 2.199609999999999847e-03 3.097599999999999659e-02 2.722500000000000310e-04 5.161984000000000711e-02 8.556249999999999620e-03 1.368999999999999774e-03 3.686400000000003194e-04 1.849600000000000181e-04 6.051599999999999861e-04 4.990756000000000359e-02 4.040099999999997317e-04 6.399999999999994289e-05 1.218140875000000000e+06 1.355450875000000000e+06
1.000000000000000000e+00 5.790000000000000008e-02 -2.169000000000000095e-01 2.529999999999999957e-02 3.899999999999999821e-03 -1.049999999999999961e-01 3.209999999999999659e-02 1.100000000000000283e-02 -4.090000000000001967e-02 8.799999999999998795e-03 -2.233000000000000262e-01 -1.249999999999999722e-02 -4.900000000000001577e-03 3.352410000000000112e-03 4.704561000000000159e-02 6.400899999999999515e-04 1.520999999999999837e-05 1.102499999999999834e-02 1.030409999999999833e-03 1.210000000000000680e-04 1.672810000000001570e-03 7.743999999999997684e-05 4.986289000000001387e-02 1.562499999999999219e-04 2.401000000000001576e-05 1.217124375000000000e+06 1.348899375000000000e+06
1.000000000000000000e+00 7.939999999999999836e-02 -4.920000000000000068e-02 3.280000000000000276e-02 -1.679999999999999896e-02 -8.440000000000000280e-02 4.420000000000000318e-02 2.149999999999999828e-02 1.677000000000000157e-01 7.500000000000003192e-03 -2.069999999999999965e-02 2.059999999999999332e-02 1.210000000000000658e-02 6.304360000000000172e-03 2.420639999999999945e-03 1.075840000000000216e-03 2.822399999999999540e-04 7.123360000000000455e-03 1.953640000000000411e-03 4.622499999999999331e-04 2.812329000000000565e-02 5.625000000000004589e-05 4.284900000000000124e-04 4.243599999999997114e-04 1.464100000000001652e-04 1.215668750000000000e+06 1.351709125000000000e+06
1.000000000000000000e+00 6.479999999999999649e-02 -1.386000000000000010e-01 -4.639999999999999680e-02 -3.429999999999999716e-02 6.492999999999999883e-01 -8.200000000000000691e-03 -1.460000000000000187e-02 -8.940000000000000724e-02 -7.919999999999999263e-02 -1.749999999999999820e-02 7.337000000000000188e-01 -5.240000000000000213e-02 4.199039999999999370e-03 1.920996000000000162e-02 2.152959999999999770e-03 1.176489999999999871e-03 4.215904899999999844e-01 6.724000000000001352e-05 2.131600000000000530e-04 7.992360000000000436e-03 6.272639999999998599e-03 3.062499999999999359e-04 5.383156900000000133e-01 2.745760000000000301e-03 1.218234500000000000e+06 1.349826500000000000e+06
1.000000000000000000e+00 6.850000000000000533e-02 -1.048000000000000043e-01 -5.269999999999999685e-02 -4.850000000000000144e-02 6.057000000000000162e-01 1.750000000000000167e-02 3.700000000000008837e-03 3.379999999999999671e-02 -6.300000000000000044e-03 -1.420000000000000429e-02 -4.359999999999997211e-02 2.570000000000000062e-02 4.692250000000001108e-03 1.098304000000000120e-02 2.777289999999999533e-03 2.352250000000000174e-03 3.668724899999999955e-01 3.062500000000000443e-04 1.369000000000006544e-05 1.142439999999999775e-03 3.969000000000000116e-05 2.016400000000001091e-04 1.900959999999997548e-03 6.604900000000000137e-04 1.222884125000000000e+06 1.361229625000000000e+06
1.000000000000000000e+00 8.279999999999999860e-02 -3.657000000000000250e-01 -1.506000000000000116e-01 -5.120000000000000245e-02 1.319999999999999993e-02 2.910000000000000087e-02 1.429999999999999327e-02 -2.609000000000000208e-01 -9.790000000000001479e-02 -2.700000000000001010e-03 -5.925000000000000266e-01 1.159999999999999920e-02 6.855840000000000198e-03 1.337364900000000134e-01 2.268036000000000357e-02 2.621440000000000055e-03 1.742399999999999852e-04 8.468100000000000323e-04 2.044899999999997989e-04 6.806881000000000737e-02 9.584410000000003274e-03 7.290000000000005589e-06 3.510562500000000141e-01 1.345599999999999856e-04 1.222386375000000000e+06 1.357866875000000000e+06
