1.000000000000000000e+00 0.000000000000000000e+00 0.000000000000000000e+00 -0.000000000000000000e+00 0.000000000000000000e+00 0.000000000000000000e+00 -0.000000000000000000e+00 0.000000000000000000e+00 0.000000000000000000e+00 0.000000000000000000e+00 0.000000000000000000e+00 0.000000000000000000e+00 0.000000000000000000e+00 0.000000000000000000e+00 0.000000000000000000e+00 0.000000000000000000e+00 0.000000000000000000e+00 0.000000000000000000e+00 0.000000000000000000e+00 0.000000000000000000e+00 0.000000000000000000e+00 0.000000000000000000e+00 0.000000000000000000e+00 0.000000000000000000e+00 0.000000000000000000e+00 1.678798250000000000e+06 1.805367375000000000e+06
1.000000000000000000e+00 2.999999999999999737e-04 -2.999999999999999889e-02 -1.066000000000000003e-01 -7.700000000000000247e-03 6.769999999999999629e-02 2.350000000000000006e-02 2.999999999999999737e-04 -2.999999999999999889e-02 -1.066000000000000003e-01 -7.700000000000000247e-03 6.769999999999999629e-02 2.350000000000000006e-02 8.999999999999998534e-08 8.999999999999999754e-04 1.136355999999999998e-02 5.929000000000000324e-05 4.583289999999999413e-03 5.522500000000000065e-04 8.999999999999998534e-08 8.999999999999999754e-04 1.136355999999999998e-02 5.929000000000000324e-05 4.583289999999999413e-03 5.522500000000000065e-04 1.677320125000000000e+06 1.800255000000000000e+06
1.000000000000000000e+00 7.499999999999999722e-03 4.179999999999999688e-02 -6.800000000000000488e-02 4.700000000000000011e-02 2.280000000000000082e-02 -3.799999999999999992e-03 7.199999999999999803e-03 7.180000000000000271e-02 3.859999999999999543e-02 5.469999999999999862e-02 -4.489999999999999547e-02 -2.730000000000000135e-02 5.624999999999999846e-05 1.747239999999999731e-03 4.624000000000000506e-03 2.209000000000000026e-03 5.198400000000000373e-04 1.444000000000000066e-05 5.183999999999999833e-05 5.155240000000000170e-03 1.489959999999999592e-03 2.992089999999999767e-03 2.016009999999999504e-03 7.452900000000001234e-04 1.678081250000000000e+06 1.801891625000000000e+06
1.000000000000000000e+00 1.069999999999999944e-02 -5.369999999999999774e-02 -7.130000000000000226e-02 3.509999999999999926e-02 1.980000000000000163e-02 -7.599999999999999985e-03 3.199999999999999720e-03 -9.550000000000000155e-02 -3.299999999999997380e-03 -1.190000000000000085e-02 -2.999999999999999195e-03 -3.799999999999999992e-03 1.144899999999999830e-04 2.883689999999999951e-03 5.083690000000000084e-03 1.232009999999999963e-03 3.920400000000000751e-04 5.776000000000000264e-05 1.023999999999999852e-05 9.120249999999999885e-03 1.088999999999998213e-05 1.416100000000000214e-04 8.999999999999995146e-06 1.444000000000000066e-05 1.675957375000000000e+06 1.799499375000000000e+06
1.000000000000000000e+00 1.099999999999999936e-02 -7.100000000000000408e-03 -5.460000000000000270e-02 4.750000000000000056e-02 1.345000000000000084e-01 -1.779999999999999985e-02 2.999999999999999195e-04 4.659999999999999559e-02 1.669999999999999957e-02 1.240000000000000130e-02 1.147000000000000103e-01 -1.020000000000000073e-02 1.209999999999999867e-04 5.041000000000000694e-05 2.981160000000000494e-03 2.256250000000000009e-03 1.809025000000000216e-02 3.168399999999999819e-04 8.999999999999994563e-08 2.171559999999999463e-03 2.788900000000000081e-04 1.537600000000000457e-04 1.315609000000000223e-02 1.040400000000000135e-04 1.677252125000000000e+06 1.800361250000000000e+06
1.000000000000000000e+00 -2.000000000000000096e-04 4.460000000000000075e-02 -6.719999999999999585e-02 3.169999999999999901e-02 8.989999999999999380e-02 1.890000000000000013e-02 -1.119999999999999989e-02 5.170000000000000290e-02 -1.259999999999999315e-02 -1.580000000000000154e-02 -4.460000000000001463e-02 3.669999999999999651e-02 4.000000000000000084e-08 1.989160000000000234e-03 4.515839999999999264e-03 1.004890000000000037e-03 8.082009999999998848e-03 3.572100000000000036e-04 1.254399999999999916e-04 2.672890000000000248e-03 1.587599999999998149e-04 2.496400000000000290e-04 1.989160000000001101e-03 1.346889999999999676e-03 1.678766125000000000e+06 1.800955000000000000e+06
1.000000000000000000e+00 1.720000000000000001e-02 -9.089999999999999469e-02 -7.710000000000000187e-02 3.109999999999999917e-02 9.819999999999999563e-02 -1.159999999999999920e-02 1.739999999999999880e-02 -1.355000000000000093e-01 -9.900000000000006017e-03 -5.999999999999998390e-04 8.300000000000001821e-03 -3.049999999999999933e-02 2.958400000000000135e-04 8.262809999999998906e-03 5.944410000000000666e-03 9.672099999999999231e-04 9.643239999999999104e-03 1.345599999999999856e-04 3.027599999999999541e-04 1.836025000000000157e-02 9.801000000000011363e-05 3.599999999999997825e-07 6.889000000000002652e-05 9.302499999999999788e-04 1.677611875000000000e+06 1.795972625000000000e+06
1.000000000000000000e+00 8.000000000000000167e-03 -2.700000000000000143e-03 -3.219999999999999946e-02 3.090000000000000038e-02 1.163000000000000006e-01 -3.500000000000000073e-03 -9.199999999999999845e-03 8.820000000000000062e-02 4.490000000000000241e-02 -1.999999999999987899e-04 1.810000000000000497e-02 8.099999999999999561e-03 6.399999999999999710e-05 7.290000000000000507e-06 1.036840000000000027e-03 9.548100000000000554e-04 1.352568999999999994e-02 1.225000000000000130e-05 8.464000000000000278e-05 7.779239999999999766e-03 2.016010000000000371e-03 3.999999999999951776e-08 3.276100000000002057e-04 6.560999999999999016e-05 1.677665500000000000e+06 1.799176875000000000e+06
1.000000000000000000e+00 1.499999999999999944e-02 -4.519999999999999712e-02 -5.569999999999999951e-02 2.759999999999999953e-02 1.209999999999999964e-01 4.899999999999999842e-03 6.999999999999999278e-03 -4.249999999999999611e-02 -2.350000000000000006e-02 -3.300000000000000849e-03 4.699999999999995848e-03 8.399999999999999481e-03 2.249999999999999938e-04 2.043039999999999873e-03 3.102489999999999849e-03 7.617599999999999979e-04 1.464099999999999950e-02 2.400999999999999882e-05 4.899999999999999164e-05 1.806249999999999696e-03 5.522500000000000065e-04 1.089000000000000585e-05 2.208999999999995960e-05 7.055999999999998851e-05 1.674718125000000000e+06 1.801470875000000000e+06
1.000000000000000000e+00 1.439999999999999961e-02 -4.830000000000000265e-02 -1.105000000000000010e-01 2.489999999999999852e-02 1.008000000000000007e-01 -1.710000000000000062e-02 -5.999999999999998390e-04 -3.100000000000005529e-03 -5.480000000000000149e-02 -2.700000000000001010e-03 -2.019999999999999574e-02 -2.199999999999999872e-02 2.073599999999999933e-04 2.332890000000000224e-03 1.221025000000000062e-02 6.200099999999999405e-04 1.016064000000000030e-02 2.924100000000000006e-04 3.599999999999997825e-07 9.610000000000035045e-06 3.003040000000000223e-03 7.290000000000005589e-06 4.080399999999998134e-04 4.839999999999999468e-04 1.675720750000000000e+06 1.800933625000000000e+06
1.000000000000000000e+00 1.299999999999999940e-02 5.430000000000000104e-02 -3.540000000000000091e-02 2.060000000000000026e-02 9.210000000000000131e-02 -1.000000000000000021e-02 -1.400000000000000203e-03 1.025999999999999968e-01 7.510000000000000009e-02 -4.299999999999998268e-03 -8.699999999999999400e-03 7.100000000000000408e-03 1.689999999999999879e-04 2.948490000000000225e-03 1.253160000000000125e-03 4.243600000000000367e-04 8.482410000000000991e-03 1.000000000000000048e-04 1.960000000000000716e-06 1.052675999999999959e-02 5.640009999999999989e-03 1.848999999999998391e-05 7.568999999999998852e-05 5.041000000000000694e-05 1.674913375000000000e+06 1.800968000000000000e+06
1.000000000000000000e+00 1.770000000000000046e-02 1.859999999999999848e-02 -1.318000000000000005e-01 1.580000000000000154e-02 1.527999999999999914e-01 -8.600000000000000006e-03 4.700000000000001052e-03 -3.570000000000000256e-02 -9.639999999999999958e-02 -4.799999999999998712e-03 6.069999999999999007e-02 1.400000000000000203e-03 3.132900000000000311e-04 3.459599999999999199e-04 1.737123999999999960e-02 2.496400000000000290e-04 2.334783999999999818e-02 7.396000000000000339e-05 2.209000000000001042e-05 1.274490000000000085e-03 9.292959999999999415e-03 2.303999999999998608e-05 3.684489999999998600e-03 1.960000000000000716e-06 1.677490875000000000e+06 1.800828000000000000e+06
1.000000000000000000e+00 2.620000000000000107e-02 1.710000000000000062e-02 -1.121000000000000052e-01 2.740000000000000074e-02 1.132999999999999979e-01 -1.499999999999999944e-02 8.500000000000000611e-03 -1.499999999999997863e-03 1.969999999999999529e-02 1.159999999999999920e-02 -3.949999999999999345e-02 -6.399999999999999439e-03 6.864400000000000753e-04 2.924100000000000006e-04 1.256641000000000181e-02 7.507600000000000558e-04 1.283689000000000011e-02 2.249999999999999938e-04 7.225000000000000790e-05 2.249999999999993704e-06 3.880899999999997893e-04 1.345599999999999856e-04 1.560249999999999571e-03 4.095999999999999408e-05 1.677484875000000000e+06 1.804343250000000000e+06
1.000000000000000000e+00 3.239999999999999825e-02 -7.040000000000000424e-02 -8.519999999999999796e-02 2.500000000000000139e-02 1.103999999999999981e-01 -3.250000000000000111e-02 6.199999999999997180e-03 -8.750000000000000833e-02 2.690000000000000724e-02 -2.399999999999999356e-03 -2.899999999999999800e-03 -1.750000000000000167e-02 1.049759999999999843e-03 4.956160000000000253e-03 7.259039999999999590e-03 6.250000000000001214e-04 1.218815999999999997e-02 1.056250000000000114e-03 3.843999999999996400e-05 7.656250000000001596e-03 7.236100000000003987e-04 5.759999999999996521e-06 8.409999999999999101e-06 3.062500000000000443e-04 1.675675125000000000e+06 1.804888500000000000e+06
1.000000000000000000e+00 2.920000000000000026e-02 -3.320000000000000034e-02 -1.323999999999999899e-01 2.419999999999999929e-02 9.650000000000000244e-02 -2.730000000000000135e-02 -3.199999999999997985e-03 3.720000000000000390e-02 -4.719999999999999196e-02 -8.000000000000020983e-04 -1.389999999999999569e-02 5.199999999999999761e-03 8.526399999999999951e-04 1.102239999999999991e-03 1.752975999999999840e-02 5.856400000000000104e-04 9.312250000000001082e-03 7.452900000000001234e-04 1.023999999999998666e-05 1.383840000000000330e-03 2.227839999999999161e-03 6.400000000000034015e-07 1.932099999999998933e-04 2.703999999999999861e-05 1.675148625000000000e+06 1.805413625000000000e+06
1.000000000000000000e+00 2.900000000000000147e-02 4.400000000000000265e-03 -7.649999999999999856e-02 2.419999999999999929e-02 7.989999999999999880e-02 -2.149999999999999828e-02 -1.999999999999987899e-04 3.760000000000000148e-02 5.589999999999999136e-02 0.000000000000000000e+00 -1.660000000000000364e-02 5.800000000000003070e-03 8.410000000000000591e-04 1.936000000000000099e-05 5.852249999999999813e-03 5.856400000000000104e-04 6.384009999999999858e-03 4.622499999999999331e-04 3.999999999999951776e-08 1.413760000000000017e-03 3.124809999999999133e-03 0.000000000000000000e+00 2.755600000000001061e-04 3.364000000000003706e-05 1.673666125000000000e+06 1.804694000000000000e+06
1.000000000000000000e+00 3.189999999999999780e-02 -6.669999999999999540e-02 -9.900000000000000466e-02 2.220000000000000098e-02 1.534999999999999976e-01 -2.680000000000000090e-02 2.899999999999996331e-03 -7.109999999999999654e-02 -2.250000000000000611e-02 -1.999999999999998307e-03 7.359999999999999876e-02 -5.300000000000002626e-03 1.017609999999999956e-03 4.448889999999999616e-03 9.801000000000000684e-03 4.928400000000000315e-04 2.356224999999999986e-02 7.182400000000000893e-04 8.409999999999978772e-06 5.055209999999999218e-03 5.062500000000002979e-04 3.999999999999993043e-06 5.416960000000000178e-03 2.809000000000002752e-05 1.675919375000000000e+06 1.807571250000000000e+06
1.000000000000000000e+00 3.309999999999999748e-02 3.300000000000000155e-02 -8.060000000000000497e-02 2.659999999999999865e-02 1.295999999999999930e-01 -4.580000000000000043e-02 1.199999999999999678e-03 9.969999999999999696e-02 1.839999999999999969e-02 4.399999999999997663e-03 -2.390000000000000457e-02 -1.899999999999999953e-02 1.095609999999999900e-03 1.089000000000000124e-03 6.496360000000000502e-03 7.075599999999999815e-04 1.679615999999999748e-02 2.097640000000000008e-03 1.439999999999999130e-06 9.940089999999998649e-03 3.385600000000000111e-04 1.935999999999998066e-05 5.712100000000002722e-04 3.609999999999999928e-04 1.674696000000000000e+06 1.807896750000000000e+06
1.000000000000000000e+00 3.559999999999999970e-02 -4.799999999999999580e-03 -7.140000000000000513e-02 2.139999999999999888e-02 1.160999999999999949e-01 -3.269999999999999990e-02 2.500000000000002220e-03 -3.780000000000000027e-02 9.199999999999999845e-03 -5.199999999999999761e-03 -1.349999999999999811e-02 1.310000000000000053e-02 1.267359999999999928e-03 2.303999999999999625e-05 5.097960000000000338e-03 4.579599999999999318e-04 1.347920999999999842e-02 1.069290000000000084e-03 6.250000000000011311e-06 1.428840000000000015e-03 8.464000000000000278e-05 2.703999999999999861e-05 1.822499999999999576e-04 1.716100000000000188e-04 1.674556375000000000e+06 1.805373875000000000e+06
1.000000000000000000e+00 3.009999999999999828e-02 -6.719999999999999585e-02 -7.560000000000000053e-02 1.389999999999999916e-02 1.183000000000000024e-01 -2.539999999999999897e-02 -5.500000000000001416e-03 -6.239999999999999714e-02 -4.199999999999995404e-03 -7.499999999999999722e-03 2.200000000000007505e-03 7.300000000000000933e-03 9.060099999999998450e-04 4.515839999999999264e-03 5.715360000000000058e-03 1.932099999999999746e-04 1.399489000000000115e-02 6.451599999999999826e-04 3.025000000000001700e-05 3.893759999999999583e-03 1.763999999999995986e-05 5.624999999999999846e-05 4.840000000000033281e-06 5.329000000000001325e-05 1.675172125000000000e+06 1.805261500000000000e+06
1.000000000000000000e+00 1.810000000000000150e-02 -8.099999999999999561e-03 -5.340000000000000302e-02 1.230000000000000017e-02 9.569999999999999341e-02 -2.429999999999999868e-02 -1.199999999999999678e-02 5.909999999999999976e-02 2.219999999999999751e-02 -1.599999999999998992e-03 -2.260000000000000897e-02 1.100000000000000283e-03 3.276100000000000431e-04 6.560999999999999016e-05 2.851560000000000379e-03 1.512899999999999965e-04 9.158489999999998299e-03 5.904899999999999385e-04 1.439999999999999223e-04 3.492809999999999838e-03 4.928399999999999231e-04 2.559999999999996665e-06 5.107600000000004021e-04 1.210000000000000697e-06 1.674632375000000000e+06 1.805150750000000000e+06
1.000000000000000000e+00 2.500000000000000139e-02 -2.960000000000000131e-02 -8.400000000000000522e-02 4.100000000000000346e-03 1.213999999999999940e-01 -2.220000000000000098e-02 6.899999999999999883e-03 -2.150000000000000175e-02 -3.060000000000000220e-02 -8.199999999999998956e-03 2.570000000000000062e-02 2.099999999999997702e-03 6.250000000000001214e-04 8.761600000000000681e-04 7.056000000000000640e-03 1.681000000000000338e-05 1.473795999999999787e-02 4.928400000000000315e-04 4.760999999999999987e-05 4.622500000000000957e-04 9.363600000000001219e-04 6.723999999999998641e-05 6.604900000000000137e-04 4.409999999999989964e-06 1.674555250000000000e+06 1.804374250000000000e+06
1.000000000000000000e+00 2.529999999999999957e-02 3.000000000000000062e-03 -4.649999999999999967e-02 6.400000000000000307e-03 1.502000000000000002e-01 -2.560000000000000123e-02 2.999999999999981848e-04 3.260000000000000397e-02 3.750000000000000555e-02 2.299999999999999961e-03 2.880000000000000615e-02 -3.400000000000000244e-03 6.400899999999999515e-04 9.000000000000000228e-06 2.162250000000000109e-03 4.096000000000000086e-05 2.256003999999999995e-02 6.553600000000000137e-04 8.999999999999891331e-08 1.062760000000000267e-03 1.406250000000000382e-03 5.290000000000000174e-06 8.294400000000004070e-04 1.156000000000000113e-05 1.673620500000000000e+06 1.801948500000000000e+06
1.000000000000000000e+00 2.840000000000000163e-02 -6.710000000000000686e-02 -6.859999999999999432e-02 6.389999999999999847e-02 8.930000000000000437e-02 -2.350000000000000006e-02 3.100000000000002059e-03 -7.010000000000000953e-02 -2.209999999999999465e-02 5.749999999999999556e-02 -6.089999999999999580e-02 2.100000000000001171e-03 8.065600000000001111e-04 4.502410000000000960e-03 4.705959999999999484e-03 4.083209999999999444e-03 7.974490000000000745e-03 5.522500000000000065e-04 9.610000000000013022e-06 4.914010000000001641e-03 4.884099999999997775e-04 3.306249999999999294e-03 3.708809999999999451e-03 4.410000000000005211e-06 1.675097875000000000e+06 1.803516750000000000e+06
1.000000000000000000e+00 2.970000000000000070e-02 -5.750000000000000250e-02 -5.899999999999999689e-02 6.140000000000000319e-02 1.315999999999999948e-01 -2.100000000000000130e-02 1.299999999999999073e-03 9.600000000000004363e-03 9.599999999999997424e-03 -2.499999999999995282e-03 4.229999999999999039e-02 2.499999999999998751e-03 8.820900000000000876e-04 3.306250000000000161e-03 3.480999999999999719e-03 3.769960000000000585e-03 1.731856000000000020e-02 4.410000000000000400e-04 1.689999999999997584e-06 9.216000000000007986e-05 9.215999999999994433e-05 6.249999999999976583e-06 1.789289999999999154e-03 6.249999999999993523e-06 1.671459250000000000e+06 1.799992875000000000e+06
1.000000000000000000e+00 3.030000000000000054e-02 6.719999999999999585e-02 -5.090000000000000080e-02 5.870000000000000218e-02 1.058999999999999941e-01 -1.919999999999999832e-02 5.999999999999998390e-04 1.247000000000000053e-01 8.099999999999996092e-03 -2.700000000000001010e-03 -2.570000000000000062e-02 1.800000000000002986e-03 9.180899999999999868e-04 4.515839999999999264e-03 2.590810000000000248e-03 3.445690000000000384e-03 1.121480999999999867e-02 3.686399999999999400e-04 3.599999999999997825e-07 1.555009000000000079e-02 6.560999999999993595e-05 7.290000000000005589e-06 6.604900000000000137e-04 3.240000000000010907e-06 1.671616500000000000e+06 1.795518250000000000e+06
1.000000000000000000e+00 2.719999999999999848e-02 -1.220000000000000077e-02 -7.019999999999999851e-02 5.090000000000000080e-02 1.239999999999999991e-01 -1.969999999999999876e-02 -3.100000000000002059e-03 -7.939999999999999836e-02 -1.929999999999999771e-02 -7.800000000000001377e-03 1.810000000000000497e-02 -5.000000000000004441e-04 7.398399999999999638e-04 1.488400000000000183e-04 4.928039999999999851e-03 2.590810000000000248e-03 1.537599999999999904e-02 3.880899999999999519e-04 9.610000000000013022e-06 6.304360000000000172e-03 3.724899999999998980e-04 6.084000000000002058e-05 3.276100000000002057e-04 2.500000000000004651e-07 1.672486000000000000e+06 1.798243750000000000e+06
1.000000000000000000e+00 2.879999999999999921e-02 -3.299999999999999982e-03 -5.510000000000000314e-02 5.079999999999999793e-02 1.431999999999999940e-01 -2.189999999999999933e-02 1.600000000000000727e-03 8.900000000000001660e-03 1.509999999999999537e-02 -1.000000000000028644e-04 1.919999999999999485e-02 -2.200000000000000566e-03 8.294399999999999733e-04 1.088999999999999907e-05 3.036010000000000444e-03 2.580639999999999930e-03 2.050623999999999850e-02 4.796099999999999973e-04 2.560000000000002171e-06 7.921000000000003613e-05 2.280099999999998718e-04 1.000000000000057262e-08 3.686399999999997773e-04 4.840000000000002788e-06 1.672047875000000000e+06 1.799250375000000000e+06
1.000000000000000000e+00 2.989999999999999949e-02 -4.519999999999999712e-02 -5.940000000000000141e-02 4.610000000000000209e-02 9.450000000000000067e-02 -2.199999999999999872e-02 1.100000000000000283e-03 -4.189999999999999974e-02 -4.299999999999998268e-03 -4.699999999999995848e-03 -4.869999999999999329e-02 -9.999999999999939493e-05 8.940099999999999870e-04 2.043039999999999873e-03 3.528360000000000350e-03 2.125210000000000207e-03 8.930250000000000687e-03 4.839999999999999468e-04 1.210000000000000697e-06 1.755609999999999896e-03 1.848999999999998391e-05 2.208999999999995960e-05 2.371689999999999215e-03 9.999999999999879441e-09 1.672686500000000000e+06 1.800811750000000000e+06
1.000000000000000000e+00 2.160000000000000114e-02 -1.290000000000000001e-02 -8.630000000000000171e-02 4.490000000000000241e-02 1.605999999999999928e-01 -2.680000000000000090e-02 -8.299999999999998351e-03 3.229999999999999538e-02 -2.690000000000000030e-02 -1.199999999999999678e-03 6.609999999999999210e-02 -4.800000000000002182e-03 4.665600000000000324e-04 1.664100000000000008e-04 7.447689999999999866e-03 2.016010000000000371e-03 2.579235999999999682e-02 7.182400000000000893e-04 6.888999999999997231e-05 1.043289999999999669e-03 7.236099999999999650e-04 1.439999999999999130e-06 4.369209999999999240e-03 2.304000000000001996e-05 1.672385000000000000e+06 1.799286875000000000e+06
1.000000000000000000e+00 2.139999999999999888e-02 7.689999999999999614e-02 -3.030000000000000054e-02 4.590000000000000330e-02 1.113999999999999990e-01 -3.009999999999999828e-02 -2.000000000000022593e-04 8.979999999999999094e-02 5.600000000000000117e-02 1.000000000000000888e-03 -4.919999999999999374e-02 -3.299999999999997380e-03 4.579599999999999318e-04 5.913609999999999700e-03 9.180899999999999868e-04 2.106810000000000193e-03 1.240995999999999939e-02 9.060099999999998450e-04 4.000000000000090081e-08 8.064039999999998015e-03 3.136000000000000332e-03 1.000000000000001861e-06 2.420639999999999511e-03 1.088999999999998213e-05 1.672477625000000000e+06 1.797830125000000000e+06
1.000000000000000000e+00 3.359999999999999792e-02 -8.759999999999999731e-02 -5.519999999999999907e-02 4.229999999999999732e-02 1.174000000000000044e-01 -3.309999999999999748e-02 1.219999999999999904e-02 -1.644999999999999796e-01 -2.489999999999999852e-02 -3.600000000000005973e-03 6.000000000000005329e-03 -2.999999999999999195e-03 1.128959999999999816e-03 7.673759999999999956e-03 3.047039999999999992e-03 1.789289999999999804e-03 1.378276000000000154e-02 1.095609999999999900e-03 1.488399999999999641e-04 2.706024999999999403e-02 6.200099999999999405e-04 1.296000000000004363e-05 3.600000000000006190e-05 8.999999999999995146e-06 1.671078000000000000e+06 1.798017375000000000e+06
1.000000000000000000e+00 2.709999999999999909e-02 -9.799999999999999684e-03 -1.292999999999999983e-01 4.580000000000000043e-02 1.127999999999999975e-01 -3.309999999999999748e-02 -6.499999999999998834e-03 7.779999999999999416e-02 -7.409999999999999920e-02 3.500000000000003109e-03 -4.600000000000006861e-03 0.000000000000000000e+00 7.344099999999999023e-04 9.603999999999999527e-05 1.671848999999999905e-02 2.097640000000000008e-03 1.272384000000000015e-02 1.095609999999999900e-03 4.224999999999998342e-05 6.052839999999999436e-03 5.490809999999999615e-03 1.225000000000002163e-05 2.116000000000006168e-05 0.000000000000000000e+00 1.673616625000000000e+06 1.801432875000000000e+06
1.000000000000000000e+00 2.690000000000000030e-02 2.869999999999999982e-02 -4.619999999999999801e-02 3.440000000000000002e-02 1.107000000000000067e-01 -2.769999999999999893e-02 -1.999999999999987899e-04 3.849999999999999950e-02 8.310000000000000719e-02 -1.140000000000000041e-02 -2.099999999999990763e-03 5.399999999999998551e-03 7.236099999999999650e-04 8.236899999999999691e-04 2.134439999999999601e-03 1.183360000000000054e-03 1.225449000000000156e-02 7.672899999999998992e-04 3.999999999999951776e-08 1.482250000000000061e-03 6.905610000000001261e-03 1.299600000000000093e-04 4.409999999999961165e-06 2.915999999999998509e-05 1.673130375000000000e+06 1.800724625000000000e+06
1.000000000000000000e+00 2.069999999999999965e-02 -4.259999999999999898e-02 -1.330000000000000071e-01 2.149999999999999828e-02 1.102999999999999953e-01 -1.200000000000000025e-02 -6.200000000000000649e-03 -7.130000000000000226e-02 -8.680000000000001603e-02 -1.290000000000000174e-02 -4.000000000000114575e-04 1.569999999999999868e-02 4.284900000000000124e-04 1.814759999999999898e-03 1.768900000000000333e-02 4.622499999999999331e-04 1.216608999999999920e-02 1.440000000000000036e-04 3.844000000000001143e-05 5.083690000000000084e-03 7.534240000000002810e-03 1.664100000000000551e-04 1.600000000000091619e-07 2.464899999999999795e-04 1.671899125000000000e+06 1.798238250000000000e+06
1.000000000000000000e+00 1.590000000000000094e-02 5.100000000000000366e-03 -6.019999999999999657e-02 1.810000000000000150e-02 1.035999999999999976e-01 -2.230000000000000038e-02 -4.799999999999998712e-03 4.769999999999999934e-02 7.280000000000000360e-02 -3.399999999999996775e-03 -6.699999999999997624e-03 -1.030000000000000013e-02 2.528100000000000139e-04 2.601000000000000339e-05 3.624039999999999380e-03 3.276100000000000431e-04 1.073295999999999972e-02 4.972900000000000584e-04 2.303999999999998608e-05 2.275290000000000125e-03 5.299840000000000106e-03 1.155999999999997741e-05 4.488999999999996492e-05 1.060900000000000092e-04 1.672922500000000000e+06 1.804554625000000000e+06
1.000000000000000000e+00 8.600000000000000006e-03 3.950000000000000039e-02 -1.227000000000000035e-01 4.400000000000000265e-03 7.019999999999999851e-02 -2.000000000000000042e-02 -7.300000000000000933e-03 3.440000000000000002e-02 -6.250000000000000000e-02 -1.370000000000000037e-02 -3.339999999999999913e-02 2.299999999999999961e-03 7.396000000000000339e-05 1.560250000000000005e-03 1.505529000000000069e-02 1.936000000000000099e-05 4.928039999999999851e-03 4.000000000000000192e-04 5.329000000000001325e-05 1.183360000000000054e-03 3.906250000000000000e-03 1.876900000000000139e-04 1.115560000000000032e-03 5.290000000000000174e-06 1.675080125000000000e+06 1.806748625000000000e+06
1.000000000000000000e+00 2.799999999999999972e-03 -3.989999999999999797e-02 -1.490000000000000005e-02 -1.580000000000000154e-02 1.135000000000000037e-01 -2.189999999999999933e-02 -5.799999999999999600e-03 -7.939999999999999836e-02 1.078000000000000069e-01 -2.020000000000000268e-02 4.330000000000000515e-02 -1.899999999999998912e-03 7.839999999999999476e-06 1.592009999999999823e-03 2.220099999999999971e-04 2.496400000000000290e-04 1.288225000000000134e-02 4.796099999999999973e-04 3.363999999999999640e-05 6.304360000000000172e-03 1.162084000000000207e-02 4.080400000000000845e-04 1.874890000000000367e-03 3.609999999999995930e-06 1.672034000000000000e+06 1.802968125000000000e+06
1.000000000000000000e+00 -1.100000000000000066e-03 4.839999999999999858e-02 -8.759999999999999731e-02 4.229999999999999732e-02 9.819999999999999563e-02 -1.660000000000000017e-02 -3.899999999999999821e-03 8.829999999999998961e-02 -7.270000000000000073e-02 5.809999999999999887e-02 -1.530000000000000804e-02 5.299999999999999156e-03 1.210000000000000062e-06 2.342560000000000042e-03 7.673759999999999956e-03 1.789289999999999804e-03 9.643239999999999104e-03 2.755599999999999977e-04 1.520999999999999837e-05 7.796889999999998162e-03 5.285289999999999780e-03 3.375609999999999809e-03 2.340900000000002473e-04 2.808999999999999025e-05 1.670331000000000000e+06 1.798230125000000000e+06
1.000000000000000000e+00 -4.499999999999999660e-03 8.390000000000000235e-02 -5.500000000000000028e-02 3.309999999999999748e-02 6.529999999999999694e-02 -1.299999999999999940e-02 -3.399999999999999377e-03 3.550000000000000377e-02 3.259999999999999704e-02 -9.199999999999999845e-03 -3.289999999999999869e-02 3.600000000000000769e-03 2.024999999999999755e-05 7.039210000000000605e-03 3.024999999999999911e-03 1.095609999999999900e-03 4.264089999999999894e-03 1.689999999999999879e-04 1.155999999999999605e-05 1.260250000000000302e-03 1.062759999999999833e-03 8.464000000000000278e-05 1.082410000000000013e-03 1.296000000000000636e-05 1.671060625000000000e+06 1.802198375000000000e+06
1.000000000000000000e+00 6.400000000000000307e-03 1.655999999999999972e-01 -1.575999999999999901e-01 3.269999999999999990e-02 2.117999999999999883e-01 -2.949999999999999845e-02 1.089999999999999997e-02 8.169999999999999485e-02 -1.025999999999999968e-01 -3.999999999999975797e-04 1.464999999999999913e-01 -1.650000000000000078e-02 4.096000000000000086e-05 2.742336000000000079e-02 2.483775999999999692e-02 1.069290000000000084e-03 4.485923999999999467e-02 8.702499999999999299e-04 1.188099999999999958e-04 6.674889999999999296e-03 1.052675999999999959e-02 1.599999999999980711e-07 2.146224999999999869e-02 2.722500000000000310e-04 1.672196125000000000e+06 1.799448125000000000e+06
1.000000000000000000e+00 -9.499999999999999764e-03 8.800000000000000530e-03 -1.463000000000000134e-01 1.329999999999999932e-02 1.706000000000000016e-01 -1.469999999999999953e-02 -1.590000000000000094e-02 -1.567999999999999949e-01 1.129999999999997673e-02 -1.940000000000000058e-02 -4.119999999999998663e-02 1.479999999999999892e-02 9.024999999999999819e-05 7.744000000000000395e-05 2.140369000000000299e-02 1.768899999999999954e-04 2.910435999999999926e-02 2.160899999999999995e-04 2.528100000000000139e-04 2.458623999999999879e-02 1.276899999999994771e-04 3.763600000000000083e-04 1.697439999999998846e-03 2.190399999999999628e-04 1.673978875000000000e+06 1.807680000000000000e+06
1.000000000000000000e+00 -4.300000000000000003e-03 -2.661999999999999922e-01 -4.669999999999999846e-02 5.899999999999999863e-03 6.769999999999999629e-02 -2.409999999999999989e-02 5.199999999999999761e-03 -2.749999999999999667e-01 9.960000000000002185e-02 -7.399999999999999460e-03 -1.029000000000000054e-01 -9.400000000000000369e-03 1.849000000000000085e-05 7.086243999999999876e-02 2.180889999999999999e-03 3.481000000000000045e-05 4.583289999999999413e-03 5.808099999999999635e-04 2.703999999999999861e-05 7.562499999999998390e-02 9.920160000000004252e-03 5.475999999999999070e-05 1.058841000000000122e-02 8.836000000000000104e-05 1.672485250000000000e+06 1.805666750000000000e+06
1.000000000000000000e+00 -1.260000000000000009e-02 -5.079999999999999793e-02 -6.629999999999999782e-02 -9.900000000000000813e-03 1.101000000000000034e-01 -2.299999999999999961e-02 -8.300000000000000086e-03 2.153999999999999804e-01 -1.959999999999999937e-02 -1.580000000000000154e-02 4.240000000000000713e-02 1.100000000000000283e-03 1.587600000000000046e-04 2.580639999999999930e-03 4.395689999999999840e-03 9.801000000000001876e-05 1.212201000000000077e-02 5.289999999999999564e-04 6.888999999999999941e-05 4.639715999999999285e-02 3.841599999999999811e-04 2.496400000000000290e-04 1.797760000000000677e-03 1.210000000000000697e-06 1.673697250000000000e+06 1.806166750000000000e+06
1.000000000000000000e+00 -1.880000000000000074e-02 4.499999999999999660e-03 -2.549999999999999836e-02 3.679999999999999938e-02 8.550000000000000655e-02 -2.680000000000000090e-02 -6.200000000000000649e-03 5.529999999999999499e-02 4.080000000000000293e-02 4.669999999999999846e-02 -2.459999999999999687e-02 -3.800000000000001293e-03 3.534400000000000042e-04 2.024999999999999755e-05 6.502499999999998949e-04 1.354240000000000044e-03 7.310250000000000775e-03 7.182400000000000893e-04 3.844000000000001143e-05 3.058089999999999420e-03 1.664640000000000217e-03 2.180889999999999999e-03 6.051599999999998777e-04 1.444000000000000913e-05 1.673331625000000000e+06 1.800014625000000000e+06
1.000000000000000000e+00 -2.989999999999999949e-02 4.859999999999999737e-02 2.450000000000000094e-02 1.720000000000000001e-02 7.630000000000000671e-02 -1.250000000000000069e-02 -1.109999999999999876e-02 4.410000000000000031e-02 5.000000000000000278e-02 -1.959999999999999937e-02 -9.199999999999999845e-03 1.430000000000000021e-02 8.940099999999999870e-04 2.361959999999999754e-03 6.002500000000000890e-04 2.958400000000000135e-04 5.821690000000000892e-03 1.562500000000000304e-04 1.232099999999999808e-04 1.944809999999999942e-03 2.500000000000000486e-03 3.841599999999999811e-04 8.464000000000000278e-05 2.044900000000000157e-04 1.671211250000000000e+06 1.791229375000000000e+06
1.000000000000000000e+00 -2.980000000000000010e-02 -7.700000000000000247e-03 -5.600000000000000117e-02 4.899999999999999842e-03 1.388000000000000067e-01 -9.199999999999999845e-03 9.999999999999939493e-05 -5.629999999999999588e-02 -8.050000000000000211e-02 -1.230000000000000017e-02 6.250000000000000000e-02 3.300000000000000849e-03 8.880399999999999882e-04 5.929000000000000324e-05 3.136000000000000332e-03 2.400999999999999882e-05 1.926544000000000173e-02 8.464000000000000278e-05 9.999999999999879441e-09 3.169689999999999747e-03 6.480250000000000767e-03 1.512899999999999965e-04 3.906250000000000000e-03 1.089000000000000585e-05 1.668304250000000000e+06 1.788121000000000000e+06
1.000000000000000000e+00 1.650000000000000078e-02 5.680000000000000326e-02 -7.589999999999999525e-02 -4.199999999999999740e-03 1.079999999999999988e-01 8.999999999999999754e-04 4.630000000000000088e-02 6.450000000000000178e-02 -1.989999999999999408e-02 -9.100000000000000450e-03 -3.080000000000000793e-02 1.009999999999999960e-02 2.722500000000000310e-04 3.226240000000000444e-03 5.760809999999999022e-03 1.763999999999999713e-05 1.166399999999999902e-02 8.099999999999999739e-07 2.143690000000000179e-03 4.160249999999999886e-03 3.960099999999997541e-04 8.281000000000000166e-05 9.486400000000004855e-04 1.020099999999999940e-04 1.670273625000000000e+06 1.794883875000000000e+06
1.000000000000000000e+00 1.559999999999999928e-02 -4.649999999999999967e-02 -5.990000000000000185e-02 5.410000000000000225e-02 1.517000000000000015e-01 -5.599999999999999943e-03 -9.000000000000014932e-04 -1.033000000000000029e-01 1.599999999999999339e-02 5.830000000000000460e-02 4.370000000000000273e-02 -6.499999999999999702e-03 2.433599999999999739e-04 2.162250000000000109e-03 3.588010000000000418e-03 2.926810000000000175e-03 2.301289000000000112e-02 3.135999999999999790e-05 8.100000000000027268e-07 1.067089000000000058e-02 2.559999999999997716e-04 3.398890000000000331e-03 1.909690000000000346e-03 4.224999999999999698e-05 1.670104250000000000e+06 1.799715000000000000e+06
1.000000000000000000e+00 2.819999999999999937e-02 -5.820000000000000173e-02 -1.396000000000000019e-01 5.240000000000000213e-02 1.461999999999999966e-01 -3.930000000000000160e-02 1.260000000000000009e-02 -1.170000000000000207e-02 -7.969999999999999307e-02 -1.700000000000000122e-03 -5.500000000000004885e-03 -3.370000000000000079e-02 7.952400000000000094e-04 3.387240000000000129e-03 1.948816000000000090e-02 2.745760000000000301e-03 2.137443999999999802e-02 1.544490000000000142e-03 1.587600000000000046e-04 1.368900000000000531e-04 6.352089999999998605e-03 2.890000000000000282e-06 3.025000000000005427e-05 1.135689999999999963e-03 1.670236000000000000e+06 1.804944500000000000e+06
1.000000000000000000e+00 2.549999999999999836e-02 5.890000000000000097e-02 -4.989999999999999991e-02 4.390000000000000152e-02 9.919999999999999651e-02 -2.149999999999999828e-02 -2.700000000000001010e-03 1.171000000000000096e-01 8.970000000000000195e-02 -8.500000000000000611e-03 -4.700000000000000011e-02 1.780000000000000332e-02 6.502499999999998949e-04 3.469209999999999915e-03 2.490009999999999966e-03 1.927210000000000164e-03 9.840639999999999457e-03 4.622499999999999331e-04 7.290000000000005589e-06 1.371241000000000300e-02 8.046090000000000533e-03 7.225000000000000790e-05 2.209000000000000026e-03 3.168400000000001445e-04 1.671903500000000000e+06 1.809254125000000000e+06
1.000000000000000000e+00 2.759999999999999953e-02 -2.189999999999999933e-02 -6.840000000000000246e-02 1.969999999999999876e-02 9.979999999999999982e-02 -5.460000000000000270e-02 2.100000000000001171e-03 -8.079999999999999682e-02 -1.850000000000000255e-02 -2.420000000000000276e-02 6.000000000000033085e-04 -3.310000000000000442e-02 7.617599999999999979e-04 4.796099999999999973e-04 4.678560000000000010e-03 3.880899999999999519e-04 9.960039999999999866e-03 2.981160000000000494e-03 4.410000000000005211e-06 6.528639999999999617e-03 3.422500000000001062e-04 5.856400000000001188e-04 3.600000000000039648e-07 1.095610000000000334e-03 1.673721000000000000e+06 1.811389625000000000e+06
1.000000000000000000e+00 1.519999999999999997e-02 -3.230000000000000232e-02 -7.749999999999999944e-02 -6.700000000000000226e-03 9.510000000000000397e-02 -2.680000000000000090e-02 -1.239999999999999956e-02 -1.040000000000000299e-02 -9.099999999999996980e-03 -2.639999999999999986e-02 -4.699999999999995848e-03 2.780000000000000179e-02 2.310400000000000106e-04 1.043290000000000103e-03 6.006250000000000304e-03 4.489000000000000558e-05 9.044009999999999896e-03 7.182400000000000893e-04 1.537599999999999915e-04 1.081600000000000622e-04 8.280999999999994745e-05 6.969599999999999407e-04 2.208999999999995960e-05 7.728400000000001154e-04 1.673032875000000000e+06 1.809220125000000000e+06
1.000000000000000000e+00 2.589999999999999941e-02 1.420000000000000082e-02 -6.719999999999999585e-02 -2.489999999999999852e-02 5.220000000000000334e-02 -7.299999999999999545e-02 1.069999999999999944e-02 4.649999999999999967e-02 1.030000000000000360e-02 -1.819999999999999743e-02 -4.290000000000000063e-02 -4.619999999999999107e-02 6.708099999999999827e-04 2.016400000000000278e-04 4.515839999999999264e-03 6.200099999999999405e-04 2.724840000000000508e-03 5.328999999999999536e-03 1.144899999999999830e-04 2.162250000000000109e-03 1.060900000000000769e-04 3.312399999999998982e-04 1.840410000000000006e-03 2.134439999999999168e-03 1.673188625000000000e+06 1.813686375000000000e+06
1.000000000000000000e+00 4.400000000000000265e-03 -3.969999999999999918e-02 -7.879999999999999505e-02 3.119999999999999857e-02 7.760000000000000231e-02 -4.139999999999999930e-02 -2.149999999999999828e-02 -5.390000000000000346e-02 -1.159999999999999920e-02 5.609999999999999709e-02 2.539999999999999897e-02 3.159999999999999615e-02 1.936000000000000099e-05 1.576090000000000043e-03 6.209439999999999231e-03 9.734399999999998956e-04 6.021760000000000133e-03 1.713960000000000049e-03 4.622499999999999331e-04 2.905210000000000518e-03 1.345599999999999856e-04 3.147209999999999678e-03 6.451599999999999826e-04 9.985599999999996822e-04 1.673382000000000000e+06 1.811420875000000000e+06
1.000000000000000000e+00 1.849999999999999908e-02 4.370000000000000273e-02 -6.479999999999999649e-02 2.709999999999999909e-02 5.790000000000000008e-02 -7.649999999999999856e-02 1.409999999999999795e-02 8.340000000000000191e-02 1.399999999999999856e-02 -4.099999999999999478e-03 -1.970000000000000223e-02 -3.509999999999999926e-02 3.422499999999999436e-04 1.909690000000000346e-03 4.199039999999999370e-03 7.344099999999999023e-04 3.352410000000000112e-03 5.852249999999999813e-03 1.988099999999999481e-04 6.955560000000000388e-03 1.959999999999999666e-04 1.680999999999999660e-05 3.880900000000001146e-04 1.232009999999999963e-03 1.672342750000000000e+06 1.810906750000000000e+06
1.000000000000000000e+00 1.009999999999999960e-02 4.989999999999999991e-02 -5.580000000000000238e-02 2.060000000000000026e-02 9.529999999999999583e-02 -5.149999999999999717e-02 -8.399999999999999481e-03 6.199999999999997180e-03 8.999999999999994116e-03 -6.499999999999998834e-03 3.739999999999999575e-02 2.500000000000000139e-02 1.020099999999999940e-04 2.490009999999999966e-03 3.113640000000000418e-03 4.243600000000000367e-04 9.082089999999999261e-03 2.652249999999999660e-03 7.055999999999998851e-05 3.843999999999996400e-05 8.099999999999989533e-05 4.224999999999998342e-05 1.398759999999999760e-03 6.250000000000001214e-04 1.674765625000000000e+06 1.811367875000000000e+06
1.000000000000000000e+00 2.179999999999999993e-02 -4.680000000000000132e-02 -7.749999999999999944e-02 1.060000000000000005e-02 9.289999999999999647e-02 -8.469999999999999751e-02 1.170000000000000033e-02 -9.670000000000000817e-02 -2.169999999999999707e-02 -1.000000000000000021e-02 -2.399999999999999356e-03 -3.320000000000000034e-02 4.752399999999999832e-04 2.190239999999999982e-03 6.006250000000000304e-03 1.123600000000000016e-04 8.630409999999999818e-03 7.174089999999999287e-03 1.368899999999999989e-04 9.350890000000002325e-03 4.708899999999998504e-04 1.000000000000000048e-04 5.759999999999996521e-06 1.102239999999999991e-03 1.672771000000000000e+06 1.812095875000000000e+06
1.000000000000000000e+00 -3.200000000000000153e-03 2.599999999999999881e-03 -6.930000000000000049e-02 -7.300000000000000065e-03 1.514000000000000068e-01 -2.750000000000000014e-02 -2.500000000000000139e-02 4.939999999999999947e-02 8.199999999999998956e-03 -1.789999999999999925e-02 5.850000000000001033e-02 5.720000000000000084e-02 1.024000000000000021e-05 6.759999999999999652e-06 4.802490000000000404e-03 5.328999999999999970e-05 2.292196000000000164e-02 7.562499999999999778e-04 6.250000000000001214e-04 2.440359999999999925e-03 6.723999999999998641e-05 3.204099999999999765e-04 3.422250000000001246e-03 3.271840000000000252e-03 1.675440125000000000e+06 1.813068000000000000e+06
1.000000000000000000e+00 6.799999999999999621e-03 1.010999999999999954e-01 -1.220000000000000077e-02 4.639999999999999680e-02 1.328000000000000014e-01 -4.859999999999999737e-02 1.000000000000000021e-02 9.849999999999999034e-02 5.709999999999999798e-02 5.369999999999999774e-02 -1.860000000000000542e-02 -2.109999999999999723e-02 4.623999999999999774e-05 1.022120999999999967e-02 1.488400000000000183e-04 2.152959999999999770e-03 1.763583999999999985e-02 2.361959999999999754e-03 1.000000000000000048e-04 9.702249999999997335e-03 3.260409999999999611e-03 2.883689999999999951e-03 3.459600000000001910e-04 4.452099999999998658e-04 1.672311375000000000e+06 1.811328500000000000e+06
1.000000000000000000e+00 -6.599999999999999964e-03 -6.759999999999999343e-02 -4.200000000000000261e-02 3.259999999999999704e-02 1.345999999999999974e-01 4.000000000000000192e-04 -1.339999999999999872e-02 -1.686999999999999889e-01 -2.980000000000000010e-02 -1.379999999999999977e-02 1.799999999999996048e-03 4.899999999999999495e-02 4.355999999999999629e-05 4.569759999999999101e-03 1.764000000000000160e-03 1.062759999999999833e-03 1.811716000000000021e-02 1.600000000000000033e-07 1.795599999999999681e-04 2.845968999999999582e-02 8.880399999999999882e-04 1.904399999999999995e-04 3.239999999999985920e-06 2.400999999999999489e-03 1.674753625000000000e+06 1.812768250000000000e+06
1.000000000000000000e+00 5.000000000000000104e-03 2.110000000000000070e-02 -1.197000000000000008e-01 3.710000000000000103e-02 1.386000000000000010e-01 -2.299999999999999961e-02 1.159999999999999920e-02 8.870000000000000107e-02 -7.769999999999999130e-02 4.500000000000003997e-03 4.000000000000003553e-03 -2.340000000000000066e-02 2.500000000000000120e-05 4.452100000000000285e-04 1.432808999999999992e-02 1.376410000000000003e-03 1.920996000000000162e-02 5.289999999999999564e-04 1.345599999999999856e-04 7.867690000000000100e-03 6.037289999999998977e-03 2.025000000000003482e-05 1.600000000000002977e-05 5.475599999999999955e-04 1.675578000000000000e+06 1.813109500000000000e+06
1.000000000000000000e+00 1.580000000000000154e-02 4.519999999999999712e-02 1.039999999999999952e-02 8.309999999999999332e-02 1.282000000000000084e-01 3.420000000000000123e-02 1.080000000000000057e-02 2.409999999999999643e-02 1.300999999999999934e-01 4.599999999999999228e-02 -1.039999999999999258e-02 5.720000000000000084e-02 2.496400000000000290e-04 2.043039999999999873e-03 1.081599999999999944e-04 6.905609999999998659e-03 1.643524000000000374e-02 1.169640000000000003e-03 1.166400000000000081e-04 5.808099999999998550e-04 1.692600999999999828e-02 2.115999999999999392e-03 1.081599999999998454e-04 3.271840000000000252e-03 1.676687125000000000e+06 1.812159375000000000e+06
1.000000000000000000e+00 2.210000000000000159e-02 -4.449999999999999789e-02 -1.010999999999999954e-01 8.219999999999999529e-02 1.330999999999999961e-01 2.840000000000000163e-02 6.300000000000000044e-03 -8.970000000000000195e-02 -1.114999999999999880e-01 -8.999999999999980238e-04 4.899999999999987699e-03 -5.799999999999999600e-03 4.884100000000001027e-04 1.980249999999999806e-03 1.022120999999999967e-02 6.756839999999999201e-03 1.771560999999999969e-02 8.065600000000001111e-04 3.969000000000000116e-05 8.046090000000000533e-03 1.243224999999999712e-02 8.099999999999964799e-07 2.400999999999988023e-05 3.363999999999999640e-05 1.674310875000000000e+06 1.810241500000000000e+06
1.000000000000000000e+00 3.389999999999999958e-02 -1.119999999999999989e-02 -1.095000000000000001e-01 7.299999999999999545e-02 1.602000000000000091e-01 4.379999999999999866e-02 1.179999999999999799e-02 3.329999999999999627e-02 -8.400000000000004685e-03 -9.199999999999999845e-03 2.710000000000001297e-02 1.539999999999999702e-02 1.149209999999999902e-03 1.254399999999999916e-04 1.199024999999999917e-02 5.328999999999999536e-03 2.566404000000000254e-02 1.918439999999999989e-03 1.392399999999999476e-04 1.108889999999999746e-03 7.056000000000008337e-05 8.464000000000000278e-05 7.344100000000006612e-04 2.371599999999999045e-04 1.674989875000000000e+06 1.812872500000000000e+06
1.000000000000000000e+00 6.270000000000000573e-02 1.159999999999999920e-02 -6.279999999999999472e-02 6.360000000000000375e-02 1.787999999999999867e-01 5.539999999999999786e-02 2.880000000000000615e-02 2.280000000000000082e-02 4.670000000000000540e-02 -9.399999999999991696e-03 1.859999999999997766e-02 1.159999999999999920e-02 3.931290000000000479e-03 1.345599999999999856e-04 3.943839999999999672e-03 4.044960000000000222e-03 3.196943999999999481e-02 3.069159999999999597e-03 8.294400000000004070e-04 5.198400000000000373e-04 2.180890000000000432e-03 8.835999999999983841e-05 3.459599999999991610e-04 1.345599999999999856e-04 1.673025625000000000e+06 1.808198500000000000e+06
1.000000000000000000e+00 6.210000000000000242e-02 -1.068000000000000060e-01 -1.280000000000000027e-01 6.010000000000000064e-02 2.041000000000000036e-01 6.850000000000000533e-02 -6.000000000000033085e-04 -1.184000000000000052e-01 -6.520000000000000795e-02 -3.500000000000003109e-03 2.530000000000001692e-02 1.310000000000000747e-02 3.856410000000000220e-03 1.140624000000000152e-02 1.638399999999999926e-02 3.612010000000000134e-03 4.165681000000000245e-02 4.692250000000001108e-03 3.600000000000039648e-07 1.401856000000000109e-02 4.251040000000001068e-03 1.225000000000002163e-05 6.400900000000008189e-04 1.716100000000002086e-04 1.673587750000000000e+06 1.806356000000000000e+06
1.000000000000000000e+00 7.739999999999999658e-02 -4.880000000000000310e-02 -3.359999999999999792e-02 6.510000000000000508e-02 1.839000000000000079e-01 -4.700000000000000185e-03 1.529999999999999416e-02 5.800000000000000294e-02 9.440000000000001168e-02 5.000000000000004441e-03 -2.019999999999999574e-02 -7.320000000000000118e-02 5.990759999999999488e-03 2.381440000000000293e-03 1.128959999999999816e-03 4.238010000000000388e-03 3.381921000000000233e-02 2.209000000000000026e-05 2.340899999999998136e-04 3.364000000000000237e-03 8.911360000000001849e-03 2.500000000000004524e-05 4.080399999999998134e-04 5.358240000000000225e-03 1.673646250000000000e+06 1.807098000000000000e+06
1.000000000000000000e+00 7.829999999999999460e-02 1.359999999999999924e-02 -4.019999999999999962e-02 6.029999999999999943e-02 1.178000000000000019e-01 1.129999999999999928e-02 8.999999999999980238e-04 6.240000000000000407e-02 -6.600000000000001699e-03 -4.800000000000005651e-03 -6.610000000000000597e-02 1.600000000000000033e-02 6.130889999999999083e-03 1.849599999999999910e-04 1.616040000000000011e-03 3.636089999999999808e-03 1.387683999999999966e-02 1.276899999999999921e-04 8.099999999999964799e-07 3.893760000000000450e-03 4.356000000000002340e-05 2.304000000000005385e-05 4.369210000000000975e-03 2.559999999999999884e-04 1.673311875000000000e+06 1.808943875000000000e+06
1.000000000000000000e+00 -5.100000000000000366e-03 8.870000000000000107e-02 -1.819999999999999951e-01 4.290000000000000063e-02 1.802999999999999881e-01 -1.269999999999999948e-02 -8.340000000000000191e-02 7.510000000000000009e-02 -1.417999999999999816e-01 -1.739999999999999880e-02 6.249999999999998612e-02 -2.400000000000000050e-02 2.601000000000000339e-05 7.867690000000000100e-03 3.312400000000000067e-02 1.840410000000000006e-03 3.250808999999999643e-02 1.612899999999999957e-04 6.955560000000000388e-03 5.640009999999999989e-03 2.010723999999999498e-02 3.027599999999999541e-04 3.906249999999998265e-03 5.760000000000000146e-04 1.676227000000000000e+06 1.813647750000000000e+06
1.000000000000000000e+00 1.699999999999999905e-03 1.959999999999999937e-02 -1.386000000000000010e-01 2.900000000000000147e-02 1.055999999999999994e-01 -5.600000000000000117e-02 6.800000000000000488e-03 -6.909999999999999476e-02 4.339999999999999414e-02 -1.389999999999999916e-02 -7.469999999999998863e-02 -4.330000000000000515e-02 2.889999999999999859e-06 3.841599999999999811e-04 1.920996000000000162e-02 8.410000000000000591e-04 1.115135999999999905e-02 3.136000000000000332e-03 4.624000000000000451e-05 4.774809999999999124e-03 1.883559999999999401e-03 1.932099999999999746e-04 5.580089999999998489e-03 1.874890000000000367e-03 1.673577125000000000e+06 1.810211625000000000e+06
1.000000000000000000e+00 -9.400000000000000369e-03 -8.859999999999999820e-02 -6.710000000000000686e-02 1.030000000000000013e-02 1.915999999999999925e-01 1.549999999999999989e-02 -1.110000000000000049e-02 -1.081999999999999906e-01 7.149999999999999412e-02 -1.870000000000000134e-02 8.599999999999999312e-02 7.150000000000000799e-02 8.836000000000000104e-05 7.849959999999999577e-03 4.502410000000000960e-03 1.060900000000000092e-04 3.671055999999999625e-02 2.402499999999999851e-04 1.232100000000000079e-04 1.170723999999999723e-02 5.112249999999998740e-03 3.496900000000000485e-04 7.395999999999998929e-03 5.112250000000001342e-03 1.671809875000000000e+06 1.805367125000000000e+06
1.000000000000000000e+00 -5.999999999999999474e-04 3.209999999999999659e-02 -4.979999999999999705e-02 1.739999999999999880e-02 1.895000000000000018e-01 -3.320000000000000034e-02 8.800000000000000530e-03 1.207000000000000017e-01 1.730000000000000981e-02 7.099999999999998673e-03 -2.099999999999990763e-03 -4.870000000000000023e-02 3.599999999999999414e-07 1.030409999999999833e-03 2.480039999999999762e-03 3.027599999999999541e-04 3.591024999999999773e-02 1.102239999999999991e-03 7.744000000000000395e-05 1.456848999999999991e-02 2.992900000000003414e-04 5.040999999999997984e-05 4.409999999999961165e-06 2.371690000000000083e-03 1.670438000000000000e+06 1.803232000000000000e+06
1.000000000000000000e+00 -6.199999999999999782e-03 -1.770000000000000046e-02 -4.700000000000000011e-02 4.529999999999999999e-02 1.754999999999999893e-01 -2.779999999999999832e-02 -5.599999999999999943e-03 -4.979999999999999705e-02 2.799999999999996936e-03 2.790000000000000119e-02 -1.400000000000001243e-02 5.400000000000002021e-03 3.843999999999999788e-05 3.132900000000000311e-04 2.209000000000000026e-03 2.052089999999999904e-03 3.080024999999999777e-02 7.728399999999998986e-04 3.135999999999999790e-05 2.480039999999999762e-03 7.839999999999982535e-06 7.784100000000001044e-04 1.960000000000003460e-04 2.916000000000002236e-05 1.671075625000000000e+06 1.800658625000000000e+06
1.000000000000000000e+00 -2.110000000000000070e-02 -5.680000000000000326e-02 -2.019999999999999921e-02 -2.960000000000000131e-02 1.806999999999999995e-01 -3.570000000000000256e-02 -1.490000000000000005e-02 -3.910000000000000281e-02 2.680000000000000090e-02 -7.489999999999999436e-02 5.200000000000010170e-03 -7.900000000000004241e-03 4.452100000000000285e-04 3.226240000000000444e-03 4.080399999999999761e-04 8.761600000000000681e-04 3.265248999999999929e-02 1.274490000000000085e-03 2.220099999999999971e-04 1.528810000000000238e-03 7.182400000000000893e-04 5.610009999999999476e-03 2.704000000000010703e-05 6.241000000000006146e-05 1.672514875000000000e+06 1.798034375000000000e+06
1.000000000000000000e+00 -2.280000000000000082e-02 2.610000000000000167e-02 -2.819999999999999937e-02 3.950000000000000039e-02 1.723000000000000087e-01 -3.830000000000000071e-02 -1.700000000000000122e-03 8.290000000000000147e-02 -8.000000000000000167e-03 6.909999999999999476e-02 -8.399999999999990807e-03 -2.599999999999998146e-03 5.198400000000000373e-04 6.812100000000001271e-04 7.952400000000000094e-04 1.560250000000000005e-03 2.968729000000000159e-02 1.466889999999999991e-03 2.890000000000000282e-06 6.872410000000000671e-03 6.399999999999999710e-05 4.774809999999999124e-03 7.055999999999983943e-05 6.759999999999990334e-06 1.670846125000000000e+06 1.794081750000000000e+06
1.000000000000000000e+00 -2.939999999999999905e-02 -2.659999999999999865e-02 -1.469000000000000028e-01 1.750000000000000167e-02 1.864000000000000101e-01 -2.790000000000000119e-02 -6.599999999999998229e-03 -5.269999999999999685e-02 -1.187000000000000000e-01 -2.199999999999999872e-02 1.410000000000000142e-02 1.039999999999999952e-02 8.643599999999999981e-04 7.075599999999999815e-04 2.157961000000000254e-02 3.062500000000000443e-04 3.474496000000000528e-02 7.784100000000001044e-04 4.355999999999997596e-05 2.777289999999999533e-03 1.408969000000000020e-02 4.839999999999999468e-04 1.988100000000000294e-04 1.081599999999999944e-04 1.670472875000000000e+06 1.791776250000000000e+06
1.000000000000000000e+00 -3.760000000000000148e-02 2.500000000000000052e-03 -9.929999999999999938e-02 1.260000000000000009e-02 1.612000000000000099e-01 -1.739999999999999880e-02 -8.200000000000002426e-03 2.909999999999999740e-02 4.760000000000000342e-02 -4.900000000000001577e-03 -2.520000000000000018e-02 1.050000000000000239e-02 1.413760000000000017e-03 6.250000000000000300e-06 9.860489999999999533e-03 1.587600000000000046e-04 2.598544000000000201e-02 3.027599999999999541e-04 6.724000000000004062e-05 8.468099999999998155e-04 2.265760000000000343e-03 2.401000000000001576e-05 6.350400000000000185e-04 1.102500000000000507e-04 1.667921750000000000e+06 1.788298000000000000e+06
1.000000000000000000e+00 1.980000000000000163e-02 2.819999999999999937e-02 -1.720000000000000001e-02 2.239999999999999977e-02 1.602999999999999980e-01 -7.000000000000000146e-03 5.740000000000000657e-02 2.570000000000000062e-02 8.210000000000000631e-02 9.799999999999999684e-03 -9.000000000000119016e-04 1.039999999999999952e-02 3.920400000000000751e-04 7.952400000000000094e-04 2.958400000000000135e-04 5.017599999999999665e-04 2.569608999999999782e-02 4.900000000000000519e-05 3.294760000000000744e-03 6.604900000000000137e-04 6.740410000000001366e-03 9.603999999999999527e-05 8.100000000000214674e-07 1.081599999999999944e-04 1.669178750000000000e+06 1.792009125000000000e+06
1.000000000000000000e+00 2.069999999999999965e-02 -5.990000000000000185e-02 -1.275000000000000022e-01 7.580000000000000626e-02 1.978999999999999926e-01 -1.720000000000000001e-02 8.999999999999980238e-04 -8.809999999999999776e-02 -1.103000000000000091e-01 5.340000000000000302e-02 3.759999999999999454e-02 -1.020000000000000073e-02 4.284900000000000124e-04 3.588010000000000418e-03 1.625624999999999987e-02 5.745640000000000643e-03 3.916440999999999673e-02 2.958400000000000135e-04 8.099999999999964799e-07 7.761609999999999517e-03 1.216609000000000267e-02 2.851560000000000379e-03 1.413759999999999583e-03 1.040400000000000135e-04 1.670823375000000000e+06 1.792734625000000000e+06
1.000000000000000000e+00 2.639999999999999986e-02 1.389999999999999916e-02 -1.205999999999999989e-01 1.729999999999999941e-02 1.507999999999999896e-01 -2.189999999999999933e-02 5.700000000000000205e-03 7.380000000000000449e-02 6.900000000000003353e-03 -5.850000000000001033e-02 -4.710000000000000298e-02 -4.699999999999999317e-03 6.969599999999999407e-04 1.932099999999999746e-04 1.454435999999999923e-02 2.992899999999999619e-04 2.274063999999999600e-02 4.796099999999999973e-04 3.249000000000000233e-05 5.446440000000000309e-03 4.761000000000004730e-05 3.422250000000001246e-03 2.218410000000000087e-03 2.208999999999999348e-05 1.671409250000000000e+06 1.794190500000000000e+06
1.000000000000000000e+00 2.900000000000000147e-02 6.599999999999999964e-03 -9.969999999999999696e-02 7.180000000000000271e-02 1.484000000000000041e-01 -2.189999999999999933e-02 2.600000000000001615e-03 -7.299999999999999198e-03 2.090000000000000191e-02 5.450000000000000677e-02 -2.399999999999985478e-03 0.000000000000000000e+00 8.410000000000000591e-04 4.355999999999999629e-05 9.940089999999998649e-03 5.155240000000000170e-03 2.202256000000000005e-02 4.796099999999999973e-04 6.760000000000008122e-06 5.328999999999998614e-05 4.368100000000000953e-04 2.970250000000000667e-03 5.759999999999930452e-06 0.000000000000000000e+00 1.671114500000000000e+06 1.790650000000000000e+06
1.000000000000000000e+00 3.749999999999999861e-02 -1.779999999999999985e-02 -8.069999999999999396e-02 3.810000000000000192e-02 2.242000000000000104e-01 -1.370000000000000037e-02 8.499999999999997141e-03 -2.439999999999999808e-02 1.900000000000000300e-02 -3.370000000000000079e-02 7.580000000000000626e-02 8.199999999999998956e-03 1.406249999999999948e-03 3.168399999999999819e-04 6.512489999999999252e-03 1.451610000000000096e-03 5.026564000000000726e-02 1.876900000000000139e-04 7.224999999999995369e-05 5.953599999999998563e-04 3.610000000000001012e-04 1.135689999999999963e-03 5.745640000000000643e-03 6.723999999999998641e-05 1.671206625000000000e+06 1.794656875000000000e+06
1.000000000000000000e+00 2.900000000000000147e-02 1.679999999999999896e-02 -8.899999999999999578e-02 8.219999999999999529e-02 1.902999999999999969e-01 -1.409999999999999969e-02 -8.499999999999997141e-03 3.459999999999999881e-02 -8.300000000000001821e-03 4.409999999999999337e-02 -3.390000000000001346e-02 -3.999999999999993144e-04 8.410000000000000591e-04 2.822399999999999540e-04 7.920999999999999222e-03 6.756839999999999201e-03 3.621408999999999739e-02 1.988100000000000023e-04 7.224999999999995369e-05 1.197159999999999848e-03 6.889000000000002652e-05 1.944809999999999508e-03 1.149210000000000986e-03 1.599999999999994475e-07 1.672418000000000000e+06 1.796899250000000000e+06
1.000000000000000000e+00 3.280000000000000276e-02 -9.450000000000000067e-02 -9.500000000000000111e-02 2.409999999999999989e-02 1.171999999999999986e-01 -5.700000000000000205e-03 3.800000000000001293e-03 -1.112999999999999962e-01 -6.000000000000005329e-03 -5.809999999999999887e-02 -7.309999999999999831e-02 8.399999999999999481e-03 1.075840000000000216e-03 8.930250000000000687e-03 9.025000000000000036e-03 5.808099999999999635e-04 1.373583999999999916e-02 3.249000000000000233e-05 1.444000000000000913e-05 1.238768999999999981e-02 3.600000000000006190e-05 3.375609999999999809e-03 5.343609999999999506e-03 7.055999999999998851e-05 1.671963250000000000e+06 1.796567500000000000e+06
1.000000000000000000e+00 2.750000000000000014e-02 2.989999999999999949e-02 -8.719999999999999973e-02 9.700000000000000289e-02 1.940999999999999948e-01 3.509999999999999926e-02 -5.300000000000002626e-03 1.243999999999999967e-01 7.800000000000001377e-03 7.290000000000000646e-02 7.689999999999999614e-02 4.080000000000000293e-02 7.562499999999999778e-04 8.940099999999999870e-04 7.603839999999999731e-03 9.409000000000000696e-03 3.767480999999999608e-02 1.232009999999999963e-03 2.809000000000002752e-05 1.547535999999999877e-02 6.084000000000002058e-05 5.314410000000001182e-03 5.913609999999999700e-03 1.664640000000000217e-03 1.671490500000000000e+06 1.797085375000000000e+06
1.000000000000000000e+00 2.580000000000000002e-02 1.789999999999999925e-02 -8.920000000000000151e-02 2.999999999999999889e-02 9.979999999999999982e-02 3.740000000000000269e-02 -1.700000000000000122e-03 -1.200000000000000025e-02 -2.000000000000001776e-03 -6.700000000000000400e-02 -9.429999999999999494e-02 2.300000000000003431e-03 6.656400000000000034e-04 3.204099999999999765e-04 7.956640000000000934e-03 8.999999999999999754e-04 9.960039999999999866e-03 1.398760000000000194e-03 2.890000000000000282e-06 1.440000000000000036e-04 4.000000000000007442e-06 4.489000000000000802e-03 8.892489999999999423e-03 5.290000000000015420e-06 1.671809500000000000e+06 1.801287750000000000e+06
1.000000000000000000e+00 3.470000000000000168e-02 -8.939999999999999336e-02 -1.140000000000000041e-01 8.369999999999999662e-02 1.847999999999999921e-01 -1.490000000000000005e-02 8.900000000000001660e-03 -1.072999999999999926e-01 -2.480000000000000260e-02 5.369999999999999774e-02 8.499999999999999223e-02 -5.229999999999999927e-02 1.204090000000000108e-03 7.992359999999998701e-03 1.299600000000000061e-02 7.005689999999999314e-03 3.415103999999999362e-02 2.220099999999999971e-04 7.921000000000003613e-05 1.151328999999999894e-02 6.150400000000001829e-04 2.883689999999999951e-03 7.224999999999998784e-03 2.735290000000000030e-03 1.672735625000000000e+06 1.800614500000000000e+06
1.000000000000000000e+00 4.179999999999999688e-02 6.199999999999999782e-03 -1.018000000000000016e-01 3.869999999999999829e-02 1.700000000000000122e-01 5.000000000000000104e-04 7.099999999999995204e-03 9.559999999999999054e-02 1.220000000000000251e-02 -4.499999999999999833e-02 -1.479999999999997984e-02 1.540000000000000049e-02 1.747239999999999731e-03 3.843999999999999788e-05 1.036324000000000099e-02 1.497689999999999872e-03 2.890000000000000555e-02 2.499999999999999887e-07 5.040999999999993240e-05 9.139359999999997416e-03 1.488400000000000725e-04 2.024999999999999890e-03 2.190399999999993936e-04 2.371600000000000129e-04 1.673427000000000000e+06 1.803211500000000000e+06
1.000000000000000000e+00 4.089999999999999886e-02 -3.200000000000000153e-03 -9.829999999999999849e-02 7.889999999999999791e-02 1.716000000000000025e-01 -5.000000000000000104e-04 -8.999999999999980238e-04 -9.400000000000000369e-03 3.500000000000003109e-03 4.019999999999999962e-02 1.599999999999990319e-03 -1.000000000000000021e-03 1.672809999999999835e-03 1.024000000000000021e-05 9.662890000000000368e-03 6.225209999999999251e-03 2.944656000000000010e-02 2.499999999999999887e-07 8.099999999999964799e-07 8.836000000000000104e-05 1.225000000000002163e-05 1.616040000000000011e-03 2.559999999999969137e-06 9.999999999999999547e-07 1.672198375000000000e+06 1.797302125000000000e+06
1.000000000000000000e+00 5.240000000000000213e-02 -4.070000000000000007e-02 -6.539999999999999980e-02 4.379999999999999866e-02 1.771000000000000074e-01 4.000000000000000083e-03 1.150000000000000328e-02 -3.749999999999999861e-02 3.289999999999999869e-02 -3.509999999999999926e-02 5.500000000000004885e-03 4.500000000000000527e-03 2.745760000000000301e-03 1.656490000000000046e-03 4.277160000000000337e-03 1.918439999999999989e-03 3.136441000000000229e-02 1.599999999999999928e-05 1.322500000000000704e-04 1.406249999999999948e-03 1.082410000000000013e-03 1.232009999999999963e-03 3.025000000000005427e-05 2.025000000000000432e-05 1.670559625000000000e+06 1.795213250000000000e+06
1.000000000000000000e+00 7.939999999999999836e-02 -1.460000000000000013e-02 -8.309999999999999332e-02 1.155000000000000054e-01 1.774999999999999911e-01 7.799999999999999642e-03 2.699999999999999623e-02 2.609999999999999820e-02 -1.769999999999999352e-02 7.170000000000001372e-02 3.999999999999837019e-04 3.799999999999999559e-03 6.304360000000000172e-03 2.131599999999999988e-04 6.905609999999998659e-03 1.334025000000000141e-02 3.150624999999999953e-02 6.083999999999999348e-05 7.289999999999998304e-04 6.812099999999999102e-04 3.132899999999997601e-04 5.140890000000002125e-03 1.599999999999869537e-07 1.443999999999999727e-05 1.669284625000000000e+06 1.796126750000000000e+06
1.000000000000000000e+00 4.789999999999999813e-02 6.740000000000000158e-02 -9.979999999999999982e-02 4.859999999999999737e-02 2.049999999999999878e-01 2.580000000000000002e-02 -3.150000000000000022e-02 8.200000000000000344e-02 -1.670000000000000651e-02 -6.690000000000001501e-02 2.749999999999999667e-02 1.800000000000000211e-02 2.294409999999999766e-03 4.542759999999999854e-03 9.960039999999999866e-03 2.361959999999999754e-03 4.202499999999999292e-02 6.656400000000000034e-04 9.922500000000000764e-04 6.724000000000000810e-03 2.788900000000002250e-04 4.475610000000002260e-03 7.562499999999998694e-04 3.240000000000000692e-04 1.671702875000000000e+06 1.799868375000000000e+06
1.000000000000000000e+00 5.899999999999999863e-03 -3.629999999999999893e-02 -7.080000000000000182e-02 5.929999999999999855e-02 1.729999999999999871e-01 -3.700000000000000164e-03 -4.199999999999999567e-02 -1.037000000000000005e-01 2.899999999999999800e-02 1.070000000000000118e-02 -3.200000000000000067e-02 -2.949999999999999845e-02 3.481000000000000045e-05 1.317689999999999834e-03 5.012640000000000498e-03 3.516489999999999720e-03 2.992899999999999727e-02 1.369000000000000106e-05 1.763999999999999726e-03 1.075368999999999978e-02 8.409999999999998423e-04 1.144900000000000236e-04 1.023999999999999954e-03 8.702499999999999299e-04 1.671558125000000000e+06 1.799884625000000000e+06
1.000000000000000000e+00 7.019999999999999851e-02 -8.169999999999999485e-02 -8.759999999999999731e-02 6.250000000000000000e-02 1.318999999999999895e-01 2.610000000000000167e-02 6.429999999999999605e-02 -4.539999999999999591e-02 -1.679999999999999549e-02 3.200000000000001454e-03 -4.109999999999999765e-02 2.980000000000000010e-02 4.928039999999999851e-03 6.674889999999999296e-03 7.673759999999999956e-03 3.906250000000000000e-03 1.739760999999999738e-02 6.812100000000001271e-04 4.134489999999999346e-03 2.061159999999999815e-03 2.822399999999998456e-04 1.024000000000000868e-05 1.689209999999999800e-03 8.880399999999999882e-04 1.673588750000000000e+06 1.800332500000000000e+06
1.000000000000000000e+00 7.499999999999999722e-03 1.830000000000000029e-02 -8.379999999999999949e-02 6.479999999999999649e-02 1.711000000000000021e-01 3.289999999999999869e-02 -6.270000000000000573e-02 9.999999999999999167e-02 3.799999999999997824e-03 2.299999999999996492e-03 3.920000000000001261e-02 6.799999999999997019e-03 5.624999999999999846e-05 3.348900000000000141e-04 7.022439999999999585e-03 4.199039999999999370e-03 2.927520999999999943e-02 1.082410000000000013e-03 3.931290000000000479e-03 9.999999999999998473e-03 1.443999999999998372e-05 5.289999999999984080e-06 1.536640000000001009e-03 4.623999999999995708e-05 1.671738625000000000e+06 1.802889625000000000e+06
1.000000000000000000e+00 1.549999999999999989e-02 -1.799999999999999951e-03 -7.979999999999999594e-02 7.610000000000000098e-02 1.113999999999999990e-01 1.009999999999999960e-02 8.000000000000000167e-03 -2.009999999999999981e-02 4.000000000000003553e-03 1.130000000000000449e-02 -5.970000000000000306e-02 -2.280000000000000082e-02 2.402499999999999851e-04 3.239999999999999896e-06 6.368039999999999291e-03 5.791209999999999761e-03 1.240995999999999939e-02 1.020099999999999940e-04 6.399999999999999710e-05 4.040100000000000028e-04 1.600000000000002977e-05 1.276900000000001005e-04 3.564090000000000227e-03 5.198400000000000373e-04 1.674416000000000000e+06 1.802703250000000000e+06
1.000000000000000000e+00 2.359999999999999945e-02 -8.559999999999999554e-02 -6.750000000000000444e-02 7.409999999999999920e-02 1.693999999999999950e-01 1.129999999999999928e-02 8.099999999999999561e-03 -8.379999999999999949e-02 1.229999999999999150e-02 -2.000000000000001776e-03 5.799999999999999600e-02 1.199999999999999678e-03 5.569600000000000072e-04 7.327359999999998909e-03 4.556250000000000404e-03 5.490809999999999615e-03 2.869635999999999715e-02 1.276899999999999921e-04 6.560999999999999016e-05 7.022439999999999585e-03 1.512899999999997797e-04 4.000000000000007442e-06 3.363999999999999369e-03 1.439999999999999130e-06 1.673841875000000000e+06 1.803290625000000000e+06
1.000000000000000000e+00 3.440000000000000002e-02 -3.039999999999999994e-02 -8.490000000000000324e-02 7.710000000000000187e-02 1.365999999999999992e-01 -3.080000000000000099e-02 1.080000000000000057e-02 5.519999999999999907e-02 -1.739999999999999880e-02 3.000000000000002665e-03 -3.279999999999999583e-02 -4.209999999999999853e-02 1.183360000000000054e-03 9.241600000000000422e-04 7.208010000000000805e-03 5.944410000000000666e-03 1.865955999999999865e-02 9.486400000000000518e-04 1.166400000000000081e-04 3.047039999999999992e-03 3.027599999999999541e-04 9.000000000000015475e-06 1.075839999999999783e-03 1.772409999999999871e-03 1.674215500000000000e+06 1.806422000000000000e+06
1.000000000000000000e+00 2.369999999999999885e-02 5.460000000000000270e-02 -7.989999999999999880e-02 7.649999999999999856e-02 2.048999999999999988e-01 -1.000000000000000021e-02 -1.070000000000000118e-02 8.500000000000000611e-02 5.000000000000004441e-03 -6.000000000000033085e-04 6.829999999999999960e-02 2.079999999999999905e-02 5.616899999999999974e-04 2.981160000000000494e-03 6.384009999999999858e-03 5.852249999999999813e-03 4.198401000000000216e-02 1.000000000000000048e-04 1.144900000000000236e-04 7.225000000000001386e-03 2.500000000000004524e-05 3.600000000000039648e-07 4.664889999999999662e-03 4.326399999999999777e-04 1.673155000000000000e+06 1.807548500000000000e+06
1.000000000000000000e+00 3.359999999999999792e-02 -3.429999999999999716e-02 -7.389999999999999347e-02 8.770000000000000018e-02 1.570000000000000007e-01 -2.089999999999999844e-02 9.899999999999999079e-03 -8.890000000000000679e-02 6.000000000000005329e-03 1.120000000000000162e-02 -4.789999999999999813e-02 -1.089999999999999823e-02 1.128959999999999816e-03 1.176489999999999871e-03 5.461209999999999329e-03 7.691289999999999932e-03 2.464900000000000077e-02 4.368099999999999327e-04 9.800999999999997811e-05 7.903210000000000790e-03 3.600000000000006190e-05 1.254400000000000458e-04 2.294409999999999766e-03 1.188099999999999551e-04 1.675119750000000000e+06 1.805528375000000000e+06
1.000000000000000000e+00 1.650000000000000078e-02 -7.340000000000000691e-02 -9.189999999999999558e-02 7.620000000000000384e-02 1.494000000000000050e-01 1.389999999999999916e-02 -1.709999999999999715e-02 -3.910000000000000975e-02 -1.800000000000000211e-02 -1.149999999999999634e-02 -7.599999999999995648e-03 3.479999999999999760e-02 2.722500000000000310e-04 5.387560000000001306e-03 8.445609999999999229e-03 5.806440000000000386e-03 2.232036000000000089e-02 1.932099999999999746e-04 2.924099999999998922e-04 1.528810000000000672e-03 3.240000000000000692e-04 1.322499999999999078e-04 5.775999999999993488e-05 1.211039999999999816e-03 1.672537250000000000e+06 1.802055125000000000e+06
1.000000000000000000e+00 2.069999999999999965e-02 2.999999999999999737e-04 -6.379999999999999560e-02 7.320000000000000118e-02 1.383000000000000063e-01 -6.999999999999999929e-04 4.199999999999998873e-03 7.370000000000000162e-02 2.809999999999999998e-02 -3.000000000000002665e-03 -1.109999999999999876e-02 -1.459999999999999840e-02 4.284900000000000124e-04 8.999999999999998534e-08 4.070439999999999822e-03 5.358240000000000225e-03 1.912689000000000056e-02 4.899999999999999672e-07 1.763999999999999035e-05 5.431690000000000303e-03 7.896100000000000514e-04 9.000000000000015475e-06 1.232099999999999808e-04 2.131599999999999446e-04 1.674032375000000000e+06 1.804505875000000000e+06
1.000000000000000000e+00 2.970000000000000070e-02 -1.000000000000000021e-02 -6.829999999999999960e-02 8.069999999999999396e-02 1.246000000000000024e-01 4.000000000000000083e-03 9.000000000000001055e-03 -1.030000000000000013e-02 -4.500000000000003997e-03 7.499999999999992784e-03 -1.370000000000000384e-02 4.700000000000000185e-03 8.820900000000000876e-04 1.000000000000000048e-04 4.664889999999999662e-03 6.512489999999999252e-03 1.552516000000000139e-02 1.599999999999999928e-05 8.100000000000001730e-05 1.060900000000000092e-04 2.025000000000003482e-05 5.624999999999989004e-05 1.876900000000000953e-04 2.209000000000000026e-05 1.671665250000000000e+06 1.806544375000000000e+06
1.000000000000000000e+00 4.800000000000000100e-02 -8.089999999999999969e-02 -7.979999999999999594e-02 1.032000000000000001e-01 1.577999999999999958e-01 2.440000000000000155e-02 1.830000000000000029e-02 -7.090000000000000469e-02 -1.149999999999999634e-02 2.250000000000000611e-02 3.319999999999999341e-02 2.040000000000000147e-02 2.304000000000000058e-03 6.544809999999999864e-03 6.368039999999999291e-03 1.065024000000000005e-02 2.490083999999999700e-02 5.953600000000000732e-04 3.348900000000000141e-04 5.026810000000000479e-03 1.322499999999999078e-04 5.062500000000002979e-04 1.102239999999999557e-03 4.161600000000000542e-04 1.673951625000000000e+06 1.805790125000000000e+06
1.000000000000000000e+00 4.399999999999999745e-02 -2.500000000000000052e-03 -5.850000000000000339e-02 9.950000000000000511e-02 1.381999999999999895e-01 2.299999999999999961e-02 -4.000000000000003553e-03 7.839999999999999747e-02 2.129999999999999255e-02 -3.699999999999994960e-03 -1.960000000000000631e-02 -1.400000000000001937e-03 1.935999999999999787e-03 6.250000000000000300e-06 3.422250000000000379e-03 9.900250000000001063e-03 1.909923999999999650e-02 5.289999999999999564e-04 1.600000000000002977e-05 6.146559999999999697e-03 4.536899999999997033e-04 1.368999999999996210e-05 3.841600000000002521e-04 1.960000000000005375e-06 1.672819500000000000e+06 1.803395625000000000e+06
1.000000000000000000e+00 5.299999999999999850e-02 2.089999999999999844e-02 -6.529999999999999694e-02 1.067000000000000032e-01 1.279000000000000137e-01 -1.669999999999999957e-02 9.000000000000001055e-03 2.339999999999999719e-02 -6.799999999999993550e-03 7.199999999999998068e-03 -1.029999999999997584e-02 -3.969999999999999918e-02 2.808999999999999865e-03 4.368099999999999327e-04 4.264089999999999894e-03 1.138488999999999994e-02 1.635841000000000378e-02 2.788900000000000081e-04 8.100000000000001730e-05 5.475599999999998871e-04 4.623999999999990965e-05 5.183999999999997123e-05 1.060899999999995077e-04 1.576090000000000043e-03 1.674057125000000000e+06 1.802951875000000000e+06
1.000000000000000000e+00 5.439999999999999697e-02 1.590000000000000094e-02 -8.429999999999999993e-02 1.097000000000000058e-01 1.585999999999999910e-01 -2.500000000000000139e-02 1.399999999999998468e-03 -4.999999999999997502e-03 -1.900000000000000300e-02 3.000000000000002665e-03 3.069999999999997731e-02 -8.300000000000001821e-03 2.959359999999999855e-03 2.528100000000000139e-04 7.106490000000000029e-03 1.203409000000000076e-02 2.515395999999999604e-02 6.250000000000001214e-04 1.959999999999995634e-06 2.499999999999997409e-05 3.610000000000001012e-04 9.000000000000015475e-06 9.424899999999986283e-04 6.889000000000002652e-05 1.670783750000000000e+06 1.801726750000000000e+06
1.000000000000000000e+00 6.160000000000000198e-02 3.200000000000000067e-02 -7.330000000000000404e-02 1.181999999999999995e-01 1.449999999999999900e-01 -1.600000000000000033e-02 7.200000000000005007e-03 1.609999999999999973e-02 1.099999999999999589e-02 8.499999999999993672e-03 -1.360000000000000098e-02 9.000000000000001055e-03 3.794560000000000207e-03 1.023999999999999954e-03 5.372890000000000825e-03 1.397123999999999935e-02 2.102499999999999855e-02 2.559999999999999884e-04 5.184000000000007287e-05 2.592100000000000068e-04 1.209999999999999054e-04 7.224999999999988593e-05 1.849600000000000181e-04 8.100000000000001730e-05 1.674451375000000000e+06 1.804584500000000000e+06
1.000000000000000000e+00 6.219999999999999835e-02 -9.890000000000000180e-02 -5.759999999999999842e-02 1.126999999999999946e-01 1.484999999999999931e-01 -2.129999999999999949e-02 5.999999999999963696e-04 -1.309000000000000163e-01 1.570000000000000562e-02 -5.500000000000004885e-03 3.500000000000003109e-03 -5.299999999999999156e-03 3.868839999999999692e-03 9.781210000000000251e-03 3.317759999999999893e-03 1.270128999999999876e-02 2.205224999999999894e-02 4.536899999999999744e-04 3.599999999999956533e-07 1.713481000000000379e-02 2.464900000000001964e-04 3.025000000000005427e-05 1.225000000000002163e-05 2.808999999999999025e-05 1.674581625000000000e+06 1.803637000000000000e+06
1.000000000000000000e+00 5.879999999999999810e-02 -2.759999999999999953e-02 -5.530000000000000193e-02 4.710000000000000298e-02 1.547000000000000042e-01 -1.710000000000000062e-02 -3.400000000000000244e-03 7.130000000000000226e-02 2.299999999999996492e-03 -6.559999999999999165e-02 6.200000000000011058e-03 4.199999999999998873e-03 3.457439999999999992e-03 7.617599999999999979e-04 3.058090000000000287e-03 2.218410000000000087e-03 2.393208999999999961e-02 2.924100000000000006e-04 1.156000000000000113e-05 5.083690000000000084e-03 5.289999999999984080e-06 4.303359999999999130e-03 3.844000000000014018e-05 1.763999999999999035e-05 1.675045000000000000e+06 1.799517750000000000e+06
1.000000000000000000e+00 6.419999999999999318e-02 3.239999999999999825e-02 -2.399999999999999790e-03 1.287000000000000088e-01 1.864000000000000101e-01 -1.760000000000000106e-02 5.399999999999995082e-03 5.999999999999999778e-02 5.290000000000000258e-02 8.160000000000000586e-02 3.170000000000000595e-02 -5.000000000000004441e-04 4.121639999999999332e-03 1.049759999999999843e-03 5.759999999999999062e-06 1.656369000000000244e-02 3.474496000000000528e-02 3.097600000000000158e-04 2.915999999999994782e-05 3.599999999999999901e-03 2.798410000000000307e-03 6.658560000000000867e-03 1.004890000000000470e-03 2.500000000000004651e-07 1.674565250000000000e+06 1.798986625000000000e+06
1.000000000000000000e+00 6.840000000000000246e-02 -3.910000000000000281e-02 -6.140000000000000319e-02 5.970000000000000306e-02 1.665000000000000091e-01 -2.730000000000000135e-02 4.200000000000009281e-03 -7.150000000000000799e-02 -5.900000000000000383e-02 -6.900000000000000577e-02 -1.990000000000000102e-02 -9.700000000000000289e-03 4.678560000000000010e-03 1.528810000000000238e-03 3.769960000000000585e-03 3.564090000000000227e-03 2.772225000000000383e-02 7.452900000000001234e-04 1.764000000000007844e-05 5.112250000000001342e-03 3.481000000000000587e-03 4.761000000000000475e-03 3.960100000000000252e-04 9.409000000000000208e-05 1.674495250000000000e+06 1.799700875000000000e+06
1.000000000000000000e+00 6.650000000000000355e-02 -2.889999999999999861e-02 -1.736000000000000043e-01 6.210000000000000242e-02 1.834000000000000075e-01 -2.610000000000000167e-02 -1.899999999999998912e-03 1.020000000000000420e-02 -1.121999999999999942e-01 2.399999999999999356e-03 1.689999999999999836e-02 1.199999999999999678e-03 4.422250000000000833e-03 8.352099999999999672e-04 3.013696000000000083e-02 3.856410000000000220e-03 3.363556000000000185e-02 6.812100000000001271e-04 3.609999999999995930e-06 1.040400000000000813e-04 1.258883999999999871e-02 5.759999999999996521e-06 2.856099999999999438e-04 1.439999999999999130e-06 1.673650500000000000e+06 1.799413125000000000e+06
1.000000000000000000e+00 1.820000000000000090e-02 1.930000000000000118e-02 -1.590000000000000094e-02 6.219999999999999835e-02 1.638999999999999901e-01 -3.080000000000000099e-02 -4.830000000000000265e-02 4.819999999999999979e-02 1.577000000000000068e-01 9.999999999999592548e-05 -1.950000000000001732e-02 -4.699999999999999317e-03 3.312400000000000067e-04 3.724900000000000606e-04 2.528100000000000139e-04 3.868839999999999692e-03 2.686320999999999848e-02 9.486400000000000518e-04 2.332890000000000224e-03 2.323239999999999854e-03 2.486929000000000223e-02 9.999999999999184609e-09 3.802500000000006504e-04 2.208999999999999348e-05 1.672474125000000000e+06 1.796399500000000000e+06
1.000000000000000000e+00 1.969999999999999876e-02 -3.099999999999999978e-02 -3.400000000000000244e-02 5.390000000000000346e-02 1.794000000000000039e-01 -3.020000000000000115e-02 1.499999999999997863e-03 -5.029999999999999749e-02 -1.810000000000000150e-02 -8.299999999999994882e-03 1.550000000000001377e-02 5.999999999999998390e-04 3.880899999999999519e-04 9.609999999999999402e-04 1.156000000000000126e-03 2.905210000000000518e-03 3.218436000000000213e-02 9.120400000000000295e-04 2.249999999999993704e-06 2.530089999999999596e-03 3.276100000000000431e-04 6.888999999999991810e-05 2.402500000000004187e-04 3.599999999999997825e-07 1.672470000000000000e+06 1.798545125000000000e+06
1.000000000000000000e+00 2.639999999999999986e-02 2.290000000000000022e-02 -1.378000000000000058e-01 6.239999999999999714e-02 1.610000000000000042e-01 -2.089999999999999844e-02 6.700000000000001094e-03 5.390000000000000346e-02 -1.038000000000000034e-01 8.499999999999993672e-03 -1.839999999999999969e-02 9.300000000000002709e-03 6.969599999999999407e-04 5.244100000000000020e-04 1.898883999999999989e-02 3.893759999999999583e-03 2.592100000000000307e-02 4.368099999999999327e-04 4.489000000000001236e-05 2.905210000000000518e-03 1.077444000000000145e-02 7.224999999999988593e-05 3.385600000000000111e-04 8.649000000000004774e-05 1.675160875000000000e+06 1.798681875000000000e+06
1.000000000000000000e+00 2.110000000000000070e-02 -3.090000000000000038e-02 -1.217000000000000026e-01 4.490000000000000241e-02 1.617999999999999994e-01 -3.289999999999999869e-02 -5.299999999999999156e-03 -5.380000000000000060e-02 1.610000000000000320e-02 -1.749999999999999473e-02 7.999999999999951594e-04 -1.200000000000000025e-02 4.452100000000000285e-04 9.548100000000000554e-04 1.481089000000000017e-02 2.016010000000000371e-03 2.617923999999999946e-02 1.082410000000000013e-03 2.808999999999999025e-05 2.894439999999999860e-03 2.592100000000001152e-04 3.062499999999998275e-04 6.399999999999922842e-07 1.440000000000000036e-04 1.674603375000000000e+06 1.799796125000000000e+06
1.000000000000000000e+00 2.170000000000000054e-02 -2.259999999999999856e-02 -5.850000000000000339e-02 4.120000000000000051e-02 1.458000000000000129e-01 -5.170000000000000290e-02 5.999999999999998390e-04 8.300000000000001821e-03 6.320000000000000617e-02 -3.700000000000001898e-03 -1.599999999999998646e-02 -1.880000000000000421e-02 4.708900000000000130e-04 5.107599999999999684e-04 3.422250000000000379e-03 1.697440000000000147e-03 2.125764000000000473e-02 2.672890000000000248e-03 3.599999999999997825e-07 6.889000000000002652e-05 3.994240000000000464e-03 1.369000000000001462e-05 2.559999999999995547e-04 3.534400000000001668e-04 1.674353625000000000e+06 1.800949125000000000e+06
1.000000000000000000e+00 1.439999999999999961e-02 3.500000000000000333e-02 -8.319999999999999618e-02 4.519999999999999712e-02 1.302000000000000102e-01 -4.359999999999999987e-02 -7.300000000000000933e-03 5.759999999999999842e-02 -2.469999999999999279e-02 3.999999999999996614e-03 -1.560000000000000275e-02 8.100000000000003031e-03 2.073599999999999933e-04 1.225000000000000177e-03 6.922239999999999643e-03 2.043039999999999873e-03 1.695204000000000155e-02 1.900959999999999933e-03 5.329000000000001325e-05 3.317759999999999893e-03 6.100899999999996560e-04 1.599999999999997217e-05 2.433600000000000823e-04 6.561000000000004437e-05 1.675155125000000000e+06 1.804584000000000000e+06
1.000000000000000000e+00 1.919999999999999832e-02 -2.630000000000000046e-02 -5.680000000000000326e-02 4.529999999999999999e-02 1.396999999999999909e-01 -6.060000000000000109e-02 4.799999999999998712e-03 -6.130000000000000726e-02 2.639999999999999292e-02 1.000000000000028644e-04 9.499999999999980682e-03 -1.700000000000000122e-02 3.686399999999999400e-04 6.916900000000000132e-04 3.226240000000000444e-03 2.052089999999999904e-03 1.951608999999999636e-02 3.672359999999999947e-03 2.303999999999998608e-05 3.757690000000001029e-03 6.969599999999996154e-04 1.000000000000057262e-08 9.024999999999963227e-05 2.890000000000000316e-04 1.674902875000000000e+06 1.806504875000000000e+06
1.000000000000000000e+00 1.629999999999999852e-02 -7.670000000000000429e-02 -1.305000000000000049e-01 4.209999999999999853e-02 1.597000000000000086e-01 -6.429999999999999605e-02 -2.899999999999999800e-03 -5.040000000000000036e-02 -7.370000000000000162e-02 -3.200000000000001454e-03 2.000000000000001776e-02 -3.699999999999994960e-03 2.656899999999999583e-04 5.882890000000000862e-03 1.703025000000000025e-02 1.772409999999999871e-03 2.550409000000000356e-02 4.134489999999999346e-03 8.409999999999999101e-06 2.540160000000000074e-03 5.431690000000000303e-03 1.024000000000000868e-05 4.000000000000007239e-04 1.368999999999996210e-05 1.676406125000000000e+06 1.809864875000000000e+06
1.000000000000000000e+00 2.740000000000000074e-02 1.080000000000000057e-02 -6.379999999999999560e-02 6.619999999999999496e-02 1.537999999999999923e-01 -7.090000000000000469e-02 1.110000000000000223e-02 8.750000000000000833e-02 6.670000000000000928e-02 2.409999999999999643e-02 -5.900000000000016342e-03 -6.600000000000008638e-03 7.507600000000000558e-04 1.166400000000000081e-04 4.070439999999999822e-03 4.382439999999999600e-03 2.365443999999999880e-02 5.026810000000000479e-03 1.232100000000000621e-04 7.656250000000001596e-03 4.448890000000001350e-03 5.808099999999998550e-04 3.481000000000019018e-05 4.356000000000011149e-05 1.677193625000000000e+06 1.808633375000000000e+06
1.000000000000000000e+00 2.529999999999999957e-02 4.850000000000000144e-02 -1.043000000000000038e-01 5.310000000000000137e-02 1.625000000000000056e-01 -6.829999999999999960e-02 -2.100000000000001171e-03 3.769999999999999740e-02 -4.050000000000000822e-02 -1.309999999999999359e-02 8.700000000000013278e-03 2.600000000000005085e-03 6.400899999999999515e-04 2.352250000000000174e-03 1.087849000000000108e-02 2.819610000000000172e-03 2.640625000000000264e-02 4.664889999999999662e-03 4.410000000000005211e-06 1.421289999999999750e-03 1.640250000000000648e-03 1.716099999999998291e-04 7.569000000000023246e-05 6.760000000000026757e-06 1.677422250000000000e+06 1.805860500000000000e+06
1.000000000000000000e+00 4.130000000000000338e-02 8.000000000000000383e-04 -8.340000000000000191e-02 7.049999999999999323e-02 1.975000000000000089e-01 -8.590000000000000413e-02 1.600000000000000380e-02 -4.769999999999999934e-02 2.090000000000000191e-02 1.739999999999999186e-02 3.500000000000000333e-02 -1.760000000000000453e-02 1.705690000000000374e-03 6.400000000000000134e-07 6.955560000000000388e-03 4.970249999999998974e-03 3.900625000000000620e-02 7.378810000000000403e-03 2.560000000000000968e-04 2.275290000000000125e-03 4.368100000000000953e-04 3.027599999999997372e-04 1.225000000000000177e-03 3.097600000000001784e-04 1.675719750000000000e+06 1.803003500000000000e+06
1.000000000000000000e+00 4.769999999999999934e-02 2.160000000000000114e-02 -1.023000000000000020e-01 7.900000000000000078e-02 1.807999999999999885e-01 -8.260000000000000675e-02 6.399999999999995970e-03 2.080000000000000251e-02 -1.890000000000000013e-02 8.500000000000007550e-03 -1.670000000000002038e-02 3.299999999999997380e-03 2.275290000000000125e-03 4.665600000000000324e-04 1.046529000000000036e-02 6.241000000000000020e-03 3.268863999999999798e-02 6.822760000000001497e-03 4.095999999999994665e-05 4.326400000000000861e-04 3.572100000000000036e-04 7.225000000000012987e-05 2.788900000000006586e-04 1.088999999999998213e-05 1.676888875000000000e+06 1.808487750000000000e+06
1.000000000000000000e+00 3.629999999999999893e-02 -6.759999999999999343e-02 -5.870000000000000218e-02 6.819999999999999674e-02 1.834000000000000075e-01 -7.389999999999999347e-02 -1.140000000000000041e-02 -8.920000000000000151e-02 4.359999999999999987e-02 -1.080000000000000404e-02 2.600000000000018963e-03 8.700000000000013278e-03 1.317689999999999834e-03 4.569759999999999101e-03 3.445690000000000384e-03 4.651239999999999195e-03 3.363556000000000185e-02 5.461209999999999329e-03 1.299600000000000093e-04 7.956640000000000934e-03 1.900959999999999933e-03 1.166400000000000894e-04 6.760000000000098755e-06 7.569000000000023246e-05 1.677125250000000000e+06 1.805994875000000000e+06
1.000000000000000000e+00 3.030000000000000054e-02 2.610000000000000167e-02 -1.127999999999999975e-01 6.450000000000000178e-02 1.809000000000000052e-01 -7.489999999999999436e-02 -5.999999999999998390e-03 9.369999999999999163e-02 -5.409999999999999531e-02 -3.699999999999994960e-03 -2.500000000000002220e-03 -1.000000000000000888e-03 9.180899999999999868e-04 6.812100000000001271e-04 1.272384000000000015e-02 4.160249999999999886e-03 3.272481000000000001e-02 5.610009999999999476e-03 3.599999999999998058e-05 8.779689999999997982e-03 2.926809999999999308e-03 1.368999999999996210e-05 6.250000000000011311e-06 1.000000000000001861e-06 1.676481000000000000e+06 1.804291250000000000e+06
1.000000000000000000e+00 2.999999999999999889e-02 8.079999999999999682e-02 1.269999999999999948e-02 8.019999999999999352e-02 1.736999999999999933e-01 -8.690000000000000502e-02 -3.000000000000016542e-04 5.469999999999999862e-02 1.255000000000000004e-01 1.569999999999999174e-02 -7.200000000000011946e-03 -1.200000000000001066e-02 8.999999999999999754e-04 6.528639999999999617e-03 1.612899999999999957e-04 6.432039999999999112e-03 3.017168999999999754e-02 7.551610000000001134e-03 9.000000000000099119e-08 2.992089999999999767e-03 1.575025000000000036e-02 2.464899999999997627e-04 5.184000000000017451e-05 1.440000000000002476e-04 1.675646875000000000e+06 1.804590625000000000e+06
1.000000000000000000e+00 2.659999999999999865e-02 -4.349999999999999700e-02 -7.520000000000000295e-02 7.499999999999999722e-02 1.917000000000000093e-01 -5.920000000000000262e-02 -3.400000000000000244e-03 -1.242999999999999938e-01 -8.790000000000000591e-02 -5.199999999999996292e-03 1.800000000000001599e-02 2.770000000000000240e-02 7.075599999999999815e-04 1.892249999999999835e-03 5.655040000000000067e-03 5.624999999999999792e-03 3.674889000000000627e-02 3.504640000000000272e-03 1.156000000000000113e-05 1.545048999999999902e-02 7.726410000000001263e-03 2.703999999999996134e-05 3.240000000000005571e-04 7.672900000000001160e-04 1.677579125000000000e+06 1.805603625000000000e+06
1.000000000000000000e+00 1.460000000000000013e-02 -5.330000000000000016e-02 -1.524000000000000077e-01 6.640000000000000069e-02 2.220000000000000029e-01 -4.519999999999999712e-02 -1.199999999999999852e-02 -9.800000000000003153e-03 -7.720000000000000473e-02 -8.599999999999996536e-03 3.029999999999999361e-02 1.400000000000000550e-02 2.131599999999999988e-04 2.840889999999999995e-03 2.322576000000000154e-02 4.408959999999999962e-03 4.928400000000000142e-02 2.043039999999999873e-03 1.439999999999999765e-04 9.604000000000006304e-05 5.959840000000000970e-03 7.395999999999993562e-05 9.180899999999996616e-04 1.960000000000001563e-04 1.675384500000000000e+06 1.801452750000000000e+06
1.000000000000000000e+00 3.169999999999999901e-02 5.170000000000000290e-02 -9.589999999999999913e-02 7.489999999999999436e-02 2.021999999999999909e-01 -6.819999999999999674e-02 1.709999999999999715e-02 1.050000000000000100e-01 5.650000000000000855e-02 8.499999999999993672e-03 -1.980000000000001203e-02 -2.299999999999999961e-02 1.004890000000000037e-03 2.672890000000000248e-03 9.196809999999999707e-03 5.610009999999999476e-03 4.088483999999999868e-02 4.651239999999999195e-03 2.924099999999998922e-04 1.102500000000000181e-02 3.192250000000001076e-03 7.224999999999988593e-05 3.920400000000004545e-04 5.289999999999999564e-04 1.677962750000000000e+06 1.805182000000000000e+06
1.000000000000000000e+00 2.900000000000000147e-02 7.900000000000000772e-03 -1.018000000000000016e-01 9.070000000000000284e-02 1.265000000000000013e-01 -3.729999999999999982e-02 -2.699999999999997541e-03 -4.380000000000000560e-02 -5.900000000000002465e-03 1.580000000000000848e-02 -7.569999999999998952e-02 3.089999999999999691e-02 8.410000000000000591e-04 6.241000000000000724e-05 1.036324000000000099e-02 8.226490000000001232e-03 1.600224999999999911e-02 1.391289999999999888e-03 7.289999999999986954e-06 1.918440000000000423e-03 3.481000000000002755e-05 2.496400000000002458e-04 5.730489999999998675e-03 9.548099999999998385e-04 1.677066500000000000e+06 1.803670375000000000e+06
1.000000000000000000e+00 4.329999999999999821e-02 -4.750000000000000056e-02 -8.039999999999999925e-02 8.530000000000000082e-02 1.288999999999999868e-01 -6.049999999999999822e-02 1.429999999999999674e-02 -5.540000000000000480e-02 2.140000000000000235e-02 -5.400000000000002021e-03 2.399999999999985478e-03 -2.319999999999999840e-02 1.874889999999999933e-03 2.256250000000000009e-03 6.464160000000000045e-03 7.276089999999999815e-03 1.661520999999999831e-02 3.660249999999999875e-03 2.044899999999999073e-04 3.069160000000000464e-03 4.579600000000000944e-04 2.916000000000002236e-05 5.759999999999930452e-06 5.382399999999999424e-04 1.677052125000000000e+06 1.799432875000000000e+06
1.000000000000000000e+00 3.409999999999999837e-02 2.160000000000000114e-02 -1.139000000000000012e-01 9.400000000000000022e-02 1.605999999999999928e-01 -1.600000000000000033e-02 -9.199999999999999845e-03 6.909999999999999476e-02 -3.350000000000000200e-02 8.699999999999999400e-03 3.170000000000000595e-02 4.449999999999999789e-02 1.162809999999999799e-03 4.665600000000000324e-04 1.297321000000000064e-02 8.836000000000000104e-03 2.579235999999999682e-02 2.559999999999999884e-04 8.464000000000000278e-05 4.774809999999999124e-03 1.122250000000000201e-03 7.568999999999998852e-05 1.004890000000000470e-03 1.980249999999999806e-03 1.677779625000000000e+06 1.798894500000000000e+06
