1.000000000000000000e+00 0.000000000000000000e+00 0.000000000000000000e+00 -0.000000000000000000e+00 0.000000000000000000e+00 0.000000000000000000e+00 0.000000000000000000e+00 0.000000000000000000e+00 0.000000000000000000e+00 0.000000000000000000e+00 0.000000000000000000e+00 0.000000000000000000e+00 0.000000000000000000e+00 0.000000000000000000e+00 0.000000000000000000e+00 0.000000000000000000e+00 0.000000000000000000e+00 0.000000000000000000e+00 0.000000000000000000e+00 0.000000000000000000e+00 0.000000000000000000e+00 0.000000000000000000e+00 0.000000000000000000e+00 0.000000000000000000e+00 0.000000000000000000e+00 9.472786250000000000e+05 1.040544875000000000e+06
1.000000000000000000e+00 -1.220000000000000077e-02 1.149999999999999981e-02 -4.000000000000000083e-03 -1.619999999999999912e-02 3.699999999999999817e-02 -4.100000000000000346e-03 -1.220000000000000077e-02 1.149999999999999981e-02 -4.000000000000000083e-03 -1.619999999999999912e-02 3.699999999999999817e-02 -4.100000000000000346e-03 1.488400000000000183e-04 1.322499999999999891e-04 1.599999999999999928e-05 2.624399999999999606e-04 1.368999999999999774e-03 1.681000000000000338e-05 1.488400000000000183e-04 1.322499999999999891e-04 1.599999999999999928e-05 2.624399999999999606e-04 1.368999999999999774e-03 1.681000000000000338e-05 9.477458750000000000e+05 1.039949875000000000e+06
1.000000000000000000e+00 -2.460000000000000034e-02 4.560000000000000164e-02 7.100000000000000408e-03 -3.409999999999999837e-02 6.210000000000000242e-02 -6.700000000000000226e-03 -1.239999999999999956e-02 3.410000000000000531e-02 1.110000000000000049e-02 -1.789999999999999925e-02 2.510000000000000425e-02 -2.599999999999999881e-03 6.051599999999999861e-04 2.079360000000000149e-03 5.041000000000000694e-05 1.162809999999999799e-03 3.856410000000000220e-03 4.489000000000000558e-05 1.537599999999999915e-04 1.162810000000000449e-03 1.232100000000000079e-04 3.204099999999999765e-04 6.300100000000001836e-04 6.759999999999999652e-06 9.452436250000000000e+05 1.037455875000000000e+06
1.000000000000000000e+00 -3.939999999999999752e-02 8.469999999999999751e-02 4.250000000000000305e-02 -5.639999999999999875e-02 6.329999999999999516e-02 -7.700000000000000247e-03 -1.479999999999999719e-02 3.909999999999999587e-02 3.540000000000000091e-02 -2.230000000000000038e-02 1.199999999999992739e-03 -1.000000000000000021e-03 1.552359999999999808e-03 7.174089999999999287e-03 1.806250000000000347e-03 3.180960000000000037e-03 4.006889999999999064e-03 5.929000000000000324e-05 2.190399999999999086e-04 1.528809999999999588e-03 1.253160000000000125e-03 4.972900000000000584e-04 1.439999999999982613e-06 9.999999999999999547e-07 9.464799375000000000e+05 1.037655875000000000e+06
1.000000000000000000e+00 -5.800000000000000294e-02 8.110000000000000542e-02 5.890000000000000097e-02 -9.320000000000000506e-02 9.180000000000000659e-02 -2.779999999999999832e-02 -1.860000000000000542e-02 -3.599999999999992095e-03 1.639999999999999791e-02 -3.680000000000000632e-02 2.850000000000001144e-02 -2.009999999999999981e-02 3.364000000000000237e-03 6.577210000000000868e-03 3.469209999999999915e-03 8.686240000000001321e-03 8.427240000000000772e-03 7.728399999999998986e-04 3.459600000000001910e-04 1.295999999999994368e-05 2.689599999999999456e-04 1.354240000000000478e-03 8.122500000000006885e-04 4.040100000000000028e-04 9.472726875000000000e+05 1.039363062500000000e+06
1.000000000000000000e+00 -6.729999999999999871e-02 8.909999999999999865e-02 5.720000000000000084e-02 -9.879999999999999893e-02 1.150000000000000050e-01 -2.009999999999999981e-02 -9.299999999999995770e-03 7.999999999999993228e-03 -1.700000000000000122e-03 -5.599999999999993872e-03 2.319999999999999840e-02 7.699999999999998512e-03 4.529290000000000052e-03 7.938809999999999270e-03 3.271840000000000252e-03 9.761439999999999700e-03 1.322500000000000064e-02 4.040100000000000028e-04 8.648999999999992577e-05 6.399999999999988868e-05 2.890000000000000282e-06 3.135999999999993014e-05 5.382399999999999424e-04 5.928999999999997613e-05 9.458268750000000000e+05 1.036958062500000000e+06
1.000000000000000000e+00 -7.960000000000000409e-02 9.769999999999999518e-02 5.940000000000000141e-02 1.282999999999999974e-01 9.030000000000000526e-02 -3.599999999999999728e-02 -1.230000000000000537e-02 8.599999999999996536e-03 2.200000000000000566e-03 2.270999999999999963e-01 -2.469999999999999973e-02 -1.589999999999999747e-02 6.336160000000000403e-03 9.545289999999999678e-03 3.528360000000000350e-03 1.646088999999999886e-02 8.154090000000000990e-03 1.295999999999999843e-03 1.512900000000001321e-04 7.395999999999993562e-05 4.840000000000002788e-06 5.157441000000000109e-02 6.100899999999999813e-04 2.528099999999999055e-04 9.457873750000000000e+05 1.037054062500000000e+06
1.000000000000000000e+00 -8.949999999999999623e-02 7.889999999999999791e-02 2.989999999999999949e-02 1.126999999999999946e-01 1.287999999999999978e-01 -5.820000000000000173e-02 -9.899999999999992140e-03 -1.879999999999999727e-02 -2.950000000000000192e-02 -1.560000000000000275e-02 3.849999999999999256e-02 -2.220000000000000445e-02 8.010250000000000009e-03 6.225209999999999251e-03 8.940099999999999870e-04 1.270128999999999876e-02 1.658944000000000044e-02 3.387240000000000129e-03 9.800999999999984258e-05 3.534399999999998957e-04 8.702500000000001467e-04 2.433600000000000823e-04 1.482249999999999410e-03 4.928400000000002484e-04 9.469832500000000000e+05 1.038090500000000000e+06
1.000000000000000000e+00 -1.043000000000000038e-01 1.005999999999999950e-01 7.900000000000000772e-03 9.919999999999999651e-02 1.234999999999999987e-01 -6.590000000000000024e-02 -1.480000000000000759e-02 2.169999999999999707e-02 -2.199999999999999872e-02 -1.349999999999999811e-02 -5.299999999999999156e-03 -7.699999999999998512e-03 1.087849000000000108e-02 1.012035999999999838e-02 6.241000000000000724e-05 9.840639999999999457e-03 1.525225000000000018e-02 4.342809999999999900e-03 2.190400000000002339e-04 4.708899999999998504e-04 4.839999999999999468e-04 1.822499999999999576e-04 2.808999999999999025e-05 5.928999999999997613e-05 9.473572500000000000e+05 1.038121500000000000e+06
1.000000000000000000e+00 1.262000000000000066e-01 1.087999999999999939e-01 4.900000000000000189e-02 9.229999999999999316e-02 1.187000000000000000e-01 -6.180000000000000077e-02 2.305000000000000104e-01 8.199999999999998956e-03 4.109999999999999765e-02 -6.900000000000003353e-03 -4.799999999999998712e-03 4.099999999999999478e-03 1.592644000000000004e-02 1.183743999999999942e-02 2.401000000000000356e-03 8.519289999999998808e-03 1.408969000000000020e-02 3.819240000000000222e-03 5.313025000000000386e-02 6.723999999999998641e-05 1.689209999999999800e-03 4.761000000000004730e-05 2.303999999999998608e-05 1.680999999999999660e-05 9.452841875000000000e+05 1.036940375000000000e+06
1.000000000000000000e+00 1.254000000000000115e-01 1.448000000000000120e-01 5.750000000000000250e-02 8.599999999999999312e-02 1.406999999999999917e-01 -6.350000000000000089e-02 -7.999999999999951594e-04 3.600000000000001810e-02 8.500000000000000611e-03 -6.300000000000000044e-03 2.199999999999999178e-02 -1.700000000000000122e-03 1.572516000000000191e-02 2.096704000000000276e-02 3.306250000000000161e-03 7.395999999999998929e-03 1.979648999999999645e-02 4.032250000000000244e-03 6.399999999999922842e-07 1.296000000000001361e-03 7.225000000000000790e-05 3.969000000000000116e-05 4.839999999999996215e-04 2.890000000000000282e-06 9.453576250000000000e+05 1.037545187500000000e+06
1.000000000000000000e+00 1.185999999999999971e-01 1.587999999999999967e-01 5.759999999999999842e-02 7.989999999999999880e-02 1.527999999999999914e-01 -6.679999999999999827e-02 -6.800000000000014366e-03 1.399999999999998468e-02 9.999999999999592548e-05 -6.099999999999994316e-03 1.209999999999999964e-02 -3.299999999999997380e-03 1.406595999999999888e-02 2.521744000000000069e-02 3.317759999999999893e-03 6.384009999999999858e-03 2.334783999999999818e-02 4.462240000000000130e-03 4.624000000000019425e-05 1.959999999999995600e-04 9.999999999999184609e-09 3.720999999999993003e-05 1.464100000000000026e-04 1.088999999999998213e-05 9.453375000000000000e+05 1.038383875000000000e+06
1.000000000000000000e+00 1.199999999999999956e-01 -3.980000000000000204e-02 7.159999999999999698e-02 8.490000000000000324e-02 1.582999999999999963e-01 -5.330000000000000016e-02 1.399999999999998468e-03 -1.985999999999999988e-01 1.399999999999999856e-02 5.000000000000004441e-03 5.500000000000004885e-03 1.349999999999999811e-02 1.439999999999999961e-02 1.584040000000000101e-03 5.126559999999999624e-03 7.208010000000000805e-03 2.505889000000000033e-02 2.840889999999999995e-03 1.959999999999995634e-06 3.944195999999999813e-02 1.959999999999999666e-04 2.500000000000004524e-05 3.025000000000005427e-05 1.822499999999999576e-04 9.452491250000000000e+05 1.036897687500000000e+06
1.000000000000000000e+00 1.323999999999999899e-01 -8.429999999999999993e-02 4.900000000000000189e-02 9.589999999999999913e-02 -5.400000000000000286e-03 -3.429999999999999716e-02 1.239999999999999436e-02 -4.449999999999999789e-02 -2.259999999999999509e-02 1.099999999999999589e-02 -1.636999999999999844e-01 1.900000000000000300e-02 1.752975999999999840e-02 7.106490000000000029e-03 2.401000000000000356e-03 9.196809999999999707e-03 2.916000000000000203e-05 1.176489999999999871e-03 1.537599999999998560e-04 1.980249999999999806e-03 5.107599999999997515e-04 1.209999999999999054e-04 2.679768999999999554e-02 3.610000000000001012e-04 9.449669375000000000e+05 1.035629687500000000e+06
1.000000000000000000e+00 1.400000000000000133e-01 -1.230000000000000017e-02 1.092999999999999944e-01 9.750000000000000333e-02 1.693000000000000060e-01 -6.300000000000000044e-03 7.600000000000023404e-03 7.199999999999999456e-02 6.029999999999999249e-02 1.600000000000004197e-03 1.746999999999999942e-01 2.799999999999999711e-02 1.960000000000000284e-02 1.512899999999999965e-04 1.194648999999999885e-02 9.506250000000000810e-03 2.866249000000000227e-02 3.969000000000000116e-05 5.776000000000035500e-05 5.183999999999999372e-03 3.636089999999998941e-03 2.560000000000013606e-06 3.052008999999999625e-02 7.839999999999998663e-04 9.442185000000000000e+05 1.035858812500000000e+06
1.000000000000000000e+00 1.431000000000000050e-01 -7.589999999999999525e-02 5.279999999999999971e-02 9.990000000000000269e-02 -2.249999999999999917e-02 -3.099999999999999891e-03 3.099999999999991651e-03 -6.359999999999998987e-02 -5.649999999999999467e-02 2.399999999999999356e-03 -1.917999999999999983e-01 3.200000000000000153e-03 2.047761000000000026e-02 5.760809999999999022e-03 2.787839999999999763e-03 9.980010000000000964e-03 5.062499999999999726e-04 9.609999999999999470e-06 9.609999999999948648e-06 4.044959999999998487e-03 3.192249999999999342e-03 5.759999999999996521e-06 3.678723999999999883e-02 1.024000000000000021e-05 9.441268750000000000e+05 1.035232750000000000e+06
1.000000000000000000e+00 1.544000000000000095e-01 -4.109999999999999765e-02 -1.912000000000000088e-01 1.076000000000000012e-01 5.700000000000000205e-03 -1.899999999999999996e-03 1.130000000000000449e-02 3.479999999999999760e-02 -2.439999999999999947e-01 7.699999999999998512e-03 2.819999999999999937e-02 1.199999999999999895e-03 2.383936000000000388e-02 1.689209999999999800e-03 3.655744000000000354e-02 1.157775999999999944e-02 3.249000000000000233e-05 3.610000000000000165e-06 1.276900000000001005e-04 1.211039999999999816e-03 5.953599999999999864e-02 5.928999999999997613e-05 7.952400000000000094e-04 1.439999999999999765e-06 9.437766875000000000e+05 1.035207625000000000e+06
1.000000000000000000e+00 1.413999999999999979e-01 4.599999999999999922e-03 6.650000000000000355e-02 9.719999999999999474e-02 -8.800000000000000530e-03 7.400000000000000328e-03 -1.300000000000001155e-02 4.569999999999999757e-02 2.577000000000000401e-01 -1.040000000000000646e-02 -1.450000000000000074e-02 9.300000000000000974e-03 1.999395999999999812e-02 2.116000000000000069e-05 4.422250000000000833e-03 9.447839999999999017e-03 7.744000000000000395e-05 5.476000000000000426e-05 1.690000000000003132e-04 2.088489999999999704e-03 6.640929000000002358e-02 1.081600000000001300e-04 2.102500000000000148e-04 8.649000000000002064e-05 9.451720000000000000e+05 1.035773812500000000e+06
1.000000000000000000e+00 1.476000000000000090e-01 1.559999999999999928e-02 -1.728999999999999981e-01 9.940000000000000224e-02 -2.170000000000000054e-02 5.999999999999999474e-04 6.200000000000011058e-03 1.099999999999999936e-02 -2.394000000000000017e-01 2.200000000000007505e-03 -1.290000000000000001e-02 -6.800000000000000488e-03 2.178576000000000124e-02 2.433599999999999739e-04 2.989440999999999973e-02 9.880360000000001225e-03 4.708900000000000130e-04 3.599999999999999414e-07 3.844000000000014018e-05 1.209999999999999867e-04 5.731235999999999969e-02 4.840000000000033281e-06 1.664100000000000008e-04 4.624000000000000451e-05 9.447103750000000000e+05 1.036648625000000000e+06
1.000000000000000000e+00 1.529000000000000081e-01 2.800000000000000058e-02 7.779999999999999416e-02 1.014000000000000040e-01 1.119999999999999989e-02 1.389999999999999916e-02 5.299999999999999156e-03 1.240000000000000130e-02 2.506999999999999784e-01 2.000000000000001776e-03 3.289999999999999869e-02 1.329999999999999932e-02 2.337841000000000224e-02 7.840000000000000831e-04 6.052839999999999436e-03 1.028196000000000145e-02 1.254399999999999916e-04 1.932099999999999746e-04 2.808999999999999025e-05 1.537600000000000457e-04 6.285048999999999497e-02 4.000000000000007442e-06 1.082410000000000013e-03 1.768899999999999954e-04 9.448618125000000000e+05 1.036326750000000000e+06
1.000000000000000000e+00 1.426000000000000045e-01 5.210000000000000048e-02 -1.728000000000000091e-01 9.349999999999999978e-02 1.000000000000000021e-03 1.239999999999999956e-02 -1.030000000000000360e-02 2.409999999999999989e-02 -2.505999999999999894e-01 -7.900000000000004241e-03 -1.020000000000000073e-02 -1.499999999999999598e-03 2.033476000000000034e-02 2.714410000000000000e-03 2.985984000000000207e-02 8.742250000000000021e-03 9.999999999999999547e-07 1.537599999999999915e-04 1.060900000000000769e-04 5.808099999999999635e-04 6.280035999999999952e-02 6.241000000000006146e-05 1.040400000000000135e-04 2.249999999999998786e-06 9.427333125000000000e+05 1.033835562500000000e+06
1.000000000000000000e+00 1.243999999999999967e-01 7.660000000000000142e-02 9.410000000000000309e-02 7.570000000000000340e-02 -2.700000000000000143e-03 4.700000000000000185e-03 -1.820000000000000784e-02 2.450000000000000094e-02 2.669000000000000261e-01 -1.779999999999999638e-02 -3.700000000000000164e-03 -7.699999999999999380e-03 1.547535999999999877e-02 5.867559999999999963e-03 8.854810000000001152e-03 5.730490000000000410e-03 7.290000000000000507e-06 2.209000000000000026e-05 3.312400000000002777e-04 6.002500000000000890e-04 7.123561000000001864e-02 3.168399999999998735e-04 1.369000000000000106e-05 5.928999999999998968e-05 9.426059375000000000e+05 1.032991187500000000e+06
1.000000000000000000e+00 1.383999999999999952e-01 8.799999999999999489e-02 -1.688999999999999946e-01 8.709999999999999687e-02 -3.119999999999999857e-02 8.399999999999999481e-03 1.399999999999999856e-02 1.139999999999999347e-02 -2.630000000000000115e-01 1.139999999999999347e-02 -2.849999999999999756e-02 3.699999999999999296e-03 1.915455999999999756e-02 7.743999999999999148e-03 2.852720999999999729e-02 7.586409999999999161e-03 9.734399999999998956e-04 7.055999999999998851e-05 1.959999999999999666e-04 1.299599999999998467e-04 6.916900000000000825e-02 1.299599999999998467e-04 8.122499999999998211e-04 1.368999999999999429e-05 9.449003750000000000e+05 1.038099187500000000e+06
1.000000000000000000e+00 1.570999999999999897e-01 1.163000000000000006e-01 8.450000000000000566e-02 1.091000000000000025e-01 -2.690000000000000030e-02 5.249999999999999806e-02 1.869999999999999440e-02 2.830000000000000571e-02 2.534000000000000141e-01 2.200000000000000566e-02 4.299999999999998268e-03 4.410000000000000031e-02 2.468040999999999638e-02 1.352568999999999994e-02 7.140250000000000763e-03 1.190280999999999978e-02 7.236099999999999650e-04 2.756249999999999586e-03 3.496899999999997775e-04 8.008900000000002822e-04 6.421156000000000086e-02 4.840000000000002720e-04 1.848999999999998391e-05 1.944809999999999942e-03 9.448245000000000000e+05 1.036638062500000000e+06
1.000000000000000000e+00 1.602999999999999980e-01 1.287999999999999978e-01 -1.680000000000000104e-01 1.076000000000000012e-01 -1.650000000000000078e-02 6.629999999999999782e-02 3.200000000000008393e-03 1.249999999999999722e-02 -2.525000000000000022e-01 -1.500000000000001332e-03 1.039999999999999952e-02 1.379999999999999977e-02 2.569608999999999782e-02 1.658944000000000044e-02 2.822400000000000256e-02 1.157775999999999944e-02 2.722500000000000310e-04 4.395689999999999840e-03 1.024000000000005442e-05 1.562499999999999219e-04 6.375625000000000042e-02 2.250000000000003869e-06 1.081599999999999944e-04 1.904399999999999995e-04 9.439356875000000000e+05 1.035029187500000000e+06
1.000000000000000000e+00 1.577000000000000068e-01 1.580000000000000016e-01 9.080000000000000571e-02 1.063000000000000056e-01 -2.040000000000000147e-02 8.640000000000000457e-02 -2.599999999999991207e-03 2.920000000000000373e-02 2.588000000000000300e-01 -1.299999999999995604e-03 -3.900000000000000688e-03 2.010000000000000675e-02 2.486929000000000223e-02 2.496400000000000008e-02 8.244640000000000996e-03 1.129969000000000112e-02 4.161600000000000542e-04 7.464960000000000519e-03 6.759999999999953912e-06 8.526400000000002120e-04 6.697744000000001308e-02 1.689999999999988478e-06 1.521000000000000515e-05 4.040100000000002738e-04 9.432815000000000000e+05 1.035622500000000000e+06
1.000000000000000000e+00 1.491999999999999993e-01 -5.609999999999999709e-02 -1.471000000000000085e-01 9.149999999999999800e-02 -1.810000000000000150e-02 6.700000000000000400e-02 -8.500000000000007550e-03 -2.141000000000000125e-01 -2.379000000000000004e-01 -1.480000000000000759e-02 2.299999999999999961e-03 -1.940000000000000058e-02 2.226063999999999821e-02 3.147209999999999678e-03 2.163841000000000375e-02 8.372249999999999484e-03 3.276100000000000431e-04 4.489000000000000802e-03 7.225000000000012987e-05 4.583881000000000761e-02 5.659640999999999977e-02 2.190400000000002339e-04 5.290000000000000174e-06 3.763600000000000083e-04 9.425528750000000000e+05 1.035890625000000000e+06
1.000000000000000000e+00 1.398999999999999966e-01 -1.919999999999999832e-02 -1.433999999999999997e-01 8.060000000000000497e-02 -2.960000000000000131e-02 5.050000000000000322e-02 -9.300000000000002709e-03 3.690000000000000224e-02 3.700000000000008837e-03 -1.089999999999999303e-02 -1.149999999999999981e-02 -1.650000000000000078e-02 1.957200999999999733e-02 3.686399999999999400e-04 2.056356000000000156e-02 6.496360000000000502e-03 8.761600000000000681e-04 2.550250000000000433e-03 8.649000000000004774e-05 1.361610000000000077e-03 1.369000000000006544e-05 1.188099999999998467e-04 1.322499999999999891e-04 2.722500000000000310e-04 9.441484375000000000e+05 1.036765562500000000e+06
1.000000000000000000e+00 1.283999999999999864e-01 1.870000000000000134e-02 -1.449000000000000010e-01 6.619999999999999496e-02 -2.949999999999999845e-02 3.440000000000000002e-02 -1.150000000000001021e-02 3.790000000000000313e-02 -1.500000000000001332e-03 -1.440000000000001001e-02 1.000000000000028644e-04 -1.610000000000000320e-02 1.648655999999999733e-02 3.496900000000000485e-04 2.099600999999999898e-02 4.382439999999999600e-03 8.702499999999999299e-04 1.183360000000000054e-03 1.322500000000002330e-04 1.436410000000000161e-03 2.250000000000003869e-06 2.073600000000002915e-04 1.000000000000057262e-08 2.592100000000001152e-04 9.455360000000000000e+05 1.040879812500000000e+06
1.000000000000000000e+00 1.252000000000000057e-01 1.919999999999999832e-02 -1.398999999999999966e-01 6.439999999999999891e-02 -2.199999999999999872e-02 3.590000000000000135e-02 -3.199999999999980638e-03 4.999999999999969746e-04 5.000000000000004441e-03 -1.799999999999996048e-03 7.499999999999999722e-03 1.500000000000001332e-03 1.567504000000000119e-02 3.686399999999999400e-04 1.957200999999999733e-02 4.147360000000000109e-03 4.839999999999999468e-04 1.288810000000000042e-03 1.023999999999987655e-05 2.499999999999969711e-07 2.500000000000004524e-05 3.239999999999985920e-06 5.624999999999999846e-05 2.250000000000003869e-06 9.454370000000000000e+05 1.041162000000000000e+06
1.000000000000000000e+00 1.215999999999999998e-01 4.560000000000000164e-02 -1.494999999999999940e-01 6.079999999999999988e-02 -7.000000000000000146e-03 2.680000000000000090e-02 -3.600000000000005973e-03 2.640000000000000333e-02 -9.599999999999997424e-03 -3.599999999999999034e-03 1.499999999999999944e-02 -9.100000000000000450e-03 1.478656000000000068e-02 2.079360000000000149e-03 2.235024999999999859e-02 3.696640000000000169e-03 4.900000000000000519e-05 7.182400000000000893e-04 1.296000000000004363e-05 6.969600000000001575e-04 9.215999999999994433e-05 1.295999999999999281e-05 2.249999999999999938e-04 8.281000000000000166e-05 9.427720000000000000e+05 1.036164187500000000e+06
1.000000000000000000e+00 1.097999999999999948e-01 5.680000000000000326e-02 -1.681999999999999884e-01 4.479999999999999954e-02 -3.000000000000000062e-03 2.309999999999999901e-02 -1.180000000000000493e-02 1.120000000000000162e-02 -1.869999999999999440e-02 -1.600000000000000033e-02 4.000000000000000083e-03 -3.700000000000001898e-03 1.205603999999999877e-02 3.226240000000000444e-03 2.829123999999999528e-02 2.007039999999999866e-03 9.000000000000000228e-06 5.336099999999999004e-04 1.392400000000001102e-04 1.254400000000000458e-04 3.496899999999997775e-04 2.559999999999999884e-04 1.599999999999999928e-05 1.369000000000001462e-05 9.446905000000000000e+05 1.039131562500000000e+06
1.000000000000000000e+00 9.589999999999999913e-02 6.660000000000000642e-02 -1.580000000000000016e-01 3.020000000000000115e-02 4.799999999999999580e-03 2.089999999999999844e-02 -1.389999999999999569e-02 9.800000000000003153e-03 1.019999999999998685e-02 -1.459999999999999840e-02 7.799999999999999642e-03 -2.200000000000000566e-03 9.196809999999999707e-03 4.435560000000000717e-03 2.496400000000000008e-02 9.120400000000000295e-04 2.303999999999999625e-05 4.368099999999999327e-04 1.932099999999998933e-04 9.604000000000006304e-05 1.040399999999997289e-04 2.131599999999999446e-04 6.083999999999999348e-05 4.840000000000002788e-06 9.460118125000000000e+05 1.040862437500000000e+06
1.000000000000000000e+00 9.070000000000000284e-02 9.120000000000000329e-02 -1.257000000000000062e-01 2.069999999999999965e-02 4.300000000000000003e-03 2.009999999999999981e-02 -5.199999999999996292e-03 2.459999999999999687e-02 3.229999999999999538e-02 -9.500000000000001499e-03 -4.999999999999995767e-04 -7.999999999999986289e-04 8.226490000000001232e-03 8.317440000000000597e-03 1.580049000000000037e-02 4.284900000000000124e-04 1.849000000000000085e-05 4.040100000000000028e-04 2.703999999999996134e-05 6.051599999999998777e-04 1.043289999999999669e-03 9.025000000000002530e-05 2.499999999999995652e-07 6.399999999999977899e-07 9.445483125000000000e+05 1.037826750000000000e+06
1.000000000000000000e+00 8.920000000000000151e-02 9.339999999999999691e-02 -1.175999999999999962e-01 1.310000000000000053e-02 2.479999999999999913e-02 4.580000000000000043e-02 -1.500000000000001332e-03 2.199999999999993627e-03 8.100000000000009970e-03 -7.599999999999999117e-03 2.049999999999999739e-02 2.570000000000000062e-02 7.956640000000000934e-03 8.723559999999999995e-03 1.382975999999999997e-02 1.716100000000000188e-04 6.150399999999999661e-04 2.097640000000000008e-03 2.250000000000003869e-06 4.839999999999972295e-06 6.561000000000016634e-05 5.775999999999998909e-05 4.202499999999998880e-04 6.604900000000000137e-04 9.428213750000000000e+05 1.034182750000000000e+06
1.000000000000000000e+00 8.419999999999999707e-02 1.257999999999999952e-01 -1.675000000000000100e-01 4.499999999999999660e-03 4.059999999999999720e-02 3.309999999999999748e-02 -5.000000000000004441e-03 3.239999999999999825e-02 -4.990000000000001379e-02 -8.600000000000000006e-03 1.579999999999999807e-02 -1.270000000000000295e-02 7.089639999999999484e-03 1.582563999999999846e-02 2.805625000000000480e-02 2.024999999999999755e-05 1.648359999999999756e-03 1.095609999999999900e-03 2.500000000000004524e-05 1.049759999999999843e-03 2.490010000000001267e-03 7.396000000000000339e-05 2.496399999999999206e-04 1.612900000000000770e-04 9.425639375000000000e+05 1.034837125000000000e+06
1.000000000000000000e+00 7.049999999999999323e-02 1.652000000000000135e-01 -1.456999999999999962e-01 -1.039999999999999952e-02 2.819999999999999937e-02 4.070000000000000007e-02 -1.370000000000000384e-02 3.940000000000001834e-02 2.180000000000001381e-02 -1.490000000000000005e-02 -1.239999999999999783e-02 7.600000000000002587e-03 4.970249999999998974e-03 2.729104000000000599e-02 2.122848999999999917e-02 1.081599999999999944e-04 7.952400000000000094e-04 1.656490000000000046e-03 1.876900000000000953e-04 1.552360000000001542e-03 4.752400000000005795e-04 2.220099999999999971e-04 1.537599999999999373e-04 5.776000000000003652e-05 9.425913125000000000e+05 1.035841937500000000e+06
1.000000000000000000e+00 8.000000000000000167e-02 -2.319999999999999840e-02 -1.512999999999999901e-01 3.200000000000000153e-03 1.370000000000000037e-02 5.779999999999999721e-02 9.500000000000008438e-03 -1.884000000000000119e-01 -5.599999999999993872e-03 1.359999999999999924e-02 -1.449999999999999900e-02 1.709999999999999715e-02 6.400000000000000307e-03 5.382399999999999424e-04 2.289168999999999579e-02 1.024000000000000021e-05 1.876900000000000139e-04 3.340839999999999869e-03 9.025000000000016082e-05 3.549456000000000139e-02 3.135999999999993014e-05 1.849599999999999910e-04 2.102499999999999606e-04 2.924099999999998922e-04 9.425540625000000000e+05 1.035602375000000000e+06
1.000000000000000000e+00 7.119999999999999940e-02 -2.799999999999999972e-03 -1.509000000000000064e-01 -1.190000000000000085e-02 3.660000000000000059e-02 4.789999999999999813e-02 -8.800000000000002265e-03 2.039999999999999800e-02 3.999999999999837019e-04 -1.510000000000000057e-02 2.290000000000000022e-02 -9.899999999999999079e-03 5.069439999999999710e-03 7.839999999999999476e-06 2.277081000000000244e-02 1.416100000000000214e-04 1.339560000000000056e-03 2.294409999999999766e-03 7.744000000000004461e-05 4.161599999999998916e-04 1.599999999999869537e-07 2.280100000000000074e-04 5.244100000000000020e-04 9.800999999999997811e-05 9.436290000000000000e+05 1.035970937500000000e+06
1.000000000000000000e+00 6.370000000000000662e-02 1.039999999999999952e-02 -1.202000000000000013e-01 -2.670000000000000151e-02 4.429999999999999910e-02 3.939999999999999752e-02 -7.499999999999992784e-03 1.319999999999999993e-02 3.070000000000000506e-02 -1.480000000000000066e-02 7.699999999999998512e-03 -8.500000000000000611e-03 4.057690000000000949e-03 1.081599999999999944e-04 1.444804000000000054e-02 7.128900000000000948e-04 1.962489999999999894e-03 1.552359999999999808e-03 5.624999999999989004e-05 1.742399999999999852e-04 9.424900000000003631e-04 2.190400000000000170e-04 5.928999999999997613e-05 7.225000000000000790e-05 9.431146875000000000e+05 1.036668687500000000e+06
1.000000000000000000e+00 5.979999999999999899e-02 1.099999999999999936e-02 -1.285000000000000031e-01 -3.330000000000000321e-02 5.190000000000000169e-02 3.300000000000000155e-02 -3.900000000000007627e-03 5.999999999999998390e-04 -8.300000000000001821e-03 -6.600000000000001699e-03 7.600000000000002587e-03 -6.399999999999995970e-03 3.576039999999999948e-03 1.209999999999999867e-04 1.651224999999999915e-02 1.108890000000000179e-03 2.693610000000000362e-03 1.089000000000000124e-03 1.521000000000005936e-05 3.599999999999997825e-07 6.889000000000002652e-05 4.356000000000002340e-05 5.776000000000003652e-05 4.095999999999994665e-05 9.430934375000000000e+05 1.035699875000000000e+06
1.000000000000000000e+00 6.239999999999999714e-02 8.200000000000000344e-02 -1.433000000000000107e-01 -2.819999999999999937e-02 3.109999999999999917e-02 3.869999999999999829e-02 2.599999999999998146e-03 7.100000000000000755e-02 -1.480000000000000759e-02 5.100000000000003836e-03 -2.080000000000000251e-02 5.699999999999996736e-03 3.893759999999999583e-03 6.724000000000000810e-03 2.053489000000000356e-02 7.952400000000000094e-04 9.672099999999999231e-04 1.497689999999999872e-03 6.759999999999990334e-06 5.041000000000001209e-03 2.190400000000002339e-04 2.601000000000004066e-05 4.326400000000000861e-04 3.248999999999996167e-05 9.439770000000000000e+05 1.037556437500000000e+06
1.000000000000000000e+00 6.880000000000000004e-02 1.305999999999999939e-01 -1.642000000000000126e-01 -1.870000000000000134e-02 -3.700000000000000164e-03 2.620000000000000107e-02 6.400000000000002909e-03 4.859999999999999043e-02 -2.090000000000000191e-02 9.499999999999998029e-03 -3.479999999999999760e-02 -1.249999999999999722e-02 4.733440000000000217e-03 1.705635999999999958e-02 2.696164000000000546e-02 3.496900000000000485e-04 1.369000000000000106e-05 6.864400000000000753e-04 4.096000000000003474e-05 2.361959999999998887e-03 4.368100000000000953e-04 9.024999999999995753e-05 1.211039999999999816e-03 1.562499999999999219e-04 9.451853125000000000e+05 1.039554437500000000e+06
1.000000000000000000e+00 6.329999999999999516e-02 1.454999999999999905e-01 -1.799000000000000044e-01 -2.769999999999999893e-02 -2.580000000000000002e-02 1.009999999999999960e-02 -5.500000000000004885e-03 1.489999999999999658e-02 -1.569999999999999174e-02 -8.999999999999997585e-03 -2.210000000000000159e-02 -1.610000000000000320e-02 4.006889999999999064e-03 2.117024999999999810e-02 3.236400999999999861e-02 7.672899999999998992e-04 6.656400000000000034e-04 1.020099999999999940e-04 3.025000000000005427e-05 2.220099999999998886e-04 2.464899999999997627e-04 8.099999999999996309e-05 4.884100000000001027e-04 2.592100000000001152e-04 9.445301250000000000e+05 1.039002500000000000e+06
1.000000000000000000e+00 5.260000000000000092e-02 -7.420000000000000207e-02 -1.499999999999999944e-01 -4.299999999999999656e-02 9.100000000000000450e-03 1.619999999999999912e-02 -1.069999999999999424e-02 -2.197000000000000064e-01 2.990000000000000990e-02 -1.529999999999999763e-02 3.490000000000000047e-02 6.099999999999999520e-03 2.766760000000000053e-03 5.505640000000000013e-03 2.249999999999999917e-02 1.848999999999999732e-03 8.281000000000000166e-05 2.624399999999999606e-04 1.144899999999998745e-04 4.826808999999999961e-02 8.940100000000006375e-04 2.340899999999999221e-04 1.218010000000000056e-03 3.720999999999999102e-05 9.442118750000000000e+05 1.037958500000000000e+06
1.000000000000000000e+00 5.210000000000000048e-02 -5.290000000000000258e-02 -1.494000000000000050e-01 -5.000000000000000278e-02 3.710000000000000103e-02 1.600000000000000033e-02 -5.000000000000004441e-04 2.129999999999999949e-02 5.999999999999894307e-04 -7.000000000000006217e-03 2.800000000000000058e-02 -1.999999999999987899e-04 2.714410000000000000e-03 2.798410000000000307e-03 2.232036000000000089e-02 2.500000000000000486e-03 1.376410000000000003e-03 2.559999999999999884e-04 2.500000000000004651e-07 4.536899999999999744e-04 3.599999999999873417e-07 4.900000000000008651e-05 7.840000000000000831e-04 3.999999999999951776e-08 9.443625625000000000e+05 1.036735562500000000e+06
1.000000000000000000e+00 5.519999999999999907e-02 -1.239999999999999956e-02 -1.822999999999999898e-01 -4.359999999999999987e-02 3.899999999999999994e-02 2.479999999999999913e-02 3.099999999999998590e-03 4.050000000000000128e-02 -3.289999999999998481e-02 6.400000000000002909e-03 1.899999999999998912e-03 8.799999999999998795e-03 3.047039999999999992e-03 1.537599999999999915e-04 3.323328999999999867e-02 1.900959999999999933e-03 1.521000000000000000e-03 6.150399999999999661e-04 9.609999999999991000e-06 1.640249999999999998e-03 1.082409999999998929e-03 4.096000000000003474e-05 3.609999999999995930e-06 7.743999999999997684e-05 9.443146250000000000e+05 1.036496875000000000e+06
1.000000000000000000e+00 3.719999999999999696e-02 4.130000000000000338e-02 -1.728000000000000091e-01 -6.060000000000000109e-02 3.030000000000000054e-02 8.300000000000000086e-03 -1.800000000000000211e-02 5.370000000000000467e-02 9.499999999999980682e-03 -1.700000000000000122e-02 -8.699999999999999400e-03 -1.650000000000000078e-02 1.383839999999999680e-03 1.705690000000000374e-03 2.985984000000000207e-02 3.672359999999999947e-03 9.180899999999999868e-04 6.888999999999999941e-05 3.240000000000000692e-04 2.883690000000000385e-03 9.024999999999963227e-05 2.890000000000000316e-04 7.568999999999998852e-05 2.722500000000000310e-04 9.432913750000000000e+05 1.035350937500000000e+06
1.000000000000000000e+00 5.979999999999999899e-02 1.139000000000000012e-01 -2.421000000000000096e-01 -2.179999999999999993e-02 1.480000000000000066e-02 -5.100000000000000366e-03 2.260000000000000203e-02 7.259999999999999787e-02 -6.930000000000000049e-02 3.880000000000000115e-02 -1.549999999999999989e-02 -1.340000000000000045e-02 3.576039999999999948e-03 1.297321000000000064e-02 5.861241000000000367e-02 4.752399999999999832e-04 2.190400000000000170e-04 2.601000000000000339e-05 5.107600000000000768e-04 5.270759999999999335e-03 4.802490000000000404e-03 1.505440000000000033e-03 2.402499999999999851e-04 1.795600000000000223e-04 9.436619375000000000e+05 1.037238625000000000e+06
1.000000000000000000e+00 4.070000000000000007e-02 3.450000000000000289e-02 -3.165000000000000036e-01 -3.570000000000000256e-02 1.350000000000000089e-01 -1.032000000000000001e-01 -1.909999999999999892e-02 -7.939999999999999836e-02 -7.439999999999999392e-02 -1.390000000000000263e-02 1.202000000000000013e-01 -9.809999999999999276e-02 1.656490000000000046e-03 1.190250000000000119e-03 1.001722500000000043e-01 1.274490000000000085e-03 1.822500000000000162e-02 1.065024000000000005e-02 3.648099999999999715e-04 6.304360000000000172e-03 5.535359999999998719e-03 1.932100000000000831e-04 1.444804000000000054e-02 9.623609999999997722e-03 9.450265000000000000e+05 1.039069375000000000e+06
1.000000000000000000e+00 3.690000000000000224e-02 9.049999999999999711e-02 -2.973999999999999977e-01 -3.189999999999999780e-02 9.760000000000000620e-02 -8.609999999999999598e-02 -3.799999999999997824e-03 5.599999999999999423e-02 1.910000000000000586e-02 3.800000000000004763e-03 -3.740000000000000269e-02 1.710000000000000409e-02 1.361610000000000077e-03 8.190249999999999614e-03 8.844675999999999927e-02 1.017609999999999956e-03 9.525760000000001171e-03 7.413209999999999071e-03 1.443999999999998372e-05 3.135999999999999465e-03 3.648100000000002426e-04 1.444000000000003623e-05 1.398760000000000194e-03 2.924100000000001633e-04 9.439798750000000000e+05 1.038505500000000000e+06
1.000000000000000000e+00 1.549999999999999989e-02 1.398999999999999966e-01 -1.729999999999999941e-02 -6.119999999999999746e-02 1.219999999999999973e-01 -8.619999999999999885e-02 -2.140000000000000235e-02 4.939999999999999947e-02 2.801000000000000156e-01 -2.929999999999999966e-02 2.439999999999999114e-02 -1.000000000000028644e-04 2.402499999999999851e-04 1.957200999999999733e-02 2.992899999999999619e-04 3.745439999999999620e-03 1.488399999999999966e-02 7.430439999999999962e-03 4.579600000000000944e-04 2.440359999999999925e-03 7.845601000000000658e-02 8.584899999999999476e-04 5.953599999999995311e-04 1.000000000000057262e-08 9.426911875000000000e+05 1.034058375000000000e+06
1.000000000000000000e+00 1.000000000000000021e-02 1.739999999999999880e-01 -4.830000000000000265e-02 -7.290000000000000646e-02 1.215999999999999998e-01 -8.190000000000000058e-02 -5.499999999999999681e-03 3.409999999999999143e-02 -3.100000000000000325e-02 -1.170000000000000900e-02 -3.999999999999975797e-04 4.299999999999998268e-03 1.000000000000000048e-04 3.027599999999999736e-02 2.332890000000000224e-03 5.314410000000001182e-03 1.478656000000000068e-02 6.707610000000000135e-03 3.024999999999999667e-05 1.162809999999999365e-03 9.610000000000001570e-04 1.368900000000002157e-04 1.599999999999980711e-07 1.848999999999998391e-05 9.446129375000000000e+05 1.037536187500000000e+06
1.000000000000000000e+00 -1.340000000000000045e-02 -6.809999999999999387e-02 -7.720000000000000473e-02 -9.589999999999999913e-02 1.529000000000000081e-01 -1.103999999999999981e-01 -2.340000000000000066e-02 -2.420999999999999819e-01 -2.890000000000000208e-02 -2.299999999999999267e-02 3.130000000000000837e-02 -2.849999999999999756e-02 1.795600000000000223e-04 4.637609999999999476e-03 5.959840000000000970e-03 9.196809999999999707e-03 2.337841000000000224e-02 1.218815999999999997e-02 5.475599999999999955e-04 5.861240999999998980e-02 8.352100000000000756e-04 5.289999999999996311e-04 9.796900000000005083e-04 8.122499999999998211e-04 9.462001875000000000e+05 1.040787437500000000e+06
1.000000000000000000e+00 -3.139999999999999736e-02 -1.510000000000000057e-02 -7.349999999999999589e-02 1.048000000000000043e-01 1.509000000000000064e-01 -1.145000000000000046e-01 -1.799999999999999517e-02 5.299999999999999156e-02 3.700000000000008837e-03 2.006999999999999895e-01 -2.000000000000001776e-03 -4.100000000000006417e-03 9.859599999999999181e-04 2.280100000000000074e-04 5.402249999999999067e-03 1.098304000000000120e-02 2.277081000000000244e-02 1.311025000000000038e-02 3.239999999999998524e-04 2.808999999999998998e-03 1.369000000000006544e-05 4.028048999999999519e-02 4.000000000000007442e-06 1.681000000000005420e-05 9.450729375000000000e+05 1.038754062500000000e+06
1.000000000000000000e+00 -1.430000000000000021e-02 -7.230000000000000315e-02 -9.840000000000000135e-02 1.239999999999999991e-01 -3.139999999999999736e-02 -1.023000000000000020e-01 1.709999999999999715e-02 -5.720000000000000084e-02 -2.490000000000000546e-02 1.919999999999999485e-02 -1.823000000000000176e-01 1.220000000000000251e-02 2.044900000000000157e-04 5.227290000000000755e-03 9.682559999999999778e-03 1.537599999999999904e-02 9.859599999999999181e-04 1.046529000000000036e-02 2.924099999999998922e-04 3.271840000000000252e-03 6.200100000000002658e-04 3.686399999999997773e-04 3.323329000000000560e-02 1.488400000000000725e-04 9.444658125000000000e+05 1.037714000000000000e+06
1.000000000000000000e+00 -1.409999999999999969e-02 2.529999999999999957e-02 -7.080000000000000182e-02 1.280000000000000027e-01 1.665000000000000091e-01 -8.400000000000000522e-02 2.000000000000005246e-04 9.760000000000000620e-02 2.759999999999999953e-02 4.000000000000003553e-03 1.979000000000000203e-01 1.829999999999999682e-02 1.988100000000000023e-04 6.400899999999999515e-04 5.012640000000000498e-03 1.638399999999999926e-02 2.772225000000000383e-02 7.056000000000000640e-03 4.000000000000021260e-08 9.525760000000001171e-03 7.617599999999999979e-04 1.600000000000002977e-05 3.916441000000001060e-02 3.348899999999999056e-04 9.443758750000000000e+05 1.036921937500000000e+06
1.000000000000000000e+00 -1.299999999999999940e-02 1.469999999999999953e-02 -1.034999999999999948e-01 1.310999999999999943e-01 -6.300000000000000044e-03 -7.549999999999999767e-02 1.100000000000000283e-03 -1.060000000000000005e-02 -3.269999999999999296e-02 3.099999999999991651e-03 -1.728000000000000091e-01 8.500000000000007550e-03 1.689999999999999879e-04 2.160899999999999995e-04 1.071224999999999955e-02 1.718720999999999791e-02 3.969000000000000116e-05 5.700249999999999588e-03 1.210000000000000697e-06 1.123600000000000016e-04 1.069289999999999434e-03 9.609999999999948648e-06 2.985984000000000207e-02 7.225000000000012987e-05 9.448502500000000000e+05 1.037177875000000000e+06
1.000000000000000000e+00 -2.709999999999999909e-02 7.470000000000000251e-02 -1.050999999999999990e-01 1.223000000000000059e-01 -1.600000000000000077e-03 -9.769999999999999518e-02 -1.409999999999999969e-02 6.000000000000000472e-02 -1.600000000000004197e-03 -8.799999999999988387e-03 4.700000000000000185e-03 -2.219999999999999751e-02 7.344099999999999023e-04 5.580090000000000224e-03 1.104601000000000020e-02 1.495729000000000156e-02 2.560000000000000054e-06 9.545289999999999678e-03 1.988100000000000023e-04 3.600000000000000769e-03 2.560000000000013606e-06 7.743999999999980066e-05 2.209000000000000026e-05 4.928399999999999231e-04 9.442132500000000000e+05 1.035941375000000000e+06
1.000000000000000000e+00 -3.440000000000000002e-02 7.409999999999999920e-02 -9.120000000000000329e-02 1.125000000000000028e-01 7.700000000000000247e-03 -9.710000000000000575e-02 -7.300000000000000933e-03 -6.000000000000033085e-04 1.389999999999999569e-02 -9.800000000000003153e-03 9.300000000000000974e-03 5.999999999999894307e-04 1.183360000000000054e-03 5.490809999999999615e-03 8.317440000000000597e-03 1.265625000000000083e-02 5.929000000000000324e-05 9.428410000000001651e-03 5.329000000000001325e-05 3.600000000000039648e-07 1.932099999999998933e-04 9.604000000000006304e-05 8.649000000000002064e-05 3.599999999999873417e-07 9.430023125000000000e+05 1.034469000000000000e+06
1.000000000000000000e+00 -2.529999999999999957e-02 1.199999999999999956e-01 -8.400000000000000522e-02 1.199000000000000066e-01 3.200000000000000153e-03 -8.350000000000000477e-02 9.100000000000000450e-03 4.589999999999999636e-02 7.199999999999998068e-03 7.400000000000003797e-03 -4.500000000000000527e-03 1.360000000000000098e-02 6.400899999999999515e-04 1.439999999999999961e-02 7.056000000000000640e-03 1.437601000000000157e-02 1.024000000000000021e-05 6.972250000000001016e-03 8.281000000000000166e-05 2.106809999999999759e-03 5.183999999999997123e-05 5.476000000000005847e-05 2.025000000000000432e-05 1.849600000000000181e-04 9.428008125000000000e+05 1.033531625000000000e+06
1.000000000000000000e+00 -2.889999999999999861e-02 1.700000000000000122e-01 -8.519999999999999796e-02 1.146999999999999964e-01 1.319999999999999993e-02 -8.300000000000000433e-02 -3.599999999999999034e-03 5.000000000000001665e-02 -1.199999999999992739e-03 -5.200000000000010170e-03 1.000000000000000021e-02 5.000000000000004441e-04 8.352099999999999672e-04 2.890000000000000555e-02 7.259039999999999590e-03 1.315608999999999876e-02 1.742399999999999852e-04 6.889000000000001026e-03 1.295999999999999281e-05 2.500000000000001787e-03 1.439999999999982613e-06 2.704000000000010703e-05 1.000000000000000048e-04 2.500000000000004651e-07 9.440822500000000000e+05 1.035548750000000000e+06
1.000000000000000000e+00 -3.620000000000000301e-02 1.852000000000000035e-01 -8.989999999999999380e-02 1.042000000000000010e-01 2.800000000000000058e-02 -9.560000000000000442e-02 -7.300000000000004402e-03 1.519999999999999130e-02 -4.699999999999995848e-03 -1.049999999999999545e-02 1.480000000000000066e-02 -1.260000000000000009e-02 1.310440000000000172e-03 3.429904000000000286e-02 8.082009999999998848e-03 1.085764000000000000e-02 7.840000000000000831e-04 9.139360000000000886e-03 5.329000000000006746e-05 2.310399999999997395e-04 2.208999999999995960e-05 1.102499999999999016e-04 2.190400000000000170e-04 1.587600000000000046e-04 9.445241250000000000e+05 1.036657937500000000e+06
1.000000000000000000e+00 -4.859999999999999737e-02 -5.609999999999999709e-02 -8.669999999999999929e-02 1.025999999999999968e-01 2.879999999999999921e-02 -8.909999999999999865e-02 -1.239999999999999436e-02 -2.413000000000000145e-01 3.199999999999994515e-03 -1.600000000000004197e-03 7.999999999999986289e-04 6.500000000000005773e-03 2.361959999999999754e-03 3.147209999999999678e-03 7.516890000000000030e-03 1.052675999999999959e-02 8.294399999999999733e-04 7.938809999999999270e-03 1.537599999999998560e-04 5.822569000000000355e-02 1.023999999999996464e-05 2.560000000000013606e-06 6.399999999999977899e-07 4.225000000000007829e-05 9.442530000000000000e+05 1.035450312500000000e+06
1.000000000000000000e+00 -4.420000000000000318e-02 -3.939999999999999752e-02 -1.013000000000000012e-01 9.950000000000000511e-02 6.239999999999999714e-02 -8.680000000000000215e-02 4.399999999999994194e-03 1.669999999999999957e-02 -1.460000000000000187e-02 -3.099999999999991651e-03 3.359999999999999792e-02 2.299999999999996492e-03 1.953640000000000411e-03 1.552359999999999808e-03 1.026169000000000039e-02 9.900250000000001063e-03 3.893759999999999583e-03 7.534240000000000208e-03 1.935999999999995017e-05 2.788900000000000081e-04 2.131600000000000530e-04 9.609999999999948648e-06 1.128959999999999816e-03 5.289999999999984080e-06 9.440088125000000000e+05 1.035456375000000000e+06
1.000000000000000000e+00 -3.130000000000000143e-02 2.639999999999999986e-02 -1.250999999999999890e-01 1.123999999999999999e-01 3.479999999999999760e-02 -7.510000000000000009e-02 1.290000000000000174e-02 6.579999999999999738e-02 -2.379999999999998783e-02 1.289999999999999480e-02 -2.759999999999999953e-02 1.170000000000000207e-02 9.796900000000000747e-04 6.969599999999999407e-04 1.565000999999999892e-02 1.263376000000000082e-02 1.211039999999999816e-03 5.640009999999999989e-03 1.664100000000000551e-04 4.329640000000000051e-03 5.664399999999994353e-04 1.664099999999998653e-04 7.617599999999999979e-04 1.368900000000000531e-04 9.436841875000000000e+05 1.034789187500000000e+06
1.000000000000000000e+00 -3.980000000000000204e-02 6.469999999999999363e-02 -1.161999999999999977e-01 9.750000000000000333e-02 4.619999999999999801e-02 -7.900000000000000078e-02 -8.500000000000000611e-03 3.829999999999999377e-02 8.899999999999991251e-03 -1.489999999999999658e-02 1.140000000000000041e-02 -3.900000000000000688e-03 1.584040000000000101e-03 4.186089999999999083e-03 1.350243999999999923e-02 9.506250000000000810e-03 2.134439999999999601e-03 6.241000000000000020e-03 7.225000000000000790e-05 1.466889999999999557e-03 7.920999999999984640e-05 2.220099999999998886e-04 1.299600000000000093e-04 1.521000000000000515e-05 9.453360000000000000e+05 1.037320062500000000e+06
1.000000000000000000e+00 -3.540000000000000091e-02 8.250000000000000389e-02 -1.160999999999999949e-01 1.006999999999999978e-01 4.719999999999999890e-02 -7.019999999999999851e-02 4.400000000000001132e-03 1.780000000000001026e-02 1.000000000000028644e-04 3.199999999999994515e-03 1.000000000000000888e-03 8.800000000000002265e-03 1.253160000000000125e-03 6.806250000000000668e-03 1.347920999999999842e-02 1.014049000000000027e-02 2.227840000000000029e-03 4.928039999999999851e-03 1.936000000000001115e-05 3.168400000000003614e-04 1.000000000000057262e-08 1.023999999999996464e-05 1.000000000000001861e-06 7.744000000000004461e-05 9.452800000000000000e+05 1.037827750000000000e+06
1.000000000000000000e+00 -4.379999999999999866e-02 1.117999999999999966e-01 -1.232000000000000040e-01 9.199999999999999845e-02 5.099999999999999672e-02 -7.599999999999999811e-02 -8.399999999999997746e-03 2.929999999999999272e-02 -7.100000000000009082e-03 -8.699999999999999400e-03 3.799999999999997824e-03 -5.799999999999999600e-03 1.918439999999999989e-03 1.249924000000000000e-02 1.517824000000000083e-02 8.463999999999999302e-03 2.600999999999999580e-03 5.775999999999999884e-03 7.055999999999996140e-05 8.584899999999996223e-04 5.041000000000012891e-05 7.568999999999998852e-05 1.443999999999998372e-05 3.363999999999999640e-05 9.451637500000000000e+05 1.036649937500000000e+06
1.000000000000000000e+00 -6.410000000000000420e-02 1.751999999999999946e-01 -9.320000000000000506e-02 7.270000000000000073e-02 2.460000000000000034e-02 -1.067000000000000032e-01 -2.030000000000000554e-02 6.339999999999999802e-02 2.999999999999999889e-02 -1.929999999999999771e-02 -2.639999999999999639e-02 -3.070000000000000506e-02 4.108810000000000934e-03 3.069503999999999982e-02 8.686240000000001321e-03 5.285289999999999780e-03 6.051599999999999861e-04 1.138488999999999994e-02 4.120900000000002100e-04 4.019560000000000147e-03 8.999999999999999754e-04 3.724899999999998980e-04 6.969599999999998323e-04 9.424900000000003631e-04 9.451800625000000000e+05 1.037613625000000000e+06
1.000000000000000000e+00 -7.729999999999999372e-02 2.335000000000000131e-01 -9.750000000000000333e-02 6.469999999999999363e-02 1.220000000000000077e-02 -1.244999999999999996e-01 -1.319999999999998952e-02 5.830000000000001847e-02 -4.299999999999998268e-03 -8.000000000000007105e-03 -1.239999999999999956e-02 -1.779999999999999638e-02 5.975289999999999421e-03 5.452225000000000821e-02 9.506250000000000810e-03 4.186089999999999083e-03 1.488400000000000183e-04 1.550025000000000014e-02 1.742399999999997141e-04 3.398890000000002066e-03 1.848999999999998391e-05 6.400000000000011908e-05 1.537599999999999915e-04 3.168399999999998735e-04 9.441513125000000000e+05 1.036362687500000000e+06
1.000000000000000000e+00 -9.149999999999999800e-02 -2.160000000000000114e-02 -1.295999999999999930e-01 5.770000000000000129e-02 -1.399999999999999986e-03 -1.486000000000000099e-01 -1.420000000000000429e-02 -2.550999999999999934e-01 -3.209999999999998965e-02 -6.999999999999992339e-03 -1.360000000000000098e-02 -2.410000000000001030e-02 8.372249999999999484e-03 4.665600000000000324e-04 1.679615999999999748e-02 3.329289999999999940e-03 1.959999999999999869e-06 2.208196000000000464e-02 2.016400000000001091e-04 6.507601000000000357e-02 1.030409999999999399e-03 4.899999999999989000e-05 1.849600000000000181e-04 5.808100000000005056e-04 9.443691250000000000e+05 1.039114000000000000e+06
1.000000000000000000e+00 -9.429999999999999494e-02 -3.500000000000000073e-03 -1.746999999999999942e-01 5.199999999999999761e-02 4.799999999999999580e-03 -1.438000000000000111e-01 -2.799999999999996936e-03 1.810000000000000150e-02 -4.510000000000000120e-02 -5.700000000000003675e-03 6.199999999999999782e-03 4.799999999999998712e-03 8.892489999999999423e-03 1.225000000000000130e-05 3.052008999999999625e-02 2.703999999999999806e-03 2.303999999999999625e-05 2.067844000000000279e-02 7.839999999999982535e-06 3.276100000000000431e-04 2.034010000000000158e-03 3.249000000000004299e-05 3.843999999999999788e-05 2.303999999999998608e-05 9.466158750000000000e+05 1.042003312500000000e+06
1.000000000000000000e+00 5.449999999999999983e-02 7.820000000000000562e-02 -1.912999999999999978e-01 7.300000000000000065e-03 -1.510000000000000057e-02 -4.479999999999999954e-02 1.487999999999999878e-01 8.170000000000000873e-02 -1.660000000000000364e-02 -4.469999999999999668e-02 -1.990000000000000102e-02 9.900000000000000466e-02 2.970249999999999800e-03 6.115240000000000953e-03 3.659569000000000016e-02 5.328999999999999970e-05 2.280100000000000074e-04 2.007039999999999866e-03 2.214143999999999488e-02 6.674890000000001031e-03 2.755600000000001061e-04 1.998089999999999675e-03 3.960100000000000252e-04 9.801000000000000684e-03 9.451935625000000000e+05 1.038940312500000000e+06
1.000000000000000000e+00 1.221000000000000002e-01 1.073000000000000065e-01 -1.635999999999999954e-01 2.960000000000000131e-02 1.450000000000000074e-02 -1.449000000000000010e-01 6.759999999999999343e-02 2.910000000000000087e-02 2.770000000000000240e-02 2.230000000000000038e-02 2.960000000000000131e-02 -1.000999999999999945e-01 1.490841000000000041e-02 1.151329000000000068e-02 2.676495999999999736e-02 8.761600000000000681e-04 2.102500000000000148e-04 2.099600999999999898e-02 4.569759999999999101e-03 8.468100000000000323e-04 7.672900000000001160e-04 4.972900000000000584e-04 8.761600000000000681e-04 1.002000999999999933e-02 9.450099375000000000e+05 1.037656562500000000e+06
1.000000000000000000e+00 6.460000000000000464e-02 1.517999999999999905e-01 -1.764000000000000012e-01 1.720000000000000001e-02 3.490000000000000047e-02 -2.280000000000000082e-02 -5.749999999999999556e-02 4.449999999999998401e-02 -1.280000000000000582e-02 -1.240000000000000130e-02 2.040000000000000147e-02 1.221000000000000002e-01 4.173160000000000411e-03 2.304323999999999609e-02 3.111695999999999906e-02 2.958400000000000135e-04 1.218010000000000056e-03 5.198400000000000373e-04 3.306249999999999294e-03 1.980249999999998504e-03 1.638400000000001390e-04 1.537600000000000457e-04 4.161600000000000542e-04 1.490841000000000041e-02 9.435891875000000000e+05 1.036283625000000000e+06
1.000000000000000000e+00 1.077000000000000041e-01 1.781000000000000083e-01 -1.708999999999999964e-01 1.490000000000000005e-02 2.460000000000000034e-02 -1.517000000000000015e-01 4.309999999999999942e-02 2.630000000000001781e-02 5.500000000000004885e-03 -2.299999999999999961e-03 -1.030000000000000013e-02 -1.289000000000000146e-01 1.159929000000000168e-02 3.171961000000000225e-02 2.920680999999999972e-02 2.220099999999999971e-04 6.051599999999999861e-04 2.301289000000000112e-02 1.857609999999999990e-03 6.916900000000009889e-04 3.025000000000005427e-05 5.290000000000000174e-06 1.060900000000000092e-04 1.661521000000000525e-02 9.441143750000000000e+05 1.036598000000000000e+06
1.000000000000000000e+00 3.960000000000000325e-02 -2.489999999999999852e-02 -1.476999999999999980e-01 -6.499999999999999702e-03 3.710000000000000103e-02 -3.370000000000000079e-02 -6.809999999999999387e-02 -2.030000000000000138e-01 2.319999999999999840e-02 -2.139999999999999888e-02 1.250000000000000069e-02 1.179999999999999938e-01 1.568160000000000300e-03 6.200099999999999405e-04 2.181529000000000107e-02 4.224999999999999698e-05 1.376410000000000003e-03 1.135689999999999963e-03 4.637609999999999476e-03 4.120900000000000257e-02 5.382399999999999424e-04 4.579599999999999318e-04 1.562500000000000304e-04 1.392399999999999888e-02 9.434525625000000000e+05 1.035986625000000000e+06
1.000000000000000000e+00 4.680000000000000132e-02 3.799999999999999992e-03 -1.781999999999999973e-01 -4.000000000000000083e-03 5.859999999999999931e-02 -4.769999999999999934e-02 7.199999999999998068e-03 2.869999999999999982e-02 -3.049999999999999933e-02 2.499999999999999618e-03 2.149999999999999828e-02 -1.399999999999999856e-02 2.190239999999999982e-03 1.444000000000000066e-05 3.175523999999999708e-02 1.599999999999999928e-05 3.433959999999999790e-03 2.275290000000000125e-03 5.183999999999997123e-05 8.236899999999999691e-04 9.302499999999999788e-04 6.249999999999997758e-06 4.622499999999999331e-04 1.959999999999999666e-04 9.436098125000000000e+05 1.036398562500000000e+06
1.000000000000000000e+00 3.219999999999999946e-02 7.610000000000000098e-02 -1.841000000000000136e-01 -1.569999999999999868e-02 5.850000000000000339e-02 -5.210000000000000048e-02 -1.460000000000000187e-02 7.230000000000000315e-02 -5.900000000000016342e-03 -1.169999999999999860e-02 -9.999999999999592548e-05 -4.400000000000001132e-03 1.036840000000000027e-03 5.791209999999999761e-03 3.389281000000000238e-02 2.464899999999999795e-04 3.422250000000000379e-03 2.714410000000000000e-03 2.131600000000000530e-04 5.227290000000000755e-03 3.481000000000019018e-05 1.368899999999999718e-04 9.999999999999184609e-09 1.936000000000001115e-05 9.440995000000000000e+05 1.037390875000000000e+06
1.000000000000000000e+00 2.440000000000000155e-02 1.125000000000000028e-01 -1.668000000000000038e-01 -2.409999999999999989e-02 5.310000000000000137e-02 -5.430000000000000104e-02 -7.799999999999997907e-03 3.640000000000000180e-02 1.730000000000000981e-02 -8.400000000000001216e-03 -5.400000000000002021e-03 -2.200000000000000566e-03 5.953600000000000732e-04 1.265625000000000083e-02 2.782224000000000155e-02 5.808099999999999635e-04 2.819610000000000172e-03 2.948490000000000225e-03 6.083999999999996637e-05 1.324960000000000027e-03 2.992900000000003414e-04 7.056000000000001561e-05 2.916000000000002236e-05 4.840000000000002788e-06 9.432810625000000000e+05 1.035108437500000000e+06
1.000000000000000000e+00 2.549999999999999836e-02 1.696999999999999897e-01 -1.572999999999999954e-01 -2.380000000000000171e-02 4.959999999999999826e-02 -5.380000000000000060e-02 1.099999999999996814e-03 5.719999999999998697e-02 9.500000000000008438e-03 2.999999999999981848e-04 -3.500000000000003109e-03 5.000000000000004441e-04 6.502499999999998949e-04 2.879808999999999494e-02 2.474328999999999765e-02 5.664400000000000858e-04 2.460159999999999864e-03 2.894439999999999860e-03 1.209999999999993074e-06 3.271839999999998517e-03 9.025000000000016082e-05 8.999999999999891331e-08 1.225000000000002163e-05 2.500000000000004651e-07 9.424675000000000000e+05 1.032999562500000000e+06
1.000000000000000000e+00 2.489999999999999852e-02 1.965999999999999970e-01 -1.638000000000000012e-01 -2.149999999999999828e-02 3.649999999999999772e-02 -6.130000000000000032e-02 -5.999999999999998390e-04 2.690000000000000724e-02 -6.500000000000005773e-03 2.300000000000003431e-03 -1.310000000000000053e-02 -7.499999999999999722e-03 6.200099999999999405e-04 3.865156000000000147e-02 2.683044000000000054e-02 4.622499999999999331e-04 1.332249999999999884e-03 3.757690000000000162e-03 3.599999999999997825e-07 7.236100000000003987e-04 4.225000000000007829e-05 5.290000000000015420e-06 1.716100000000000188e-04 5.624999999999999846e-05 9.450707500000000000e+05 1.037947250000000000e+06
1.000000000000000000e+00 2.910000000000000087e-02 -5.410000000000000225e-02 -1.695000000000000118e-01 -2.019999999999999921e-02 7.799999999999999989e-02 -4.610000000000000209e-02 4.200000000000002343e-03 -2.506999999999999784e-01 -5.700000000000010614e-03 1.299999999999999073e-03 4.150000000000000216e-02 1.519999999999999823e-02 8.468100000000000323e-04 2.926810000000000175e-03 2.873025000000000231e-02 4.080399999999999761e-04 6.083999999999999998e-03 2.125210000000000207e-03 1.764000000000002084e-05 6.285048999999999497e-02 3.249000000000012430e-05 1.689999999999997584e-06 1.722250000000000256e-03 2.310399999999999563e-04 9.448939375000000000e+05 1.037790687500000000e+06
1.000000000000000000e+00 3.729999999999999982e-02 2.809999999999999998e-02 -1.754999999999999893e-01 -1.739999999999999880e-02 6.289999999999999758e-02 -3.939999999999999752e-02 8.199999999999998956e-03 8.219999999999999529e-02 -5.999999999999977573e-03 2.800000000000000405e-03 -1.510000000000000231e-02 6.700000000000004563e-03 1.391289999999999888e-03 7.896100000000000514e-04 3.080024999999999777e-02 3.027599999999999541e-04 3.956409999999999615e-03 1.552359999999999808e-03 6.723999999999998641e-05 6.756839999999999201e-03 3.599999999999972986e-05 7.840000000000002864e-06 2.280100000000000616e-04 4.489000000000005979e-05 9.429519375000000000e+05 1.034038500000000000e+06
1.000000000000000000e+00 3.520000000000000212e-02 8.000000000000000167e-02 -1.572999999999999954e-01 -2.179999999999999993e-02 4.660000000000000253e-02 -3.470000000000000168e-02 -2.099999999999997702e-03 5.190000000000000169e-02 1.819999999999999396e-02 -4.400000000000001132e-03 -1.629999999999999505e-02 4.699999999999995848e-03 1.239040000000000063e-03 6.400000000000000307e-03 2.474328999999999765e-02 4.752399999999999832e-04 2.171560000000000330e-03 1.204090000000000108e-03 4.409999999999989964e-06 2.693610000000000362e-03 3.312399999999997898e-04 1.936000000000001115e-05 2.656899999999998499e-04 2.208999999999995960e-05 9.440027500000000000e+05 1.036196187500000000e+06
1.000000000000000000e+00 3.180000000000000188e-02 8.870000000000000107e-02 -1.663000000000000034e-01 -2.489999999999999852e-02 6.029999999999999943e-02 -4.580000000000000043e-02 -3.400000000000000244e-03 8.699999999999999400e-03 -9.000000000000007994e-03 -3.099999999999998590e-03 1.369999999999999690e-02 -1.109999999999999876e-02 1.011240000000000056e-03 7.867690000000000100e-03 2.765569000000000013e-02 6.200099999999999405e-04 3.636089999999999808e-03 2.097640000000000008e-03 1.156000000000000113e-05 7.568999999999998852e-05 8.100000000000013927e-05 9.609999999999991000e-06 1.876899999999999055e-04 1.232099999999999808e-04 9.452783750000000000e+05 1.039350625000000000e+06
1.000000000000000000e+00 3.729999999999999982e-02 1.514999999999999958e-01 -1.731999999999999929e-01 -1.909999999999999892e-02 5.090000000000000080e-02 -4.399999999999999745e-02 5.499999999999997946e-03 6.279999999999999472e-02 -6.899999999999989475e-03 5.799999999999999600e-03 -9.399999999999998634e-03 1.800000000000002986e-03 1.391289999999999888e-03 2.295225000000000043e-02 2.999823999999999893e-02 3.648099999999999715e-04 2.590810000000000248e-03 1.935999999999999787e-03 3.024999999999997634e-05 3.943839999999999672e-03 4.760999999999985757e-05 3.363999999999999640e-05 8.835999999999997394e-05 3.240000000000010907e-06 9.448912500000000000e+05 1.038148000000000000e+06
1.000000000000000000e+00 3.230000000000000232e-02 2.048999999999999988e-01 -1.673000000000000043e-01 -2.340000000000000066e-02 5.469999999999999862e-02 -3.420000000000000123e-02 -4.999999999999997502e-03 5.340000000000000302e-02 5.899999999999988587e-03 -4.300000000000001737e-03 3.799999999999997824e-03 9.799999999999996214e-03 1.043290000000000103e-03 4.198401000000000216e-02 2.798929000000000000e-02 5.475599999999999955e-04 2.992089999999999767e-03 1.169640000000000003e-03 2.499999999999997409e-05 2.851560000000000379e-03 3.480999999999986492e-05 1.849000000000001440e-05 1.443999999999998372e-05 9.603999999999992751e-05 9.430185625000000000e+05 1.035696250000000000e+06
1.000000000000000000e+00 3.200000000000000067e-02 -7.199999999999999803e-03 -1.635999999999999954e-01 -1.689999999999999836e-02 4.429999999999999910e-02 -2.869999999999999982e-02 -3.000000000000016542e-04 -2.121000000000000107e-01 3.700000000000008837e-03 6.500000000000002304e-03 -1.039999999999999952e-02 5.500000000000001416e-03 1.023999999999999954e-03 5.183999999999999833e-05 2.676495999999999736e-02 2.856099999999999438e-04 1.962489999999999894e-03 8.236899999999999691e-04 9.000000000000099119e-08 4.498641000000000445e-02 1.369000000000006544e-05 4.225000000000003086e-05 1.081599999999999944e-04 3.025000000000001700e-05 9.429115625000000000e+05 1.037094250000000000e+06
1.000000000000000000e+00 3.729999999999999982e-02 2.429999999999999868e-02 -1.721999999999999920e-01 -1.179999999999999973e-02 6.779999999999999916e-02 -1.750000000000000167e-02 5.299999999999999156e-03 3.150000000000000022e-02 -8.599999999999996536e-03 5.099999999999998632e-03 2.350000000000000006e-02 1.119999999999999815e-02 1.391289999999999888e-03 5.904899999999999385e-04 2.965283999999999628e-02 1.392400000000000018e-04 4.596839999999999607e-03 3.062500000000000443e-04 2.808999999999999025e-05 9.922500000000000764e-04 7.395999999999993562e-05 2.600999999999998645e-05 5.522500000000000065e-04 1.254399999999999645e-04 9.439619375000000000e+05 1.037181625000000000e+06
1.000000000000000000e+00 4.499999999999999833e-02 9.710000000000000575e-02 -1.900000000000000022e-01 -2.700000000000000143e-03 6.640000000000000069e-02 -2.079999999999999905e-02 7.699999999999998512e-03 7.280000000000000360e-02 -1.780000000000001026e-02 9.100000000000000450e-03 -1.399999999999998468e-03 -3.299999999999997380e-03 2.024999999999999890e-03 9.428410000000001651e-03 3.610000000000000014e-02 7.290000000000000507e-06 4.408959999999999962e-03 4.326399999999999777e-04 5.928999999999997613e-05 5.299840000000000106e-03 3.168400000000003614e-04 8.281000000000000166e-05 1.959999999999995634e-06 1.088999999999998213e-05 9.442071875000000000e+05 1.035621000000000000e+06
1.000000000000000000e+00 3.799999999999999906e-02 1.544999999999999984e-01 -1.728000000000000091e-01 -1.030000000000000013e-02 6.579999999999999738e-02 -2.060000000000000026e-02 -6.999999999999999278e-03 5.739999999999999269e-02 1.719999999999999307e-02 -7.599999999999999985e-03 -6.000000000000033085e-04 1.999999999999987899e-04 1.443999999999999971e-03 2.387024999999999911e-02 2.985984000000000207e-02 1.060900000000000092e-04 4.329640000000000051e-03 4.243600000000000367e-04 4.899999999999999164e-05 3.294759999999999009e-03 2.958399999999997425e-04 5.776000000000000264e-05 3.600000000000039648e-07 3.999999999999951776e-08 9.442809375000000000e+05 1.036113375000000000e+06
1.000000000000000000e+00 3.710000000000000103e-02 2.127999999999999892e-01 -1.673000000000000043e-01 -1.469999999999999953e-02 5.299999999999999850e-02 -1.660000000000000017e-02 -8.999999999999980238e-04 5.829999999999999072e-02 5.500000000000004885e-03 -4.399999999999999398e-03 -1.279999999999999888e-02 4.000000000000000083e-03 1.376410000000000003e-03 4.528383999999999882e-02 2.798929000000000000e-02 2.160899999999999995e-04 2.808999999999999865e-03 2.755599999999999977e-04 8.099999999999964799e-07 3.398889999999999030e-03 3.025000000000005427e-05 1.935999999999999421e-05 1.638399999999999763e-04 1.599999999999999928e-05 9.445091250000000000e+05 1.036511875000000000e+06
1.000000000000000000e+00 3.400000000000000244e-02 1.600000000000000077e-03 -1.711999999999999911e-01 -1.340000000000000045e-02 6.800000000000000488e-02 -8.200000000000000691e-03 -3.099999999999998590e-03 -2.111999999999999988e-01 -3.899999999999986811e-03 1.299999999999999073e-03 1.500000000000000638e-02 8.399999999999999481e-03 1.156000000000000126e-03 2.560000000000000054e-06 2.930943999999999564e-02 1.795600000000000223e-04 4.624000000000000506e-03 6.724000000000001352e-05 9.609999999999991000e-06 4.460543999999999620e-02 1.520999999999989673e-05 1.689999999999997584e-06 2.250000000000001836e-04 7.055999999999998851e-05 9.453945625000000000e+05 1.036902750000000000e+06
1.000000000000000000e+00 3.760000000000000148e-02 4.159999999999999809e-02 -1.627000000000000113e-01 -8.999999999999999320e-03 6.450000000000000178e-02 3.799999999999999992e-03 3.599999999999999034e-03 4.000000000000000083e-02 8.499999999999979794e-03 4.400000000000001132e-03 -3.500000000000003109e-03 1.200000000000000025e-02 1.413760000000000017e-03 1.730559999999999911e-03 2.647129000000000495e-02 8.099999999999999019e-05 4.160249999999999886e-03 1.444000000000000066e-05 1.295999999999999281e-05 1.600000000000000077e-03 7.224999999999965554e-05 1.936000000000001115e-05 1.225000000000002163e-05 1.440000000000000036e-04 9.439862500000000000e+05 1.035836062500000000e+06
1.000000000000000000e+00 4.950000000000000233e-02 7.480000000000000537e-02 -1.700000000000000122e-01 -6.199999999999999782e-03 9.550000000000000155e-02 1.400000000000000029e-02 1.190000000000000085e-02 3.320000000000000728e-02 -7.300000000000000933e-03 2.799999999999999538e-03 3.099999999999999978e-02 1.020000000000000073e-02 2.450250000000000171e-03 5.595040000000000777e-03 2.890000000000000555e-02 3.843999999999999788e-05 9.120249999999999885e-03 1.960000000000000208e-04 1.416100000000000214e-04 1.102240000000000424e-03 5.329000000000001325e-05 7.839999999999997782e-06 9.609999999999999402e-04 1.040400000000000135e-04 9.436998750000000000e+05 1.035449062500000000e+06
1.000000000000000000e+00 4.250000000000000305e-02 1.736000000000000043e-01 -1.734999999999999876e-01 -1.149999999999999981e-02 7.539999999999999480e-02 1.370000000000000037e-02 -6.999999999999999278e-03 9.879999999999999893e-02 -3.499999999999975353e-03 -5.300000000000000024e-03 -2.010000000000000675e-02 -2.999999999999999195e-04 1.806250000000000347e-03 3.013696000000000083e-02 3.010224999999999707e-02 1.322499999999999891e-04 5.685159999999998999e-03 1.876900000000000139e-04 4.899999999999999164e-05 9.761439999999999700e-03 1.224999999999982681e-05 2.809000000000000041e-05 4.040100000000002738e-04 8.999999999999994563e-08 9.445098125000000000e+05 1.036510687500000000e+06
1.000000000000000000e+00 6.210000000000000242e-02 2.078000000000000125e-01 -1.507000000000000006e-01 6.700000000000000226e-03 6.329999999999999516e-02 4.009999999999999676e-02 1.959999999999999937e-02 3.420000000000000817e-02 2.279999999999998694e-02 1.820000000000000090e-02 -1.209999999999999964e-02 2.639999999999999639e-02 3.856410000000000220e-03 4.318084000000000505e-02 2.271048999999999984e-02 4.489000000000000558e-05 4.006889999999999064e-03 1.608009999999999778e-03 3.841599999999999811e-04 1.169640000000000653e-03 5.198399999999993868e-04 3.312400000000000067e-04 1.464100000000000026e-04 6.969599999999998323e-04 9.437535625000000000e+05 1.034569562500000000e+06
1.000000000000000000e+00 5.290000000000000258e-02 3.899999999999999821e-03 -1.502999999999999892e-01 5.999999999999999474e-04 6.419999999999999318e-02 1.580000000000000154e-02 -9.199999999999999845e-03 -2.039000000000000257e-01 4.000000000000114575e-04 -6.100000000000000387e-03 8.999999999999980238e-04 -2.429999999999999521e-02 2.798410000000000307e-03 1.520999999999999837e-05 2.259008999999999670e-02 3.599999999999999414e-07 4.121639999999999332e-03 2.496400000000000290e-04 8.464000000000000278e-05 4.157521000000000827e-02 1.600000000000091619e-07 3.721000000000000457e-05 8.099999999999964799e-07 5.904899999999997217e-04 9.446391250000000000e+05 1.035820625000000000e+06
1.000000000000000000e+00 4.329999999999999821e-02 3.520000000000000212e-02 -1.570999999999999897e-01 -3.799999999999999992e-03 5.729999999999999677e-02 1.460000000000000013e-02 -9.600000000000004363e-03 3.130000000000000143e-02 -6.800000000000000488e-03 -4.400000000000000265e-03 -6.899999999999996414e-03 -1.200000000000001413e-03 1.874889999999999933e-03 1.239040000000000063e-03 2.468040999999999638e-02 1.444000000000000066e-05 3.283289999999999473e-03 2.131599999999999988e-04 9.216000000000007986e-05 9.796900000000000747e-04 4.624000000000000451e-05 1.936000000000000099e-05 4.760999999999995243e-05 1.440000000000003365e-06 9.450607500000000000e+05 1.038352000000000000e+06
1.000000000000000000e+00 3.950000000000000039e-02 8.690000000000000502e-02 -1.484000000000000041e-01 -6.899999999999999883e-03 3.819999999999999785e-02 -2.099999999999999870e-03 -3.799999999999997824e-03 5.170000000000000290e-02 8.699999999999985523e-03 -3.099999999999999891e-03 -1.909999999999999892e-02 -1.669999999999999957e-02 1.560250000000000005e-03 7.551610000000001134e-03 2.202256000000000005e-02 4.760999999999999987e-05 1.459239999999999886e-03 4.409999999999999282e-06 1.443999999999998372e-05 2.672890000000000248e-03 7.568999999999974457e-05 9.609999999999999470e-06 3.648099999999999715e-04 2.788900000000000081e-04 9.442667500000000000e+05 1.036946187500000000e+06
1.000000000000000000e+00 4.660000000000000253e-02 1.120000000000000023e-01 -1.514999999999999958e-01 -5.799999999999999600e-03 5.000000000000000278e-02 -1.129999999999999928e-02 7.100000000000002143e-03 2.509999999999999731e-02 -3.099999999999991651e-03 1.100000000000000283e-03 1.180000000000000493e-02 -9.199999999999999845e-03 2.171560000000000330e-03 1.254400000000000133e-02 2.295225000000000043e-02 3.363999999999999640e-05 2.500000000000000486e-03 1.276899999999999921e-04 5.041000000000002727e-05 6.300099999999998583e-04 9.609999999999948648e-06 1.210000000000000697e-06 1.392400000000001102e-04 8.464000000000000278e-05 9.440243125000000000e+05 1.037563500000000000e+06
1.000000000000000000e+00 5.299999999999999850e-02 1.774000000000000021e-01 -1.661999999999999866e-01 1.679999999999999896e-02 1.899999999999999953e-02 -5.100000000000000366e-03 6.399999999999995970e-03 6.539999999999999980e-02 -1.469999999999999085e-02 2.259999999999999856e-02 -3.100000000000000325e-02 6.199999999999998915e-03 2.808999999999999865e-03 3.147076000000000040e-02 2.762243999999999464e-02 2.822399999999999540e-04 3.609999999999999928e-04 2.601000000000000339e-05 4.095999999999994665e-05 4.277160000000000337e-03 2.160899999999997285e-04 5.107599999999999684e-04 9.610000000000001570e-04 3.843999999999998433e-05 9.446527500000000000e+05 1.037338000000000000e+06
1.000000000000000000e+00 5.480000000000000149e-02 2.521999999999999797e-01 -1.728999999999999981e-01 1.870000000000000134e-02 5.799999999999999600e-03 1.699999999999999905e-03 1.800000000000002986e-03 7.479999999999997762e-02 -6.700000000000011502e-03 1.900000000000002381e-03 -1.319999999999999993e-02 6.800000000000000488e-03 3.003040000000000223e-03 6.360483999999999583e-02 2.989440999999999973e-02 3.496900000000000485e-04 3.363999999999999640e-05 2.889999999999999859e-06 3.240000000000010907e-06 5.595039999999996440e-03 4.489000000000015466e-05 3.610000000000009059e-06 1.742399999999999852e-04 4.624000000000000451e-05 9.445654375000000000e+05 1.037276437500000000e+06
1.000000000000000000e+00 5.109999999999999959e-02 4.429999999999999910e-02 -1.902000000000000079e-01 1.349999999999999985e-02 1.030000000000000013e-02 -8.200000000000000691e-03 -3.700000000000001898e-03 -2.078999999999999737e-01 -1.730000000000000981e-02 -5.200000000000001496e-03 4.500000000000000527e-03 -9.900000000000000813e-03 2.611210000000000094e-03 1.962489999999999894e-03 3.617603999999999959e-02 1.822499999999999847e-04 1.060900000000000092e-04 6.724000000000001352e-05 1.369000000000001462e-05 4.322240999999998889e-02 2.992900000000003414e-04 2.704000000000001555e-05 2.025000000000000432e-05 9.801000000000001876e-05 9.444393125000000000e+05 1.037737812500000000e+06
1.000000000000000000e+00 5.079999999999999793e-02 8.609999999999999598e-02 -1.700000000000000122e-01 1.140000000000000041e-02 1.959999999999999937e-02 5.599999999999999943e-03 -3.000000000000016542e-04 4.179999999999999688e-02 2.019999999999999574e-02 -2.099999999999999437e-03 9.299999999999999239e-03 1.379999999999999977e-02 2.580639999999999930e-03 7.413209999999999071e-03 2.890000000000000555e-02 1.299600000000000093e-04 3.841599999999999811e-04 3.135999999999999790e-05 9.000000000000099119e-08 1.747239999999999731e-03 4.080399999999998134e-04 4.409999999999997588e-06 8.648999999999997998e-05 1.904399999999999995e-04 9.446164375000000000e+05 1.037386125000000000e+06
1.000000000000000000e+00 5.369999999999999774e-02 1.355000000000000093e-01 -1.673999999999999932e-01 9.199999999999999845e-03 3.230000000000000232e-02 6.499999999999999702e-03 2.899999999999999800e-03 4.940000000000001334e-02 2.600000000000018963e-03 -2.200000000000000566e-03 1.270000000000000295e-02 8.999999999999997585e-04 2.883689999999999951e-03 1.836025000000000157e-02 2.802275999999999725e-02 8.464000000000000278e-05 1.043290000000000103e-03 4.224999999999999698e-05 8.409999999999999101e-06 2.440360000000001226e-03 6.760000000000098755e-06 4.840000000000002788e-06 1.612900000000000770e-04 8.099999999999995504e-07 9.453373750000000000e+05 1.036511875000000000e+06
1.000000000000000000e+00 5.179999999999999882e-02 1.849999999999999978e-01 -1.799000000000000044e-01 7.799999999999999642e-03 3.309999999999999748e-02 -2.700000000000000143e-03 -1.899999999999998912e-03 4.949999999999998845e-02 -1.250000000000001110e-02 -1.400000000000000203e-03 7.999999999999951594e-04 -9.199999999999999845e-03 2.683239999999999931e-03 3.422499999999999848e-02 3.236400999999999861e-02 6.083999999999999348e-05 1.095609999999999900e-03 7.290000000000000507e-06 3.609999999999995930e-06 2.450249999999998870e-03 1.562500000000002743e-04 1.960000000000000716e-06 6.399999999999922842e-07 8.464000000000000278e-05 9.458914375000000000e+05 1.037134062500000000e+06
1.000000000000000000e+00 5.190000000000000169e-02 1.930000000000000118e-02 -1.791999999999999982e-01 8.899999999999999925e-03 2.179999999999999993e-02 8.000000000000000383e-04 1.000000000000028644e-04 -1.656999999999999862e-01 7.000000000000061728e-04 1.100000000000000283e-03 -1.129999999999999755e-02 3.500000000000000073e-03 2.693610000000000362e-03 3.724900000000000606e-04 3.211263999999999785e-02 7.920999999999999547e-05 4.752399999999999832e-04 6.400000000000000134e-07 1.000000000000057262e-08 2.745648999999999659e-02 4.900000000000086493e-07 1.210000000000000697e-06 1.276899999999999379e-04 1.225000000000000130e-05 9.465278750000000000e+05 1.038656875000000000e+06
1.000000000000000000e+00 5.569999999999999951e-02 2.860000000000000042e-02 -1.570999999999999897e-01 1.039999999999999952e-02 3.969999999999999918e-02 1.399999999999999986e-03 3.799999999999997824e-03 9.299999999999999239e-03 2.210000000000000853e-02 1.499999999999999598e-03 1.789999999999999925e-02 5.999999999999999474e-04 3.102489999999999849e-03 8.179600000000000629e-04 2.468040999999999638e-02 1.081599999999999944e-04 1.576090000000000043e-03 1.959999999999999869e-06 1.443999999999998372e-05 8.648999999999997998e-05 4.884100000000004280e-04 2.249999999999998786e-06 3.204099999999999765e-04 3.599999999999999414e-07 9.451948750000000000e+05 1.038238125000000000e+06
1.000000000000000000e+00 4.200000000000000261e-02 1.006999999999999978e-01 -1.607999999999999985e-01 -1.899999999999999996e-03 4.889999999999999902e-02 -4.400000000000000265e-03 -1.369999999999999690e-02 7.209999999999999742e-02 -3.700000000000008837e-03 -1.230000000000000017e-02 9.199999999999999845e-03 -5.800000000000000468e-03 1.764000000000000160e-03 1.014049000000000027e-02 2.585664000000000018e-02 3.610000000000000165e-06 2.391209999999999950e-03 1.936000000000000099e-05 1.876899999999999055e-04 5.198409999999999663e-03 1.369000000000006544e-05 1.512899999999999965e-04 8.464000000000000278e-05 3.364000000000000318e-05 9.449895000000000000e+05 1.036451625000000000e+06
1.000000000000000000e+00 2.599999999999999881e-02 1.940000000000000058e-01 -1.602000000000000091e-01 -1.760000000000000106e-02 1.480000000000000066e-02 -2.730000000000000135e-02 -1.600000000000000380e-02 9.330000000000000793e-02 5.999999999999894307e-04 -1.570000000000000215e-02 -3.409999999999999837e-02 -2.290000000000000022e-02 6.759999999999999516e-04 3.763600000000000279e-02 2.566404000000000254e-02 3.097600000000000158e-04 2.190400000000000170e-04 7.452900000000001234e-04 2.560000000000000968e-04 8.704890000000001585e-03 3.599999999999873417e-07 2.464900000000000879e-04 1.162809999999999799e-03 5.244100000000000020e-04 9.448550625000000000e+05 1.035914500000000000e+06
1.000000000000000000e+00 3.620000000000000301e-02 2.152999999999999914e-01 -1.643000000000000016e-01 -8.500000000000000611e-03 3.939999999999999752e-02 -3.590000000000000135e-02 1.020000000000000420e-02 2.129999999999998561e-02 -4.099999999999992539e-03 9.100000000000000450e-03 2.459999999999999687e-02 -8.600000000000000006e-03 1.310440000000000172e-03 4.635408999999999363e-02 2.699448999999999946e-02 7.225000000000000790e-05 1.552359999999999808e-03 1.288810000000000042e-03 1.040400000000000813e-04 4.536899999999993781e-04 1.680999999999993900e-05 8.281000000000000166e-05 6.051599999999998777e-04 7.396000000000000339e-05 9.463556875000000000e+05 1.040358312500000000e+06
1.000000000000000000e+00 3.810000000000000192e-02 -5.000000000000000104e-04 -1.917000000000000093e-01 -5.300000000000000024e-03 3.169999999999999901e-02 -3.030000000000000054e-02 1.899999999999998912e-03 -2.157999999999999918e-01 -2.740000000000000768e-02 3.200000000000000587e-03 -7.699999999999998512e-03 5.600000000000000810e-03 1.451610000000000096e-03 2.499999999999999887e-07 3.674889000000000627e-02 2.809000000000000041e-05 1.004890000000000037e-03 9.180899999999999868e-04 3.609999999999995930e-06 4.656963999999999548e-02 7.507600000000003810e-04 1.024000000000000360e-05 5.928999999999997613e-05 3.136000000000001146e-05 9.456891875000000000e+05 1.038530687500000000e+06
1.000000000000000000e+00 3.690000000000000224e-02 5.820000000000000173e-02 -1.741000000000000048e-01 -5.799999999999999600e-03 3.819999999999999785e-02 -1.480000000000000066e-02 -1.199999999999999678e-03 5.870000000000000218e-02 1.760000000000000453e-02 -4.999999999999995767e-04 6.499999999999998834e-03 1.549999999999999989e-02 1.361610000000000077e-03 3.387240000000000129e-03 3.031081000000000053e-02 3.363999999999999640e-05 1.459239999999999886e-03 2.190400000000000170e-04 1.439999999999999130e-06 3.445690000000000384e-03 3.097600000000001784e-04 2.499999999999995652e-07 4.224999999999998342e-05 2.402499999999999851e-04 9.445470000000000000e+05 1.037484250000000000e+06
1.000000000000000000e+00 3.109999999999999917e-02 1.250000000000000000e-01 -1.769000000000000017e-01 -1.179999999999999973e-02 2.949999999999999845e-02 -1.600000000000000033e-02 -5.800000000000003070e-03 6.679999999999999827e-02 -2.799999999999996936e-03 -6.000000000000000125e-03 -8.699999999999999400e-03 -1.199999999999999678e-03 9.672099999999999231e-04 1.562500000000000000e-02 3.129360999999999948e-02 1.392400000000000018e-04 8.702499999999999299e-04 2.559999999999999884e-04 3.364000000000003706e-05 4.462240000000000130e-03 7.839999999999982535e-06 3.600000000000000091e-05 7.568999999999998852e-05 1.439999999999999130e-06 9.445321250000000000e+05 1.038044187500000000e+06
1.000000000000000000e+00 2.719999999999999848e-02 1.645000000000000073e-01 -1.615999999999999936e-01 -2.069999999999999965e-02 5.340000000000000302e-02 -1.239999999999999956e-02 -3.900000000000000688e-03 3.950000000000000733e-02 1.530000000000000804e-02 -8.899999999999999925e-03 2.390000000000000457e-02 3.600000000000000769e-03 7.398399999999999638e-04 2.706025000000000097e-02 2.611455999999999847e-02 4.284900000000000124e-04 2.851560000000000379e-03 1.537599999999999915e-04 1.521000000000000515e-05 1.560250000000000655e-03 2.340900000000002473e-04 7.920999999999999547e-05 5.712100000000002722e-04 1.296000000000000636e-05 9.442420625000000000e+05 1.036651500000000000e+06
1.000000000000000000e+00 3.259999999999999704e-02 1.619999999999999912e-02 -1.693999999999999950e-01 -1.359999999999999924e-02 3.520000000000000212e-02 -2.409999999999999989e-02 5.399999999999998551e-03 -1.483000000000000151e-01 -7.800000000000001377e-03 7.100000000000000408e-03 -1.820000000000000090e-02 -1.170000000000000033e-02 1.062759999999999833e-03 2.624399999999999606e-04 2.869635999999999715e-02 1.849599999999999910e-04 1.239040000000000063e-03 5.808099999999999635e-04 2.915999999999998509e-05 2.199289000000000452e-02 6.084000000000002058e-05 5.041000000000000694e-05 3.312400000000000067e-04 1.368899999999999989e-04 9.448793750000000000e+05 1.036867687500000000e+06
1.000000000000000000e+00 2.120000000000000009e-02 6.450000000000000178e-02 -1.713000000000000078e-01 -2.409999999999999989e-02 1.830000000000000029e-02 -3.670000000000000345e-02 -1.139999999999999694e-02 4.830000000000000265e-02 -1.900000000000012790e-03 -1.050000000000000065e-02 -1.690000000000000183e-02 -1.260000000000000356e-02 4.494400000000000066e-04 4.160249999999999886e-03 2.934369000000000213e-02 5.808099999999999635e-04 3.348900000000000141e-04 1.346890000000000327e-03 1.299599999999999280e-04 2.332890000000000224e-03 3.610000000000048446e-06 1.102500000000000100e-04 2.856100000000000522e-04 1.587600000000000859e-04 9.465333750000000000e+05 1.040217937500000000e+06
1.000000000000000000e+00 1.060000000000000005e-02 1.355000000000000093e-01 -1.668000000000000038e-01 -3.599999999999999728e-02 2.189999999999999933e-02 -4.179999999999999688e-02 -1.060000000000000005e-02 7.100000000000000755e-02 4.500000000000003997e-03 -1.189999999999999739e-02 3.599999999999999034e-03 -5.099999999999993427e-03 1.123600000000000016e-04 1.836025000000000157e-02 2.782224000000000155e-02 1.295999999999999843e-03 4.796099999999999973e-04 1.747239999999999731e-03 1.123600000000000016e-04 5.041000000000001209e-03 2.025000000000003482e-05 1.416099999999999401e-04 1.295999999999999281e-05 2.600999999999993224e-05 9.448340000000000000e+05 1.037824000000000000e+06
1.000000000000000000e+00 1.880000000000000074e-02 2.011000000000000010e-01 -1.943999999999999895e-01 -2.570000000000000062e-02 -3.799999999999999992e-03 -4.429999999999999910e-02 8.200000000000000691e-03 6.559999999999999165e-02 -2.759999999999998566e-02 1.029999999999999666e-02 -2.570000000000000062e-02 -2.500000000000002220e-03 3.534400000000000042e-04 4.044120999999999827e-02 3.779135999999999607e-02 6.604900000000000137e-04 1.444000000000000066e-05 1.962489999999999894e-03 6.724000000000001352e-05 4.303359999999999130e-03 7.617599999999992389e-04 1.060899999999999278e-04 6.604900000000000137e-04 6.250000000000011311e-06 9.442797500000000000e+05 1.037785500000000000e+06
1.000000000000000000e+00 -9.799999999999999684e-03 2.440000000000000155e-02 -1.942000000000000115e-01 -4.850000000000000144e-02 9.100000000000000450e-03 -6.450000000000000178e-02 -2.860000000000000042e-02 -1.766999999999999960e-01 1.999999999999779732e-04 -2.280000000000000082e-02 1.290000000000000001e-02 -2.020000000000000268e-02 9.603999999999999527e-05 5.953600000000000732e-04 3.771364000000000660e-02 2.352250000000000174e-03 8.281000000000000166e-05 4.160249999999999886e-03 8.179600000000000629e-04 3.122288999999999967e-02 3.999999999999118640e-08 5.198400000000000373e-04 1.664100000000000008e-04 4.080400000000000845e-04 9.445096875000000000e+05 1.038590250000000000e+06
1.000000000000000000e+00 1.359999999999999924e-02 9.470000000000000639e-02 -2.043000000000000094e-01 -1.640000000000000138e-02 -8.399999999999999481e-03 -5.029999999999999749e-02 2.339999999999999719e-02 7.030000000000000138e-02 -1.009999999999999787e-02 3.210000000000000353e-02 -1.750000000000000167e-02 1.420000000000000429e-02 1.849599999999999910e-04 8.968090000000001477e-03 4.173849000000000309e-02 2.689600000000000541e-04 7.055999999999998851e-05 2.530089999999999596e-03 5.475599999999998871e-04 4.942090000000000545e-03 1.020099999999999534e-04 1.030410000000000267e-03 3.062500000000000443e-04 2.016400000000001091e-04 9.440645625000000000e+05 1.037631062500000000e+06
1.000000000000000000e+00 3.200000000000000067e-02 1.391000000000000014e-01 -2.114999999999999936e-01 5.300000000000000024e-03 2.399999999999999790e-03 -3.699999999999999817e-02 1.839999999999999969e-02 4.439999999999999503e-02 -7.199999999999984190e-03 2.170000000000000054e-02 1.079999999999999884e-02 1.329999999999999932e-02 1.023999999999999954e-03 1.934881000000000101e-02 4.473224999999999424e-02 2.809000000000000041e-05 5.759999999999999062e-06 1.368999999999999774e-03 3.385600000000000111e-04 1.971359999999999692e-03 5.183999999999977472e-05 4.708900000000000130e-04 1.166399999999999810e-04 1.768899999999999954e-04 9.447866875000000000e+05 1.036729937500000000e+06
1.000000000000000000e+00 4.270000000000000184e-02 1.710000000000000131e-01 -2.571999999999999842e-01 1.940000000000000058e-02 7.100000000000000408e-03 -3.320000000000000034e-02 1.070000000000000118e-02 3.190000000000001168e-02 -4.569999999999999063e-02 1.410000000000000142e-02 4.700000000000001052e-03 3.799999999999997824e-03 1.823290000000000197e-03 2.924100000000000310e-02 6.615183999999998954e-02 3.763600000000000083e-04 5.041000000000000694e-05 1.102239999999999991e-03 1.144900000000000236e-04 1.017610000000000823e-03 2.088489999999999271e-03 1.988100000000000294e-04 2.209000000000001042e-05 1.443999999999998372e-05 9.458830625000000000e+05 1.038633375000000000e+06
1.000000000000000000e+00 3.200000000000000067e-02 5.400000000000000286e-03 -2.501999999999999780e-01 1.179999999999999973e-02 5.439999999999999697e-02 -3.320000000000000034e-02 -1.070000000000000118e-02 -1.656000000000000250e-01 7.000000000000006217e-03 -7.600000000000000852e-03 4.729999999999999483e-02 0.000000000000000000e+00 1.023999999999999954e-03 2.916000000000000203e-05 6.260003999999999569e-02 1.392400000000000018e-04 2.959359999999999855e-03 1.102239999999999991e-03 1.144900000000000236e-04 2.742336000000000773e-02 4.900000000000008651e-05 5.776000000000001619e-05 2.237289999999999418e-03 0.000000000000000000e+00 9.465626250000000000e+05 1.038756000000000000e+06
1.000000000000000000e+00 1.379999999999999977e-02 9.439999999999999780e-02 -2.389000000000000012e-01 -5.899999999999999863e-03 3.819999999999999785e-02 -4.750000000000000056e-02 -1.820000000000000090e-02 8.899999999999999578e-02 1.129999999999997673e-02 -1.770000000000000046e-02 -1.619999999999999912e-02 -1.430000000000000021e-02 1.904399999999999995e-04 8.911360000000000114e-03 5.707320999999999922e-02 3.481000000000000045e-05 1.459239999999999886e-03 2.256250000000000009e-03 3.312400000000000067e-04 7.920999999999999222e-03 1.276899999999994771e-04 3.132900000000000311e-04 2.624399999999999606e-04 2.044900000000000157e-04 9.440401250000000000e+05 1.034704125000000000e+06
1.000000000000000000e+00 7.000000000000000146e-03 1.598999999999999866e-01 -2.500000000000000000e-01 -1.619999999999999912e-02 3.139999999999999736e-02 -5.870000000000000218e-02 -6.799999999999999621e-03 6.549999999999998879e-02 -1.109999999999999876e-02 -1.030000000000000013e-02 -6.800000000000000488e-03 -1.120000000000000162e-02 4.900000000000000519e-05 2.556800999999999519e-02 6.250000000000000000e-02 2.624399999999999606e-04 9.859599999999999181e-04 3.445690000000000384e-03 4.623999999999999774e-05 4.290249999999998926e-03 1.232099999999999808e-04 1.060900000000000092e-04 4.624000000000000451e-05 1.254400000000000458e-04 9.446104375000000000e+05 1.035726375000000000e+06
1.000000000000000000e+00 5.300000000000000024e-03 1.932000000000000106e-01 -2.267000000000000126e-01 -2.060000000000000026e-02 4.669999999999999846e-02 -5.990000000000000185e-02 -1.700000000000000122e-03 3.330000000000002403e-02 2.329999999999998739e-02 -4.400000000000001132e-03 1.530000000000000110e-02 -1.199999999999999678e-03 2.809000000000000041e-05 3.732624000000000358e-02 5.139289000000000357e-02 4.243600000000000367e-04 2.180889999999999999e-03 3.588010000000000418e-03 2.890000000000000282e-06 1.108890000000001697e-03 5.428899999999994321e-04 1.936000000000001115e-05 2.340900000000000305e-04 1.439999999999999130e-06 9.450907500000000000e+05 1.037227250000000000e+06
1.000000000000000000e+00 1.600000000000000033e-02 1.510000000000000057e-02 -2.506999999999999784e-01 2.999999999999999737e-04 2.879999999999999921e-02 -4.939999999999999947e-02 1.070000000000000118e-02 -1.781000000000000083e-01 -2.399999999999996581e-02 2.090000000000000191e-02 -1.789999999999999925e-02 1.050000000000000239e-02 2.559999999999999884e-04 2.280100000000000074e-04 6.285048999999999497e-02 8.999999999999998534e-08 8.294399999999999733e-04 2.440359999999999925e-03 1.144900000000000236e-04 3.171961000000000225e-02 5.759999999999983883e-04 4.368100000000000953e-04 3.204099999999999765e-04 1.102500000000000507e-04 9.454169375000000000e+05 1.036769875000000000e+06
1.000000000000000000e+00 1.799999999999999864e-02 5.940000000000000141e-02 -2.295999999999999985e-01 2.399999999999999790e-03 3.309999999999999748e-02 -4.789999999999999813e-02 1.999999999999998307e-03 4.429999999999999910e-02 2.109999999999997988e-02 2.099999999999999870e-03 4.299999999999998268e-03 1.500000000000001332e-03 3.239999999999999608e-04 3.528360000000000350e-03 5.271615999999999802e-02 5.759999999999999062e-06 1.095609999999999900e-03 2.294409999999999766e-03 3.999999999999993043e-06 1.962489999999999894e-03 4.452099999999991611e-04 4.409999999999999282e-06 1.848999999999998391e-05 2.250000000000003869e-06 9.457857500000000000e+05 1.035691062500000000e+06
1.000000000000000000e+00 1.540000000000000049e-02 1.210999999999999993e-01 -2.348999999999999977e-01 -4.799999999999999580e-03 2.199999999999999872e-02 -5.369999999999999774e-02 -2.599999999999998146e-03 6.169999999999999790e-02 -5.299999999999999156e-03 -7.199999999999999803e-03 -1.109999999999999876e-02 -5.799999999999999600e-03 2.371600000000000129e-04 1.466520999999999970e-02 5.517800999999999956e-02 2.303999999999999625e-05 4.839999999999999468e-04 2.883689999999999951e-03 6.759999999999990334e-06 3.806889999999999840e-03 2.808999999999999025e-05 5.183999999999999833e-05 1.232099999999999808e-04 3.363999999999999640e-05 9.447178750000000000e+05 1.036336062500000000e+06
1.000000000000000000e+00 1.619999999999999912e-02 1.988000000000000045e-01 -2.419000000000000039e-01 1.699999999999999905e-03 1.859999999999999848e-02 -4.179999999999999688e-02 7.999999999999986289e-04 7.770000000000000517e-02 -7.000000000000006217e-03 6.499999999999999702e-03 -3.400000000000000244e-03 1.190000000000000085e-02 2.624399999999999606e-04 3.952144000000000490e-02 5.851561000000000262e-02 2.889999999999999859e-06 3.459599999999999199e-04 1.747239999999999731e-03 6.399999999999977899e-07 6.037290000000000711e-03 4.900000000000008651e-05 4.224999999999999698e-05 1.156000000000000113e-05 1.416100000000000214e-04 9.451028750000000000e+05 1.036725250000000000e+06
1.000000000000000000e+00 1.640000000000000138e-02 2.192000000000000060e-01 -2.210000000000000020e-01 -8.999999999999999754e-04 2.999999999999999889e-02 -3.699999999999999817e-02 2.000000000000022593e-04 2.040000000000000147e-02 2.090000000000000191e-02 -2.599999999999999881e-03 1.140000000000000041e-02 4.799999999999998712e-03 2.689600000000000541e-04 4.804864000000000357e-02 4.884100000000000247e-02 8.099999999999999739e-07 8.999999999999999754e-04 1.368999999999999774e-03 4.000000000000090081e-08 4.161600000000000542e-04 4.368100000000000953e-04 6.759999999999999652e-06 1.299600000000000093e-04 2.303999999999998608e-05 9.452096250000000000e+05 1.036683125000000000e+06
