1.000000000000000000e+00 -0.000000000000000000e+00 -0.000000000000000000e+00 -0.000000000000000000e+00 -0.000000000000000000e+00 -0.000000000000000000e+00 0.000000000000000000e+00 0.000000000000000000e+00 0.000000000000000000e+00 0.000000000000000000e+00 0.000000000000000000e+00 0.000000000000000000e+00 0.000000000000000000e+00 0.000000000000000000e+00 0.000000000000000000e+00 0.000000000000000000e+00 0.000000000000000000e+00 0.000000000000000000e+00 0.000000000000000000e+00 0.000000000000000000e+00 0.000000000000000000e+00 0.000000000000000000e+00 0.000000000000000000e+00 0.000000000000000000e+00 0.000000000000000000e+00 1.749957500000000000e+06 1.862133375000000000e+06
1.000000000000000000e+00 -6.279999999999999472e-02 6.999999999999999929e-04 -1.393999999999999961e-01 3.960000000000000325e-02 3.989999999999999797e-02 2.179999999999999993e-02 -6.279999999999999472e-02 6.999999999999999929e-04 -1.393999999999999961e-01 3.960000000000000325e-02 3.989999999999999797e-02 2.179999999999999993e-02 3.943839999999999672e-03 4.899999999999999672e-07 1.943235999999999922e-02 1.568160000000000300e-03 1.592009999999999823e-03 4.752399999999999832e-04 3.943839999999999672e-03 4.899999999999999672e-07 1.943235999999999922e-02 1.568160000000000300e-03 1.592009999999999823e-03 4.752399999999999832e-04 1.749341375000000000e+06 1.866640875000000000e+06
1.000000000000000000e+00 -1.025999999999999968e-01 -2.630000000000000046e-02 -5.850000000000000339e-02 -7.099999999999999367e-02 1.000000000000000021e-03 2.860000000000000042e-02 -3.980000000000000204e-02 -2.699999999999999969e-02 8.089999999999999969e-02 -1.106000000000000039e-01 -3.889999999999999708e-02 6.800000000000000488e-03 1.052675999999999959e-02 6.916900000000000132e-04 3.422250000000000379e-03 5.040999999999999474e-03 9.999999999999999547e-07 8.179600000000000629e-04 1.584040000000000101e-03 7.289999999999999388e-04 6.544809999999999864e-03 1.223236000000000115e-02 1.513209999999999859e-03 4.624000000000000451e-05 1.749088500000000000e+06 1.864222125000000000e+06
1.000000000000000000e+00 -2.299999999999999961e-02 -9.059999999999999998e-02 -9.479999999999999538e-02 2.100000000000000130e-02 -2.299999999999999961e-03 1.849999999999999908e-02 7.960000000000000409e-02 -6.429999999999999605e-02 -3.629999999999999200e-02 9.199999999999999845e-02 -3.299999999999999982e-03 -1.010000000000000134e-02 5.289999999999999564e-04 8.208359999999999615e-03 8.987039999999999959e-03 4.410000000000000400e-04 5.290000000000000174e-06 3.422499999999999436e-04 6.336160000000000403e-03 4.134489999999999346e-03 1.317689999999999400e-03 8.463999999999999302e-03 1.088999999999999907e-05 1.020100000000000211e-04 1.747138875000000000e+06 1.860677000000000000e+06
1.000000000000000000e+00 -7.180000000000000271e-02 -3.760000000000000148e-02 -1.638999999999999901e-01 -1.739999999999999880e-02 2.369999999999999885e-02 4.399999999999999745e-02 -4.880000000000000310e-02 5.299999999999999850e-02 -6.909999999999999476e-02 -3.840000000000000357e-02 2.599999999999999881e-02 2.549999999999999836e-02 5.155240000000000170e-03 1.413760000000000017e-03 2.686320999999999848e-02 3.027599999999999541e-04 5.616899999999999974e-04 1.935999999999999787e-03 2.381440000000000293e-03 2.808999999999999865e-03 4.774809999999999124e-03 1.474560000000000193e-03 6.759999999999999516e-04 6.502499999999998949e-04 1.748198500000000000e+06 1.861031750000000000e+06
1.000000000000000000e+00 -6.560000000000000553e-02 1.340000000000000080e-01 -1.214999999999999969e-01 -2.539999999999999897e-02 9.039999999999999425e-02 1.839999999999999969e-02 6.199999999999997180e-03 1.716000000000000025e-01 4.239999999999999325e-02 -8.000000000000000167e-03 6.669999999999999540e-02 -2.559999999999999776e-02 4.303360000000000865e-03 1.795600000000000321e-02 1.476224999999999933e-02 6.451599999999999826e-04 8.172159999999999494e-03 3.385600000000000111e-04 3.843999999999996400e-05 2.944656000000000010e-02 1.797759999999999376e-03 6.399999999999999710e-05 4.448889999999999616e-03 6.553599999999999053e-04 1.749333000000000000e+06 1.862833750000000000e+06
1.000000000000000000e+00 -3.350000000000000200e-02 1.671999999999999875e-01 -2.139999999999999888e-02 -2.440000000000000155e-02 8.790000000000000591e-02 7.770000000000000517e-02 3.210000000000000353e-02 3.319999999999997953e-02 1.000999999999999945e-01 9.999999999999974187e-04 -2.499999999999988343e-03 5.930000000000000548e-02 1.122250000000000201e-03 2.795583999999999569e-02 4.579599999999999318e-04 5.953600000000000732e-04 7.726410000000001263e-03 6.037290000000000711e-03 1.030410000000000267e-03 1.102239999999998690e-03 1.002000999999999933e-02 9.999999999999948726e-07 6.249999999999941854e-06 3.516490000000000588e-03 1.746143875000000000e+06 1.863145750000000000e+06
1.000000000000000000e+00 -6.819999999999999674e-02 3.740000000000000269e-02 -2.670000000000000151e-02 -5.249999999999999806e-02 -1.230000000000000017e-02 3.969999999999999918e-02 -3.469999999999999474e-02 -1.297999999999999710e-01 -5.300000000000002626e-03 -2.809999999999999651e-02 -1.002000000000000113e-01 -3.800000000000000600e-02 4.651239999999999195e-03 1.398760000000000194e-03 7.128900000000000948e-04 2.756249999999999586e-03 1.512899999999999965e-04 1.576090000000000043e-03 1.204089999999999674e-03 1.684803999999999122e-02 2.809000000000002752e-05 7.896099999999998346e-04 1.004004000000000181e-02 1.444000000000000405e-03 1.746948750000000000e+06 1.860231000000000000e+06
1.000000000000000000e+00 1.519999999999999997e-02 -2.099999999999999870e-03 -6.959999999999999520e-02 2.510000000000000078e-02 -1.069999999999999944e-02 6.360000000000000375e-02 8.340000000000000191e-02 -3.950000000000000039e-02 -4.289999999999999369e-02 7.760000000000000231e-02 1.600000000000000727e-03 2.390000000000000457e-02 2.310400000000000106e-04 4.409999999999999282e-06 4.844159999999999265e-03 6.300100000000000752e-04 1.144899999999999830e-04 4.044960000000000222e-03 6.955560000000000388e-03 1.560250000000000005e-03 1.840409999999999355e-03 6.021760000000000133e-03 2.560000000000002171e-06 5.712100000000002722e-04 1.745230125000000000e+06 1.861059500000000000e+06
1.000000000000000000e+00 -8.200000000000000691e-03 -2.199999999999999872e-02 -9.569999999999999341e-02 1.499999999999999944e-02 -5.589999999999999830e-02 8.569999999999999840e-02 -2.340000000000000066e-02 -1.989999999999999755e-02 -2.609999999999999820e-02 -1.010000000000000134e-02 -4.519999999999999712e-02 2.209999999999999465e-02 6.724000000000001352e-05 4.839999999999999468e-04 9.158489999999998299e-03 2.249999999999999938e-04 3.124810000000000001e-03 7.344489999999999526e-03 5.475599999999999955e-04 3.960099999999999168e-04 6.812099999999999102e-04 1.020100000000000211e-04 2.043039999999999873e-03 4.884099999999997775e-04 1.747921000000000000e+06 1.858274750000000000e+06
1.000000000000000000e+00 -6.599999999999999964e-03 -7.100000000000000408e-03 -1.655000000000000082e-01 4.400000000000000265e-03 -9.220000000000000417e-02 -2.599999999999999881e-03 1.600000000000000727e-03 1.489999999999999832e-02 -6.980000000000001481e-02 -1.059999999999999831e-02 -3.630000000000000587e-02 -8.830000000000000349e-02 4.355999999999999629e-05 5.041000000000000694e-05 2.739025000000000140e-02 1.936000000000000099e-05 8.500840000000000826e-03 6.759999999999999652e-06 2.560000000000002171e-06 2.220099999999999428e-04 4.872040000000001959e-03 1.123599999999999610e-04 1.317690000000000484e-03 7.796890000000000764e-03 1.747525375000000000e+06 1.861597875000000000e+06
1.000000000000000000e+00 -2.149999999999999828e-02 -6.660000000000000642e-02 -2.817999999999999949e-01 -3.099999999999999891e-03 -4.760000000000000342e-02 1.990000000000000102e-02 -1.489999999999999832e-02 -5.950000000000000427e-02 -1.162999999999999867e-01 -7.499999999999999722e-03 4.460000000000000075e-02 2.249999999999999917e-02 4.622499999999999331e-04 4.435560000000000717e-03 7.941123999999999405e-02 9.609999999999999470e-06 2.265760000000000343e-03 3.960100000000000252e-04 2.220099999999999428e-04 3.540250000000000428e-03 1.352568999999999647e-02 5.624999999999999846e-05 1.989160000000000234e-03 5.062499999999999726e-04 1.744654625000000000e+06 1.858282875000000000e+06
1.000000000000000000e+00 -3.559999999999999970e-02 -7.359999999999999876e-02 -1.521000000000000130e-01 -1.250000000000000069e-02 -1.779999999999999985e-02 2.079999999999999905e-02 -1.410000000000000142e-02 -6.999999999999992339e-03 1.296999999999999820e-01 -9.400000000000000369e-03 2.980000000000000357e-02 8.999999999999980238e-04 1.267359999999999928e-03 5.416960000000000178e-03 2.313441000000000455e-02 1.562500000000000304e-04 3.168399999999999819e-04 4.326399999999999777e-04 1.988100000000000294e-04 4.899999999999989000e-05 1.682208999999999441e-02 8.836000000000000104e-05 8.880400000000002051e-04 8.099999999999964799e-07 1.746892000000000000e+06 1.858556750000000000e+06
1.000000000000000000e+00 -5.940000000000000141e-02 1.729999999999999941e-02 -1.648000000000000020e-01 -1.660000000000000017e-02 3.028000000000000136e-01 9.799999999999999684e-03 -2.380000000000000171e-02 9.089999999999999469e-02 -1.269999999999998908e-02 -4.099999999999999478e-03 3.205999999999999961e-01 -1.099999999999999936e-02 3.528360000000000350e-03 2.992899999999999619e-04 2.715904000000000235e-02 2.755599999999999977e-04 9.168784000000000656e-02 9.603999999999999527e-05 5.664400000000000858e-04 8.262809999999998906e-03 1.612899999999997246e-04 1.680999999999999660e-05 1.027843599999999913e-01 1.209999999999999867e-04 1.750188750000000000e+06 1.865612875000000000e+06
1.000000000000000000e+00 1.230000000000000017e-02 -1.386000000000000010e-01 -4.546000000000000041e-01 4.179999999999999688e-02 2.580999999999999961e-01 -2.560000000000000123e-02 7.169999999999999984e-02 -1.559000000000000108e-01 -2.898000000000000020e-01 5.839999999999999358e-02 -4.470000000000001750e-02 -3.540000000000000091e-02 1.512899999999999965e-04 1.920996000000000162e-02 2.066611600000000104e-01 1.747239999999999731e-03 6.661560999999999177e-02 6.553600000000000137e-04 5.140890000000000390e-03 2.430481000000000308e-02 8.398403999999999592e-02 3.410559999999999113e-03 1.998090000000001410e-03 1.253160000000000125e-03 1.752578000000000000e+06 1.866366250000000000e+06
1.000000000000000000e+00 -2.340000000000000135e-01 -3.589999999999999858e-01 -3.145000000000000018e-01 -2.426000000000000101e-01 9.818000000000000060e-01 -1.401999999999999913e-01 -2.463000000000000189e-01 -2.203999999999999848e-01 1.401000000000000023e-01 -2.843999999999999861e-01 7.237000000000000099e-01 -1.145999999999999935e-01 5.475600000000000606e-02 1.288809999999999956e-01 9.891025000000000511e-02 5.885476000000000596e-02 9.639312399999999670e-01 1.965603999999999615e-02 6.066369000000000622e-02 4.857615999999999323e-02 1.962801000000000129e-02 8.088335999999998749e-02 5.237416900000000375e-01 1.313315999999999789e-02 1.756875125000000000e+06 1.866706250000000000e+06
1.000000000000000000e+00 -2.257000000000000117e-01 -2.278999999999999915e-01 -1.799000000000000044e-01 -2.579000000000000181e-01 9.800999999999999712e-01 -9.760000000000000620e-02 8.300000000000001821e-03 1.310999999999999943e-01 1.345999999999999974e-01 -1.530000000000000804e-02 -1.700000000000034817e-03 4.259999999999998510e-02 5.094049000000000493e-02 5.193840999999999736e-02 3.236400999999999861e-02 6.651241000000000791e-02 9.605960099999999446e-01 9.525760000000001171e-03 6.889000000000002652e-05 1.718720999999999791e-02 1.811716000000000021e-02 2.340900000000002473e-04 2.890000000000118443e-06 1.814759999999998813e-03 1.757715625000000000e+06 1.865546750000000000e+06
1.000000000000000000e+00 -2.599999999999999881e-03 -1.960000000000000075e-01 -3.070999999999999841e-01 2.920000000000000026e-02 2.006999999999999895e-01 6.360000000000000375e-02 2.231000000000000205e-01 3.189999999999998392e-02 -1.271999999999999797e-01 2.871000000000000218e-01 -7.793999999999999817e-01 1.612000000000000099e-01 6.759999999999999652e-06 3.841600000000000570e-02 9.431040999999998342e-02 8.526399999999999951e-04 4.028048999999999519e-02 4.044960000000000222e-03 4.977361000000000979e-02 1.017609999999998871e-03 1.617983999999999395e-02 8.242641000000001938e-02 6.074643599999999255e-01 2.598544000000000201e-02 1.759401625000000000e+06 1.867923000000000000e+06
1.000000000000000000e+00 -1.750000000000000167e-02 -1.761999999999999955e-01 -1.076000000000000012e-01 1.319999999999999993e-02 2.245999999999999941e-01 4.769999999999999934e-02 -1.490000000000000178e-02 1.980000000000001203e-02 1.994999999999999829e-01 -1.600000000000000033e-02 2.390000000000000457e-02 -1.590000000000000441e-02 3.062500000000000443e-04 3.104643999999999807e-02 1.157775999999999944e-02 1.742399999999999852e-04 5.044515999999999584e-02 2.275290000000000125e-03 2.220100000000000513e-04 3.920400000000004545e-04 3.980024999999999535e-02 2.559999999999999884e-04 5.712100000000002722e-04 2.528100000000001223e-04 1.756805625000000000e+06 1.858398250000000000e+06
1.000000000000000000e+00 1.899999999999999996e-03 5.820000000000000173e-02 2.259999999999999856e-02 2.699999999999999969e-02 3.790000000000000313e-02 5.240000000000000213e-02 1.940000000000000058e-02 2.343999999999999972e-01 1.302000000000000102e-01 1.379999999999999977e-02 -1.866999999999999771e-01 4.700000000000002787e-03 3.610000000000000165e-06 3.387240000000000129e-03 5.107599999999999684e-04 7.289999999999999388e-04 1.436410000000000161e-03 2.745760000000000301e-03 3.763600000000000083e-04 5.494335999999999665e-02 1.695204000000000155e-02 1.904399999999999995e-04 3.485688999999999454e-02 2.209000000000002737e-05 1.758324750000000000e+06 1.855999375000000000e+06
1.000000000000000000e+00 -3.839999999999999664e-02 4.080000000000000293e-02 -9.439999999999999780e-02 5.300000000000000024e-03 5.709999999999999798e-02 9.619999999999999385e-02 -4.029999999999999555e-02 -1.739999999999999880e-02 -1.169999999999999929e-01 -2.170000000000000054e-02 1.919999999999999485e-02 4.379999999999999172e-02 1.474559999999999760e-03 1.664640000000000217e-03 8.911360000000000114e-03 2.809000000000000041e-05 3.260409999999999611e-03 9.254439999999999195e-03 1.624089999999999692e-03 3.027599999999999541e-04 1.368899999999999804e-02 4.708900000000000130e-04 3.686399999999997773e-04 1.918439999999999339e-03 1.759382875000000000e+06 1.859973000000000000e+06
1.000000000000000000e+00 -4.420000000000000318e-02 4.889999999999999902e-02 -1.110000000000000014e-01 2.000000000000000042e-03 5.619999999999999996e-02 8.190000000000000058e-02 -5.800000000000006539e-03 8.099999999999996092e-03 -1.660000000000000364e-02 -3.299999999999999982e-03 -8.999999999999980238e-04 -1.429999999999999327e-02 1.953640000000000411e-03 2.391209999999999950e-03 1.232100000000000035e-02 3.999999999999999819e-06 3.158440000000000206e-03 6.707610000000000135e-03 3.364000000000007772e-05 6.560999999999993595e-05 2.755600000000001061e-04 1.088999999999999907e-05 8.099999999999964799e-07 2.044899999999997989e-04 1.759425375000000000e+06 1.859408000000000000e+06
1.000000000000000000e+00 1.140000000000000041e-02 3.839999999999999664e-02 -1.864999999999999991e-01 2.239999999999999977e-02 -8.390000000000000235e-02 6.710000000000000686e-02 5.560000000000000359e-02 -1.050000000000000239e-02 -7.549999999999999767e-02 2.040000000000000147e-02 -1.401000000000000023e-01 -1.479999999999999372e-02 1.299600000000000093e-04 1.474559999999999760e-03 3.478225000000000067e-02 5.017599999999999665e-04 7.039210000000000605e-03 4.502410000000000960e-03 3.091360000000000462e-03 1.102500000000000507e-04 5.700249999999999588e-03 4.161600000000000542e-04 1.962801000000000129e-02 2.190399999999998273e-04 1.757879250000000000e+06 1.862863875000000000e+06
1.000000000000000000e+00 2.910000000000000087e-02 9.840000000000000135e-02 -1.189000000000000057e-01 5.510000000000000314e-02 -1.832000000000000017e-01 8.699999999999999400e-02 1.770000000000000046e-02 6.000000000000000472e-02 6.759999999999999343e-02 3.270000000000000684e-02 -9.929999999999999938e-02 1.989999999999998714e-02 8.468100000000000323e-04 9.682559999999999778e-03 1.413721000000000075e-02 3.036010000000000444e-03 3.356224000000000013e-02 7.568999999999999340e-03 3.132900000000000311e-04 3.600000000000000769e-03 4.569759999999999101e-03 1.069290000000000518e-03 9.860489999999999533e-03 3.960099999999994831e-04 1.759227625000000000e+06 1.859720500000000000e+06
1.000000000000000000e+00 4.479999999999999954e-02 2.136000000000000121e-01 3.980000000000000204e-02 6.969999999999999807e-02 -6.219999999999999835e-02 5.909999999999999976e-02 1.569999999999999868e-02 1.152000000000000107e-01 1.587000000000000077e-01 1.459999999999999493e-02 1.209999999999999964e-01 -2.789999999999999425e-02 2.007039999999999866e-03 4.562496000000000607e-02 1.584040000000000101e-03 4.858089999999999804e-03 3.868839999999999692e-03 3.492809999999999838e-03 2.464899999999999795e-04 1.327104000000000304e-02 2.518569000000000363e-02 2.131599999999998633e-04 1.464099999999999950e-02 7.784099999999996708e-04 1.760298625000000000e+06 1.866740750000000000e+06
1.000000000000000000e+00 7.570000000000000340e-02 2.847000000000000086e-01 1.637000000000000122e-01 7.660000000000000142e-02 -9.460000000000000353e-02 6.809999999999999387e-02 3.090000000000000385e-02 7.109999999999999654e-02 1.239000000000000101e-01 6.900000000000003353e-03 -3.240000000000000518e-02 8.999999999999994116e-03 5.730490000000000410e-03 8.105409000000000919e-02 2.679769000000000248e-02 5.867559999999999963e-03 8.949160000000001142e-03 4.637609999999999476e-03 9.548100000000002722e-04 5.055209999999999218e-03 1.535121000000000228e-02 4.761000000000004730e-05 1.049760000000000276e-03 8.099999999999989533e-05 1.757987000000000000e+06 1.864998625000000000e+06
1.000000000000000000e+00 1.580000000000000154e-02 9.900000000000000466e-02 6.119999999999999746e-02 6.809999999999999387e-02 2.599999999999999881e-03 8.970000000000000195e-02 -5.990000000000000185e-02 -1.857000000000000040e-01 -1.025000000000000078e-01 -8.500000000000007550e-03 9.720000000000000862e-02 2.160000000000000808e-02 2.496400000000000290e-04 9.801000000000000684e-03 3.745439999999999620e-03 4.637609999999999476e-03 6.759999999999999652e-06 8.046090000000000533e-03 3.588010000000000418e-03 3.448448999999999959e-02 1.050625000000000170e-02 7.225000000000012987e-05 9.447840000000002486e-03 4.665600000000003577e-04 1.761257125000000000e+06 1.867066250000000000e+06
1.000000000000000000e+00 -1.699999999999999905e-03 -3.109999999999999917e-02 -2.368999999999999995e-01 1.121999999999999942e-01 2.829999999999999877e-02 5.430000000000000104e-02 -1.750000000000000167e-02 -1.300999999999999934e-01 -2.980999999999999761e-01 4.410000000000000031e-02 2.570000000000000062e-02 -3.540000000000000091e-02 2.889999999999999859e-06 9.672099999999999231e-04 5.612161000000000233e-02 1.258883999999999871e-02 8.008899999999999570e-04 2.948490000000000225e-03 3.062500000000000443e-04 1.692600999999999828e-02 8.886360999999998178e-02 1.944809999999999942e-03 6.604900000000000137e-04 1.253160000000000125e-03 1.758865500000000000e+06 1.869712875000000000e+06
1.000000000000000000e+00 4.979999999999999705e-02 3.000000000000000062e-03 -6.169999999999999790e-02 1.223999999999999949e-01 -1.015999999999999959e-01 8.229999999999999816e-02 5.149999999999999717e-02 3.409999999999999837e-02 1.751999999999999946e-01 1.020000000000000073e-02 -1.298999999999999877e-01 2.799999999999999711e-02 2.480039999999999762e-03 9.000000000000000228e-06 3.806889999999999840e-03 1.498175999999999848e-02 1.032255999999999972e-02 6.773289999999999519e-03 2.652249999999999660e-03 1.162809999999999799e-03 3.069503999999999982e-02 1.040400000000000135e-04 1.687400999999999832e-02 7.839999999999998663e-04 1.759236375000000000e+06 1.863863500000000000e+06
1.000000000000000000e+00 1.559999999999999928e-02 1.050000000000000065e-02 -1.359999999999999924e-02 3.479999999999999760e-02 1.320000000000000062e-01 6.029999999999999943e-02 -3.419999999999999429e-02 7.500000000000000590e-03 4.809999999999999692e-02 -8.759999999999999731e-02 2.336000000000000021e-01 -2.199999999999999872e-02 2.433599999999999739e-04 1.102500000000000100e-04 1.849599999999999910e-04 1.211039999999999816e-03 1.742400000000000199e-02 3.636089999999999808e-03 1.169639999999999569e-03 5.625000000000001201e-05 2.313609999999999799e-03 7.673759999999999956e-03 5.456895999999999969e-02 4.839999999999999468e-04 1.758510250000000000e+06 1.863530125000000000e+06
1.000000000000000000e+00 8.909999999999999865e-02 1.337000000000000133e-01 -1.799000000000000044e-01 4.510000000000000120e-02 -1.280000000000000061e-02 4.929999999999999660e-02 7.349999999999999589e-02 1.232000000000000178e-01 -1.663000000000000034e-01 1.030000000000000360e-02 -1.448000000000000120e-01 -1.100000000000000283e-02 7.938809999999999270e-03 1.787569000000000310e-02 3.236400999999999861e-02 2.034010000000000158e-03 1.638400000000000034e-04 2.430489999999999561e-03 5.402249999999999067e-03 1.517824000000000430e-02 2.765569000000000013e-02 1.060900000000000769e-04 2.096704000000000276e-02 1.210000000000000680e-04 1.758433500000000000e+06 1.864747625000000000e+06
1.000000000000000000e+00 3.350000000000000200e-02 2.819999999999999937e-02 -1.429999999999999882e-01 4.970000000000000112e-02 -2.401000000000000079e-01 5.589999999999999830e-02 -5.559999999999999665e-02 -1.055000000000000104e-01 3.690000000000001612e-02 4.599999999999999922e-03 -2.273000000000000020e-01 6.600000000000001699e-03 1.122250000000000201e-03 7.952400000000000094e-04 2.044899999999999496e-02 2.470090000000000306e-03 5.764801000000000647e-02 3.124810000000000001e-03 3.091359999999999594e-03 1.113025000000000299e-02 1.361610000000001161e-03 2.116000000000000069e-05 5.166529000000000260e-02 4.356000000000002340e-05 1.756561500000000000e+06 1.860891000000000000e+06
1.000000000000000000e+00 2.369999999999999885e-02 -4.229999999999999732e-02 -1.629999999999999852e-02 5.510000000000000314e-02 -2.580000000000000002e-02 4.120000000000000051e-02 -9.800000000000003153e-03 -7.049999999999999323e-02 1.266999999999999793e-01 5.400000000000002021e-03 2.143000000000000183e-01 -1.469999999999999779e-02 5.616899999999999974e-04 1.789289999999999804e-03 2.656899999999999583e-04 3.036010000000000444e-03 6.656400000000000034e-04 1.697440000000000147e-03 9.604000000000006304e-05 4.970249999999998974e-03 1.605288999999999328e-02 2.916000000000002236e-05 4.592449000000000531e-02 2.160899999999999453e-04 1.757307500000000000e+06 1.859205000000000000e+06
1.000000000000000000e+00 1.170000000000000033e-02 6.560000000000000553e-02 5.439999999999999697e-02 5.659999999999999754e-02 8.690000000000000502e-02 8.480000000000000038e-02 -1.199999999999999852e-02 1.078999999999999959e-01 7.069999999999999896e-02 1.499999999999994393e-03 1.127000000000000085e-01 4.359999999999999987e-02 1.368899999999999989e-04 4.303360000000000865e-03 2.959359999999999855e-03 3.203559999999999828e-03 7.551610000000001134e-03 7.191040000000000106e-03 1.439999999999999765e-04 1.164240999999999887e-02 4.998489999999999531e-03 2.249999999999983116e-06 1.270129000000000223e-02 1.900959999999999933e-03 1.757839875000000000e+06 1.863913875000000000e+06
1.000000000000000000e+00 5.279999999999999971e-02 8.980000000000000482e-02 -1.519000000000000072e-01 9.389999999999999736e-02 1.230000000000000017e-02 7.820000000000000562e-02 4.109999999999999765e-02 2.419999999999999929e-02 -2.063000000000000111e-01 3.729999999999999982e-02 -7.459999999999999964e-02 -6.599999999999994760e-03 2.787839999999999763e-03 8.064040000000001485e-03 2.307361000000000134e-02 8.817209999999998937e-03 1.512899999999999965e-04 6.115240000000000953e-03 1.689209999999999800e-03 5.856400000000000104e-04 4.255969000000000418e-02 1.391289999999999888e-03 5.565159999999999552e-03 4.355999999999992853e-05 1.759664250000000000e+06 1.867581125000000000e+06
1.000000000000000000e+00 5.449999999999999983e-02 2.053000000000000103e-01 -4.760000000000000342e-02 9.500000000000000111e-02 -8.519999999999999796e-02 3.620000000000000301e-02 1.700000000000000122e-03 1.155000000000000054e-01 1.043000000000000038e-01 1.100000000000003753e-03 -9.750000000000000333e-02 -4.200000000000000261e-02 2.970249999999999800e-03 4.214809000000000611e-02 2.265760000000000343e-03 9.025000000000000036e-03 7.259039999999999590e-03 1.310440000000000172e-03 2.890000000000000282e-06 1.334025000000000141e-02 1.087849000000000108e-02 1.210000000000008320e-06 9.506250000000000810e-03 1.764000000000000160e-03 1.757698250000000000e+06 1.863412875000000000e+06
1.000000000000000000e+00 8.709999999999999687e-02 1.279000000000000137e-01 1.205999999999999989e-01 6.310000000000000331e-02 -1.469000000000000028e-01 4.139999999999999930e-02 3.259999999999999704e-02 -7.739999999999999658e-02 1.682000000000000162e-01 -3.189999999999999780e-02 -6.170000000000000484e-02 5.199999999999996292e-03 7.586409999999999161e-03 1.635841000000000378e-02 1.454435999999999923e-02 3.981610000000000010e-03 2.157961000000000254e-02 1.713960000000000049e-03 1.062759999999999833e-03 5.990759999999999488e-03 2.829124000000000569e-02 1.017609999999999956e-03 3.806890000000000707e-03 2.703999999999996134e-05 1.758020500000000000e+06 1.859749750000000000e+06
1.000000000000000000e+00 6.250000000000000000e-02 1.409999999999999969e-02 -2.939999999999999905e-02 6.279999999999999472e-02 -5.009999999999999870e-02 9.600000000000000200e-02 -2.459999999999999687e-02 -1.138000000000000123e-01 -1.499999999999999944e-01 -3.000000000000085931e-04 9.679999999999999716e-02 5.460000000000000270e-02 3.906250000000000000e-03 1.988100000000000023e-04 8.643599999999999981e-04 3.943839999999999672e-03 2.510010000000000019e-03 9.216000000000000233e-03 6.051599999999998777e-04 1.295044000000000230e-02 2.249999999999999917e-02 9.000000000000516018e-08 9.370240000000000166e-03 2.981160000000000494e-03 1.757895250000000000e+06 1.865924500000000000e+06
1.000000000000000000e+00 -1.230000000000000017e-02 9.599999999999999159e-03 -1.847000000000000031e-01 9.840000000000000135e-02 -1.837000000000000022e-01 5.500000000000000028e-02 -7.480000000000000537e-02 -4.500000000000000527e-03 -1.552999999999999936e-01 3.560000000000000664e-02 -1.335999999999999965e-01 -4.100000000000000172e-02 1.512899999999999965e-04 9.215999999999998499e-05 3.411408999999999969e-02 9.682559999999999778e-03 3.374569000000000180e-02 3.024999999999999911e-03 5.595040000000000777e-03 2.025000000000000432e-05 2.411808999999999828e-02 1.267360000000000578e-03 1.784896000000000052e-02 1.681000000000000202e-03 1.757274125000000000e+06 1.866150125000000000e+06
1.000000000000000000e+00 1.062000000000000027e-01 -8.399999999999999481e-03 -3.432999999999999940e-01 1.575999999999999901e-01 -2.656000000000000028e-01 7.400000000000000328e-03 1.185000000000000081e-01 -1.799999999999999864e-02 -1.585999999999999910e-01 5.919999999999998874e-02 -8.190000000000000058e-02 -4.760000000000000342e-02 1.127844000000000069e-02 7.055999999999998851e-05 1.178548899999999899e-01 2.483775999999999692e-02 7.054335999999999940e-02 5.476000000000000426e-05 1.404225000000000265e-02 3.239999999999999608e-04 2.515395999999999604e-02 3.504639999999998538e-03 6.707610000000000135e-03 2.265760000000000343e-03 1.757237375000000000e+06 1.866343000000000000e+06
1.000000000000000000e+00 8.409999999999999420e-02 2.569000000000000172e-01 -2.929999999999999966e-02 9.080000000000000571e-02 -2.854999999999999760e-01 1.640000000000000138e-02 -2.210000000000000853e-02 2.653000000000000358e-01 3.140000000000000013e-01 -6.679999999999998439e-02 -1.989999999999997327e-02 9.000000000000001055e-03 7.072809999999998820e-03 6.599761000000001210e-02 8.584899999999999476e-04 8.244640000000000996e-03 8.151024999999999243e-02 2.689600000000000541e-04 4.884100000000004280e-04 7.038409000000002413e-02 9.859600000000000308e-02 4.462239999999997528e-03 3.960099999999989410e-04 8.100000000000001730e-05 1.750432125000000000e+06 1.858026500000000000e+06
1.000000000000000000e+00 1.867999999999999938e-01 2.175999999999999879e-01 1.565999999999999892e-01 1.408000000000000085e-01 -4.213000000000000078e-01 6.310000000000000331e-02 1.026999999999999996e-01 -3.930000000000002935e-02 1.858999999999999819e-01 5.000000000000000278e-02 -1.358000000000000318e-01 4.670000000000000540e-02 3.489423999999999998e-02 4.734975999999999768e-02 2.452355999999999633e-02 1.982464000000000101e-02 1.774936900000000095e-01 3.981610000000000010e-03 1.054728999999999910e-02 1.544490000000002311e-03 3.455880999999999537e-02 2.500000000000000486e-03 1.844164000000000914e-02 2.180890000000000432e-03 1.755837750000000000e+06 1.868554875000000000e+06
1.000000000000000000e+00 1.600999999999999923e-01 2.769999999999999893e-02 1.269999999999999948e-02 2.134999999999999953e-01 -1.345999999999999974e-01 3.370000000000000079e-02 -2.670000000000000151e-02 -1.898999999999999855e-01 -1.439000000000000001e-01 7.269999999999998685e-02 2.867000000000000104e-01 -2.940000000000000252e-02 2.563200999999999674e-02 7.672899999999998992e-04 1.612899999999999957e-04 4.558224999999999777e-02 1.811716000000000021e-02 1.135689999999999963e-03 7.128900000000000948e-04 3.606200999999999157e-02 2.070721000000000020e-02 5.285289999999998045e-03 8.219689000000000856e-02 8.643600000000001065e-04 1.755254000000000000e+06 1.860673125000000000e+06
1.000000000000000000e+00 7.860000000000000320e-02 2.338000000000000078e-01 3.482000000000000095e-01 1.663999999999999924e-01 8.690000000000000502e-02 -6.310000000000000331e-02 -8.149999999999998912e-02 2.061000000000000054e-01 3.355000000000000204e-01 -4.710000000000000298e-02 2.215000000000000024e-01 -9.679999999999999716e-02 6.177960000000000569e-03 5.466244000000000658e-02 1.212432400000000021e-01 2.768895999999999857e-02 7.551610000000001134e-03 3.981610000000000010e-03 6.642249999999997982e-03 4.247721000000000136e-02 1.125602500000000145e-01 2.218410000000000087e-03 4.906225000000000169e-02 9.370240000000000166e-03 1.755665625000000000e+06 1.870364375000000000e+06
1.000000000000000000e+00 8.350000000000000477e-02 2.149999999999999967e-01 3.306000000000000050e-01 1.021999999999999992e-01 7.430000000000000493e-02 4.000000000000000083e-03 4.900000000000001577e-03 -1.880000000000001115e-02 -1.760000000000000453e-02 -6.419999999999999318e-02 -1.260000000000000009e-02 6.710000000000000686e-02 6.972250000000001016e-03 4.622499999999999526e-02 1.092963600000000091e-01 1.044484000000000037e-02 5.520490000000001160e-03 1.599999999999999928e-05 2.401000000000001576e-05 3.534400000000004378e-04 3.097600000000001784e-04 4.121639999999999332e-03 1.587600000000000046e-04 4.502410000000000960e-03 1.752765500000000000e+06 1.861582250000000000e+06
1.000000000000000000e+00 -1.200000000000000025e-02 4.300000000000000003e-03 -9.420000000000000595e-02 3.269999999999999990e-02 7.810000000000000275e-02 1.839999999999999969e-02 -9.550000000000000155e-02 -2.106999999999999984e-01 -4.248000000000000109e-01 -6.950000000000000622e-02 3.799999999999997824e-03 1.439999999999999961e-02 1.440000000000000036e-04 1.849000000000000085e-05 8.873640000000000347e-03 1.069290000000000084e-03 6.099610000000000101e-03 3.385600000000000111e-04 9.120249999999999885e-03 4.439449000000000173e-02 1.804550400000000110e-01 4.830250000000001209e-03 1.443999999999998372e-05 2.073599999999999933e-04 1.747118750000000000e+06 1.851563500000000000e+06
1.000000000000000000e+00 -3.700000000000000164e-03 -1.439999999999999891e-01 -2.326999999999999902e-01 8.119999999999999440e-02 -1.320999999999999952e-01 -5.300000000000000024e-03 8.300000000000000086e-03 -1.482999999999999874e-01 -1.384999999999999842e-01 4.849999999999999450e-02 -2.101999999999999980e-01 -2.369999999999999885e-02 1.369000000000000106e-05 2.073599999999999749e-02 5.414928999999999576e-02 6.593439999999999024e-03 1.745040999999999953e-02 2.809000000000000041e-05 6.888999999999999941e-05 2.199288999999999758e-02 1.918224999999999444e-02 2.352249999999999307e-03 4.418404000000000081e-02 5.616899999999999974e-04 1.751057000000000000e+06 1.853119000000000000e+06
1.000000000000000000e+00 -5.000000000000000104e-03 -1.750000000000000167e-02 -8.600000000000000006e-03 9.289999999999999647e-02 -1.226000000000000006e-01 -8.119999999999999440e-02 -1.299999999999999940e-03 1.265000000000000013e-01 2.240999999999999936e-01 1.170000000000000207e-02 9.499999999999994560e-03 -7.589999999999999525e-02 2.500000000000000120e-05 3.062500000000000443e-04 7.396000000000000339e-05 8.630409999999999818e-03 1.503076000000000065e-02 6.593439999999999024e-03 1.689999999999999913e-06 1.600224999999999911e-02 5.022080999999999767e-02 1.368900000000000531e-04 9.024999999999990332e-05 5.760809999999999022e-03 1.752745125000000000e+06 1.856869375000000000e+06
1.000000000000000000e+00 1.650000000000000078e-02 2.482999999999999929e-01 1.817000000000000004e-01 6.550000000000000266e-02 2.639999999999999986e-02 -8.150000000000000300e-02 2.150000000000000175e-02 2.657999999999999807e-01 1.902999999999999969e-01 -2.739999999999999380e-02 1.489999999999999936e-01 -3.000000000000085931e-04 2.722500000000000310e-04 6.165288999999999492e-02 3.301488999999999813e-02 4.290250000000000660e-03 6.969599999999999407e-04 6.642250000000000584e-03 4.622500000000000957e-04 7.064963999999998578e-02 3.621408999999999739e-02 7.507599999999996221e-04 2.220099999999999851e-02 9.000000000000516018e-08 1.753656875000000000e+06 1.863728625000000000e+06
1.000000000000000000e+00 -2.189999999999999933e-02 5.109999999999999959e-02 -8.399999999999999481e-03 5.909999999999999976e-02 1.750000000000000167e-02 5.369999999999999774e-02 -3.840000000000000357e-02 -1.971999999999999864e-01 -1.900999999999999912e-01 -6.400000000000002909e-03 -8.899999999999998190e-03 1.351999999999999869e-01 4.796099999999999973e-04 2.611210000000000094e-03 7.055999999999998851e-05 3.492809999999999838e-03 3.062500000000000443e-04 2.883689999999999951e-03 1.474560000000000193e-03 3.888783999999999297e-02 3.613800999999999819e-02 4.096000000000003474e-05 7.920999999999996837e-05 1.827903999999999640e-02 1.755589000000000000e+06 1.866583875000000000e+06
1.000000000000000000e+00 -2.999999999999999889e-02 -1.770000000000000046e-02 -1.950999999999999956e-01 5.639999999999999875e-02 4.660000000000000253e-02 -8.600000000000000006e-03 -8.099999999999999561e-03 -6.880000000000000004e-02 -1.867000000000000048e-01 -2.700000000000001010e-03 2.910000000000000087e-02 -6.229999999999999427e-02 8.999999999999999754e-04 3.132900000000000311e-04 3.806400999999999535e-02 3.180960000000000037e-03 2.171560000000000330e-03 7.396000000000000339e-05 6.560999999999999016e-05 4.733440000000000217e-03 3.485689000000000148e-02 7.290000000000005589e-06 8.468100000000000323e-04 3.881289999999999480e-03 1.753998125000000000e+06 1.865169875000000000e+06
1.000000000000000000e+00 3.780000000000000027e-02 4.469999999999999668e-02 -4.710000000000000298e-02 7.449999999999999678e-02 4.340000000000000108e-02 -6.660000000000000642e-02 6.779999999999999916e-02 6.239999999999999714e-02 1.479999999999999927e-01 1.809999999999999803e-02 -3.200000000000001454e-03 -5.800000000000000988e-02 1.428840000000000015e-03 1.998089999999999675e-03 2.218410000000000087e-03 5.550249999999999628e-03 1.883560000000000052e-03 4.435560000000000717e-03 4.596839999999999607e-03 3.893759999999999583e-03 2.190399999999999639e-02 3.276099999999999347e-04 1.024000000000000868e-05 3.364000000000001104e-03 1.752839375000000000e+06 1.863441375000000000e+06
1.000000000000000000e+00 5.840000000000000052e-02 1.228999999999999954e-01 4.270000000000000184e-02 1.102999999999999953e-01 5.909999999999999976e-02 5.680000000000000326e-02 2.060000000000000026e-02 7.819999999999999174e-02 8.980000000000000482e-02 3.579999999999999849e-02 1.569999999999999868e-02 1.234000000000000097e-01 3.410559999999999981e-03 1.510440999999999867e-02 1.823290000000000197e-03 1.216608999999999920e-02 3.492809999999999838e-03 3.226240000000000444e-03 4.243600000000000367e-04 6.115239999999998351e-03 8.064040000000001485e-03 1.281639999999999906e-03 2.464899999999999795e-04 1.522756000000000283e-02 1.754233750000000000e+06 1.865334250000000000e+06
1.000000000000000000e+00 3.860000000000000236e-02 2.078000000000000125e-01 4.499999999999999660e-03 1.131000000000000061e-01 2.949999999999999845e-02 9.420000000000000595e-02 -1.979999999999999816e-02 8.490000000000001712e-02 -3.820000000000000479e-02 2.800000000000010814e-03 -2.960000000000000131e-02 3.740000000000000269e-02 1.489960000000000243e-03 4.318084000000000505e-02 2.024999999999999755e-05 1.279161000000000187e-02 8.702499999999999299e-04 8.873640000000000347e-03 3.920399999999999124e-04 7.208010000000002540e-03 1.459240000000000320e-03 7.840000000000060462e-06 8.761600000000000681e-04 1.398760000000000194e-03 1.754351125000000000e+06 1.868433125000000000e+06
1.000000000000000000e+00 7.660000000000000142e-02 3.509999999999999926e-02 -3.700000000000000164e-03 4.320000000000000229e-02 -5.000000000000000278e-02 3.640000000000000180e-02 3.799999999999999906e-02 -1.727000000000000202e-01 -8.199999999999998956e-03 -6.990000000000000380e-02 -7.950000000000000122e-02 -5.780000000000000415e-02 5.867559999999999963e-03 1.232009999999999963e-03 1.369000000000000106e-05 1.866240000000000130e-03 2.500000000000000486e-03 1.324960000000000027e-03 1.443999999999999971e-03 2.982529000000000777e-02 6.723999999999998641e-05 4.886010000000000526e-03 6.320250000000000347e-03 3.340840000000000302e-03 1.754440250000000000e+06 1.866286500000000000e+06
1.000000000000000000e+00 2.879999999999999921e-02 -5.120000000000000245e-02 -1.907000000000000084e-01 4.100000000000000172e-02 -9.270000000000000462e-02 6.779999999999999916e-02 -4.780000000000000221e-02 -8.630000000000000171e-02 -1.869999999999999996e-01 -2.200000000000000566e-03 -4.270000000000000184e-02 3.139999999999999736e-02 8.294399999999999733e-04 2.621440000000000055e-03 3.636649000000000131e-02 1.681000000000000202e-03 8.593290000000001691e-03 4.596839999999999607e-03 2.284840000000000221e-03 7.447689999999999866e-03 3.496900000000000008e-02 4.840000000000002788e-06 1.823290000000000197e-03 9.859599999999999181e-04 1.751412125000000000e+06 1.862112250000000000e+06
1.000000000000000000e+00 4.200000000000000261e-02 5.360000000000000181e-02 -1.779000000000000026e-01 6.069999999999999701e-02 1.016999999999999987e-01 7.860000000000000320e-02 1.320000000000000340e-02 1.048000000000000043e-01 1.280000000000000582e-02 1.969999999999999529e-02 1.944000000000000172e-01 1.080000000000000404e-02 1.764000000000000160e-03 2.872960000000000357e-03 3.164841000000000182e-02 3.684489999999999467e-03 1.034289000000000042e-02 6.177960000000000569e-03 1.742400000000000936e-04 1.098304000000000120e-02 1.638400000000001390e-04 3.880899999999997893e-04 3.779136000000000994e-02 1.166400000000000894e-04 1.754007750000000000e+06 1.863926750000000000e+06
1.000000000000000000e+00 5.990000000000000185e-02 1.756000000000000061e-01 1.506000000000000116e-01 7.710000000000000187e-02 -3.629999999999999893e-02 9.329999999999999405e-02 1.789999999999999925e-02 1.219999999999999973e-01 3.285000000000000142e-01 1.640000000000000485e-02 -1.380000000000000115e-01 1.469999999999999085e-02 3.588010000000000418e-03 3.083536000000000263e-02 2.268036000000000357e-02 5.944410000000000666e-03 1.317689999999999834e-03 8.704889999999998115e-03 3.204099999999999765e-04 1.488399999999999966e-02 1.079122500000000151e-01 2.689600000000001625e-04 1.904400000000000190e-02 2.160899999999997285e-04 1.752603500000000000e+06 1.865174750000000000e+06
1.000000000000000000e+00 9.710000000000000575e-02 9.199999999999999845e-02 1.134000000000000008e-01 1.145000000000000046e-01 -1.400000000000000133e-01 1.000000000000000056e-01 3.720000000000000390e-02 -8.360000000000000764e-02 -3.720000000000001084e-02 3.740000000000000269e-02 -1.037000000000000144e-01 6.700000000000011502e-03 9.428410000000001651e-03 8.463999999999999302e-03 1.285956000000000078e-02 1.311025000000000038e-02 1.960000000000000284e-02 1.000000000000000194e-02 1.383840000000000330e-03 6.988960000000001525e-03 1.383840000000000764e-03 1.398760000000000194e-03 1.075369000000000325e-02 4.489000000000015466e-05 1.755445375000000000e+06 1.865128875000000000e+06
1.000000000000000000e+00 1.166999999999999982e-01 4.340000000000000108e-02 -1.401000000000000023e-01 7.729999999999999372e-02 2.089999999999999844e-02 1.097999999999999948e-01 1.959999999999999243e-02 -4.859999999999999737e-02 -2.535000000000000031e-01 -3.720000000000001084e-02 1.609000000000000152e-01 9.799999999999989275e-03 1.361888999999999982e-02 1.883560000000000052e-03 1.962801000000000129e-02 5.975289999999999421e-03 4.368099999999999327e-04 1.205603999999999877e-02 3.841599999999997100e-04 2.361959999999999754e-03 6.426225000000000687e-02 1.383840000000000764e-03 2.588881000000000515e-02 9.603999999999979198e-05 1.757024375000000000e+06 1.873344875000000000e+06
1.000000000000000000e+00 7.779999999999999416e-02 1.930000000000000118e-02 -1.620000000000000051e-01 1.282000000000000084e-01 1.590000000000000094e-02 1.267999999999999960e-01 -3.890000000000000402e-02 -2.409999999999999989e-02 -2.190000000000000280e-02 5.090000000000001468e-02 -4.999999999999997502e-03 1.700000000000000122e-02 6.052839999999999436e-03 3.724900000000000606e-04 2.624399999999999997e-02 1.643524000000000374e-02 2.528100000000000139e-04 1.607824000000000059e-02 1.513210000000000293e-03 5.808099999999999635e-04 4.796100000000001057e-04 2.590810000000001549e-03 2.499999999999997409e-05 2.890000000000000316e-04 1.754296750000000000e+06 1.869489875000000000e+06
1.000000000000000000e+00 8.680000000000000215e-02 -1.209999999999999964e-02 7.599999999999999985e-03 8.930000000000000437e-02 1.500000000000000031e-03 1.116000000000000048e-01 9.000000000000007994e-03 -3.139999999999999736e-02 1.696000000000000008e-01 -3.890000000000000402e-02 -1.440000000000000134e-02 -1.519999999999999130e-02 7.534240000000000208e-03 1.464100000000000026e-04 5.776000000000000264e-05 7.974490000000000745e-03 2.250000000000000057e-06 1.245456000000000167e-02 8.100000000000013927e-05 9.859599999999999181e-04 2.876416000000000042e-02 1.513210000000000293e-03 2.073600000000000475e-04 2.310399999999997395e-04 1.753713625000000000e+06 1.866704250000000000e+06
1.000000000000000000e+00 9.679999999999999716e-02 7.320000000000000118e-02 -1.930000000000000118e-02 4.159999999999999809e-02 5.439999999999999697e-02 1.078999999999999959e-01 9.999999999999995004e-03 8.530000000000000082e-02 -2.690000000000000030e-02 -4.770000000000000628e-02 5.289999999999999564e-02 -3.700000000000008837e-03 9.370240000000000166e-03 5.358240000000000225e-03 3.724900000000000606e-04 1.730559999999999911e-03 2.959359999999999855e-03 1.164240999999999887e-02 9.999999999999989637e-05 7.276089999999999815e-03 7.236099999999999650e-04 2.275290000000000559e-03 2.798409999999999440e-03 1.369000000000006544e-05 1.757598750000000000e+06 1.869957625000000000e+06
1.000000000000000000e+00 5.859999999999999931e-02 1.252999999999999947e-01 2.520000000000000018e-02 6.759999999999999343e-02 -1.930000000000000118e-02 1.325999999999999956e-01 -3.819999999999999785e-02 5.209999999999999354e-02 4.449999999999999789e-02 2.599999999999999534e-02 -7.370000000000000162e-02 2.469999999999999973e-02 3.433959999999999790e-03 1.570008999999999988e-02 6.350400000000000185e-04 4.569759999999999101e-03 3.724900000000000606e-04 1.758275999999999936e-02 1.459239999999999886e-03 2.714409999999999133e-03 1.980249999999999806e-03 6.759999999999997348e-04 5.431690000000000303e-03 6.100899999999999813e-04 1.755457375000000000e+06 1.867909750000000000e+06
1.000000000000000000e+00 9.379999999999999449e-02 4.200000000000000261e-02 -2.980000000000000010e-02 9.439999999999999780e-02 -4.630000000000000088e-02 1.252000000000000057e-01 3.519999999999999518e-02 -8.329999999999998517e-02 -5.500000000000000028e-02 2.680000000000000437e-02 -2.699999999999999969e-02 -7.399999999999989919e-03 8.798439999999999386e-03 1.764000000000000160e-03 8.880399999999999882e-04 8.911360000000000114e-03 2.143690000000000179e-03 1.567504000000000119e-02 1.239039999999999630e-03 6.938889999999997907e-03 3.024999999999999911e-03 7.182400000000001977e-04 7.289999999999999388e-04 5.475999999999984840e-05 1.756479375000000000e+06 1.865535250000000000e+06
1.000000000000000000e+00 1.213000000000000050e-01 -6.900000000000000577e-02 -1.471999999999999975e-01 1.300999999999999934e-01 -3.509999999999999926e-02 1.592000000000000082e-01 2.750000000000001055e-02 -1.110000000000000153e-01 -1.174000000000000044e-01 3.569999999999999563e-02 1.120000000000000162e-02 3.400000000000000244e-02 1.471369000000000149e-02 4.761000000000000475e-03 2.166784000000000071e-02 1.692600999999999828e-02 1.232009999999999963e-03 2.534464000000000161e-02 7.562500000000006283e-04 1.232100000000000382e-02 1.378276000000000154e-02 1.274489999999999651e-03 1.254400000000000458e-04 1.156000000000000126e-03 1.758129000000000000e+06 1.866910000000000000e+06
1.000000000000000000e+00 8.849999999999999534e-02 7.019999999999999851e-02 6.019999999999999657e-02 9.900000000000000466e-02 9.840000000000000135e-02 1.617000000000000104e-01 -3.280000000000000970e-02 1.391999999999999904e-01 2.074000000000000010e-01 -3.109999999999998876e-02 1.335000000000000075e-01 2.500000000000002220e-03 7.832249999999998935e-03 4.928039999999999851e-03 3.624039999999999380e-03 9.801000000000000684e-03 9.682559999999999778e-03 2.614689000000000249e-02 1.075840000000000650e-03 1.937663999999999706e-02 4.301475999999999911e-02 9.672099999999992726e-04 1.782225000000000129e-02 6.250000000000011311e-06 1.758116250000000000e+06 1.869239750000000000e+06
1.000000000000000000e+00 1.174999999999999933e-01 -1.940000000000000058e-02 2.750000000000000014e-02 1.439000000000000001e-01 4.719999999999999890e-02 1.650000000000000078e-01 2.899999999999999800e-02 -8.959999999999999909e-02 -3.269999999999999296e-02 4.489999999999999547e-02 -5.120000000000000245e-02 3.299999999999997380e-03 1.380624999999999908e-02 3.763600000000000083e-04 7.562499999999999778e-04 2.070721000000000020e-02 2.227840000000000029e-03 2.722500000000000267e-02 8.409999999999998423e-04 8.028159999999999463e-03 1.069289999999999434e-03 2.016009999999999504e-03 2.621440000000000055e-03 1.088999999999998213e-05 1.758021000000000000e+06 1.866637000000000000e+06
1.000000000000000000e+00 5.569999999999999951e-02 4.929999999999999660e-02 -2.629000000000000226e-01 5.970000000000000306e-02 2.390000000000000110e-02 1.943000000000000005e-01 -6.179999999999999383e-02 6.869999999999999718e-02 -2.904000000000000470e-01 -8.419999999999999707e-02 -2.329999999999999780e-02 2.929999999999999272e-02 3.102489999999999849e-03 2.430489999999999561e-03 6.911641000000001700e-02 3.564090000000000227e-03 5.712100000000000554e-04 3.775248999999999966e-02 3.819239999999999354e-03 4.719689999999999476e-03 8.433216000000003099e-02 7.089639999999999484e-03 5.428899999999998657e-04 8.584899999999996223e-04 1.753355125000000000e+06 1.866021125000000000e+06
1.000000000000000000e+00 2.199999999999999872e-02 7.960000000000000409e-02 1.060999999999999999e-01 4.080000000000000293e-02 1.635999999999999954e-01 1.073000000000000065e-01 -3.370000000000000079e-02 3.030000000000000748e-02 3.689999999999999947e-01 -1.890000000000000013e-02 1.396999999999999909e-01 -8.699999999999999400e-02 4.839999999999999468e-04 6.336160000000000403e-03 1.125721000000000013e-02 1.664640000000000217e-03 2.676495999999999736e-02 1.151329000000000068e-02 1.135689999999999963e-03 9.180900000000004205e-04 1.361610000000000043e-01 3.572100000000000036e-04 1.951608999999999636e-02 7.568999999999999340e-03 1.752204375000000000e+06 1.852274625000000000e+06
1.000000000000000000e+00 9.320000000000000506e-02 1.150999999999999940e-01 2.605999999999999983e-01 1.149000000000000021e-01 5.000000000000000104e-04 9.719999999999999474e-02 7.120000000000001328e-02 3.549999999999998990e-02 1.544999999999999984e-01 7.409999999999999920e-02 -1.630999999999999950e-01 -1.010000000000001175e-02 8.686240000000001321e-03 1.324800999999999930e-02 6.791236000000000494e-02 1.320201000000000013e-02 2.499999999999999887e-07 9.447839999999999017e-03 5.069440000000002312e-03 1.260249999999999218e-03 2.387024999999999911e-02 5.490809999999999615e-03 2.660160999999999776e-02 1.020100000000002380e-04 1.755250125000000000e+06 1.858669750000000000e+06
1.000000000000000000e+00 1.562000000000000055e-01 1.516000000000000125e-01 -1.048999999999999932e-01 1.743000000000000105e-01 -7.870000000000000606e-02 1.373999999999999944e-01 6.300000000000000044e-02 3.650000000000001854e-02 -3.654999999999999916e-01 5.940000000000000835e-02 -7.920000000000000651e-02 4.019999999999999962e-02 2.439844000000000040e-02 2.298256000000000257e-02 1.100400999999999810e-02 3.038049000000000305e-02 6.193690000000000827e-03 1.887875999999999790e-02 3.969000000000000306e-03 1.332250000000001402e-03 1.335902499999999937e-01 3.528360000000000784e-03 6.272640000000001201e-03 1.616040000000000011e-03 1.757855500000000000e+06 1.869068250000000000e+06
1.000000000000000000e+00 8.809999999999999776e-02 1.355000000000000093e-01 -8.619999999999999885e-02 9.439999999999999780e-02 -1.439000000000000001e-01 1.398000000000000076e-01 -6.810000000000000775e-02 -1.610000000000000320e-02 1.869999999999999440e-02 -7.990000000000001268e-02 -6.519999999999999407e-02 2.400000000000013234e-03 7.761609999999999517e-03 1.836025000000000157e-02 7.430439999999999962e-03 8.911360000000000114e-03 2.070721000000000020e-02 1.954404000000000211e-02 4.637610000000001211e-03 2.592100000000001152e-04 3.496899999999997775e-04 6.384010000000001593e-03 4.251039999999999333e-03 5.760000000000063436e-06 1.758255875000000000e+06 1.867752875000000000e+06
1.000000000000000000e+00 4.349999999999999700e-02 1.269999999999999948e-02 -1.125000000000000028e-01 5.149999999999999717e-02 -2.088000000000000134e-01 1.766999999999999960e-01 -4.460000000000000075e-02 -1.228000000000000064e-01 -2.630000000000000393e-02 -4.290000000000000063e-02 -6.490000000000001323e-02 3.689999999999998836e-02 1.892249999999999835e-03 1.612899999999999957e-04 1.265625000000000083e-02 2.652249999999999660e-03 4.359744000000000813e-02 3.122288999999999967e-02 1.989160000000000234e-03 1.507984000000000234e-02 6.916900000000002300e-04 1.840410000000000006e-03 4.212010000000002141e-03 1.361609999999999210e-03 1.756421000000000000e+06 1.866541000000000000e+06
1.000000000000000000e+00 2.709999999999999909e-02 -9.569999999999999341e-02 -3.215000000000000080e-01 6.940000000000000335e-02 -2.341000000000000025e-01 2.323000000000000065e-01 -1.639999999999999791e-02 -1.083999999999999964e-01 -2.090000000000000191e-01 1.790000000000000618e-02 -2.529999999999998916e-02 5.560000000000001052e-02 7.344099999999999023e-04 9.158489999999998299e-03 1.033622500000000027e-01 4.816360000000000433e-03 5.480281000000000041e-02 5.396329000000000403e-02 2.689599999999999456e-04 1.175055999999999844e-02 4.368100000000000455e-02 3.204100000000002476e-04 6.400899999999994094e-04 3.091360000000001329e-03 1.755385375000000000e+06 1.860525750000000000e+06
1.000000000000000000e+00 3.300000000000000155e-02 1.269000000000000128e-01 -1.542000000000000037e-01 6.710000000000000686e-02 -1.375000000000000111e-01 1.731999999999999929e-01 5.900000000000002465e-03 2.226000000000000201e-01 1.673000000000000043e-01 -2.299999999999996492e-03 9.659999999999999143e-02 -5.910000000000001363e-02 1.089000000000000124e-03 1.610361000000000431e-02 2.377764000000000266e-02 4.502410000000000960e-03 1.890625000000000291e-02 2.999823999999999893e-02 3.481000000000002755e-05 4.955076000000000619e-02 2.798929000000000000e-02 5.289999999999984080e-06 9.331559999999999161e-03 3.492810000000001573e-03 1.749930000000000000e+06 1.856710125000000000e+06
1.000000000000000000e+00 1.224999999999999978e-01 3.518000000000000016e-01 2.576999999999999846e-01 1.572999999999999954e-01 -6.869999999999999718e-02 2.379000000000000004e-01 8.949999999999999623e-02 2.248999999999999888e-01 4.118999999999999884e-01 9.019999999999998852e-02 6.880000000000001392e-02 6.470000000000000751e-02 1.500624999999999876e-02 1.237632399999999966e-01 6.640928999999999582e-02 2.474328999999999765e-02 4.719689999999999476e-03 5.659640999999999977e-02 8.010250000000000009e-03 5.058000999999999470e-02 1.696616099999999905e-01 8.136039999999997163e-03 4.733440000000001951e-03 4.186090000000000817e-03 1.749298000000000000e+06 1.858283125000000000e+06
1.000000000000000000e+00 1.660000000000000087e-01 1.325999999999999956e-01 8.939999999999999336e-02 1.913999999999999868e-01 -2.038000000000000089e-01 1.872999999999999943e-01 4.350000000000001088e-02 -2.192000000000000060e-01 -1.683000000000000052e-01 3.409999999999999143e-02 -1.350999999999999979e-01 -5.060000000000000608e-02 2.755600000000000410e-02 1.758275999999999936e-02 7.992359999999998701e-03 3.663395999999999320e-02 4.153444000000000580e-02 3.508129000000000108e-02 1.892250000000000919e-03 4.804864000000000357e-02 2.832489000000000187e-02 1.162809999999999365e-03 1.825200999999999907e-02 2.560360000000000674e-03 1.756683750000000000e+06 1.865903625000000000e+06
1.000000000000000000e+00 4.189999999999999974e-02 1.156999999999999973e-01 -2.429999999999999868e-02 7.370000000000000162e-02 -2.189000000000000112e-01 1.519000000000000072e-01 -1.241000000000000159e-01 -1.689999999999999836e-02 -1.136999999999999955e-01 -1.176999999999999852e-01 -1.510000000000000231e-02 -3.539999999999998703e-02 1.755609999999999896e-03 1.338648999999999915e-02 5.904899999999999385e-04 5.431690000000000303e-03 4.791721000000000175e-02 2.307361000000000134e-02 1.540081000000000436e-02 2.856099999999999438e-04 1.292768999999999863e-02 1.385328999999999727e-02 2.280100000000000616e-04 1.253159999999999040e-03 1.754940875000000000e+06 1.867966500000000000e+06
1.000000000000000000e+00 8.730000000000000260e-02 1.764999999999999902e-01 9.199999999999999845e-03 8.890000000000000679e-02 -1.449999999999999900e-01 1.715000000000000135e-01 4.540000000000000285e-02 6.079999999999999294e-02 3.350000000000000200e-02 1.520000000000000517e-02 7.390000000000002123e-02 1.960000000000000631e-02 7.621290000000000182e-03 3.115224999999999592e-02 8.464000000000000278e-05 7.903210000000000790e-03 2.102499999999999855e-02 2.941225000000000436e-02 2.061160000000000249e-03 3.696639999999999301e-03 1.122250000000000201e-03 2.310400000000001461e-04 5.461210000000002798e-03 3.841600000000002521e-04 1.755018625000000000e+06 1.868358375000000000e+06
1.000000000000000000e+00 1.160999999999999949e-01 2.868999999999999884e-01 1.270000000000000018e-01 1.083999999999999964e-01 -1.499000000000000055e-01 1.101000000000000034e-01 2.879999999999999227e-02 1.103999999999999981e-01 1.178000000000000019e-01 1.949999999999998956e-02 -4.900000000000015454e-03 -6.140000000000001013e-02 1.347920999999999842e-02 8.231160999999999339e-02 1.612900000000000097e-02 1.175055999999999844e-02 2.247001000000000207e-02 1.212201000000000077e-02 8.294399999999995396e-04 1.218815999999999997e-02 1.387683999999999966e-02 3.802499999999995662e-04 2.401000000000015128e-05 3.769960000000001452e-03 1.754741750000000000e+06 1.871552375000000000e+06
1.000000000000000000e+00 7.470000000000000251e-02 1.423000000000000098e-01 2.230000000000000038e-01 8.500000000000000611e-02 -1.658000000000000029e-01 1.164000000000000035e-01 -4.139999999999999236e-02 -1.445999999999999786e-01 9.600000000000000200e-02 -2.339999999999999025e-02 -1.589999999999999747e-02 6.300000000000000044e-03 5.580090000000000224e-03 2.024929000000000312e-02 4.972900000000000237e-02 7.225000000000001386e-03 2.748964000000000268e-02 1.354896000000000052e-02 1.713959999999999399e-03 2.090915999999999261e-02 9.216000000000000233e-03 5.475599999999995618e-04 2.528099999999999055e-04 3.969000000000000116e-05 1.754943875000000000e+06 1.864885125000000000e+06
1.000000000000000000e+00 7.829999999999999460e-02 -3.099999999999999978e-02 -5.330000000000000016e-02 1.020999999999999963e-01 6.000000000000000125e-03 9.020000000000000240e-02 3.599999999999992095e-03 -1.733000000000000096e-01 -2.762999999999999901e-01 1.709999999999999021e-02 1.718000000000000083e-01 -2.620000000000000107e-02 6.130889999999999083e-03 9.609999999999999402e-04 2.840889999999999995e-03 1.042440999999999854e-02 3.600000000000000091e-05 8.136040000000000633e-03 1.295999999999994368e-05 3.003289000000000306e-02 7.634168999999998984e-02 2.924099999999996754e-04 2.951524000000000161e-02 6.864400000000000753e-04 1.755237000000000000e+06 1.864799125000000000e+06
1.000000000000000000e+00 9.360000000000000264e-02 3.640000000000000180e-02 -6.000000000000000125e-03 5.990000000000000185e-02 1.567999999999999949e-01 8.830000000000000349e-02 1.530000000000000804e-02 6.740000000000000158e-02 4.730000000000000177e-02 -4.219999999999999446e-02 1.507999999999999896e-01 -1.899999999999998912e-03 8.760959999999999928e-03 1.324960000000000027e-03 3.600000000000000091e-05 3.588010000000000418e-03 2.458623999999999879e-02 7.796890000000000764e-03 2.340900000000002473e-04 4.542759999999999854e-03 2.237290000000000285e-03 1.780839999999999463e-03 2.274063999999999600e-02 3.609999999999995930e-06 1.755311125000000000e+06 1.868986000000000000e+06
1.000000000000000000e+00 4.420000000000000318e-02 -1.239999999999999956e-02 -5.179999999999999882e-02 5.000000000000000278e-02 2.003999999999999948e-01 7.090000000000000469e-02 -4.939999999999999947e-02 -4.880000000000000310e-02 -4.580000000000000043e-02 -9.899999999999999079e-03 4.359999999999999987e-02 -1.739999999999999880e-02 1.953640000000000411e-03 1.537599999999999915e-04 2.683239999999999931e-03 2.500000000000000486e-03 4.016016000000000030e-02 5.026810000000000479e-03 2.440359999999999925e-03 2.381440000000000293e-03 2.097640000000000008e-03 9.800999999999997811e-05 1.900959999999999933e-03 3.027599999999999541e-04 1.758721375000000000e+06 1.873114625000000000e+06
1.000000000000000000e+00 3.719999999999999696e-02 1.584000000000000130e-01 4.959999999999999826e-02 2.970000000000000070e-02 1.708999999999999964e-01 6.700000000000000400e-02 -7.000000000000006217e-03 1.708000000000000074e-01 1.013999999999999901e-01 -2.030000000000000207e-02 -2.949999999999999845e-02 -3.900000000000000688e-03 1.383839999999999680e-03 2.509056000000000480e-02 2.460159999999999864e-03 8.820900000000000876e-04 2.920680999999999972e-02 4.489000000000000802e-03 4.900000000000008651e-05 2.917264000000000315e-02 1.028195999999999798e-02 4.120900000000001016e-04 8.702499999999999299e-04 1.521000000000000515e-05 1.756186000000000000e+06 1.871247500000000000e+06
1.000000000000000000e+00 3.509999999999999926e-02 -2.799999999999999972e-03 -1.699999999999999905e-03 4.479999999999999954e-02 9.400000000000000369e-03 5.609999999999999709e-02 -2.099999999999997702e-03 -1.612000000000000099e-01 -5.129999999999999838e-02 1.509999999999999884e-02 -1.615000000000000047e-01 -1.090000000000000691e-02 1.232009999999999963e-03 7.839999999999999476e-06 2.889999999999999859e-06 2.007039999999999866e-03 8.836000000000000104e-05 3.147209999999999678e-03 4.409999999999989964e-06 2.598544000000000201e-02 2.631689999999999897e-03 2.280099999999999532e-04 2.608225000000000127e-02 1.188100000000001449e-04 1.758785000000000000e+06 1.868513750000000000e+06
1.000000000000000000e+00 4.039999999999999841e-02 -1.222000000000000031e-01 -1.097999999999999948e-01 4.959999999999999826e-02 -3.020000000000000115e-02 4.299999999999999656e-02 5.299999999999999156e-03 -1.194000000000000061e-01 -1.081000000000000016e-01 4.799999999999998712e-03 -3.960000000000000325e-02 -1.310000000000000053e-02 1.632159999999999904e-03 1.493284000000000104e-02 1.205603999999999877e-02 2.460159999999999864e-03 9.120400000000000295e-04 1.848999999999999732e-03 2.808999999999999025e-05 1.425636000000000091e-02 1.168561000000000079e-02 2.303999999999998608e-05 1.568160000000000300e-03 1.716100000000000188e-04 1.756248875000000000e+06 1.864274750000000000e+06
1.000000000000000000e+00 9.039999999999999425e-02 2.000000000000000042e-02 -1.577999999999999958e-01 6.809999999999999387e-02 -6.000000000000000125e-03 6.679999999999999827e-02 4.999999999999999584e-02 1.421999999999999931e-01 -4.800000000000000100e-02 1.849999999999999561e-02 2.419999999999999929e-02 2.380000000000000171e-02 8.172159999999999494e-03 4.000000000000000192e-04 2.490083999999999700e-02 4.637609999999999476e-03 3.600000000000000091e-05 4.462240000000000130e-03 2.499999999999999618e-03 2.022083999999999687e-02 2.304000000000000058e-03 3.422499999999998352e-04 5.856400000000000104e-04 5.664400000000000858e-04 1.757699125000000000e+06 1.866695125000000000e+06
1.000000000000000000e+00 5.999999999999999778e-02 1.698000000000000065e-01 -5.419999999999999818e-02 5.330000000000000016e-02 -1.299999999999999940e-02 9.429999999999999494e-02 -3.039999999999999647e-02 1.498000000000000165e-01 1.035999999999999976e-01 -1.479999999999999372e-02 -6.999999999999999278e-03 2.749999999999999667e-02 3.599999999999999901e-03 2.883204000000000322e-02 2.937639999999999609e-03 2.840889999999999995e-03 1.689999999999999879e-04 8.892489999999999423e-03 9.241599999999998254e-04 2.244004000000000484e-02 1.073295999999999972e-02 2.190399999999998273e-04 4.899999999999999164e-05 7.562499999999998694e-04 1.757840750000000000e+06 1.866088500000000000e+06
1.000000000000000000e+00 2.580000000000000002e-02 5.410000000000000225e-02 7.979999999999999594e-02 9.450000000000000067e-02 -2.409999999999999989e-02 5.410000000000000225e-02 -3.419999999999999429e-02 -1.156999999999999973e-01 1.340000000000000080e-01 4.120000000000000051e-02 -1.110000000000000049e-02 -4.019999999999999268e-02 6.656400000000000034e-04 2.926810000000000175e-03 6.368039999999999291e-03 8.930250000000000687e-03 5.808099999999999635e-04 2.926810000000000175e-03 1.169639999999999569e-03 1.338648999999999915e-02 1.795600000000000321e-02 1.697440000000000147e-03 1.232100000000000079e-04 1.616039999999999361e-03 1.758316125000000000e+06 1.867976250000000000e+06
1.000000000000000000e+00 8.630000000000000171e-02 -1.058999999999999941e-01 -2.250999999999999945e-01 8.210000000000000631e-02 2.700000000000000143e-03 1.280000000000000027e-01 6.049999999999999822e-02 -1.600000000000000033e-01 -3.049000000000000044e-01 -1.239999999999999436e-02 2.680000000000000090e-02 7.389999999999999347e-02 7.447689999999999866e-03 1.121480999999999867e-02 5.067000999999999450e-02 6.740410000000001366e-03 7.290000000000000507e-06 1.638399999999999926e-02 3.660249999999999875e-03 2.560000000000000123e-02 9.296400999999999970e-02 1.537599999999998560e-04 7.182400000000000893e-04 5.461209999999999329e-03 1.758318000000000000e+06 1.871455125000000000e+06
1.000000000000000000e+00 6.100000000000000387e-03 1.811000000000000110e-01 -1.343000000000000027e-01 -9.199999999999999845e-03 -5.670000000000000040e-02 1.199999999999999956e-01 -8.020000000000000739e-02 2.870000000000000329e-01 9.079999999999999183e-02 -9.130000000000000615e-02 -5.940000000000000141e-02 -8.000000000000007105e-03 3.721000000000000457e-05 3.279721000000000719e-02 1.803649000000000224e-02 8.464000000000000278e-05 3.214890000000000195e-03 1.439999999999999961e-02 6.432040000000000847e-03 8.236900000000002553e-02 8.244639999999999261e-03 8.335690000000001501e-03 3.528360000000000350e-03 6.400000000000011908e-05 1.757864125000000000e+06 1.871327750000000000e+06
1.000000000000000000e+00 2.280000000000000082e-02 4.580000000000000043e-02 6.230000000000000121e-02 1.430000000000000021e-02 9.560000000000000442e-02 1.272999999999999965e-01 1.669999999999999957e-02 -1.353000000000000036e-01 1.965999999999999970e-01 2.350000000000000006e-02 1.522999999999999909e-01 7.300000000000000933e-03 5.198400000000000373e-04 2.097640000000000008e-03 3.881290000000000347e-03 2.044900000000000157e-04 9.139360000000000886e-03 1.620529000000000067e-02 2.788900000000000081e-04 1.830609000000000056e-02 3.865156000000000147e-02 5.522500000000000065e-04 2.319528999999999688e-02 5.329000000000001325e-05 1.761340625000000000e+06 1.869745250000000000e+06
1.000000000000000000e+00 3.470000000000000168e-02 -8.150000000000000300e-02 -3.549999999999999684e-02 1.760000000000000106e-02 1.255999999999999894e-01 1.310000000000000053e-01 1.190000000000000085e-02 -1.272999999999999965e-01 -9.779999999999999805e-02 3.300000000000000849e-03 2.999999999999998501e-02 3.700000000000008837e-03 1.204090000000000108e-03 6.642250000000000584e-03 1.260249999999999869e-03 3.097600000000000158e-04 1.577535999999999869e-02 1.716100000000000264e-02 1.416100000000000214e-04 1.620529000000000067e-02 9.564839999999999801e-03 1.089000000000000585e-05 8.999999999999991080e-04 1.369000000000006544e-05 1.761739125000000000e+06 1.871237250000000000e+06
1.000000000000000000e+00 -1.379999999999999977e-02 1.622000000000000108e-01 -2.414999999999999925e-01 -1.510000000000000057e-02 -3.751999999999999780e-01 2.908999999999999919e-01 -4.850000000000000144e-02 2.437000000000000277e-01 -2.059999999999999887e-01 -3.269999999999999990e-02 -5.007999999999999119e-01 1.598999999999999866e-01 1.904399999999999995e-04 2.630884000000000347e-02 5.832224999999999909e-02 2.280100000000000074e-04 1.407750399999999902e-01 8.462280999999999276e-02 2.352250000000000174e-03 5.938969000000001580e-02 4.243599999999999456e-02 1.069290000000000084e-03 2.508006399999999081e-01 2.556800999999999519e-02 1.744544500000000000e+06 1.846733000000000000e+06
1.000000000000000000e+00 3.509999999999999926e-02 8.949999999999999623e-02 -1.107000000000000067e-01 -1.799999999999999951e-03 -5.616999999999999771e-01 3.937999999999999834e-01 4.889999999999999902e-02 -7.270000000000001461e-02 1.307999999999999718e-01 1.330000000000000106e-02 -1.864999999999999991e-01 1.028999999999999915e-01 1.232009999999999963e-03 8.010250000000000009e-03 1.225449000000000156e-02 3.239999999999999896e-06 3.155068899999999843e-01 1.550784399999999841e-01 2.391209999999999950e-03 5.285290000000002382e-03 1.710863999999999094e-02 1.768900000000000225e-04 3.478225000000000067e-02 1.058840999999999775e-02 1.753688875000000000e+06 1.858197875000000000e+06
1.000000000000000000e+00 6.990000000000000380e-02 2.569000000000000172e-01 2.293999999999999928e-01 8.740000000000000546e-02 -1.038000000000000034e-01 2.020000000000000129e-01 3.480000000000000454e-02 1.674000000000000210e-01 3.401000000000000134e-01 8.920000000000000151e-02 4.578999999999999737e-01 -1.917999999999999705e-01 4.886010000000000526e-03 6.599761000000001210e-02 5.262435999999999503e-02 7.638760000000001382e-03 1.077444000000000145e-02 4.080400000000000693e-02 1.211040000000000250e-03 2.802276000000000766e-02 1.156680100000000155e-01 7.956640000000000934e-03 2.096724099999999757e-01 3.678723999999999189e-02 1.750774875000000000e+06 1.856273750000000000e+06
1.000000000000000000e+00 9.170000000000000373e-02 2.590999999999999970e-01 8.830000000000000349e-02 6.669999999999999540e-02 -9.900000000000000813e-03 1.145000000000000046e-01 2.179999999999999993e-02 2.199999999999979750e-03 -1.411000000000000032e-01 -2.070000000000001006e-02 9.389999999999999736e-02 -8.750000000000000833e-02 8.408890000000000461e-03 6.713281000000000109e-02 7.796890000000000764e-03 4.448889999999999616e-03 9.801000000000001876e-05 1.311025000000000038e-02 4.752399999999999832e-04 4.839999999999911308e-06 1.990921000000000010e-02 4.284900000000003918e-04 8.817209999999998937e-03 7.656250000000001596e-03 1.758070625000000000e+06 1.864114000000000000e+06
1.000000000000000000e+00 2.120000000000000009e-02 2.200000000000000133e-03 -1.489000000000000046e-01 2.699999999999999969e-02 -2.280999999999999972e-01 1.567000000000000060e-01 -7.050000000000000711e-02 -2.569000000000000172e-01 -2.372000000000000219e-01 -3.969999999999999918e-02 -2.182000000000000051e-01 4.220000000000000140e-02 4.494400000000000066e-04 4.840000000000000247e-06 2.217121000000000022e-02 7.289999999999999388e-04 5.202960999999999697e-02 2.455489000000000283e-02 4.970250000000000709e-03 6.599761000000001210e-02 5.626384000000000940e-02 1.576090000000000043e-03 4.761123999999999912e-02 1.780840000000000114e-03 1.760442875000000000e+06 1.869779750000000000e+06
1.000000000000000000e+00 -1.689999999999999836e-02 -3.400000000000000244e-02 -3.000999999999999779e-01 7.100000000000000408e-03 -4.643999999999999795e-01 2.320000000000000118e-01 -3.809999999999999498e-02 -3.620000000000000301e-02 -1.511999999999999733e-01 -1.990000000000000102e-02 -2.362999999999999823e-01 7.530000000000000582e-02 2.856099999999999438e-04 1.156000000000000126e-03 9.006000999999998202e-02 5.041000000000000694e-05 2.156673599999999746e-01 5.382400000000000378e-02 1.451609999999999663e-03 1.310440000000000172e-03 2.286143999999999329e-02 3.960100000000000252e-04 5.583768999999998844e-02 5.670090000000000893e-03 1.753351750000000000e+06 1.863203875000000000e+06
1.000000000000000000e+00 5.879999999999999810e-02 9.320000000000000506e-02 -9.360000000000000264e-02 4.839999999999999858e-02 -2.949999999999999845e-01 2.577999999999999736e-01 7.569999999999998952e-02 1.272000000000000075e-01 2.064999999999999614e-01 4.129999999999999644e-02 1.693999999999999950e-01 2.579999999999996185e-02 3.457439999999999992e-03 8.686240000000001321e-03 8.760959999999999928e-03 2.342560000000000042e-03 8.702499999999999125e-02 6.646083999999999326e-02 5.730489999999998675e-03 1.617984000000000089e-02 4.264224999999998572e-02 1.705689999999999724e-03 2.869635999999999715e-02 6.656399999999980518e-04 1.754119500000000000e+06 1.866835625000000000e+06
1.000000000000000000e+00 1.029999999999999943e-01 4.199999999999999845e-01 3.572000000000000175e-01 1.199000000000000066e-01 5.559999999999999665e-02 9.070000000000000284e-02 4.419999999999999624e-02 3.267999999999999794e-01 4.508000000000000340e-01 7.150000000000000799e-02 3.505999999999999672e-01 -1.670999999999999708e-01 1.060899999999999864e-02 1.763999999999999735e-01 1.275918400000000119e-01 1.437601000000000157e-02 3.091359999999999594e-03 8.226490000000001232e-03 1.953639999999999544e-03 1.067982399999999887e-01 2.032206400000000357e-01 5.112250000000001342e-03 1.229203599999999785e-01 2.792240999999999126e-02 1.752632250000000000e+06 1.869942000000000000e+06
1.000000000000000000e+00 1.607000000000000095e-01 2.497000000000000053e-01 2.464999999999999969e-01 1.953000000000000014e-01 2.293000000000000038e-01 -4.819999999999999979e-02 5.770000000000001517e-02 -1.702999999999999792e-01 -1.107000000000000206e-01 7.539999999999999480e-02 1.737000000000000210e-01 -1.388999999999999957e-01 2.582449000000000203e-02 6.235009000000000384e-02 6.076224999999999682e-02 3.814209000000000349e-02 5.257848999999999856e-02 2.323239999999999854e-03 3.329290000000001675e-03 2.900208999999999426e-02 1.225449000000000503e-02 5.685159999999998999e-03 3.017169000000000795e-02 1.929320999999999814e-02 1.756130125000000000e+06 1.867518750000000000e+06
1.000000000000000000e+00 3.910000000000000281e-02 -1.350999999999999979e-01 -1.134000000000000008e-01 1.125000000000000028e-01 2.281999999999999862e-01 -6.700000000000000226e-03 -1.216000000000000136e-01 -3.848000000000000309e-01 -3.598999999999999977e-01 -8.279999999999999860e-02 -1.100000000000017630e-03 4.150000000000000216e-02 1.528810000000000238e-03 1.825200999999999907e-02 1.285956000000000078e-02 1.265625000000000083e-02 5.207523999999999487e-02 4.489000000000000558e-05 1.478656000000000414e-02 1.480710400000000149e-01 1.295280099999999990e-01 6.855840000000000198e-03 1.210000000000038813e-06 1.722250000000000256e-03 1.754828375000000000e+06 1.863864750000000000e+06
1.000000000000000000e+00 -3.039999999999999994e-02 -1.363000000000000045e-01 -9.669999999999999429e-02 3.599999999999999728e-02 6.389999999999999847e-02 1.170000000000000033e-02 -6.950000000000000622e-02 -1.200000000000006617e-03 1.670000000000000651e-02 -7.650000000000001243e-02 -1.643000000000000016e-01 1.839999999999999969e-02 9.241600000000000422e-04 1.857769000000000087e-02 9.350889999999998856e-03 1.295999999999999843e-03 4.083209999999999444e-03 1.368899999999999989e-04 4.830250000000001209e-03 1.440000000000015859e-06 2.788900000000002250e-04 5.852250000000001548e-03 2.699448999999999946e-02 3.385600000000000111e-04 1.753517375000000000e+06 1.862630375000000000e+06
1.000000000000000000e+00 4.379999999999999866e-02 8.050000000000000211e-02 -1.079999999999999988e-01 4.540000000000000285e-02 1.064999999999999974e-01 -9.900000000000000813e-03 7.420000000000000207e-02 2.167999999999999927e-01 -1.130000000000000449e-02 9.400000000000005573e-03 4.259999999999999898e-02 -2.160000000000000114e-02 1.918439999999999989e-03 6.480250000000000767e-03 1.166399999999999902e-02 2.061160000000000249e-03 1.134224999999999990e-02 9.801000000000001876e-05 5.505640000000000013e-03 4.700223999999999375e-02 1.276900000000001005e-04 8.836000000000010946e-05 1.814759999999999898e-03 4.665600000000000324e-04 1.757937125000000000e+06 1.866162625000000000e+06
1.000000000000000000e+00 7.320000000000000118e-02 2.469999999999999973e-01 -8.809999999999999776e-02 -1.110000000000000049e-02 -2.713999999999999746e-01 2.873999999999999888e-01 2.940000000000000252e-02 1.664999999999999813e-01 1.990000000000000102e-02 -5.650000000000000161e-02 -3.778999999999999582e-01 2.973000000000000087e-01 5.358240000000000225e-03 6.100900000000000073e-02 7.761609999999999517e-03 1.232100000000000079e-04 7.365795999999998067e-02 8.259875999999999330e-02 8.643600000000001065e-04 2.772224999999999343e-02 3.960100000000000252e-04 3.192250000000000209e-03 1.428084099999999690e-01 8.838729000000000724e-02 1.755686000000000000e+06 1.863344375000000000e+06
1.000000000000000000e+00 1.098999999999999977e-01 2.719999999999999848e-02 4.449999999999999789e-02 7.770000000000000517e-02 -1.592000000000000082e-01 2.695000000000000173e-01 3.669999999999999651e-02 -2.197999999999999954e-01 1.325999999999999956e-01 8.880000000000000393e-02 1.121999999999999664e-01 -1.789999999999997149e-02 1.207801000000000013e-02 7.398399999999999638e-04 1.980249999999999806e-03 6.037290000000000711e-03 2.534464000000000161e-02 7.263025000000000730e-02 1.346889999999999676e-03 4.831204000000000054e-02 1.758275999999999936e-02 7.885440000000000504e-03 1.258883999999999177e-02 3.204099999999990007e-04 1.760041000000000000e+06 1.866281875000000000e+06
1.000000000000000000e+00 1.325999999999999956e-01 -1.000000000000000048e-04 1.049999999999999961e-01 1.491000000000000103e-01 2.237000000000000099e-01 1.731999999999999929e-01 2.269999999999999796e-02 -2.729999999999999788e-02 6.049999999999999822e-02 7.140000000000000513e-02 3.829000000000000181e-01 -9.630000000000002447e-02 1.758275999999999936e-02 1.000000000000000021e-08 1.102499999999999834e-02 2.223081000000000362e-02 5.004169000000000672e-02 2.999823999999999893e-02 5.152899999999999538e-04 7.452899999999999065e-04 3.660249999999999875e-03 5.097960000000000338e-03 1.466124100000000263e-01 9.273690000000004569e-03 1.761194750000000000e+06 1.871838875000000000e+06
1.000000000000000000e+00 1.650999999999999968e-01 -6.650000000000000355e-02 -7.989999999999999880e-02 1.892999999999999960e-01 -3.790000000000000313e-02 1.678000000000000047e-01 3.250000000000000111e-02 -6.640000000000000069e-02 -1.849000000000000088e-01 4.019999999999998574e-02 -2.615999999999999992e-01 -5.399999999999988143e-03 2.725800999999999918e-02 4.422250000000000833e-03 6.384009999999999858e-03 3.583448999999999662e-02 1.436410000000000161e-03 2.815684000000000242e-02 1.056250000000000114e-03 4.408959999999999962e-03 3.418801000000000478e-02 1.616039999999998927e-03 6.843456000000000539e-02 2.915999999999987328e-05 1.757720500000000000e+06 1.860668375000000000e+06
1.000000000000000000e+00 6.859999999999999432e-02 4.599999999999999922e-02 -2.073000000000000120e-01 3.769999999999999740e-02 -8.740000000000000546e-02 1.246000000000000024e-01 -9.650000000000000244e-02 1.125000000000000028e-01 -1.274000000000000132e-01 -1.516000000000000125e-01 -4.950000000000000233e-02 -4.320000000000000229e-02 4.705959999999999484e-03 2.115999999999999825e-03 4.297329000000000426e-02 1.421289999999999750e-03 7.638760000000001382e-03 1.552516000000000139e-02 9.312250000000001082e-03 1.265625000000000083e-02 1.623076000000000380e-02 2.298256000000000257e-02 2.450250000000000171e-03 1.866240000000000130e-03 1.753857625000000000e+06 1.859399125000000000e+06
1.000000000000000000e+00 1.003000000000000003e-01 2.489000000000000101e-01 -1.517000000000000015e-01 6.980000000000000093e-02 -2.797000000000000042e-01 2.127999999999999892e-01 3.170000000000000595e-02 2.029000000000000248e-01 5.560000000000001052e-02 3.210000000000000353e-02 -1.922999999999999987e-01 8.819999999999998674e-02 1.006009000000000070e-02 6.195121000000000655e-02 2.301289000000000112e-02 4.872040000000000225e-03 7.823209000000000413e-02 4.528383999999999882e-02 1.004890000000000470e-03 4.116841000000000944e-02 3.091360000000001329e-03 1.030410000000000267e-03 3.697928999999999800e-02 7.779239999999998031e-03 1.755523250000000000e+06 1.862595750000000000e+06
1.000000000000000000e+00 1.380000000000000115e-01 3.080000000000000099e-02 -1.250000000000000069e-02 1.179999999999999938e-01 -2.132000000000000006e-01 2.046999999999999931e-01 3.770000000000001128e-02 -2.181000000000000161e-01 1.391999999999999904e-01 4.819999999999999285e-02 6.650000000000000355e-02 -8.099999999999996092e-03 1.904400000000000190e-02 9.486400000000000518e-04 1.562500000000000304e-04 1.392399999999999888e-02 4.545423999999999992e-02 4.190208999999999601e-02 1.421290000000000834e-03 4.756761000000001016e-02 1.937663999999999706e-02 2.323239999999999420e-03 4.422250000000000833e-03 6.560999999999993595e-05 1.756799250000000000e+06 1.862872000000000000e+06
1.000000000000000000e+00 1.298999999999999877e-01 -4.669999999999999846e-02 -2.350000000000000006e-02 1.544000000000000095e-01 4.519999999999999712e-02 1.768000000000000127e-01 -8.100000000000023848e-03 -7.749999999999999944e-02 -1.099999999999999936e-02 3.640000000000001568e-02 2.584000000000000186e-01 -2.789999999999998037e-02 1.687400999999999832e-02 2.180889999999999999e-03 5.522500000000000065e-04 2.383936000000000388e-02 2.043039999999999873e-03 3.125824000000000658e-02 6.561000000000038318e-05 6.006250000000000304e-03 1.209999999999999867e-04 1.324960000000001111e-03 6.677056000000000657e-02 7.784099999999989118e-04 1.760180375000000000e+06 1.869529125000000000e+06
1.000000000000000000e+00 1.218999999999999945e-01 1.925000000000000044e-01 4.159999999999999809e-02 4.479999999999999954e-02 -1.460000000000000013e-02 1.837000000000000022e-01 -7.999999999999993228e-03 2.391999999999999960e-01 6.509999999999999121e-02 -1.096000000000000030e-01 -5.979999999999999899e-02 6.899999999999989475e-03 1.485960999999999879e-02 3.705624999999999891e-02 1.730559999999999911e-03 2.007039999999999866e-03 2.131599999999999988e-04 3.374569000000000180e-02 6.399999999999988868e-05 5.721663999999999917e-02 4.238009999999998653e-03 1.201216000000000089e-02 3.576039999999999948e-03 4.760999999999985757e-05 1.758855125000000000e+06 1.868568250000000000e+06
1.000000000000000000e+00 3.119999999999999857e-02 1.026999999999999996e-01 7.049999999999999323e-02 5.990000000000000185e-02 2.290000000000000022e-02 1.180999999999999966e-01 -9.070000000000000284e-02 -8.980000000000000482e-02 2.889999999999999514e-02 1.510000000000000231e-02 3.749999999999999861e-02 -6.560000000000000553e-02 9.734399999999998956e-04 1.054728999999999910e-02 4.970249999999998974e-03 3.588010000000000418e-03 5.244100000000000020e-04 1.394760999999999918e-02 8.226490000000001232e-03 8.064040000000001485e-03 8.352099999999997504e-04 2.280100000000000616e-04 1.406249999999999948e-03 4.303360000000000865e-03 1.757304750000000000e+06 1.865557375000000000e+06
1.000000000000000000e+00 1.389999999999999916e-02 -5.059999999999999915e-02 -2.813999999999999835e-01 -9.199999999999999845e-03 -5.372999999999999998e-01 1.945000000000000062e-01 -1.729999999999999941e-02 -1.532999999999999918e-01 -3.518999999999999906e-01 -6.909999999999999476e-02 -5.602000000000000313e-01 7.640000000000000957e-02 1.932099999999999746e-04 2.560359999999999806e-03 7.918595999999998580e-02 8.464000000000000278e-05 2.886912899999999893e-01 3.783025000000000276e-02 2.992899999999999619e-04 2.350088999999999650e-02 1.238336099999999967e-01 4.774809999999999124e-03 3.138240400000000263e-01 5.836960000000001279e-03 1.751227875000000000e+06 1.859727125000000000e+06
1.000000000000000000e+00 2.589999999999999941e-02 8.659999999999999643e-02 -3.938999999999999724e-01 2.790000000000000119e-02 -3.245999999999999996e-01 2.083000000000000129e-01 1.200000000000000025e-02 1.371999999999999886e-01 -1.124999999999999889e-01 3.710000000000000103e-02 2.127000000000000002e-01 1.380000000000000671e-02 6.708099999999999827e-04 7.499559999999999733e-03 1.551572099999999899e-01 7.784100000000001044e-04 1.053651599999999994e-01 4.338889000000000634e-02 1.440000000000000036e-04 1.882383999999999794e-02 1.265624999999999736e-02 1.376410000000000003e-03 4.524129000000000345e-02 1.904400000000001892e-04 1.757397500000000000e+06 1.865497625000000000e+06
1.000000000000000000e+00 2.616999999999999882e-01 2.656000000000000028e-01 3.040999999999999814e-01 2.681000000000000050e-01 3.573999999999999955e-01 3.689999999999999947e-01 2.357999999999999818e-01 1.789999999999999925e-01 6.979999999999999538e-01 2.401999999999999968e-01 6.819999999999999396e-01 1.606999999999999817e-01 6.848688999999999472e-02 7.054335999999999940e-02 9.247680999999999263e-02 7.187761000000000844e-02 1.277347600000000027e-01 1.361610000000000043e-01 5.560163999999999385e-02 3.204100000000000004e-02 4.872039999999999149e-01 5.769603999999999705e-02 4.651239999999999264e-01 2.582448999999999509e-02 1.744139375000000000e+06 1.850641250000000000e+06
1.000000000000000000e+00 3.417999999999999927e-01 3.130000000000000004e-01 5.029000000000000137e-01 3.872999999999999776e-01 1.637000000000000122e-01 2.737999999999999878e-01 8.010000000000000453e-02 4.739999999999999769e-02 1.988000000000000322e-01 1.191999999999999726e-01 -1.936999999999999833e-01 -9.520000000000000684e-02 1.168272399999999989e-01 9.796900000000000053e-02 2.529084100000000279e-01 1.500012899999999816e-01 2.679769000000000248e-02 7.496643999999999530e-02 6.416010000000000636e-03 2.246759999999999990e-03 3.952144000000001184e-02 1.420863999999999287e-02 3.751968999999999443e-02 9.063040000000001373e-03 1.756840625000000000e+06 1.857756875000000000e+06
1.000000000000000000e+00 1.822999999999999898e-01 1.100000000000000006e-01 3.320000000000000034e-02 2.010000000000000120e-01 -2.137000000000000011e-01 4.229999999999999732e-02 -1.595000000000000029e-01 -2.030000000000000138e-01 -4.697000000000000064e-01 -1.862999999999999656e-01 -3.774000000000000132e-01 -2.314999999999999836e-01 3.323328999999999867e-02 1.209999999999999964e-02 1.102239999999999991e-03 4.040100000000000635e-02 4.566769000000000384e-02 1.789289999999999804e-03 2.544025000000000106e-02 4.120900000000000257e-02 2.206180900000000167e-01 3.470768999999998550e-02 1.424307600000000174e-01 5.359224999999999406e-02 1.747591250000000000e+06 1.852555000000000000e+06
1.000000000000000000e+00 1.668000000000000038e-01 2.167999999999999927e-01 -1.792999999999999872e-01 1.453000000000000125e-01 -4.900000000000000189e-02 2.086000000000000076e-01 -1.549999999999998601e-02 1.067999999999999922e-01 -2.124999999999999944e-01 -5.569999999999999951e-02 1.647000000000000131e-01 1.663000000000000034e-01 2.782224000000000155e-02 4.700223999999999375e-02 3.214848999999999485e-02 2.111209000000000349e-02 2.401000000000000356e-03 4.351396000000000430e-02 2.402499999999995785e-04 1.140623999999999805e-02 4.515624999999999500e-02 3.102489999999999849e-03 2.712609000000000548e-02 2.765569000000000013e-02 1.757124750000000000e+06 1.865220000000000000e+06
1.000000000000000000e+00 2.056999999999999940e-01 3.007000000000000228e-01 4.109999999999999765e-02 7.430000000000000493e-02 -6.191999999999999726e-01 5.302999999999999936e-01 3.889999999999999014e-02 8.390000000000003011e-02 2.203999999999999848e-01 -7.100000000000000755e-02 -5.701999999999999291e-01 3.216999999999999860e-01 4.231248999999999427e-02 9.042049000000002001e-02 1.689209999999999800e-03 5.520490000000001160e-03 3.834086399999999673e-01 2.812180899999999761e-01 1.513209999999999208e-03 7.039210000000004942e-03 4.857615999999999323e-02 5.041000000000001209e-03 3.251280399999998960e-01 1.034908899999999882e-01 1.748003000000000000e+06 1.859464875000000000e+06
1.000000000000000000e+00 3.239000000000000212e-01 1.572999999999999954e-01 3.780000000000000027e-02 6.140000000000000319e-02 -9.822999999999999510e-01 8.237999999999999767e-01 1.182000000000000273e-01 -1.434000000000000274e-01 -3.299999999999997380e-03 -1.290000000000000174e-02 -3.630999999999999783e-01 2.934999999999999831e-01 1.049112100000000186e-01 2.474328999999999765e-02 1.428840000000000015e-03 3.769960000000000585e-03 9.649132899999999236e-01 6.786464399999999619e-01 1.397124000000000629e-02 2.056356000000000850e-02 1.088999999999998213e-05 1.664100000000000551e-04 1.318416099999999980e-01 8.614224999999998966e-02 1.751066750000000000e+06 1.862895875000000000e+06
1.000000000000000000e+00 1.190999999999999975e-01 1.239999999999999956e-02 -4.682999999999999940e-01 -9.239999999999999603e-02 -6.719000000000000528e-01 6.992000000000000437e-01 -2.048000000000000376e-01 -1.449000000000000010e-01 -5.060999999999999943e-01 -1.537999999999999923e-01 3.103999999999998982e-01 -1.245999999999999330e-01 1.418480999999999909e-02 1.537599999999999915e-04 2.193048900000000023e-01 8.537759999999998406e-03 4.514496100000000567e-01 4.888806400000000885e-01 4.194304000000001476e-02 2.099600999999999898e-02 2.561372100000000041e-01 2.365443999999999880e-02 9.634815999999993275e-02 1.552515999999998404e-02 1.746407500000000000e+06 1.858184125000000000e+06
1.000000000000000000e+00 -2.788999999999999813e-01 1.670000000000000095e-01 -1.257000000000000062e-01 -4.289999999999999925e-01 -6.282999999999999696e-01 2.384999999999999898e-01 -3.979999999999999649e-01 1.546000000000000152e-01 3.426000000000000156e-01 -3.366000000000000103e-01 4.360000000000008313e-02 -4.607000000000000539e-01 7.778520999999999352e-02 2.788900000000000406e-02 1.580049000000000037e-02 1.840409999999999824e-01 3.947608899999999754e-01 5.688224999999999532e-02 1.584039999999999615e-01 2.390116000000000462e-02 1.173747600000000085e-01 1.132995600000000075e-01 1.900960000000007305e-03 2.122444900000000634e-01 1.738605250000000000e+06 1.847471875000000000e+06
1.000000000000000000e+00 -1.423999999999999988e-01 3.216999999999999860e-01 1.151999999999999968e-01 -1.512999999999999901e-01 -3.222999999999999754e-01 1.620000000000000051e-01 1.364999999999999825e-01 1.546999999999999764e-01 2.409000000000000030e-01 2.777000000000000024e-01 3.059999999999999942e-01 -7.649999999999998468e-02 2.027775999999999884e-02 1.034908899999999882e-01 1.327103999999999957e-02 2.289168999999999579e-02 1.038772899999999832e-01 2.624399999999999997e-02 1.863224999999999604e-02 2.393208999999999267e-02 5.803281000000000411e-02 7.711729000000000500e-02 9.363599999999999701e-02 5.852249999999998079e-03 1.748080625000000000e+06 1.862389125000000000e+06
1.000000000000000000e+00 1.958999999999999908e-01 2.124999999999999944e-01 3.729999999999999982e-02 2.353999999999999981e-01 -1.958999999999999908e-01 1.297000000000000097e-01 3.382999999999999896e-01 -1.091999999999999915e-01 -7.789999999999999702e-02 3.866999999999999882e-01 1.263999999999999846e-01 -3.229999999999999538e-02 3.837680999999999731e-02 4.515624999999999500e-02 1.391289999999999888e-03 5.541315999999999603e-02 3.837680999999999731e-02 1.682209000000000135e-02 1.144468899999999956e-01 1.192463999999999850e-02 6.068409999999999777e-03 1.495368899999999779e-01 1.597695999999999492e-02 1.043289999999999669e-03 1.750300750000000000e+06 1.860716625000000000e+06
1.000000000000000000e+00 1.776999999999999968e-01 9.460000000000000353e-02 1.897000000000000075e-01 3.291000000000000036e-01 6.930000000000000049e-02 5.599999999999999943e-03 -1.819999999999999396e-02 -1.178999999999999909e-01 1.524000000000000077e-01 9.370000000000000551e-02 2.651999999999999913e-01 -1.241000000000000159e-01 3.157729000000000091e-02 8.949160000000001142e-03 3.598609000000000530e-02 1.083068100000000034e-01 4.802490000000000404e-03 3.135999999999999790e-05 3.312399999999997898e-04 1.390040999999999846e-02 2.322576000000000154e-02 8.779690000000001451e-03 7.033103999999999745e-02 1.540081000000000436e-02 1.750220375000000000e+06 1.860940500000000000e+06
1.000000000000000000e+00 2.189999999999999933e-02 1.645000000000000073e-01 1.504000000000000059e-01 1.356999999999999873e-01 2.237000000000000099e-01 4.870000000000000023e-02 -1.557999999999999940e-01 6.990000000000000380e-02 -3.930000000000000160e-02 -1.934000000000000163e-01 1.544000000000000095e-01 4.309999999999999942e-02 4.796099999999999973e-04 2.706025000000000097e-02 2.262016000000000027e-02 1.841448999999999517e-02 5.004169000000000672e-02 2.371690000000000083e-03 2.427363999999999911e-02 4.886010000000000526e-03 1.544490000000000142e-03 3.740356000000000930e-02 2.383936000000000388e-02 1.857609999999999990e-03 1.748937875000000000e+06 1.863514750000000000e+06
1.000000000000000000e+00 -2.369999999999999885e-02 1.267000000000000071e-01 4.329999999999999821e-02 4.490000000000000241e-02 1.459999999999999909e-01 1.480000000000000066e-02 -4.560000000000000164e-02 -3.780000000000000027e-02 -1.071000000000000008e-01 -9.079999999999999183e-02 -7.770000000000001905e-02 -3.389999999999999958e-02 5.616899999999999974e-04 1.605289000000000021e-02 1.874889999999999933e-03 2.016010000000000371e-03 2.131599999999999814e-02 2.190400000000000170e-04 2.079360000000000149e-03 1.428840000000000015e-03 1.147041000000000033e-02 8.244639999999999261e-03 6.037290000000003314e-03 1.149209999999999902e-03 1.750342875000000000e+06 1.864034250000000000e+06
1.000000000000000000e+00 2.779999999999999832e-02 -9.819999999999999563e-02 -1.949999999999999997e-02 7.639999999999999569e-02 5.790000000000000008e-02 5.129999999999999838e-02 5.149999999999999717e-02 -2.248999999999999888e-01 -6.279999999999999472e-02 3.149999999999999328e-02 -8.809999999999998388e-02 3.649999999999999772e-02 7.728399999999998986e-04 9.643239999999999104e-03 3.802499999999999999e-04 5.836959999999999545e-03 3.352410000000000112e-03 2.631689999999999897e-03 2.652249999999999660e-03 5.058000999999999470e-02 3.943839999999999672e-03 9.922499999999996427e-04 7.761609999999996914e-03 1.332249999999999884e-03 1.751260250000000000e+06 1.862321750000000000e+06
1.000000000000000000e+00 -3.830000000000000071e-02 -1.637000000000000122e-01 -1.481999999999999984e-01 9.979999999999999982e-02 1.517999999999999905e-01 1.359999999999999924e-02 -6.609999999999999210e-02 -6.550000000000001654e-02 -1.287000000000000088e-01 2.340000000000000413e-02 9.389999999999998348e-02 -3.769999999999999740e-02 1.466889999999999991e-03 2.679769000000000248e-02 2.196323999999999846e-02 9.960039999999999866e-03 2.304323999999999609e-02 1.849599999999999910e-04 4.369209999999999240e-03 4.290250000000002395e-03 1.656369000000000244e-02 5.475600000000002123e-04 8.817209999999997203e-03 1.421289999999999750e-03 1.751107250000000000e+06 1.859994750000000000e+06
1.000000000000000000e+00 -6.239999999999999714e-02 1.750000000000000167e-02 -6.370000000000000662e-02 1.024999999999999939e-01 5.110000000000000098e-01 -2.210000000000000159e-02 -2.409999999999999643e-02 1.812000000000000277e-01 8.449999999999999178e-02 2.699999999999994071e-03 3.592000000000000193e-01 -3.570000000000000256e-02 3.893759999999999583e-03 3.062500000000000443e-04 4.057690000000000949e-03 1.050624999999999823e-02 2.611209999999999920e-01 4.884100000000001027e-04 5.808099999999998550e-04 3.283344000000001234e-02 7.140249999999999028e-03 7.289999999999968319e-06 1.290246400000000238e-01 1.274490000000000085e-03 1.753516125000000000e+06 1.863639500000000000e+06
