1.000000000000000000e+00 -0.000000000000000000e+00 0.000000000000000000e+00 0.000000000000000000e+00 -0.000000000000000000e+00 -0.000000000000000000e+00 -0.000000000000000000e+00 0.000000000000000000e+00 0.000000000000000000e+00 0.000000000000000000e+00 0.000000000000000000e+00 0.000000000000000000e+00 0.000000000000000000e+00 0.000000000000000000e+00 0.000000000000000000e+00 0.000000000000000000e+00 0.000000000000000000e+00 0.000000000000000000e+00 0.000000000000000000e+00 0.000000000000000000e+00 0.000000000000000000e+00 0.000000000000000000e+00 0.000000000000000000e+00 0.000000000000000000e+00 0.000000000000000000e+00 1.540293250000000000e+06 1.665823500000000000e+06
1.000000000000000000e+00 -1.050000000000000065e-02 -1.155000000000000054e-01 4.680000000000000132e-02 -2.730000000000000135e-02 -1.389999999999999916e-02 -2.589999999999999941e-02 -1.050000000000000065e-02 -1.155000000000000054e-01 4.680000000000000132e-02 -2.730000000000000135e-02 -1.389999999999999916e-02 -2.589999999999999941e-02 1.102500000000000100e-04 1.334025000000000141e-02 2.190239999999999982e-03 7.452900000000001234e-04 1.932099999999999746e-04 6.708099999999999827e-04 1.102500000000000100e-04 1.334025000000000141e-02 2.190239999999999982e-03 7.452900000000001234e-04 1.932099999999999746e-04 6.708099999999999827e-04 1.540433250000000000e+06 1.664374750000000000e+06
1.000000000000000000e+00 1.260000000000000009e-02 -1.564000000000000112e-01 2.549999999999999836e-02 -2.680000000000000090e-02 3.039999999999999994e-02 -9.669999999999999429e-02 2.310000000000000248e-02 -4.090000000000000580e-02 -2.130000000000000296e-02 5.000000000000004441e-04 4.429999999999999910e-02 -7.080000000000000182e-02 1.587600000000000046e-04 2.446096000000000381e-02 6.502499999999998949e-04 7.182400000000000893e-04 9.241600000000000422e-04 9.350889999999998856e-03 5.336100000000001172e-04 1.672810000000000486e-03 4.536900000000001370e-04 2.500000000000004651e-07 1.962489999999999894e-03 5.012640000000000498e-03 1.539013375000000000e+06 1.659903625000000000e+06
1.000000000000000000e+00 -3.760000000000000148e-02 -1.250000000000000000e-01 -1.060999999999999999e-01 -4.800000000000000100e-02 4.510000000000000120e-02 -5.879999999999999810e-02 -5.020000000000000157e-02 3.140000000000001124e-02 -1.315999999999999948e-01 -2.120000000000000009e-02 1.470000000000000126e-02 3.789999999999999619e-02 1.413760000000000017e-03 1.562500000000000000e-02 1.125721000000000013e-02 2.304000000000000058e-03 2.034010000000000158e-03 3.457439999999999992e-03 2.520040000000000301e-03 9.859600000000007854e-04 1.731856000000000020e-02 4.494400000000000066e-04 2.160900000000000266e-04 1.436409999999999727e-03 1.539231125000000000e+06 1.662790875000000000e+06
1.000000000000000000e+00 -1.810000000000000150e-02 -6.189999999999999669e-02 -4.710000000000000298e-02 -5.639999999999999875e-02 2.889999999999999861e-02 -1.073000000000000065e-01 1.949999999999999997e-02 6.310000000000000331e-02 5.899999999999999689e-02 -8.399999999999997746e-03 -1.620000000000000259e-02 -4.850000000000000838e-02 3.276100000000000431e-04 3.831609999999999617e-03 2.218410000000000087e-03 3.180960000000000037e-03 8.352099999999999672e-04 1.151329000000000068e-02 3.802499999999999999e-04 3.981610000000000010e-03 3.480999999999999719e-03 7.055999999999996140e-05 2.624400000000000691e-04 2.352250000000000608e-03 1.539923125000000000e+06 1.661776875000000000e+06
1.000000000000000000e+00 3.509999999999999926e-02 -1.208999999999999936e-01 4.240000000000000019e-02 -0.000000000000000000e+00 4.299999999999999656e-02 -7.439999999999999392e-02 5.319999999999999729e-02 -5.899999999999999689e-02 8.949999999999999623e-02 5.639999999999999875e-02 1.409999999999999795e-02 3.290000000000001257e-02 1.232009999999999963e-03 1.461680999999999918e-02 1.797760000000000026e-03 0.000000000000000000e+00 1.848999999999999732e-03 5.535359999999998719e-03 2.830239999999999926e-03 3.480999999999999719e-03 8.010250000000000009e-03 3.180960000000000037e-03 1.988099999999999481e-04 1.082410000000000880e-03 1.539250875000000000e+06 1.662041875000000000e+06
1.000000000000000000e+00 -6.400000000000000307e-03 -2.444999999999999951e-01 -9.110000000000000042e-02 2.170000000000000054e-02 6.219999999999999835e-02 -1.282999999999999974e-01 -4.150000000000000216e-02 -1.236000000000000015e-01 -1.335000000000000075e-01 2.170000000000000054e-02 1.920000000000000179e-02 -5.390000000000000346e-02 4.096000000000000086e-05 5.978025000000000005e-02 8.299209999999999574e-03 4.708900000000000130e-04 3.868839999999999692e-03 1.646088999999999886e-02 1.722250000000000256e-03 1.527696000000000089e-02 1.782225000000000129e-02 4.708900000000000130e-04 3.686400000000000484e-04 2.905210000000000518e-03 1.539688500000000000e+06 1.661031125000000000e+06
1.000000000000000000e+00 3.470000000000000168e-02 -8.329999999999999905e-02 -4.859999999999999737e-02 4.300000000000000003e-03 5.650000000000000161e-02 -7.190000000000000557e-02 4.110000000000000459e-02 1.612000000000000099e-01 4.250000000000000305e-02 -1.739999999999999880e-02 -5.699999999999996736e-03 5.639999999999999181e-02 1.204090000000000108e-03 6.938889999999999642e-03 2.361959999999999754e-03 1.849000000000000085e-05 3.192250000000000209e-03 5.169610000000000698e-03 1.689210000000000451e-03 2.598544000000000201e-02 1.806250000000000347e-03 3.027599999999999541e-04 3.248999999999996167e-05 3.180959999999999170e-03 1.538632000000000000e+06 1.662279125000000000e+06
1.000000000000000000e+00 -5.480000000000000149e-02 -6.350000000000000089e-02 4.800000000000000100e-02 -8.500000000000000611e-03 4.669999999999999846e-02 -7.900000000000000078e-02 -8.949999999999999623e-02 1.979999999999999816e-02 9.659999999999999143e-02 -1.280000000000000061e-02 -9.800000000000003153e-03 -7.099999999999995204e-03 3.003040000000000223e-03 4.032250000000000244e-03 2.304000000000000058e-03 7.225000000000000790e-05 2.180889999999999999e-03 6.241000000000000020e-03 8.010250000000000009e-03 3.920399999999999124e-04 9.331559999999999161e-03 1.638400000000000034e-04 9.604000000000006304e-05 5.040999999999993240e-05 1.538668000000000000e+06 1.663640875000000000e+06
1.000000000000000000e+00 3.039999999999999994e-02 -1.882999999999999952e-01 -6.869999999999999718e-02 -2.799999999999999972e-03 2.960000000000000131e-02 -9.310000000000000220e-02 8.519999999999999796e-02 -1.247999999999999943e-01 -1.166999999999999982e-01 5.700000000000000205e-03 -1.709999999999999715e-02 -1.410000000000000142e-02 9.241600000000000422e-04 3.545688999999999785e-02 4.719689999999999476e-03 7.839999999999999476e-06 8.761600000000000681e-04 8.667610000000000939e-03 7.259039999999999590e-03 1.557503999999999833e-02 1.361888999999999982e-02 3.249000000000000233e-05 2.924099999999998922e-04 1.988100000000000294e-04 1.540138875000000000e+06 1.665371125000000000e+06
1.000000000000000000e+00 3.429999999999999716e-02 -1.411000000000000032e-01 -8.890000000000000679e-02 2.000000000000000096e-04 7.130000000000000226e-02 -8.010000000000000453e-02 3.899999999999997219e-03 4.719999999999999196e-02 -2.020000000000000961e-02 3.000000000000000062e-03 4.170000000000000095e-02 1.299999999999999767e-02 1.176489999999999871e-03 1.990921000000000010e-02 7.903210000000000790e-03 4.000000000000000084e-08 5.083690000000000084e-03 6.416010000000000636e-03 1.520999999999997804e-05 2.227839999999999161e-03 4.080400000000004098e-04 9.000000000000000228e-06 1.738890000000000097e-03 1.689999999999999337e-04 1.541210000000000000e+06 1.665834500000000000e+06
1.000000000000000000e+00 2.450000000000000094e-02 -6.169999999999999790e-02 -5.460000000000000270e-02 1.699999999999999905e-03 4.970000000000000112e-02 -6.110000000000000153e-02 -9.799999999999996214e-03 7.939999999999999836e-02 3.430000000000000410e-02 1.499999999999999814e-03 -2.160000000000000114e-02 1.900000000000000300e-02 6.002500000000000890e-04 3.806889999999999840e-03 2.981160000000000494e-03 2.889999999999999859e-06 2.470090000000000306e-03 3.733210000000000261e-03 9.603999999999992751e-05 6.304360000000000172e-03 1.176490000000000305e-03 2.249999999999999633e-06 4.665600000000000324e-04 3.610000000000001012e-04 1.541543375000000000e+06 1.665027000000000000e+06
1.000000000000000000e+00 3.429999999999999716e-02 -1.967000000000000137e-01 -5.809999999999999887e-02 -1.500000000000000031e-03 5.310000000000000137e-02 -8.490000000000000324e-02 9.799999999999996214e-03 -1.350000000000000089e-01 -3.499999999999996170e-03 -3.199999999999999720e-03 3.400000000000000244e-03 -2.380000000000000171e-02 1.176489999999999871e-03 3.869089000000000556e-02 3.375609999999999809e-03 2.250000000000000057e-06 2.819610000000000172e-03 7.208010000000000805e-03 9.603999999999992751e-05 1.822500000000000162e-02 1.224999999999997250e-05 1.023999999999999852e-05 1.156000000000000113e-05 5.664400000000000858e-04 1.540204250000000000e+06 1.664146750000000000e+06
1.000000000000000000e+00 4.510000000000000120e-02 -1.857999999999999929e-01 -9.779999999999999805e-02 1.319999999999999993e-02 9.030000000000000526e-02 -7.009999999999999565e-02 1.080000000000000404e-02 1.090000000000002078e-02 -3.969999999999999918e-02 1.469999999999999953e-02 3.720000000000000390e-02 1.480000000000000759e-02 2.034010000000000158e-03 3.452163999999999927e-02 9.564839999999999801e-03 1.742399999999999852e-04 8.154090000000000990e-03 4.914009999999999039e-03 1.166400000000000894e-04 1.188100000000004566e-04 1.576090000000000043e-03 2.160899999999999995e-04 1.383840000000000330e-03 2.190400000000002339e-04 1.540776875000000000e+06 1.664931250000000000e+06
1.000000000000000000e+00 5.899999999999999689e-02 -1.001999999999999974e-01 1.250000000000000069e-02 3.250000000000000111e-02 1.008000000000000007e-01 -4.410000000000000031e-02 1.389999999999999569e-02 8.559999999999999554e-02 1.102999999999999953e-01 1.930000000000000118e-02 1.049999999999999545e-02 2.599999999999999534e-02 3.480999999999999719e-03 1.004004000000000008e-02 1.562500000000000304e-04 1.056250000000000114e-03 1.016064000000000030e-02 1.944809999999999942e-03 1.932099999999998933e-04 7.327359999999998909e-03 1.216608999999999920e-02 3.724900000000000606e-04 1.102499999999999016e-04 6.759999999999997348e-04 1.537568875000000000e+06 1.660862750000000000e+06
1.000000000000000000e+00 5.129999999999999838e-02 -8.079999999999999682e-02 2.529999999999999957e-02 3.910000000000000281e-02 7.199999999999999456e-02 -8.140000000000000013e-02 -7.699999999999998512e-03 1.940000000000000058e-02 1.279999999999999888e-02 6.600000000000001699e-03 -2.880000000000000615e-02 -3.729999999999999982e-02 2.631689999999999897e-03 6.528639999999999617e-03 6.400899999999999515e-04 1.528810000000000238e-03 5.183999999999999372e-03 6.625960000000000183e-03 5.928999999999997613e-05 3.763600000000000083e-04 1.638399999999999763e-04 4.356000000000002340e-05 8.294400000000004070e-04 1.391289999999999888e-03 1.537996875000000000e+06 1.659102500000000000e+06
1.000000000000000000e+00 -4.309999999999999942e-02 -8.010000000000000453e-02 -4.449999999999999789e-02 1.290000000000000001e-02 2.069999999999999965e-02 -8.930000000000000437e-02 -9.439999999999999780e-02 6.999999999999922951e-04 -6.980000000000000093e-02 -2.620000000000000107e-02 -5.129999999999999838e-02 -7.900000000000004241e-03 1.857609999999999990e-03 6.416010000000000636e-03 1.980249999999999806e-03 1.664100000000000008e-04 4.284900000000000124e-04 7.974490000000000745e-03 8.911360000000000114e-03 4.899999999999891676e-07 4.872040000000000225e-03 6.864400000000000753e-04 2.631689999999999897e-03 6.241000000000006146e-05 1.536850750000000000e+06 1.661099625000000000e+06
1.000000000000000000e+00 3.370000000000000079e-02 -1.074999999999999983e-01 -4.710000000000000298e-02 1.750000000000000167e-02 7.059999999999999609e-02 -7.489999999999999436e-02 7.680000000000000715e-02 -2.739999999999999380e-02 -2.600000000000005085e-03 4.600000000000001657e-03 4.989999999999999991e-02 1.440000000000001001e-02 1.135689999999999963e-03 1.155624999999999881e-02 2.218410000000000087e-03 3.062500000000000443e-04 4.984359999999999312e-03 5.610009999999999476e-03 5.898240000000000774e-03 7.507599999999996221e-04 6.760000000000026757e-06 2.116000000000001425e-05 2.490009999999999966e-03 2.073600000000002915e-04 1.540175250000000000e+06 1.664308125000000000e+06
1.000000000000000000e+00 3.359999999999999792e-02 -6.279999999999999472e-02 -8.279999999999999860e-02 2.089999999999999844e-02 4.349999999999999700e-02 -6.940000000000000335e-02 -1.000000000000028644e-04 4.470000000000000362e-02 -3.569999999999999563e-02 3.399999999999996775e-03 -2.709999999999999909e-02 5.499999999999991007e-03 1.128959999999999816e-03 3.943839999999999672e-03 6.855840000000000198e-03 4.368099999999999327e-04 1.892249999999999835e-03 4.816360000000000433e-03 1.000000000000057262e-08 1.998090000000000109e-03 1.274489999999999651e-03 1.155999999999997741e-05 7.344099999999999023e-04 3.024999999999990180e-05 1.543003375000000000e+06 1.668173875000000000e+06
1.000000000000000000e+00 5.399999999999999939e-02 -9.800000000000000377e-02 -6.840000000000000246e-02 3.219999999999999946e-02 7.080000000000000182e-02 -7.649999999999999856e-02 2.040000000000000147e-02 -3.520000000000000906e-02 1.439999999999999614e-02 1.130000000000000102e-02 2.730000000000000482e-02 -7.099999999999995204e-03 2.915999999999999755e-03 9.604000000000001425e-03 4.678560000000000010e-03 1.036840000000000027e-03 5.012640000000000498e-03 5.852249999999999813e-03 4.161600000000000542e-04 1.239040000000000714e-03 2.073599999999998849e-04 1.276900000000000192e-04 7.452900000000002318e-04 5.040999999999993240e-05 1.542297125000000000e+06 1.667868125000000000e+06
1.000000000000000000e+00 9.170000000000000373e-02 -2.368000000000000105e-01 -1.174999999999999933e-01 6.279999999999999472e-02 4.780000000000000221e-02 -4.929999999999999660e-02 3.770000000000000434e-02 -1.388000000000000067e-01 -4.909999999999999087e-02 3.059999999999999526e-02 -2.299999999999999961e-02 2.720000000000000195e-02 8.408890000000000461e-03 5.607424000000000436e-02 1.380624999999999908e-02 3.943839999999999672e-03 2.284840000000000221e-03 2.430489999999999561e-03 1.421290000000000400e-03 1.926544000000000173e-02 2.410809999999998909e-03 9.363599999999996882e-04 5.289999999999999564e-04 7.398400000000000722e-04 1.541158625000000000e+06 1.665208125000000000e+06
1.000000000000000000e+00 1.356999999999999873e-01 -7.900000000000000078e-02 -1.416000000000000036e-01 1.265999999999999903e-01 1.243999999999999967e-01 -3.500000000000000073e-03 4.399999999999998357e-02 1.577999999999999958e-01 -2.410000000000001030e-02 6.379999999999999560e-02 7.660000000000000142e-02 4.579999999999999349e-02 1.841448999999999517e-02 6.241000000000000020e-03 2.005056000000000199e-02 1.602755999999999625e-02 1.547535999999999877e-02 1.225000000000000130e-05 1.935999999999998486e-03 2.490083999999999700e-02 5.808100000000005056e-04 4.070439999999999822e-03 5.867559999999999963e-03 2.097639999999999574e-03 1.536929375000000000e+06 1.661070500000000000e+06
1.000000000000000000e+00 7.729999999999999372e-02 -9.379999999999999449e-02 -8.550000000000000655e-02 1.242000000000000048e-01 8.119999999999999440e-02 4.800000000000000100e-02 -5.839999999999999358e-02 -1.479999999999999372e-02 5.609999999999999709e-02 -2.399999999999985478e-03 -4.320000000000000229e-02 5.150000000000000411e-02 5.975289999999999421e-03 8.798439999999999386e-03 7.310250000000000775e-03 1.542564000000000088e-02 6.593439999999999024e-03 2.304000000000000058e-03 3.410559999999999113e-03 2.190399999999998273e-04 3.147209999999999678e-03 5.759999999999930452e-06 1.866240000000000130e-03 2.652250000000000527e-03 1.536630125000000000e+06 1.660388750000000000e+06
1.000000000000000000e+00 9.260000000000000175e-02 -1.693999999999999950e-01 -1.091000000000000025e-01 4.390000000000000152e-02 6.800000000000000488e-02 8.999999999999999320e-03 1.530000000000000804e-02 -7.560000000000000053e-02 -2.359999999999999598e-02 -8.030000000000001026e-02 -1.319999999999998952e-02 -3.899999999999999994e-02 8.574760000000000715e-03 2.869635999999999715e-02 1.190280999999999978e-02 1.927210000000000164e-03 4.624000000000000506e-03 8.099999999999999019e-05 2.340900000000002473e-04 5.715360000000000058e-03 5.569599999999997903e-04 6.448090000000001806e-03 1.742399999999997141e-04 1.521000000000000000e-03 1.538709500000000000e+06 1.661667875000000000e+06
1.000000000000000000e+00 7.280000000000000360e-02 -1.375000000000000111e-01 -9.270000000000000462e-02 4.899999999999999842e-03 6.339999999999999802e-02 -8.600000000000000006e-03 -1.979999999999999816e-02 3.189999999999998392e-02 1.639999999999999791e-02 -3.899999999999999994e-02 -4.600000000000006861e-03 -1.759999999999999759e-02 5.299840000000000106e-03 1.890625000000000291e-02 8.593290000000001691e-03 2.400999999999999882e-05 4.019560000000000147e-03 7.396000000000000339e-05 3.920399999999999124e-04 1.017609999999998871e-03 2.689599999999999456e-04 1.521000000000000000e-03 2.116000000000006168e-05 3.097599999999999074e-04 1.539614125000000000e+06 1.664654375000000000e+06
1.000000000000000000e+00 5.079999999999999793e-02 -1.658999999999999919e-01 -1.290000000000000036e-01 6.829999999999999960e-02 8.550000000000000655e-02 -4.499999999999999660e-03 -2.200000000000000566e-02 -2.839999999999998082e-02 -3.629999999999999893e-02 6.339999999999999802e-02 2.210000000000000853e-02 4.100000000000000346e-03 2.580639999999999930e-03 2.752280999999999825e-02 1.664099999999999954e-02 4.664889999999999662e-03 7.310250000000000775e-03 2.024999999999999755e-05 4.840000000000002720e-04 8.065599999999989184e-04 1.317689999999999834e-03 4.019560000000000147e-03 4.884100000000004280e-04 1.681000000000000338e-05 1.541318875000000000e+06 1.670626625000000000e+06
1.000000000000000000e+00 -2.009999999999999981e-02 -8.500000000000000611e-02 -3.139999999999999736e-02 -7.000000000000000146e-03 5.000000000000000278e-02 -3.559999999999999970e-02 -7.089999999999999081e-02 8.089999999999998581e-02 9.760000000000000620e-02 -7.530000000000000582e-02 -3.550000000000000377e-02 -3.109999999999999917e-02 4.040100000000000028e-04 7.225000000000001386e-03 9.859599999999999181e-04 4.900000000000000519e-05 2.500000000000000486e-03 1.267359999999999928e-03 5.026809999999998745e-03 6.544809999999998129e-03 9.525760000000001171e-03 5.670090000000000893e-03 1.260250000000000302e-03 9.672099999999999231e-04 1.540253250000000000e+06 1.667393250000000000e+06
1.000000000000000000e+00 6.169999999999999790e-02 -1.799999999999999933e-01 -5.589999999999999830e-02 -5.100000000000000366e-03 4.179999999999999688e-02 -3.490000000000000047e-02 8.179999999999999771e-02 -9.499999999999998723e-02 -2.450000000000000094e-02 1.899999999999999779e-03 -8.200000000000005895e-03 6.999999999999992339e-04 3.806889999999999840e-03 3.239999999999999825e-02 3.124810000000000001e-03 2.601000000000000339e-05 1.747239999999999731e-03 1.218010000000000056e-03 6.691239999999999341e-03 9.024999999999998301e-03 6.002500000000000890e-04 3.609999999999999318e-06 6.724000000000009483e-05 4.899999999999989084e-07 1.541570500000000000e+06 1.667655750000000000e+06
1.000000000000000000e+00 1.650000000000000078e-02 -1.731000000000000039e-01 -7.320000000000000118e-02 2.259999999999999856e-02 5.639999999999999875e-02 -3.080000000000000099e-02 -4.519999999999999712e-02 6.899999999999989475e-03 -1.730000000000000288e-02 2.769999999999999893e-02 1.460000000000000187e-02 4.099999999999999478e-03 2.722500000000000310e-04 2.996361000000000163e-02 5.358240000000000225e-03 5.107599999999999684e-04 3.180960000000000037e-03 9.486400000000000518e-04 2.043039999999999873e-03 4.760999999999985757e-05 2.992900000000001245e-04 7.672899999999998992e-04 2.131600000000000530e-04 1.680999999999999660e-05 1.540310250000000000e+06 1.665135125000000000e+06
1.000000000000000000e+00 3.590000000000000135e-02 -1.711999999999999911e-01 -8.240000000000000102e-02 5.550000000000000072e-02 1.127999999999999975e-01 2.700000000000000143e-03 1.940000000000000058e-02 1.900000000000012790e-03 -9.199999999999999845e-03 3.289999999999999869e-02 5.639999999999999875e-02 3.350000000000000200e-02 1.288810000000000042e-03 2.930943999999999564e-02 6.789760000000000587e-03 3.080250000000000089e-03 1.272384000000000015e-02 7.290000000000000507e-06 3.763600000000000083e-04 3.610000000000048446e-06 8.464000000000000278e-05 1.082410000000000013e-03 3.180960000000000037e-03 1.122250000000000201e-03 1.540348750000000000e+06 1.665789125000000000e+06
1.000000000000000000e+00 8.859999999999999820e-02 -1.597999999999999976e-01 -1.015000000000000069e-01 8.619999999999999885e-02 1.184000000000000052e-01 -1.600000000000000077e-03 5.269999999999999685e-02 1.139999999999999347e-02 -1.910000000000000586e-02 3.069999999999999812e-02 5.600000000000007749e-03 -4.300000000000000003e-03 7.849959999999999577e-03 2.553603999999999943e-02 1.030225000000000064e-02 7.430439999999999962e-03 1.401856000000000109e-02 2.560000000000000054e-06 2.777289999999999533e-03 1.299599999999998467e-04 3.648100000000002426e-04 9.424899999999999294e-04 3.136000000000008599e-05 1.849000000000000085e-05 1.538744250000000000e+06 1.662720750000000000e+06
1.000000000000000000e+00 1.096000000000000030e-01 -1.683000000000000052e-01 -1.381999999999999895e-01 4.410000000000000031e-02 6.460000000000000464e-02 -4.379999999999999866e-02 2.100000000000000477e-02 -8.500000000000007550e-03 -3.669999999999998264e-02 -4.209999999999999853e-02 -5.380000000000000060e-02 -4.220000000000000140e-02 1.201216000000000089e-02 2.832489000000000187e-02 1.909923999999999650e-02 1.944809999999999942e-03 4.173160000000000411e-03 1.918439999999999989e-03 4.410000000000002026e-04 7.225000000000012987e-05 1.346889999999998809e-03 1.772409999999999871e-03 2.894439999999999860e-03 1.780840000000000114e-03 1.539059500000000000e+06 1.663175000000000000e+06
1.000000000000000000e+00 3.059999999999999873e-02 -1.658999999999999919e-01 -5.619999999999999996e-02 5.530000000000000193e-02 6.310000000000000331e-02 -2.419999999999999929e-02 -7.900000000000000078e-02 2.400000000000013234e-03 8.199999999999998956e-02 1.120000000000000162e-02 -1.500000000000001332e-03 1.959999999999999937e-02 9.363599999999999051e-04 2.752280999999999825e-02 3.158440000000000206e-03 3.058090000000000287e-03 3.981610000000000010e-03 5.856400000000000104e-04 6.241000000000000020e-03 5.760000000000063436e-06 6.723999999999998207e-03 1.254400000000000458e-04 2.250000000000003869e-06 3.841599999999999811e-04 1.538461000000000000e+06 1.664741000000000000e+06
1.000000000000000000e+00 5.779999999999999721e-02 -1.673999999999999932e-01 -9.650000000000000244e-02 8.849999999999999534e-02 1.037000000000000005e-01 1.849999999999999908e-02 2.719999999999999848e-02 -1.500000000000001332e-03 -4.030000000000000249e-02 3.319999999999999341e-02 4.059999999999999720e-02 4.270000000000000184e-02 3.340839999999999869e-03 2.802275999999999725e-02 9.312250000000001082e-03 7.832249999999998935e-03 1.075368999999999978e-02 3.422499999999999436e-04 7.398399999999999638e-04 2.250000000000003869e-06 1.624090000000000126e-03 1.102239999999999557e-03 1.648359999999999756e-03 1.823290000000000197e-03 1.541739375000000000e+06 1.667363875000000000e+06
1.000000000000000000e+00 6.840000000000000246e-02 -1.855999999999999872e-01 -7.610000000000000098e-02 3.020000000000000115e-02 9.529999999999999583e-02 1.590000000000000094e-02 1.060000000000000525e-02 -1.819999999999999396e-02 2.040000000000000147e-02 -5.829999999999999072e-02 -8.400000000000004685e-03 -2.599999999999998146e-03 4.678560000000000010e-03 3.444735999999999632e-02 5.791209999999999761e-03 9.120400000000000295e-04 9.082089999999999261e-03 2.528100000000000139e-04 1.123600000000001101e-04 3.312399999999997898e-04 4.161600000000000542e-04 3.398889999999999030e-03 7.056000000000008337e-05 6.759999999999990334e-06 1.541546625000000000e+06 1.669513500000000000e+06
1.000000000000000000e+00 3.989999999999999797e-02 -2.121999999999999997e-01 -5.380000000000000060e-02 5.550000000000000072e-02 7.199999999999999456e-02 3.429999999999999716e-02 -2.850000000000000450e-02 -2.660000000000001252e-02 2.230000000000000038e-02 2.529999999999999957e-02 -2.330000000000000127e-02 1.839999999999999622e-02 1.592009999999999823e-03 4.502884000000000053e-02 2.894439999999999860e-03 3.080250000000000089e-03 5.183999999999999372e-03 1.176489999999999871e-03 8.122500000000002548e-04 7.075600000000006320e-04 4.972900000000000584e-04 6.400899999999999515e-04 5.428900000000000826e-04 3.385599999999998485e-04 1.539676750000000000e+06 1.668538125000000000e+06
1.000000000000000000e+00 4.420000000000000318e-02 -9.349999999999999978e-02 -6.550000000000000266e-02 8.250000000000000389e-02 1.255000000000000004e-01 3.099999999999999891e-03 4.300000000000005207e-03 1.187000000000000000e-01 -1.170000000000000207e-02 2.700000000000000316e-02 5.350000000000000588e-02 -3.119999999999999857e-02 1.953640000000000411e-03 8.742250000000000021e-03 4.290250000000000660e-03 6.806250000000000668e-03 1.575025000000000036e-02 9.609999999999999470e-06 1.849000000000004489e-05 1.408969000000000020e-02 1.368900000000000531e-04 7.290000000000001557e-04 2.862250000000000644e-03 9.734399999999998956e-04 1.539564500000000000e+06 1.665886625000000000e+06
1.000000000000000000e+00 4.429999999999999910e-02 -6.980000000000000093e-02 -1.399999999999999986e-03 1.940000000000000058e-02 8.820000000000000062e-02 1.129999999999999928e-02 9.999999999999592548e-05 2.369999999999999885e-02 6.410000000000000420e-02 -6.310000000000000331e-02 -3.729999999999999982e-02 8.199999999999998956e-03 1.962489999999999894e-03 4.872040000000000225e-03 1.959999999999999869e-06 3.763600000000000083e-04 7.779239999999999766e-03 1.276899999999999921e-04 9.999999999999184609e-09 5.616899999999999974e-04 4.108810000000000934e-03 3.981610000000000010e-03 1.391289999999999888e-03 6.723999999999998641e-05 1.537630750000000000e+06 1.668732500000000000e+06
1.000000000000000000e+00 5.229999999999999927e-02 -1.414999999999999869e-01 -6.350000000000000089e-02 6.199999999999999782e-03 6.840000000000000246e-02 -5.240000000000000213e-02 8.000000000000000167e-03 -7.169999999999998597e-02 -6.210000000000000242e-02 -1.319999999999999993e-02 -1.979999999999999816e-02 -6.370000000000000662e-02 2.735290000000000030e-03 2.002224999999999491e-02 4.032250000000000244e-03 3.843999999999999788e-05 4.678560000000000010e-03 2.745760000000000301e-03 6.399999999999999710e-05 5.140889999999997788e-03 3.856410000000000220e-03 1.742399999999999852e-04 3.920399999999999124e-04 4.057690000000000949e-03 1.540593000000000000e+06 1.671274625000000000e+06
1.000000000000000000e+00 4.689999999999999725e-02 -1.761000000000000065e-01 -5.009999999999999870e-02 -3.000000000000000062e-03 6.219999999999999835e-02 -7.059999999999999609e-02 -5.400000000000002021e-03 -3.460000000000001963e-02 1.340000000000000219e-02 -9.199999999999999845e-03 -6.200000000000004119e-03 -1.819999999999999396e-02 2.199609999999999847e-03 3.101121000000000086e-02 2.510010000000000019e-03 9.000000000000000228e-06 3.868839999999999692e-03 4.984359999999999312e-03 2.916000000000002236e-05 1.197160000000001365e-03 1.795600000000000494e-04 8.464000000000000278e-05 3.844000000000005209e-05 3.312399999999997898e-04 1.539828875000000000e+06 1.670280750000000000e+06
1.000000000000000000e+00 2.899999999999999800e-03 -6.410000000000000420e-02 -8.419999999999999707e-02 -3.640000000000000180e-02 6.710000000000000686e-02 -7.589999999999999525e-02 -4.399999999999999745e-02 1.120000000000000023e-01 -3.409999999999999837e-02 -3.339999999999999913e-02 4.900000000000008515e-03 -5.299999999999999156e-03 8.409999999999999101e-06 4.108810000000000934e-03 7.089639999999999484e-03 1.324960000000000027e-03 4.502410000000000960e-03 5.760809999999999022e-03 1.935999999999999787e-03 1.254400000000000133e-02 1.162809999999999799e-03 1.115560000000000032e-03 2.401000000000008352e-05 2.808999999999999025e-05 1.541989375000000000e+06 1.669610625000000000e+06
1.000000000000000000e+00 -3.950000000000000039e-02 -7.700000000000000247e-03 1.239999999999999956e-02 -1.048000000000000043e-01 3.300000000000000155e-02 -1.054999999999999966e-01 -4.240000000000000019e-02 5.640000000000000568e-02 9.659999999999999143e-02 -6.840000000000000246e-02 -3.410000000000000531e-02 -2.960000000000000131e-02 1.560250000000000005e-03 5.929000000000000324e-05 1.537599999999999915e-04 1.098304000000000120e-02 1.089000000000000124e-03 1.113024999999999952e-02 1.797760000000000026e-03 3.180960000000000471e-03 9.331559999999999161e-03 4.678560000000000010e-03 1.162810000000000449e-03 8.761600000000000681e-04 1.543409125000000000e+06 1.667912750000000000e+06
1.000000000000000000e+00 -6.869999999999999718e-02 -1.358999999999999930e-01 -8.790000000000000591e-02 -1.544999999999999984e-01 2.170000000000000054e-02 -1.479999999999999927e-01 -2.919999999999999679e-02 -1.281999999999999806e-01 -1.003000000000000003e-01 -4.969999999999999418e-02 -1.130000000000000102e-02 -4.249999999999999611e-02 4.719689999999999476e-03 1.846880999999999870e-02 7.726410000000001263e-03 2.387024999999999911e-02 4.708900000000000130e-04 2.190399999999999639e-02 8.526399999999997783e-04 1.643523999999999333e-02 1.006009000000000070e-02 2.470089999999999439e-03 1.276900000000000192e-04 1.806249999999999696e-03 1.543146250000000000e+06 1.666728000000000000e+06
1.000000000000000000e+00 -8.989999999999999380e-02 2.267000000000000126e-01 7.240000000000000602e-02 -4.979999999999999705e-02 4.569999999999999757e-02 -1.549000000000000099e-01 -2.119999999999999662e-02 3.626000000000000334e-01 1.602999999999999980e-01 1.047000000000000014e-01 2.399999999999999703e-02 -6.900000000000017231e-03 8.082009999999998848e-03 5.139289000000000357e-02 5.241760000000000690e-03 2.480039999999999762e-03 2.088489999999999704e-03 2.399401000000000311e-02 4.494399999999998440e-04 1.314787600000000278e-01 2.569608999999999782e-02 1.096209000000000072e-02 5.759999999999999062e-04 4.761000000000023704e-05 1.543123750000000000e+06 1.669968375000000000e+06
1.000000000000000000e+00 -1.223999999999999949e-01 -8.949999999999999623e-02 -4.279999999999999777e-02 -6.829999999999999960e-02 1.430000000000000021e-02 -2.305999999999999994e-01 -3.250000000000000111e-02 -3.162000000000000366e-01 -1.151999999999999968e-01 -1.850000000000000255e-02 -3.139999999999999736e-02 -7.569999999999998952e-02 1.498175999999999848e-02 8.010250000000000009e-03 1.831839999999999727e-03 4.664889999999999662e-03 2.044900000000000157e-04 5.317635999999999891e-02 1.056250000000000114e-03 9.998244000000001963e-02 1.327103999999999957e-02 3.422500000000001062e-04 9.859599999999999181e-04 5.730489999999998675e-03 1.545463375000000000e+06 1.672006250000000000e+06
1.000000000000000000e+00 -2.249999999999999917e-02 -4.799999999999999822e-01 -2.260999999999999954e-01 -9.829999999999999849e-02 -1.849999999999999908e-02 -2.429999999999999938e-01 9.989999999999998881e-02 -3.904999999999999583e-01 -1.832999999999999907e-01 -2.999999999999999889e-02 -3.279999999999999583e-02 -1.239999999999999436e-02 5.062499999999999726e-04 2.303999999999999937e-01 5.112121000000000026e-02 9.662890000000000368e-03 3.422499999999999436e-04 5.904899999999999732e-02 9.980009999999997494e-03 1.524902499999999661e-01 3.359888999999999931e-02 8.999999999999999754e-04 1.075839999999999783e-03 1.537599999999998560e-04 1.542486125000000000e+06 1.666082750000000000e+06
1.000000000000000000e+00 -6.990000000000000380e-02 -8.110000000000000542e-02 -7.599999999999999985e-03 -5.260000000000000092e-02 -1.060000000000000005e-02 -1.854000000000000092e-01 -4.740000000000000463e-02 3.988999999999999768e-01 2.184999999999999998e-01 4.569999999999999757e-02 7.899999999999999037e-03 5.759999999999998455e-02 4.886010000000000526e-03 6.577210000000000868e-03 5.776000000000000264e-05 2.766760000000000053e-03 1.123600000000000016e-04 3.437316000000000676e-02 2.246760000000000423e-03 1.591212099999999852e-01 4.774224999999999997e-02 2.088489999999999704e-03 6.240999999999998014e-05 3.317759999999998159e-03 1.540918250000000000e+06 1.661020000000000000e+06
1.000000000000000000e+00 -9.529999999999999583e-02 -5.109999999999999959e-02 5.020000000000000157e-02 -6.900000000000000577e-02 4.590000000000000330e-02 -2.237000000000000099e-01 -2.539999999999999203e-02 3.000000000000000583e-02 5.780000000000000415e-02 -1.640000000000000485e-02 5.650000000000000161e-02 -3.830000000000000071e-02 9.082089999999999261e-03 2.611210000000000094e-03 2.520040000000000301e-03 4.761000000000000475e-03 2.106810000000000193e-03 5.004169000000000672e-02 6.451599999999995489e-04 9.000000000000003006e-04 3.340840000000000302e-03 2.689600000000001625e-04 3.192250000000000209e-03 1.466889999999999991e-03 1.544762875000000000e+06 1.661351375000000000e+06
1.000000000000000000e+00 -4.979999999999999705e-02 -9.289999999999999647e-02 2.340000000000000066e-02 -2.659999999999999865e-02 5.550000000000000072e-02 -1.620000000000000051e-01 4.549999999999999878e-02 -4.179999999999999688e-02 -2.680000000000000090e-02 4.240000000000000713e-02 9.599999999999997424e-03 6.170000000000000484e-02 2.480039999999999762e-03 8.630409999999999818e-03 5.475599999999999955e-04 7.075599999999999815e-04 3.080250000000000089e-03 2.624399999999999997e-02 2.070250000000000042e-03 1.747239999999999731e-03 7.182400000000000893e-04 1.797760000000000677e-03 9.215999999999994433e-05 3.806890000000000707e-03 1.542610500000000000e+06 1.659345375000000000e+06
1.000000000000000000e+00 -5.759999999999999842e-02 -9.439999999999999780e-02 -6.339999999999999802e-02 -3.459999999999999881e-02 7.080000000000000182e-02 -1.988999999999999935e-01 -7.800000000000001377e-03 -1.500000000000001332e-03 -8.680000000000000215e-02 -8.000000000000000167e-03 1.530000000000000110e-02 -3.689999999999998836e-02 3.317759999999999893e-03 8.911360000000000114e-03 4.019560000000000147e-03 1.197159999999999848e-03 5.012640000000000498e-03 3.956120999999999943e-02 6.084000000000002058e-05 2.250000000000003869e-06 7.534240000000000208e-03 6.399999999999999710e-05 2.340900000000000305e-04 1.361609999999999210e-03 1.541601500000000000e+06 1.657530375000000000e+06
1.000000000000000000e+00 -2.000000000000000096e-04 -1.328000000000000014e-01 -4.340000000000000108e-02 -4.170000000000000095e-02 7.639999999999999569e-02 -1.534000000000000086e-01 5.739999999999999963e-02 -3.840000000000000357e-02 1.999999999999999695e-02 -7.100000000000002143e-03 5.599999999999993872e-03 4.549999999999998490e-02 4.000000000000000084e-08 1.763583999999999985e-02 1.883560000000000052e-03 1.738890000000000097e-03 5.836959999999999545e-03 2.353156000000000345e-02 3.294759999999999876e-03 1.474560000000000193e-03 3.999999999999998565e-04 5.041000000000002727e-05 3.135999999999993014e-05 2.070249999999998741e-03 1.541199625000000000e+06 1.659157500000000000e+06
1.000000000000000000e+00 -3.470000000000000168e-02 -7.280000000000000360e-02 -6.350000000000000089e-02 -7.299999999999999545e-02 6.210000000000000242e-02 -2.119999999999999940e-01 -3.450000000000000289e-02 5.999999999999999778e-02 -2.009999999999999981e-02 -3.129999999999999449e-02 -1.429999999999999327e-02 -5.859999999999998543e-02 1.204090000000000108e-03 5.299840000000000106e-03 4.032250000000000244e-03 5.328999999999999536e-03 3.856410000000000220e-03 4.494399999999999784e-02 1.190250000000000119e-03 3.599999999999999901e-03 4.040100000000000028e-04 9.796899999999996410e-04 2.044899999999997989e-04 3.433959999999998489e-03 1.541913000000000000e+06 1.660709375000000000e+06
1.000000000000000000e+00 -3.440000000000000002e-02 -1.902000000000000079e-01 -1.093999999999999972e-01 -7.380000000000000449e-02 6.010000000000000064e-02 -1.986999999999999877e-01 3.000000000000016542e-04 -1.174000000000000044e-01 -4.589999999999999636e-02 -8.000000000000090372e-04 -2.000000000000001776e-03 1.330000000000000626e-02 1.183360000000000054e-03 3.617603999999999959e-02 1.196835999999999907e-02 5.446440000000000309e-03 3.612010000000000134e-03 3.948168999999999290e-02 9.000000000000099119e-08 1.378276000000000154e-02 2.106809999999999759e-03 6.400000000000144130e-07 4.000000000000007442e-06 1.768900000000001580e-04 1.543853000000000000e+06 1.665151500000000000e+06
1.000000000000000000e+00 -0.000000000000000000e+00 -1.567000000000000060e-01 -8.880000000000000393e-02 7.900000000000000772e-03 8.949999999999999623e-02 -1.925000000000000044e-01 3.440000000000000002e-02 3.350000000000000200e-02 2.059999999999999332e-02 8.170000000000000873e-02 2.939999999999999558e-02 6.199999999999983302e-03 0.000000000000000000e+00 2.455489000000000283e-02 7.885440000000000504e-03 6.241000000000000724e-05 8.010250000000000009e-03 3.705624999999999891e-02 1.183360000000000054e-03 1.122250000000000201e-03 4.243599999999997114e-04 6.674890000000001031e-03 8.643599999999997813e-04 3.843999999999979459e-05 1.543576375000000000e+06 1.665493625000000000e+06
1.000000000000000000e+00 -1.020000000000000073e-02 -3.400000000000000244e-02 2.079999999999999905e-02 5.000000000000000104e-03 8.890000000000000679e-02 -1.638000000000000012e-01 -1.020000000000000073e-02 1.227000000000000035e-01 1.096000000000000030e-01 -2.900000000000000668e-03 -5.999999999999894307e-04 2.870000000000000329e-02 1.040400000000000135e-04 1.156000000000000126e-03 4.326399999999999777e-04 2.500000000000000120e-05 7.903210000000000790e-03 2.683044000000000054e-02 1.040400000000000135e-04 1.505529000000000069e-02 1.201216000000000089e-02 8.410000000000004183e-06 3.599999999999873417e-07 8.236900000000001859e-04 1.542863250000000000e+06 1.664367125000000000e+06
1.000000000000000000e+00 1.660000000000000017e-02 -2.518000000000000238e-01 -9.909999999999999365e-02 2.220000000000000098e-02 8.379999999999999949e-02 -1.540999999999999870e-01 2.680000000000000090e-02 -2.178000000000000214e-01 -1.198999999999999927e-01 1.720000000000000001e-02 -5.100000000000007305e-03 9.700000000000014166e-03 2.755599999999999977e-04 6.340324000000001348e-02 9.820809999999999262e-03 4.928400000000000315e-04 7.022439999999999585e-03 2.374680999999999667e-02 7.182400000000000893e-04 4.743684000000000789e-02 1.437600999999999810e-02 2.958400000000000135e-04 2.601000000000007454e-05 9.409000000000027313e-05 1.543605000000000000e+06 1.665103250000000000e+06
1.000000000000000000e+00 -2.769999999999999893e-02 -2.061999999999999944e-01 -1.131999999999999951e-01 -1.000000000000000048e-04 1.383000000000000063e-01 -1.700000000000000122e-01 -4.429999999999999910e-02 4.560000000000002940e-02 -1.410000000000000142e-02 -2.230000000000000038e-02 5.450000000000000677e-02 -1.590000000000002522e-02 7.672899999999998992e-04 4.251843999999999762e-02 1.281423999999999931e-02 1.000000000000000021e-08 1.912689000000000056e-02 2.890000000000000555e-02 1.962489999999999894e-03 2.079360000000002751e-03 1.988100000000000294e-04 4.972900000000000584e-04 2.970250000000000667e-03 2.528100000000008270e-04 1.544281125000000000e+06 1.668046375000000000e+06
1.000000000000000000e+00 -4.229999999999999732e-02 -1.469999999999999953e-02 7.530000000000000582e-02 -1.239999999999999956e-02 1.199999999999999956e-01 -1.519000000000000072e-01 -1.459999999999999840e-02 1.915000000000000036e-01 1.885000000000000009e-01 -1.230000000000000017e-02 -1.830000000000001070e-02 1.810000000000000497e-02 1.789289999999999804e-03 2.160899999999999995e-04 5.670090000000000893e-03 1.537599999999999915e-04 1.439999999999999961e-02 2.307361000000000134e-02 2.131599999999999446e-04 3.667225000000000346e-02 3.553225000000000133e-02 1.512899999999999965e-04 3.348900000000003935e-04 3.276100000000002057e-04 1.542633625000000000e+06 1.664946250000000000e+06
1.000000000000000000e+00 -4.750000000000000056e-02 -1.769999999999999907e-01 -1.399999999999999986e-03 -2.220000000000000098e-02 3.409999999999999837e-02 -1.680999999999999994e-01 -5.200000000000003231e-03 -1.622999999999999998e-01 -7.670000000000000429e-02 -9.800000000000001418e-03 -8.590000000000000413e-02 -1.619999999999999218e-02 2.256250000000000009e-03 3.132899999999999574e-02 1.959999999999999869e-06 4.928400000000000315e-04 1.162809999999999799e-03 2.825760999999999898e-02 2.704000000000003249e-05 2.634128999999999984e-02 5.882890000000000862e-03 9.604000000000002238e-05 7.378810000000000403e-03 2.624399999999997438e-04 1.542951875000000000e+06 1.662067125000000000e+06
1.000000000000000000e+00 -6.199999999999999782e-03 -1.635000000000000064e-01 -1.635000000000000064e-01 -2.599999999999999881e-02 6.819999999999999674e-02 -1.317000000000000115e-01 4.130000000000000338e-02 1.349999999999998423e-02 -1.620999999999999941e-01 -3.799999999999997824e-03 3.409999999999999837e-02 3.639999999999998792e-02 3.843999999999999788e-05 2.673225000000000254e-02 2.673225000000000254e-02 6.759999999999999516e-04 4.651239999999999195e-03 1.734489000000000170e-02 1.705690000000000374e-03 1.822499999999995781e-04 2.627640999999999658e-02 1.443999999999998372e-05 1.162809999999999799e-03 1.324959999999999159e-03 1.543851625000000000e+06 1.665898000000000000e+06
1.000000000000000000e+00 -1.540000000000000049e-02 -1.192000000000000004e-01 3.139999999999999736e-02 -3.960000000000000325e-02 8.790000000000000591e-02 -1.449000000000000010e-01 -9.199999999999999845e-03 4.430000000000000604e-02 1.949000000000000177e-01 -1.360000000000000445e-02 1.970000000000000917e-02 -1.319999999999998952e-02 2.371600000000000129e-04 1.420863999999999981e-02 9.859599999999999181e-04 1.568160000000000300e-03 7.726410000000001263e-03 2.099600999999999898e-02 8.464000000000000278e-05 1.962490000000000328e-03 3.798601000000000755e-02 1.849600000000001265e-04 3.880900000000003856e-04 1.742399999999997141e-04 1.542378625000000000e+06 1.665574875000000000e+06
1.000000000000000000e+00 -2.069999999999999965e-02 -1.434999999999999887e-01 3.259999999999999704e-02 -3.300000000000000155e-02 8.300000000000000433e-02 -1.243999999999999967e-01 -5.299999999999999156e-03 -2.429999999999998828e-02 1.199999999999999678e-03 6.600000000000001699e-03 -4.900000000000001577e-03 2.050000000000000433e-02 4.284900000000000124e-04 2.059224999999999597e-02 1.062759999999999833e-03 1.089000000000000124e-03 6.889000000000001026e-03 1.547535999999999877e-02 2.808999999999999025e-05 5.904899999999993964e-04 1.439999999999999130e-06 4.356000000000002340e-05 2.401000000000001576e-05 4.202500000000001590e-04 1.544590250000000000e+06 1.665677625000000000e+06
1.000000000000000000e+00 -3.080000000000000099e-02 -1.527000000000000024e-01 -6.250000000000000000e-02 -3.919999999999999873e-02 8.740000000000000546e-02 -1.373999999999999944e-01 -1.010000000000000134e-02 -9.200000000000013722e-03 -9.509999999999999010e-02 -6.199999999999997180e-03 4.400000000000001132e-03 -1.299999999999999767e-02 9.486400000000000518e-04 2.331729000000000093e-02 3.906250000000000000e-03 1.536639999999999924e-03 7.638760000000001382e-03 1.887875999999999790e-02 1.020100000000000211e-04 8.464000000000024672e-05 9.044009999999998162e-03 3.843999999999996400e-05 1.936000000000001115e-05 1.689999999999999337e-04 1.543039875000000000e+06 1.664895250000000000e+06
1.000000000000000000e+00 -4.669999999999999846e-02 -1.670999999999999985e-01 -4.630000000000000088e-02 -5.160000000000000003e-02 8.379999999999999949e-02 -1.091000000000000025e-01 -1.589999999999999747e-02 -1.439999999999999614e-02 1.619999999999999912e-02 -1.240000000000000130e-02 -3.600000000000005973e-03 2.829999999999999183e-02 2.180889999999999999e-03 2.792240999999999820e-02 2.143690000000000179e-03 2.662560000000000014e-03 7.022439999999999585e-03 1.190280999999999978e-02 2.528099999999999055e-04 2.073599999999998849e-04 2.624399999999999606e-04 1.537600000000000457e-04 1.296000000000004363e-05 8.008899999999995233e-04 1.542209250000000000e+06 1.661491625000000000e+06
1.000000000000000000e+00 -4.710000000000000298e-02 -2.011999999999999900e-01 -8.069999999999999396e-02 -5.439999999999999697e-02 8.440000000000000280e-02 -1.267999999999999960e-01 -4.000000000000045186e-04 -3.409999999999999143e-02 -3.439999999999999308e-02 -2.799999999999996936e-03 6.000000000000033085e-04 -1.769999999999999352e-02 2.218410000000000087e-03 4.048143999999999354e-02 6.512489999999999252e-03 2.959359999999999855e-03 7.123360000000000455e-03 1.607824000000000059e-02 1.600000000000036032e-07 1.162809999999999365e-03 1.183359999999999621e-03 7.839999999999982535e-06 3.600000000000039648e-07 3.132899999999997601e-04 1.541813000000000000e+06 1.664441000000000000e+06
1.000000000000000000e+00 2.399999999999999790e-03 -1.223000000000000059e-01 -3.939999999999999752e-02 -6.829999999999999960e-02 1.014000000000000040e-01 -1.244999999999999996e-01 4.950000000000000233e-02 7.889999999999998403e-02 4.129999999999999644e-02 -1.390000000000000263e-02 1.700000000000000122e-02 2.299999999999996492e-03 5.759999999999999062e-06 1.495729000000000156e-02 1.552359999999999808e-03 4.664889999999999662e-03 1.028196000000000145e-02 1.550025000000000014e-02 2.450250000000000171e-03 6.225209999999997516e-03 1.705689999999999724e-03 1.932100000000000831e-04 2.890000000000000316e-04 5.289999999999984080e-06 1.541232375000000000e+06 1.666766125000000000e+06
1.000000000000000000e+00 4.799999999999999580e-03 -5.179999999999999882e-02 -2.380000000000000171e-02 -1.089999999999999997e-02 8.140000000000000013e-02 -9.750000000000000333e-02 2.399999999999999790e-03 7.050000000000000711e-02 1.559999999999999581e-02 5.739999999999999963e-02 -2.000000000000000389e-02 2.699999999999999623e-02 2.303999999999999625e-05 2.683239999999999931e-03 5.664400000000000858e-04 1.188099999999999958e-04 6.625960000000000183e-03 9.506250000000000810e-03 5.759999999999999062e-06 4.970250000000000709e-03 2.433599999999998655e-04 3.294759999999999876e-03 4.000000000000001818e-04 7.289999999999998304e-04 1.542278250000000000e+06 1.668933500000000000e+06
1.000000000000000000e+00 -1.100000000000000066e-03 -1.355999999999999983e-01 -5.809999999999999887e-02 -1.379999999999999977e-02 3.769999999999999740e-02 -1.117999999999999966e-01 -5.899999999999999863e-03 -8.379999999999999949e-02 -3.429999999999999716e-02 -2.899999999999999800e-03 -4.370000000000000273e-02 -1.429999999999999327e-02 1.210000000000000062e-06 1.838735999999999843e-02 3.375609999999999809e-03 1.904399999999999995e-04 1.421289999999999750e-03 1.249924000000000000e-02 3.481000000000000045e-05 7.022439999999999585e-03 1.176489999999999871e-03 8.409999999999999101e-06 1.909690000000000346e-03 2.044899999999997989e-04 1.543737375000000000e+06 1.667767375000000000e+06
1.000000000000000000e+00 6.000000000000000125e-03 -1.466999999999999971e-01 -8.740000000000000546e-02 -6.300000000000000044e-03 8.719999999999999973e-02 -1.237000000000000044e-01 7.100000000000000408e-03 -1.109999999999999876e-02 -2.930000000000000659e-02 7.499999999999999722e-03 4.950000000000000233e-02 -1.190000000000000779e-02 3.600000000000000091e-05 2.152089000000000085e-02 7.638760000000001382e-03 3.969000000000000116e-05 7.603839999999999731e-03 1.530169000000000147e-02 5.041000000000000694e-05 1.232099999999999808e-04 8.584900000000003813e-04 5.624999999999999846e-05 2.450250000000000171e-03 1.416100000000001841e-04 1.541980625000000000e+06 1.666371375000000000e+06
1.000000000000000000e+00 -1.480000000000000066e-02 -7.099999999999999367e-02 -6.719999999999999585e-02 -2.189999999999999933e-02 6.579999999999999738e-02 -1.179999999999999938e-01 -2.079999999999999905e-02 7.570000000000000340e-02 2.020000000000000961e-02 -1.559999999999999928e-02 -2.140000000000000235e-02 5.700000000000010614e-03 2.190400000000000170e-04 5.040999999999999474e-03 4.515839999999999264e-03 4.796099999999999973e-04 4.329640000000000051e-03 1.392399999999999888e-02 4.326399999999999777e-04 5.730490000000000410e-03 4.080400000000004098e-04 2.433599999999999739e-04 4.579600000000000944e-04 3.249000000000012430e-05 1.541006125000000000e+06 1.667166125000000000e+06
1.000000000000000000e+00 -2.529999999999999957e-02 -8.079999999999999682e-02 3.490000000000000047e-02 -2.639999999999999986e-02 9.260000000000000175e-02 -9.510000000000000397e-02 -1.049999999999999892e-02 -9.800000000000003153e-03 1.020999999999999963e-01 -4.500000000000000527e-03 2.680000000000000437e-02 2.289999999999998981e-02 6.400899999999999515e-04 6.528639999999999617e-03 1.218010000000000056e-03 6.969599999999999407e-04 8.574760000000000715e-03 9.044009999999999896e-03 1.102499999999999829e-04 9.604000000000006304e-05 1.042440999999999854e-02 2.025000000000000432e-05 7.182400000000001977e-04 5.244099999999995683e-04 1.540071500000000000e+06 1.665016375000000000e+06
1.000000000000000000e+00 -1.549999999999999989e-02 -1.753000000000000114e-01 -7.960000000000000409e-02 -2.939999999999999905e-02 4.889999999999999902e-02 -1.396999999999999909e-01 9.799999999999999684e-03 -9.450000000000001454e-02 -1.145000000000000046e-01 -2.999999999999999195e-03 -4.370000000000000273e-02 -4.459999999999998688e-02 2.402499999999999851e-04 3.073009000000000504e-02 6.336160000000000403e-03 8.643599999999999981e-04 2.391209999999999950e-03 1.951608999999999636e-02 9.603999999999999527e-05 8.930250000000002422e-03 1.311025000000000038e-02 8.999999999999995146e-06 1.909690000000000346e-03 1.989159999999998932e-03 1.541787000000000000e+06 1.666563500000000000e+06
1.000000000000000000e+00 -3.570000000000000256e-02 -1.786999999999999977e-01 -2.989999999999999949e-02 -4.139999999999999930e-02 8.540000000000000369e-02 -1.155000000000000054e-01 -2.020000000000000268e-02 -3.399999999999986366e-03 4.970000000000000806e-02 -1.200000000000000025e-02 3.650000000000000466e-02 2.419999999999998541e-02 1.274490000000000085e-03 3.193369000000000069e-02 8.940099999999999870e-04 1.713960000000000049e-03 7.293160000000000788e-03 1.334025000000000141e-02 4.080400000000000845e-04 1.155999999999990795e-05 2.470090000000000740e-03 1.440000000000000036e-04 1.332250000000000318e-03 5.856399999999992514e-04 1.541281500000000000e+06 1.666184750000000000e+06
1.000000000000000000e+00 -4.560000000000000164e-02 -1.824999999999999956e-01 -5.210000000000000048e-02 -5.229999999999999927e-02 6.550000000000000266e-02 -1.338000000000000023e-01 -9.899999999999999079e-03 -3.799999999999997824e-03 -2.220000000000000098e-02 -1.089999999999999997e-02 -1.990000000000000102e-02 -1.829999999999999682e-02 2.079360000000000149e-03 3.330624999999999558e-02 2.714410000000000000e-03 2.735290000000000030e-03 4.290250000000000660e-03 1.790244000000000210e-02 9.800999999999997811e-05 1.443999999999998372e-05 4.928400000000000315e-04 1.188099999999999958e-04 3.960100000000000252e-04 3.348899999999999056e-04 1.541141375000000000e+06 1.663112500000000000e+06
1.000000000000000000e+00 -6.279999999999999472e-02 -1.285000000000000031e-01 1.430000000000000021e-02 -7.739999999999999658e-02 1.053000000000000047e-01 -1.454999999999999905e-01 -1.719999999999999307e-02 5.399999999999999245e-02 6.640000000000000069e-02 -2.509999999999999731e-02 3.980000000000000204e-02 -1.169999999999998819e-02 3.943839999999999672e-03 1.651224999999999915e-02 2.044900000000000157e-04 5.990759999999999488e-03 1.108809000000000183e-02 2.117024999999999810e-02 2.958399999999997425e-04 2.915999999999999322e-03 4.408959999999999962e-03 6.300099999999998583e-04 1.584040000000000101e-03 1.368899999999997278e-04 1.540886750000000000e+06 1.662272875000000000e+06
1.000000000000000000e+00 -7.000000000000000146e-03 -1.173000000000000015e-01 2.489999999999999852e-02 -1.940000000000000058e-02 7.309999999999999831e-02 -1.127999999999999975e-01 5.579999999999999544e-02 1.120000000000000162e-02 1.059999999999999831e-02 5.799999999999999600e-02 -3.220000000000000639e-02 3.269999999999999296e-02 4.900000000000000519e-05 1.375929000000000041e-02 6.200099999999999405e-04 3.763600000000000083e-04 5.343609999999999506e-03 1.272384000000000015e-02 3.113639999999999550e-03 1.254400000000000458e-04 1.123599999999999610e-04 3.363999999999999369e-03 1.036840000000000461e-03 1.069289999999999434e-03 1.539448750000000000e+06 1.660273875000000000e+06
1.000000000000000000e+00 -1.239999999999999956e-02 -1.310000000000000053e-01 -3.549999999999999684e-02 -1.159999999999999920e-02 7.889999999999999791e-02 -1.154000000000000026e-01 -5.399999999999999419e-03 -1.370000000000000384e-02 -6.039999999999999536e-02 7.800000000000001377e-03 5.799999999999999600e-03 -2.600000000000005085e-03 1.537599999999999915e-04 1.716100000000000264e-02 1.260249999999999869e-03 1.345599999999999856e-04 6.225209999999999251e-03 1.331715999999999976e-02 2.915999999999999525e-05 1.876900000000000953e-04 3.648159999999999251e-03 6.084000000000002058e-05 3.363999999999999640e-05 6.760000000000026757e-06 1.538575625000000000e+06 1.659091375000000000e+06
1.000000000000000000e+00 3.049999999999999933e-02 -1.804999999999999938e-01 -1.010000000000000064e-01 1.619999999999999912e-02 8.939999999999999336e-02 -8.949999999999999623e-02 4.290000000000000063e-02 -4.949999999999998845e-02 -6.550000000000000266e-02 2.779999999999999832e-02 1.049999999999999545e-02 2.590000000000000635e-02 9.302499999999999788e-04 3.258024999999999810e-02 1.020100000000000173e-02 2.624399999999999606e-04 7.992359999999998701e-03 8.010250000000000009e-03 1.840410000000000006e-03 2.450249999999998870e-03 4.290250000000000660e-03 7.728399999999998986e-04 1.102499999999999016e-04 6.708100000000003079e-04 1.538153000000000000e+06 1.658141375000000000e+06
1.000000000000000000e+00 5.009999999999999870e-02 -1.456999999999999962e-01 -9.229999999999999316e-02 4.170000000000000095e-02 1.082999999999999935e-01 -7.130000000000000226e-02 1.959999999999999937e-02 3.479999999999999760e-02 8.700000000000013278e-03 2.550000000000000183e-02 1.890000000000000013e-02 1.819999999999999396e-02 2.510010000000000019e-03 2.122848999999999917e-02 8.519289999999998808e-03 1.738890000000000097e-03 1.172888999999999876e-02 5.083690000000000084e-03 3.841599999999999811e-04 1.211039999999999816e-03 7.569000000000023246e-05 6.502500000000001118e-04 3.572100000000000036e-04 3.312399999999997898e-04 1.538843875000000000e+06 1.659933500000000000e+06
1.000000000000000000e+00 3.710000000000000103e-02 -1.431999999999999940e-01 -3.939999999999999752e-02 3.889999999999999708e-02 1.222000000000000031e-01 -7.059999999999999609e-02 -1.299999999999999767e-02 2.500000000000002220e-03 5.289999999999999564e-02 -2.800000000000003875e-03 1.390000000000000957e-02 7.000000000000061728e-04 1.376410000000000003e-03 2.050623999999999850e-02 1.552359999999999808e-03 1.513209999999999859e-03 1.493284000000000104e-02 4.984359999999999312e-03 1.689999999999999337e-04 6.250000000000011311e-06 2.798409999999999440e-03 7.840000000000021499e-06 1.932100000000002728e-04 4.900000000000086493e-07 1.540838625000000000e+06 1.666466000000000000e+06
1.000000000000000000e+00 3.239999999999999825e-02 -1.504999999999999949e-01 -4.150000000000000216e-02 3.500000000000000333e-02 7.430000000000000493e-02 -8.540000000000000369e-02 -4.700000000000002787e-03 -7.300000000000000933e-03 -2.100000000000004641e-03 -3.899999999999993749e-03 -4.789999999999999813e-02 -1.480000000000000759e-02 1.049759999999999843e-03 2.265024999999999678e-02 1.722250000000000256e-03 1.225000000000000177e-03 5.520490000000001160e-03 7.293160000000000788e-03 2.209000000000002737e-05 5.329000000000001325e-05 4.410000000000019610e-06 1.520999999999995094e-05 2.294409999999999766e-03 2.190400000000002339e-04 1.540575500000000000e+06 1.664503750000000000e+06
1.000000000000000000e+00 1.250000000000000069e-02 -1.025999999999999968e-01 -5.400000000000000286e-03 1.660000000000000017e-02 5.190000000000000169e-02 -9.180000000000000659e-02 -1.989999999999999755e-02 4.789999999999999813e-02 3.610000000000000014e-02 -1.840000000000000316e-02 -2.240000000000000324e-02 -6.400000000000002909e-03 1.562500000000000304e-04 1.052675999999999959e-02 2.916000000000000203e-05 2.755599999999999977e-04 2.693610000000000362e-03 8.427240000000000772e-03 3.960099999999999168e-04 2.294409999999999766e-03 1.303209999999999959e-03 3.385600000000001195e-04 5.017600000000001833e-04 4.096000000000003474e-05 1.540579875000000000e+06 1.667134500000000000e+06
1.000000000000000000e+00 2.899999999999999800e-03 -1.494000000000000050e-01 -4.070000000000000007e-02 1.100000000000000066e-03 5.349999999999999895e-02 -1.078000000000000069e-01 -9.600000000000000894e-03 -4.680000000000000826e-02 -3.529999999999999805e-02 -1.549999999999999989e-02 1.599999999999997258e-03 -1.600000000000000033e-02 8.409999999999999101e-06 2.232036000000000089e-02 1.656490000000000046e-03 1.210000000000000062e-06 2.862249999999999777e-03 1.162084000000000207e-02 9.216000000000001209e-05 2.190240000000000849e-03 1.246089999999999828e-03 2.402499999999999851e-04 2.559999999999991160e-06 2.559999999999999884e-04 1.541461125000000000e+06 1.668856125000000000e+06
1.000000000000000000e+00 -2.050000000000000086e-02 -9.979999999999999982e-02 -7.069999999999999896e-02 -2.489999999999999852e-02 8.759999999999999731e-02 -1.180999999999999966e-01 -2.340000000000000066e-02 4.960000000000000520e-02 -2.999999999999999889e-02 -2.599999999999999881e-02 3.409999999999999837e-02 -1.029999999999998972e-02 4.202500000000000506e-04 9.960039999999999866e-03 4.998489999999999531e-03 6.200099999999999405e-04 7.673759999999999956e-03 1.394760999999999918e-02 5.475599999999999955e-04 2.460160000000000732e-03 8.999999999999999754e-04 6.759999999999999516e-04 1.162809999999999799e-03 1.060899999999997923e-04 1.540773250000000000e+06 1.667489750000000000e+06
1.000000000000000000e+00 -2.359999999999999945e-02 -1.340000000000000045e-02 7.009999999999999565e-02 -2.359999999999999945e-02 4.019999999999999962e-02 -1.082999999999999935e-01 -3.099999999999998590e-03 8.640000000000000457e-02 1.407999999999999807e-01 1.299999999999999073e-03 -4.739999999999999769e-02 9.800000000000003153e-03 5.569600000000000072e-04 1.795600000000000223e-04 4.914009999999999039e-03 5.569600000000000072e-04 1.616040000000000011e-03 1.172888999999999876e-02 9.609999999999991000e-06 7.464960000000000519e-03 1.982463999999999407e-02 1.689999999999997584e-06 2.246759999999999990e-03 9.604000000000006304e-05 1.539460125000000000e+06 1.661931250000000000e+06
1.000000000000000000e+00 -3.529999999999999805e-02 1.693000000000000060e-01 1.600000000000000033e-02 -7.400000000000000328e-03 1.226000000000000006e-01 -9.199999999999999845e-02 -1.169999999999999860e-02 1.827000000000000013e-01 -5.409999999999999531e-02 1.619999999999999912e-02 8.240000000000000102e-02 1.629999999999999505e-02 1.246089999999999828e-03 2.866249000000000227e-02 2.559999999999999884e-04 5.476000000000000426e-05 1.503076000000000065e-02 8.463999999999999302e-03 1.368899999999999718e-04 3.337928999999999896e-02 2.926809999999999308e-03 2.624399999999999606e-04 6.789760000000000587e-03 2.656899999999998499e-04 1.539985000000000000e+06 1.664587250000000000e+06
1.000000000000000000e+00 -7.499999999999999722e-03 -1.940999999999999948e-01 -2.340000000000000135e-01 -4.400000000000000265e-03 3.729999999999999982e-02 -1.098999999999999977e-01 2.779999999999999832e-02 -3.634000000000000008e-01 -2.500000000000000000e-01 3.000000000000000062e-03 -8.530000000000000082e-02 -1.789999999999999925e-02 5.624999999999999846e-05 3.767480999999999608e-02 5.475600000000000606e-02 1.936000000000000099e-05 1.391289999999999888e-03 1.207801000000000013e-02 7.728399999999998986e-04 1.320595599999999925e-01 6.250000000000000000e-02 9.000000000000000228e-06 7.276089999999999815e-03 3.204099999999999765e-04 1.539230250000000000e+06 1.664488625000000000e+06
1.000000000000000000e+00 3.320000000000000034e-02 -4.294999999999999929e-01 -1.433000000000000107e-01 -1.420000000000000082e-02 -1.039999999999999952e-02 -1.408000000000000085e-01 4.070000000000000007e-02 -2.353999999999999981e-01 9.070000000000000284e-02 -9.799999999999999684e-03 -4.769999999999999934e-02 -3.090000000000001079e-02 1.102239999999999991e-03 1.844702500000000023e-01 2.053489000000000356e-02 2.016400000000000278e-04 1.081599999999999944e-04 1.982464000000000101e-02 1.656490000000000046e-03 5.541315999999999603e-02 8.226490000000001232e-03 9.603999999999999527e-05 2.275290000000000125e-03 9.548100000000007059e-04 1.541320250000000000e+06 1.664925375000000000e+06
1.000000000000000000e+00 1.820000000000000090e-02 -1.100000000000000006e-01 3.899999999999999994e-02 -3.330000000000000321e-02 9.089999999999999469e-02 -1.476000000000000090e-01 -1.499999999999999944e-02 3.195000000000000062e-01 1.823000000000000176e-01 -1.910000000000000239e-02 1.013000000000000012e-01 -6.800000000000000488e-03 3.312400000000000067e-04 1.209999999999999964e-02 1.521000000000000000e-03 1.108890000000000179e-03 8.262809999999998906e-03 2.178576000000000124e-02 2.249999999999999938e-04 1.020802499999999974e-01 3.323329000000000560e-02 3.648100000000000800e-04 1.026169000000000039e-02 4.624000000000000451e-05 1.542272625000000000e+06 1.664552750000000000e+06
1.000000000000000000e+00 4.400000000000000265e-03 -6.379999999999999560e-02 7.209999999999999742e-02 -4.320000000000000229e-02 5.800000000000000294e-02 -1.122999999999999970e-01 -1.379999999999999977e-02 4.620000000000000495e-02 3.309999999999999748e-02 -9.899999999999999079e-03 -3.289999999999999175e-02 3.530000000000001192e-02 1.936000000000000099e-05 4.070439999999999822e-03 5.198409999999999663e-03 1.866240000000000130e-03 3.364000000000000237e-03 1.261128999999999896e-02 1.904399999999999995e-04 2.134440000000000469e-03 1.095609999999999900e-03 9.800999999999997811e-05 1.082409999999999362e-03 1.246090000000000912e-03 1.541278375000000000e+06 1.660101000000000000e+06
1.000000000000000000e+00 -7.799999999999999642e-03 -9.790000000000000091e-02 -1.359999999999999924e-02 -4.460000000000000075e-02 5.820000000000000173e-02 -1.270000000000000018e-01 -1.219999999999999904e-02 -3.410000000000000531e-02 -8.569999999999999840e-02 -1.399999999999998468e-03 1.999999999999987899e-04 -1.470000000000000473e-02 6.083999999999999348e-05 9.584409999999999805e-03 1.849599999999999910e-04 1.989160000000000234e-03 3.387240000000000129e-03 1.612900000000000097e-02 1.488399999999999641e-04 1.162810000000000449e-03 7.344489999999999526e-03 1.959999999999995634e-06 3.999999999999951776e-08 2.160900000000001351e-04 1.540599875000000000e+06 1.660979000000000000e+06
1.000000000000000000e+00 -1.399999999999999986e-03 -1.965000000000000080e-01 -2.019999999999999921e-02 -4.499999999999999833e-02 5.829999999999999766e-02 -1.292999999999999983e-01 6.399999999999999439e-03 -9.860000000000000708e-02 -6.599999999999999964e-03 -3.999999999999975797e-04 9.999999999999592548e-05 -2.299999999999996492e-03 1.959999999999999869e-06 3.861225000000000074e-02 4.080399999999999761e-04 2.024999999999999890e-03 3.398889999999999897e-03 1.671848999999999905e-02 4.095999999999999408e-05 9.721960000000001711e-03 4.355999999999999629e-05 1.599999999999980711e-07 9.999999999999184609e-09 5.289999999999984080e-06 1.539627250000000000e+06 1.661053000000000000e+06
1.000000000000000000e+00 5.499999999999999681e-03 -1.421999999999999931e-01 -9.879999999999999893e-02 -3.740000000000000269e-02 6.829999999999999960e-02 -8.050000000000000211e-02 6.899999999999999883e-03 5.430000000000001492e-02 -7.860000000000000320e-02 7.599999999999995648e-03 1.000000000000000194e-02 4.879999999999999616e-02 3.024999999999999667e-05 2.022083999999999687e-02 9.761439999999999700e-03 1.398760000000000194e-03 4.664889999999999662e-03 6.480250000000000767e-03 4.760999999999999987e-05 2.948490000000001526e-03 6.177960000000000569e-03 5.775999999999993488e-05 1.000000000000000454e-04 2.381439999999999425e-03 1.540431875000000000e+06 1.661940250000000000e+06
1.000000000000000000e+00 -2.200000000000000133e-03 -7.779999999999999416e-02 -5.129999999999999838e-02 -4.449999999999999789e-02 7.430000000000000493e-02 -9.769999999999999518e-02 -7.700000000000000247e-03 6.439999999999999891e-02 4.750000000000000056e-02 -7.099999999999995204e-03 6.000000000000005329e-03 -1.719999999999999307e-02 4.840000000000000247e-06 6.052839999999999436e-03 2.631689999999999897e-03 1.980249999999999806e-03 5.520490000000001160e-03 9.545289999999999678e-03 5.929000000000000324e-05 4.147360000000000109e-03 2.256250000000000009e-03 5.040999999999993240e-05 3.600000000000006190e-05 2.958399999999997425e-04 1.539065250000000000e+06 1.661758625000000000e+06
1.000000000000000000e+00 -6.199999999999999782e-03 -4.989999999999999991e-02 7.080000000000000182e-02 -5.720000000000000084e-02 4.560000000000000164e-02 -1.084999999999999992e-01 -4.000000000000000083e-03 2.789999999999999425e-02 1.221000000000000002e-01 -1.270000000000000295e-02 -2.870000000000000329e-02 -1.080000000000000404e-02 3.843999999999999788e-05 2.490009999999999966e-03 5.012640000000000498e-03 3.271840000000000252e-03 2.079360000000000149e-03 1.177224999999999973e-02 1.599999999999999928e-05 7.784099999999996708e-04 1.490841000000000041e-02 1.612900000000000770e-04 8.236900000000001859e-04 1.166400000000000894e-04 1.539330625000000000e+06 1.662038375000000000e+06
1.000000000000000000e+00 -1.540000000000000049e-02 -1.776999999999999968e-01 3.399999999999999811e-03 -5.840000000000000052e-02 6.479999999999999649e-02 -1.222000000000000031e-01 -9.199999999999999845e-03 -1.277999999999999969e-01 -6.740000000000000158e-02 -1.199999999999999678e-03 1.919999999999999485e-02 -1.370000000000000384e-02 2.371600000000000129e-04 3.157729000000000091e-02 1.155999999999999943e-05 3.410559999999999981e-03 4.199039999999999370e-03 1.493284000000000104e-02 8.464000000000000278e-05 1.633283999999999778e-02 4.542759999999999854e-03 1.439999999999999130e-06 3.686399999999997773e-04 1.876900000000000953e-04 1.541534250000000000e+06 1.664400625000000000e+06
1.000000000000000000e+00 -2.089999999999999844e-02 -1.001999999999999974e-01 -6.279999999999999472e-02 8.999999999999999754e-04 9.120000000000000329e-02 -1.300999999999999934e-01 -5.499999999999997946e-03 7.749999999999999944e-02 -6.619999999999999496e-02 5.929999999999999855e-02 2.640000000000000679e-02 -7.899999999999990363e-03 4.368099999999999327e-04 1.004004000000000008e-02 3.943839999999999672e-03 8.099999999999999739e-07 8.317440000000000597e-03 1.692600999999999828e-02 3.024999999999997634e-05 6.006250000000000304e-03 4.382439999999999600e-03 3.516489999999999720e-03 6.969600000000003744e-04 6.240999999999984461e-05 1.543075375000000000e+06 1.667265125000000000e+06
1.000000000000000000e+00 -4.270000000000000184e-02 -7.870000000000000606e-02 5.290000000000000258e-02 -1.919999999999999832e-02 7.409999999999999920e-02 -1.054999999999999966e-01 -2.180000000000000340e-02 2.149999999999999134e-02 1.156999999999999973e-01 -2.009999999999999981e-02 -1.710000000000000409e-02 2.459999999999999687e-02 1.823290000000000197e-03 6.193690000000000827e-03 2.798410000000000307e-03 3.686399999999999400e-04 5.490809999999999615e-03 1.113024999999999952e-02 4.752400000000001458e-04 4.622499999999996078e-04 1.338648999999999915e-02 4.040100000000000028e-04 2.924100000000001633e-04 6.051599999999998777e-04 1.542177250000000000e+06 1.667631125000000000e+06
1.000000000000000000e+00 -2.069999999999999965e-02 -1.731000000000000039e-01 -1.199999999999999956e-01 -4.799999999999999580e-03 5.290000000000000258e-02 -1.107999999999999957e-01 2.200000000000000219e-02 -9.439999999999999780e-02 -1.728999999999999981e-01 1.439999999999999961e-02 -2.119999999999999662e-02 -5.299999999999999156e-03 4.284900000000000124e-04 2.996361000000000163e-02 1.439999999999999961e-02 2.303999999999999625e-05 2.798410000000000307e-03 1.227663999999999839e-02 4.840000000000001094e-04 8.911360000000000114e-03 2.989440999999999973e-02 2.073599999999999933e-04 4.494399999999998440e-04 2.808999999999999025e-05 1.540732875000000000e+06 1.664224625000000000e+06
1.000000000000000000e+00 3.620000000000000301e-02 -2.003999999999999948e-01 -7.439999999999999392e-02 -5.999999999999999474e-04 9.919999999999999651e-02 -1.115000000000000019e-01 5.690000000000000613e-02 -2.729999999999999094e-02 4.560000000000000164e-02 4.199999999999999740e-03 4.629999999999999394e-02 -7.000000000000061728e-04 1.310440000000000172e-03 4.016016000000000030e-02 5.535359999999998719e-03 3.599999999999999414e-07 9.840639999999999457e-03 1.243225000000000059e-02 3.237610000000000574e-03 7.452899999999994729e-04 2.079360000000000149e-03 1.763999999999999713e-05 2.143689999999999311e-03 4.900000000000086493e-07 1.541395625000000000e+06 1.664251750000000000e+06
1.000000000000000000e+00 5.000000000000000104e-04 -1.398999999999999966e-01 4.159999999999999809e-02 1.400000000000000029e-02 1.005000000000000060e-01 -9.629999999999999671e-02 -3.570000000000000256e-02 6.049999999999999822e-02 1.159999999999999920e-01 1.460000000000000013e-02 1.300000000000009481e-03 1.520000000000000517e-02 2.499999999999999887e-07 1.957200999999999733e-02 1.730559999999999911e-03 1.960000000000000208e-04 1.010025000000000159e-02 9.273689999999999364e-03 1.274490000000000085e-03 3.660249999999999875e-03 1.345599999999999748e-02 2.131599999999999988e-04 1.690000000000024689e-06 2.310400000000001461e-04 1.539106625000000000e+06 1.661250750000000000e+06
1.000000000000000000e+00 9.790000000000000091e-02 -1.193000000000000033e-01 -1.034000000000000058e-01 6.149999999999999911e-02 1.032000000000000001e-01 -7.480000000000000537e-02 9.740000000000000047e-02 2.059999999999999332e-02 -1.450000000000000178e-01 4.750000000000000056e-02 2.699999999999994071e-03 2.149999999999999134e-02 9.584409999999999805e-03 1.423249000000000042e-02 1.069156000000000099e-02 3.782250000000000022e-03 1.065024000000000005e-02 5.595040000000000777e-03 9.486760000000000331e-03 4.243599999999997114e-04 2.102500000000000549e-02 2.256250000000000009e-03 7.289999999999968319e-06 4.622499999999996078e-04 1.540102125000000000e+06 1.663933375000000000e+06
1.000000000000000000e+00 3.030000000000000054e-02 -1.492999999999999883e-01 -9.660000000000000531e-02 5.970000000000000306e-02 5.809999999999999887e-02 -9.929999999999999938e-02 -6.759999999999999343e-02 -2.999999999999998501e-02 6.800000000000000488e-03 -1.799999999999996048e-03 -4.510000000000000120e-02 -2.449999999999999400e-02 9.180899999999999868e-04 2.229048999999999614e-02 9.331560000000000896e-03 3.564090000000000227e-03 3.375609999999999809e-03 9.860489999999999533e-03 4.569759999999999101e-03 8.999999999999991080e-04 4.624000000000000451e-05 3.239999999999985920e-06 2.034010000000000158e-03 6.002499999999996554e-04 1.541657875000000000e+06 1.664012875000000000e+06
1.000000000000000000e+00 2.259999999999999856e-02 -1.577000000000000068e-01 -1.559999999999999928e-02 -3.020000000000000115e-02 6.740000000000000158e-02 -1.026999999999999996e-01 -7.700000000000001982e-03 -8.400000000000018563e-03 8.100000000000000255e-02 -8.990000000000000768e-02 9.300000000000002709e-03 -3.400000000000000244e-03 5.107599999999999684e-04 2.486929000000000223e-02 2.433599999999999739e-04 9.120400000000000295e-04 4.542759999999999854e-03 1.054728999999999910e-02 5.929000000000003034e-05 7.056000000000031377e-05 6.560999999999999992e-03 8.082010000000000582e-03 8.649000000000004774e-05 1.156000000000000113e-05 1.541217125000000000e+06 1.669048625000000000e+06
1.000000000000000000e+00 -2.050000000000000086e-02 -7.099999999999999367e-02 -2.179999999999999993e-02 -6.529999999999999694e-02 7.249999999999999500e-02 -1.060999999999999999e-01 -4.309999999999999942e-02 8.670000000000001317e-02 -6.200000000000000649e-03 -3.509999999999999232e-02 5.099999999999993427e-03 -3.400000000000000244e-03 4.202500000000000506e-04 5.040999999999999474e-03 4.752399999999999832e-04 4.264089999999999894e-03 5.256249999999999638e-03 1.125721000000000013e-02 1.857609999999999990e-03 7.516890000000002632e-03 3.844000000000001143e-05 1.232009999999999529e-03 2.600999999999993224e-05 1.156000000000000113e-05 1.542570500000000000e+06 1.671232875000000000e+06
1.000000000000000000e+00 -3.440000000000000002e-02 -5.469999999999999862e-02 1.209999999999999964e-02 -8.329999999999999905e-02 4.270000000000000184e-02 -1.043000000000000038e-01 -1.389999999999999916e-02 1.629999999999999505e-02 3.389999999999999958e-02 -1.800000000000000211e-02 -2.979999999999999316e-02 1.799999999999996048e-03 1.183360000000000054e-03 2.992089999999999767e-03 1.464100000000000026e-04 6.938889999999999642e-03 1.823290000000000197e-03 1.087849000000000108e-02 1.932099999999999746e-04 2.656899999999998499e-04 1.149209999999999902e-03 3.240000000000000692e-04 8.880399999999995546e-04 3.239999999999985920e-06 1.542284500000000000e+06 1.669649500000000000e+06
1.000000000000000000e+00 -4.100000000000000172e-02 -1.648000000000000020e-01 -5.539999999999999786e-02 -1.720000000000000001e-02 3.699999999999999817e-02 -1.156999999999999973e-01 -6.600000000000001699e-03 -1.101000000000000034e-01 -6.750000000000000444e-02 6.609999999999999210e-02 -5.700000000000003675e-03 -1.139999999999999347e-02 1.681000000000000202e-03 2.715904000000000235e-02 3.069159999999999597e-03 2.958400000000000135e-04 1.368999999999999774e-03 1.338648999999999915e-02 4.356000000000002340e-05 1.212201000000000077e-02 4.556250000000000404e-03 4.369209999999999240e-03 3.249000000000004299e-05 1.299599999999998467e-04 1.539830000000000000e+06 1.667741250000000000e+06
1.000000000000000000e+00 -3.610000000000000014e-02 -1.451999999999999957e-01 -1.494000000000000050e-01 -1.959999999999999937e-02 5.630000000000000282e-02 -1.060999999999999999e-01 4.900000000000001577e-03 1.960000000000000631e-02 -9.400000000000000022e-02 -2.399999999999999356e-03 1.930000000000000465e-02 9.599999999999997424e-03 1.303209999999999959e-03 2.108303999999999734e-02 2.232036000000000089e-02 3.841599999999999811e-04 3.169690000000000181e-03 1.125721000000000013e-02 2.401000000000001576e-05 3.841600000000002521e-04 8.836000000000000104e-03 5.759999999999996521e-06 3.724900000000001691e-04 9.215999999999994433e-05 1.539966125000000000e+06 1.668259000000000000e+06
1.000000000000000000e+00 7.700000000000000247e-03 -6.809999999999999387e-02 -8.100000000000000255e-02 -2.779999999999999832e-02 4.170000000000000095e-02 -7.370000000000000162e-02 4.379999999999999866e-02 7.710000000000000187e-02 6.840000000000000246e-02 -8.199999999999998956e-03 -1.460000000000000187e-02 3.239999999999999825e-02 5.929000000000000324e-05 4.637609999999999476e-03 6.560999999999999992e-03 7.728399999999998986e-04 1.738890000000000097e-03 5.431690000000000303e-03 1.918439999999999989e-03 5.944410000000000666e-03 4.678560000000000010e-03 6.723999999999998641e-05 2.131600000000000530e-04 1.049759999999999843e-03 1.539136125000000000e+06 1.665461500000000000e+06
1.000000000000000000e+00 9.799999999999999684e-03 -9.819999999999999563e-02 -2.000000000000000042e-03 -3.219999999999999946e-02 2.450000000000000094e-02 -9.790000000000000091e-02 2.099999999999999437e-03 -3.010000000000000175e-02 7.900000000000000078e-02 -4.400000000000001132e-03 -1.720000000000000001e-02 -2.419999999999999929e-02 9.603999999999999527e-05 9.643239999999999104e-03 3.999999999999999819e-06 1.036840000000000027e-03 6.002500000000000890e-04 9.584409999999999805e-03 4.409999999999997588e-06 9.060100000000000618e-04 6.241000000000000020e-03 1.936000000000001115e-05 2.958400000000000135e-04 5.856400000000000104e-04 1.540431125000000000e+06 1.664478750000000000e+06
1.000000000000000000e+00 5.100000000000000366e-03 -2.318000000000000060e-01 -9.420000000000000595e-02 -3.690000000000000224e-02 2.309999999999999901e-02 -8.709999999999999687e-02 -4.699999999999999317e-03 -1.335999999999999965e-01 -9.220000000000000417e-02 -4.700000000000002787e-03 -1.400000000000001937e-03 1.080000000000000404e-02 2.601000000000000339e-05 5.373123999999999956e-02 8.873640000000000347e-03 1.361610000000000077e-03 5.336099999999999004e-04 7.586409999999999161e-03 2.208999999999999348e-05 1.784896000000000052e-02 8.500840000000000826e-03 2.209000000000002737e-05 1.960000000000005375e-06 1.166400000000000894e-04 1.540081375000000000e+06 1.665198375000000000e+06
1.000000000000000000e+00 8.000000000000000167e-03 -8.459999999999999465e-02 1.839999999999999969e-02 -3.989999999999999797e-02 4.510000000000000120e-02 -1.116999999999999937e-01 2.899999999999999800e-03 1.471999999999999975e-01 1.126000000000000056e-01 -2.999999999999995726e-03 2.200000000000000219e-02 -2.459999999999999687e-02 6.399999999999999710e-05 7.157159999999999217e-03 3.385600000000000111e-04 1.592009999999999823e-03 2.034010000000000158e-03 1.247688999999999916e-02 8.409999999999999101e-06 2.166784000000000071e-02 1.267876000000000072e-02 8.999999999999974817e-06 4.840000000000001094e-04 6.051599999999998777e-04 1.543015750000000000e+06 1.668074000000000000e+06
1.000000000000000000e+00 -4.000000000000000192e-04 -4.959999999999999826e-02 6.479999999999999649e-02 -4.560000000000000164e-02 2.000000000000000042e-02 -8.110000000000000542e-02 -8.399999999999999481e-03 3.499999999999999639e-02 4.639999999999999680e-02 -5.700000000000003675e-03 -2.510000000000000078e-02 3.059999999999998832e-02 1.600000000000000033e-07 2.460159999999999864e-03 4.199039999999999370e-03 2.079360000000000149e-03 4.000000000000000192e-04 6.577210000000000868e-03 7.055999999999998851e-05 1.224999999999999744e-03 2.152959999999999770e-03 3.249000000000004299e-05 6.300100000000000752e-04 9.363599999999992545e-04 1.539586125000000000e+06 1.660909750000000000e+06
1.000000000000000000e+00 7.799999999999999642e-03 -1.383000000000000063e-01 1.949999999999999997e-02 -3.509999999999999926e-02 3.080000000000000099e-02 -1.149000000000000021e-01 8.199999999999998956e-03 -8.870000000000000107e-02 -4.529999999999999305e-02 1.050000000000000239e-02 1.080000000000000057e-02 -3.379999999999999671e-02 6.083999999999999348e-05 1.912689000000000056e-02 3.802499999999999999e-04 1.232009999999999963e-03 9.486400000000000518e-04 1.320201000000000013e-02 6.723999999999998641e-05 7.867690000000000100e-03 2.052089999999999470e-03 1.102500000000000507e-04 1.166400000000000081e-04 1.142439999999999775e-03 1.539232250000000000e+06 1.660151875000000000e+06
1.000000000000000000e+00 2.520000000000000018e-02 -1.802999999999999881e-01 -7.130000000000000226e-02 -2.270000000000000143e-02 3.259999999999999704e-02 -1.006999999999999978e-01 1.739999999999999880e-02 -4.199999999999998179e-02 -9.080000000000000571e-02 1.239999999999999783e-02 1.799999999999996048e-03 1.420000000000000429e-02 6.350400000000000185e-04 3.250808999999999643e-02 5.083690000000000084e-03 5.152900000000000622e-04 1.062759999999999833e-03 1.014049000000000027e-02 3.027599999999999541e-04 1.763999999999998425e-03 8.244640000000000996e-03 1.537599999999999373e-04 3.239999999999985920e-06 2.016400000000001091e-04 1.538149375000000000e+06 1.660117625000000000e+06
1.000000000000000000e+00 2.779999999999999832e-02 -1.451000000000000068e-01 -8.930000000000000437e-02 -2.210000000000000159e-02 6.140000000000000319e-02 -1.238999999999999962e-01 2.599999999999998146e-03 3.519999999999998130e-02 -1.800000000000000211e-02 5.999999999999998390e-04 2.880000000000000615e-02 -2.319999999999999840e-02 7.728399999999998986e-04 2.105401000000000147e-02 7.974490000000000745e-03 4.884100000000001027e-04 3.769960000000000585e-03 1.535120999999999881e-02 6.759999999999990334e-06 1.239039999999998762e-03 3.240000000000000692e-04 3.599999999999997825e-07 8.294400000000004070e-04 5.382399999999999424e-04 1.537929250000000000e+06 1.661459250000000000e+06
1.000000000000000000e+00 6.799999999999999621e-03 -8.659999999999999643e-02 -3.969999999999999918e-02 -4.179999999999999688e-02 4.120000000000000051e-02 -1.083999999999999964e-01 -2.099999999999999784e-02 5.850000000000001033e-02 4.960000000000000520e-02 -1.969999999999999529e-02 -2.020000000000000268e-02 1.549999999999999989e-02 4.623999999999999774e-05 7.499559999999999733e-03 1.576090000000000043e-03 1.747239999999999731e-03 1.697440000000000147e-03 1.175055999999999844e-02 4.409999999999999316e-04 3.422250000000001246e-03 2.460160000000000732e-03 3.880899999999997893e-04 4.080400000000000845e-04 2.402499999999999851e-04 1.538220375000000000e+06 1.661391750000000000e+06
1.000000000000000000e+00 5.899999999999999863e-03 -1.176999999999999991e-01 -1.030000000000000013e-02 -4.270000000000000184e-02 3.219999999999999946e-02 -1.174000000000000044e-01 -8.999999999999997585e-04 -3.110000000000000264e-02 2.939999999999999905e-02 -9.000000000000049627e-04 -9.000000000000001055e-03 -9.000000000000007994e-03 3.481000000000000045e-05 1.385328999999999901e-02 1.060900000000000092e-04 1.823290000000000197e-03 1.036840000000000027e-03 1.378276000000000154e-02 8.099999999999995504e-07 9.672100000000001399e-04 8.643599999999999981e-04 8.100000000000089737e-07 8.100000000000001730e-05 8.100000000000013927e-05 1.540773250000000000e+06 1.664588500000000000e+06
1.000000000000000000e+00 2.359999999999999945e-02 -2.587999999999999745e-01 -1.527000000000000024e-01 -2.369999999999999885e-02 4.989999999999999991e-02 -1.242000000000000048e-01 1.770000000000000046e-02 -1.410999999999999754e-01 -1.423999999999999988e-01 1.900000000000000300e-02 1.770000000000000046e-02 -6.800000000000000488e-03 5.569600000000000072e-04 6.697743999999998532e-02 2.331729000000000093e-02 5.616899999999999974e-04 2.490009999999999966e-03 1.542564000000000088e-02 3.132900000000000311e-04 1.990920999999999316e-02 2.027775999999999884e-02 3.610000000000001012e-04 3.132900000000000311e-04 4.624000000000000451e-05 1.542079375000000000e+06 1.665925750000000000e+06
1.000000000000000000e+00 2.199999999999999872e-02 -1.071000000000000008e-01 -5.100000000000000366e-03 -1.220000000000000077e-02 7.489999999999999436e-02 -9.500000000000000111e-02 -1.600000000000000727e-03 1.516999999999999738e-01 1.476000000000000090e-01 1.149999999999999807e-02 2.499999999999999445e-02 2.920000000000000373e-02 4.839999999999999468e-04 1.147041000000000033e-02 2.601000000000000339e-05 1.488400000000000183e-04 5.610009999999999476e-03 9.025000000000000036e-03 2.560000000000002171e-06 2.301288999999999071e-02 2.178576000000000124e-02 1.322499999999999620e-04 6.249999999999996877e-04 8.526400000000002120e-04 1.539955250000000000e+06 1.663118875000000000e+06
1.000000000000000000e+00 9.890000000000000180e-02 -6.660000000000000642e-02 6.049999999999999822e-02 1.165000000000000063e-01 8.229999999999999816e-02 3.740000000000000269e-02 7.689999999999999614e-02 4.049999999999999434e-02 6.559999999999999165e-02 1.287000000000000088e-01 7.400000000000003797e-03 1.324000000000000177e-01 9.781210000000000251e-03 4.435560000000000717e-03 3.660249999999999875e-03 1.357225000000000098e-02 6.773289999999999519e-03 1.398760000000000194e-03 5.913609999999999700e-03 1.640249999999999564e-03 4.303359999999999130e-03 1.656369000000000244e-02 5.476000000000005847e-05 1.752976000000000534e-02 1.538440750000000000e+06 1.662000250000000000e+06
1.000000000000000000e+00 1.180999999999999966e-01 -1.048999999999999932e-01 -2.160000000000000114e-02 1.728999999999999981e-01 7.099999999999999367e-02 3.470000000000000168e-02 1.919999999999999485e-02 -3.829999999999998683e-02 -8.210000000000000631e-02 5.639999999999999181e-02 -1.130000000000000449e-02 -2.700000000000001010e-03 1.394760999999999918e-02 1.100400999999999810e-02 4.665600000000000324e-04 2.989440999999999973e-02 5.040999999999999474e-03 1.204090000000000108e-03 3.686399999999997773e-04 1.466889999999998907e-03 6.740410000000001366e-03 3.180959999999999170e-03 1.276900000000001005e-04 7.290000000000005589e-06 1.539789375000000000e+06 1.663327125000000000e+06
1.000000000000000000e+00 -4.300000000000000003e-03 -1.207000000000000017e-01 -3.080000000000000099e-02 -1.760000000000000106e-02 5.360000000000000181e-02 -5.199999999999999761e-02 -1.223999999999999949e-01 -1.580000000000000848e-02 -9.199999999999999845e-03 -1.905000000000000027e-01 -1.739999999999999186e-02 -8.669999999999999929e-02 1.849000000000000085e-05 1.456848999999999991e-02 9.486400000000000518e-04 3.097600000000000158e-04 2.872960000000000357e-03 2.703999999999999806e-03 1.498175999999999848e-02 2.496400000000002458e-04 8.464000000000000278e-05 3.629025000000000306e-02 3.027599999999997372e-04 7.516890000000000030e-03 1.540933000000000000e+06 1.664865500000000000e+06
1.000000000000000000e+00 -4.410000000000000031e-02 -6.560000000000000553e-02 -1.179999999999999973e-02 -1.383000000000000063e-01 7.349999999999999589e-02 -1.019000000000000045e-01 -3.980000000000000204e-02 5.509999999999999620e-02 1.900000000000000300e-02 -1.207000000000000017e-01 1.989999999999999408e-02 -4.990000000000000685e-02 1.944809999999999942e-03 4.303360000000000865e-03 1.392400000000000018e-04 1.912689000000000056e-02 5.402249999999999067e-03 1.038361000000000145e-02 1.584040000000000101e-03 3.036009999999999577e-03 3.610000000000001012e-04 1.456848999999999991e-02 3.960099999999997541e-04 2.490010000000000834e-03 1.542292625000000000e+06 1.669095500000000000e+06
1.000000000000000000e+00 -8.060000000000000497e-02 -2.149999999999999828e-02 4.540000000000000285e-02 -9.439999999999999780e-02 5.020000000000000157e-02 -7.040000000000000424e-02 -3.650000000000000466e-02 4.410000000000000725e-02 5.720000000000000084e-02 4.390000000000000846e-02 -2.329999999999999433e-02 3.150000000000000022e-02 6.496360000000000502e-03 4.622499999999999331e-04 2.061160000000000249e-03 8.911360000000000114e-03 2.520040000000000301e-03 4.956160000000000253e-03 1.332250000000000318e-03 1.944810000000000592e-03 3.271840000000000252e-03 1.927210000000000815e-03 5.428899999999997573e-04 9.922500000000000764e-04 1.542284250000000000e+06 1.664976000000000000e+06
1.000000000000000000e+00 -1.650000000000000078e-02 -1.673000000000000043e-01 2.730000000000000135e-02 -2.400000000000000050e-02 6.149999999999999911e-02 -1.199000000000000066e-01 6.410000000000000420e-02 -1.458000000000000129e-01 -1.810000000000000150e-02 7.039999999999999036e-02 1.129999999999999755e-02 -4.950000000000000233e-02 2.722500000000000310e-04 2.798929000000000000e-02 7.452900000000001234e-04 5.760000000000000146e-04 3.782250000000000022e-03 1.437601000000000157e-02 4.108810000000000934e-03 2.125764000000000473e-02 3.276100000000000431e-04 4.956159999999998518e-03 1.276899999999999379e-04 2.450250000000000171e-03 1.538074625000000000e+06 1.660907750000000000e+06
1.000000000000000000e+00 -2.860000000000000042e-02 -1.620999999999999941e-01 -1.113999999999999990e-01 -3.599999999999999728e-02 5.399999999999999939e-02 -8.730000000000000260e-02 -1.209999999999999964e-02 5.200000000000010170e-03 -1.386999999999999900e-01 -1.199999999999999678e-02 -7.499999999999999722e-03 3.260000000000000397e-02 8.179600000000000629e-04 2.627640999999999658e-02 1.240995999999999939e-02 1.295999999999999843e-03 2.915999999999999755e-03 7.621290000000000182e-03 1.464100000000000026e-04 2.704000000000010703e-05 1.923768999999999826e-02 1.439999999999999223e-04 5.624999999999999846e-05 1.062760000000000267e-03 1.537788625000000000e+06 1.659986500000000000e+06
1.000000000000000000e+00 -6.300000000000000044e-02 7.069999999999999896e-02 -2.029999999999999860e-02 -5.630000000000000282e-02 5.990000000000000185e-02 -5.940000000000000141e-02 -3.440000000000000002e-02 2.328000000000000069e-01 9.110000000000000042e-02 -2.030000000000000554e-02 5.900000000000002465e-03 2.790000000000000119e-02 3.969000000000000306e-03 4.998489999999999531e-03 4.120899999999999390e-04 3.169690000000000181e-03 3.588010000000000418e-03 3.528360000000000350e-03 1.183360000000000054e-03 5.419584000000000207e-02 8.299209999999999574e-03 4.120900000000002100e-04 3.481000000000002755e-05 7.784100000000001044e-04 1.537068625000000000e+06 1.662357625000000000e+06
1.000000000000000000e+00 -3.529999999999999805e-02 -1.731999999999999929e-01 -7.720000000000000473e-02 -5.129999999999999838e-02 2.910000000000000087e-02 -9.829999999999999849e-02 2.770000000000000240e-02 -2.439000000000000057e-01 -5.690000000000000613e-02 5.000000000000004441e-03 -3.080000000000000099e-02 -3.889999999999999708e-02 1.246089999999999828e-03 2.999823999999999893e-02 5.959840000000000970e-03 2.631689999999999897e-03 8.468100000000000323e-04 9.662890000000000368e-03 7.672900000000001160e-04 5.948721000000000564e-02 3.237610000000000574e-03 2.500000000000004524e-05 9.486400000000000518e-04 1.513209999999999859e-03 1.540339250000000000e+06 1.665859500000000000e+06
1.000000000000000000e+00 3.400000000000000244e-02 -3.038000000000000145e-01 -1.499000000000000055e-01 -3.799999999999999992e-03 4.379999999999999866e-02 -7.920000000000000651e-02 6.930000000000000049e-02 -1.306000000000000216e-01 -7.270000000000000073e-02 4.750000000000000056e-02 1.469999999999999779e-02 1.909999999999999198e-02 1.156000000000000126e-03 9.229444000000000536e-02 2.247001000000000207e-02 1.444000000000000066e-05 1.918439999999999989e-03 6.272640000000001201e-03 4.802490000000000404e-03 1.705636000000000652e-02 5.285289999999999780e-03 2.256250000000000009e-03 2.160899999999999453e-04 3.648099999999997005e-04 1.540062625000000000e+06 1.664695125000000000e+06
1.000000000000000000e+00 -3.509999999999999926e-02 -1.295000000000000040e-01 -6.439999999999999891e-02 -4.259999999999999898e-02 2.829999999999999877e-02 -6.339999999999999802e-02 -6.909999999999999476e-02 1.743000000000000105e-01 8.550000000000000655e-02 -3.880000000000000115e-02 -1.549999999999999989e-02 1.580000000000000848e-02 1.232009999999999963e-03 1.677025000000000043e-02 4.147360000000000109e-03 1.814759999999999898e-03 8.008899999999999570e-04 4.019560000000000147e-03 4.774809999999999124e-03 3.038049000000000305e-02 7.310250000000000775e-03 1.505440000000000033e-03 2.402499999999999851e-04 2.496400000000002458e-04 1.540507250000000000e+06 1.664780625000000000e+06
1.000000000000000000e+00 4.800000000000000100e-02 -2.142999999999999905e-01 -1.318999999999999895e-01 8.399999999999999481e-03 6.370000000000000662e-02 -8.200000000000000344e-02 8.310000000000000719e-02 -8.479999999999998650e-02 -6.749999999999999056e-02 5.099999999999999672e-02 3.540000000000000785e-02 -1.860000000000000542e-02 2.304000000000000058e-03 4.592448999999999837e-02 1.739760999999999738e-02 7.055999999999998851e-05 4.057690000000000949e-03 6.724000000000000810e-03 6.905610000000001261e-03 7.191039999999997503e-03 4.556249999999998669e-03 2.600999999999999580e-03 1.253160000000000558e-03 3.459600000000001910e-04 1.541148625000000000e+06 1.667984000000000000e+06
1.000000000000000000e+00 -5.439999999999999697e-02 -7.570000000000000340e-02 -3.259999999999999704e-02 -5.829999999999999766e-02 3.459999999999999881e-02 -8.010000000000000453e-02 -1.023999999999999910e-01 1.386000000000000010e-01 9.929999999999999938e-02 -6.669999999999999540e-02 -2.910000000000000780e-02 1.899999999999998912e-03 2.959359999999999855e-03 5.730490000000000410e-03 1.062759999999999833e-03 3.398889999999999897e-03 1.197159999999999848e-03 6.416010000000000636e-03 1.048575999999999848e-02 1.920996000000000162e-02 9.860489999999999533e-03 4.448889999999999616e-03 8.468100000000004660e-04 3.609999999999995930e-06 1.541432500000000000e+06 1.668606250000000000e+06
1.000000000000000000e+00 1.980000000000000163e-02 -1.207000000000000017e-01 9.819999999999999563e-02 -2.230000000000000038e-02 3.119999999999999857e-02 -1.055999999999999994e-01 7.420000000000000207e-02 -4.499999999999999833e-02 1.307999999999999996e-01 3.599999999999999728e-02 -3.400000000000000244e-03 -2.549999999999999489e-02 3.920400000000000751e-04 1.456848999999999991e-02 9.643239999999999104e-03 4.972900000000000584e-04 9.734399999999998956e-04 1.115135999999999905e-02 5.505640000000000013e-03 2.024999999999999890e-03 1.710864000000000135e-02 1.295999999999999843e-03 1.156000000000000113e-05 6.502499999999997865e-04 1.541604875000000000e+06 1.666744250000000000e+06
1.000000000000000000e+00 1.609999999999999973e-02 -1.685000000000000109e-01 -4.490000000000000241e-02 -2.280000000000000082e-02 5.009999999999999870e-02 -1.140999999999999931e-01 -3.700000000000001898e-03 -4.780000000000000915e-02 -1.431000000000000050e-01 -5.000000000000004441e-04 1.890000000000000013e-02 -8.499999999999993672e-03 2.592100000000000068e-04 2.839225000000000429e-02 2.016010000000000371e-03 5.198400000000000373e-04 2.510010000000000019e-03 1.301880999999999872e-02 1.369000000000001462e-05 2.284840000000001089e-03 2.047761000000000026e-02 2.500000000000004651e-07 3.572100000000000036e-04 7.224999999999988593e-05 1.539664250000000000e+06 1.663649875000000000e+06
