1.000000000000000000e+00 0.000000000000000000e+00 -0.000000000000000000e+00 0.000000000000000000e+00 -0.000000000000000000e+00 -0.000000000000000000e+00 -0.000000000000000000e+00 0.000000000000000000e+00 0.000000000000000000e+00 0.000000000000000000e+00 0.000000000000000000e+00 0.000000000000000000e+00 0.000000000000000000e+00 0.000000000000000000e+00 0.000000000000000000e+00 0.000000000000000000e+00 0.000000000000000000e+00 0.000000000000000000e+00 0.000000000000000000e+00 0.000000000000000000e+00 0.000000000000000000e+00 0.000000000000000000e+00 0.000000000000000000e+00 0.000000000000000000e+00 0.000000000000000000e+00 1.162951625000000000e+06 1.242722875000000000e+06
1.000000000000000000e+00 4.139999999999999930e-02 1.252999999999999947e-01 -6.930000000000000049e-02 -4.719999999999999890e-02 8.240000000000000102e-02 9.599999999999999159e-03 4.139999999999999930e-02 1.252999999999999947e-01 -6.930000000000000049e-02 -4.719999999999999890e-02 8.240000000000000102e-02 9.599999999999999159e-03 1.713960000000000049e-03 1.570008999999999988e-02 4.802490000000000404e-03 2.227840000000000029e-03 6.789760000000000587e-03 9.215999999999998499e-05 1.713960000000000049e-03 1.570008999999999988e-02 4.802490000000000404e-03 2.227840000000000029e-03 6.789760000000000587e-03 9.215999999999998499e-05 1.163245875000000000e+06 1.245889250000000000e+06
1.000000000000000000e+00 3.640000000000000180e-02 2.975999999999999757e-01 4.179999999999999688e-02 -3.670000000000000345e-02 1.310000000000000053e-01 2.510000000000000078e-02 -4.999999999999997502e-03 1.722999999999999809e-01 1.111000000000000043e-01 1.049999999999999545e-02 4.860000000000000431e-02 1.550000000000000162e-02 1.324960000000000027e-03 8.856575999999997950e-02 1.747239999999999731e-03 1.346890000000000327e-03 1.716100000000000264e-02 6.300100000000000752e-04 2.499999999999997409e-05 2.968728999999999466e-02 1.234321000000000029e-02 1.102499999999999016e-04 2.361960000000000622e-03 2.402500000000000393e-04 1.163707875000000000e+06 1.246177250000000000e+06
1.000000000000000000e+00 -4.399999999999999745e-02 9.420000000000000595e-02 6.199999999999999782e-03 -3.090000000000000038e-02 4.889999999999999902e-02 -1.000000000000000021e-03 -8.039999999999999925e-02 -2.033999999999999697e-01 -3.559999999999999970e-02 5.800000000000003070e-03 -8.210000000000000631e-02 -2.610000000000000167e-02 1.935999999999999787e-03 8.873640000000000347e-03 3.843999999999999788e-05 9.548100000000000554e-04 2.391209999999999950e-03 9.999999999999999547e-07 6.464160000000000045e-03 4.137155999999998779e-02 1.267359999999999928e-03 3.364000000000003706e-05 6.740410000000001366e-03 6.812100000000001271e-04 1.163025875000000000e+06 1.245805625000000000e+06
1.000000000000000000e+00 3.910000000000000281e-02 6.510000000000000508e-02 -9.840000000000000135e-02 -3.849999999999999950e-02 1.233000000000000068e-01 2.270000000000000143e-02 8.310000000000000719e-02 -2.910000000000000087e-02 -1.045999999999999985e-01 -7.599999999999999117e-03 7.440000000000000779e-02 2.370000000000000231e-02 1.528810000000000238e-03 4.238010000000000388e-03 9.682559999999999778e-03 1.482250000000000061e-03 1.520289000000000189e-02 5.152900000000000622e-04 6.905610000000001261e-03 8.468100000000000323e-04 1.094116000000000012e-02 5.775999999999998909e-05 5.535360000000001321e-03 5.616900000000001059e-04 1.163818500000000000e+06 1.247243000000000000e+06
1.000000000000000000e+00 -3.500000000000000333e-02 1.633000000000000007e-01 -7.199999999999999803e-03 -2.369999999999999885e-02 1.077000000000000041e-01 3.710000000000000103e-02 -7.409999999999999920e-02 9.819999999999999563e-02 9.120000000000000329e-02 1.480000000000000066e-02 -1.560000000000000275e-02 1.439999999999999961e-02 1.225000000000000177e-03 2.666688999999999865e-02 5.183999999999999833e-05 5.616899999999999974e-04 1.159929000000000168e-02 1.376410000000000003e-03 5.490809999999999615e-03 9.643239999999999104e-03 8.317440000000000597e-03 2.190400000000000170e-04 2.433600000000000823e-04 2.073599999999999933e-04 1.163009500000000000e+06 1.245809000000000000e+06
1.000000000000000000e+00 -2.299999999999999961e-03 1.638999999999999901e-01 -3.899999999999999821e-03 3.700000000000000164e-03 8.599999999999999312e-02 2.160000000000000114e-02 3.270000000000000684e-02 5.999999999999894307e-04 3.299999999999999982e-03 2.740000000000000074e-02 -2.170000000000001095e-02 -1.549999999999999989e-02 5.290000000000000174e-06 2.686320999999999848e-02 1.520999999999999837e-05 1.369000000000000106e-05 7.395999999999998929e-03 4.665600000000000324e-04 1.069290000000000518e-03 3.599999999999873417e-07 1.088999999999999907e-05 7.507600000000000558e-04 4.708900000000005009e-04 2.402499999999999851e-04 1.163795125000000000e+06 1.245722875000000000e+06
1.000000000000000000e+00 -2.469999999999999973e-02 6.169999999999999790e-02 -1.099999999999999936e-02 -2.719999999999999848e-02 8.989999999999999380e-02 5.009999999999999870e-02 -2.239999999999999977e-02 -1.021999999999999853e-01 -7.099999999999999541e-03 -3.089999999999999691e-02 3.900000000000000688e-03 2.849999999999999756e-02 6.100899999999999813e-04 3.806889999999999840e-03 1.209999999999999867e-04 7.398399999999999638e-04 8.082009999999998848e-03 2.510010000000000019e-03 5.017599999999999665e-04 1.044483999999999690e-02 5.040999999999999339e-05 9.548099999999998385e-04 1.521000000000000515e-05 8.122499999999998211e-04 1.161823875000000000e+06 1.243326500000000000e+06
1.000000000000000000e+00 -9.199999999999999845e-03 5.530000000000000193e-02 1.280000000000000061e-02 -1.226000000000000006e-01 1.313000000000000000e-01 2.489999999999999852e-02 1.549999999999999989e-02 -6.399999999999995970e-03 2.380000000000000171e-02 -9.539999999999999869e-02 4.140000000000000624e-02 -2.520000000000000018e-02 8.464000000000000278e-05 3.058090000000000287e-03 1.638400000000000034e-04 1.503076000000000065e-02 1.723968999999999849e-02 6.200099999999999405e-04 2.402499999999999851e-04 4.095999999999994665e-05 5.664400000000000858e-04 9.101160000000000500e-03 1.713960000000000483e-03 6.350400000000000185e-04 1.161790375000000000e+06 1.240858500000000000e+06
1.000000000000000000e+00 4.300000000000000003e-03 1.010999999999999954e-01 -1.930000000000000118e-02 -4.920000000000000068e-02 1.151999999999999968e-01 2.079999999999999905e-02 1.349999999999999985e-02 4.579999999999999349e-02 -3.210000000000000353e-02 7.339999999999999303e-02 -1.610000000000000320e-02 -4.099999999999999478e-03 1.849000000000000085e-05 1.022120999999999967e-02 3.724900000000000606e-04 2.420639999999999945e-03 1.327103999999999957e-02 4.326399999999999777e-04 1.822499999999999847e-04 2.097639999999999574e-03 1.030410000000000267e-03 5.387559999999998704e-03 2.592100000000001152e-04 1.680999999999999660e-05 1.161024500000000000e+06 1.243612250000000000e+06
1.000000000000000000e+00 3.660000000000000059e-02 1.768000000000000127e-01 -3.919999999999999873e-02 1.250000000000000069e-02 1.097999999999999948e-01 -1.129999999999999928e-02 3.230000000000000232e-02 7.570000000000001728e-02 -1.989999999999999755e-02 6.170000000000000484e-02 -5.400000000000002021e-03 -3.209999999999999659e-02 1.339560000000000056e-03 3.125824000000000658e-02 1.536639999999999924e-03 1.562500000000000304e-04 1.205603999999999877e-02 1.276899999999999921e-04 1.043290000000000103e-03 5.730490000000003012e-03 3.960099999999999168e-04 3.806890000000000707e-03 2.916000000000002236e-05 1.030409999999999833e-03 1.162935375000000000e+06 1.246968125000000000e+06
1.000000000000000000e+00 5.840000000000000052e-02 2.422999999999999876e-01 -2.730000000000000135e-02 4.070000000000000007e-02 1.217000000000000026e-01 -3.440000000000000002e-02 2.179999999999999993e-02 6.549999999999997491e-02 1.189999999999999739e-02 2.819999999999999937e-02 1.190000000000000779e-02 -2.310000000000000248e-02 3.410559999999999981e-03 5.870928999999999731e-02 7.452900000000001234e-04 1.656490000000000046e-03 1.481089000000000017e-02 1.183360000000000054e-03 4.752399999999999832e-04 4.290249999999996323e-03 1.416099999999999401e-04 7.952400000000000094e-04 1.416100000000001841e-04 5.336100000000001172e-04 1.161397250000000000e+06 1.247275875000000000e+06
1.000000000000000000e+00 3.200000000000000067e-02 2.853999999999999870e-01 3.919999999999999873e-02 -1.830000000000000029e-02 1.254000000000000115e-01 -3.749999999999999861e-02 -2.639999999999999986e-02 4.309999999999999942e-02 6.650000000000000355e-02 -5.899999999999999689e-02 3.700000000000008837e-03 -3.099999999999998590e-03 1.023999999999999954e-03 8.145315999999999668e-02 1.536639999999999924e-03 3.348900000000000141e-04 1.572516000000000191e-02 1.406249999999999948e-03 6.969599999999999407e-04 1.857609999999999990e-03 4.422250000000000833e-03 3.480999999999999719e-03 1.369000000000006544e-05 9.609999999999991000e-06 1.162683000000000000e+06 1.247993625000000000e+06
1.000000000000000000e+00 4.179999999999999688e-02 9.679999999999999716e-02 -5.419999999999999818e-02 1.699999999999999905e-03 1.009000000000000036e-01 -4.320000000000000229e-02 9.799999999999996214e-03 -1.885999999999999899e-01 -9.339999999999999691e-02 2.000000000000000042e-02 -2.450000000000000788e-02 -5.700000000000003675e-03 1.747239999999999731e-03 9.370240000000000166e-03 2.937639999999999609e-03 2.889999999999999859e-06 1.018081000000000021e-02 1.866240000000000130e-03 9.603999999999992751e-05 3.556995999999999769e-02 8.723559999999999995e-03 4.000000000000000192e-04 6.002500000000004143e-04 3.249000000000004299e-05 1.158377250000000000e+06 1.239049125000000000e+06
1.000000000000000000e+00 3.620000000000000301e-02 8.790000000000000591e-02 -9.460000000000000353e-02 1.629999999999999852e-02 1.398000000000000076e-01 -4.270000000000000184e-02 -5.599999999999993872e-03 -8.899999999999991251e-03 -4.040000000000000535e-02 1.459999999999999840e-02 3.890000000000000402e-02 5.000000000000004441e-04 1.310440000000000172e-03 7.726410000000001263e-03 8.949160000000001142e-03 2.656899999999999583e-04 1.954404000000000211e-02 1.823290000000000197e-03 3.135999999999993014e-05 7.920999999999984640e-05 1.632160000000000338e-03 2.131599999999999446e-04 1.513210000000000293e-03 2.500000000000004651e-07 1.159009125000000000e+06 1.239342250000000000e+06
1.000000000000000000e+00 -9.599999999999999159e-03 2.803999999999999826e-01 4.739999999999999769e-02 -4.390000000000000152e-02 1.257999999999999952e-01 -2.199999999999999872e-02 -4.580000000000000043e-02 1.924999999999999767e-01 1.420000000000000151e-01 -6.020000000000000351e-02 -1.400000000000001243e-02 2.070000000000000312e-02 9.215999999999998499e-05 7.862415999999998462e-02 2.246759999999999990e-03 1.927210000000000164e-03 1.582563999999999846e-02 4.839999999999999468e-04 2.097640000000000008e-03 3.705624999999999197e-02 2.016400000000000484e-02 3.624040000000000247e-03 1.960000000000003460e-04 4.284900000000001208e-04 1.161672750000000000e+06 1.245505625000000000e+06
1.000000000000000000e+00 2.160000000000000114e-02 6.510000000000000508e-02 -7.140000000000000513e-02 -2.419999999999999929e-02 1.136000000000000065e-01 -7.499999999999999722e-03 3.119999999999999857e-02 -2.152999999999999914e-01 -1.188000000000000028e-01 1.970000000000000223e-02 -1.219999999999998863e-02 1.449999999999999900e-02 4.665600000000000324e-04 4.238010000000000388e-03 5.097960000000000338e-03 5.856400000000000104e-04 1.290496000000000178e-02 5.624999999999999846e-05 9.734399999999998956e-04 4.635408999999999363e-02 1.411344000000000140e-02 3.880900000000001146e-04 1.488399999999997201e-04 2.102499999999999606e-04 1.163247125000000000e+06 1.249113750000000000e+06
1.000000000000000000e+00 6.130000000000000032e-02 2.036000000000000032e-01 -1.349999999999999985e-02 -7.300000000000000065e-03 1.628999999999999893e-01 4.599999999999999922e-03 3.969999999999999918e-02 1.385000000000000120e-01 5.790000000000000702e-02 1.689999999999999836e-02 4.929999999999998272e-02 1.209999999999999964e-02 3.757690000000000162e-03 4.145296000000000397e-02 1.822499999999999847e-04 5.328999999999999970e-05 2.653640999999999639e-02 2.116000000000000069e-05 1.576090000000000043e-03 1.918225000000000485e-02 3.352410000000000979e-03 2.856099999999999438e-04 2.430489999999998259e-03 1.464100000000000026e-04 1.163193500000000000e+06 1.242679875000000000e+06
1.000000000000000000e+00 2.359999999999999945e-02 7.950000000000000122e-02 8.179999999999999771e-02 -4.390000000000000152e-02 1.125000000000000028e-01 4.000000000000000083e-03 -3.769999999999999740e-02 -1.241000000000000020e-01 9.529999999999999583e-02 -3.660000000000000059e-02 -5.039999999999998648e-02 -5.999999999999998390e-04 5.569600000000000072e-04 6.320250000000000347e-03 6.691239999999999341e-03 1.927210000000000164e-03 1.265625000000000083e-02 1.599999999999999928e-05 1.421289999999999750e-03 1.540081000000000089e-02 9.082089999999999261e-03 1.339560000000000056e-03 2.540159999999998773e-03 3.599999999999997825e-07 1.159521000000000000e+06 1.237925750000000000e+06
1.000000000000000000e+00 -2.929999999999999966e-02 9.100000000000000450e-03 -3.429999999999999716e-02 -1.279000000000000137e-01 2.093000000000000138e-01 1.069999999999999944e-02 -5.290000000000000258e-02 -7.040000000000000424e-02 -1.160999999999999949e-01 -8.400000000000001910e-02 9.680000000000001104e-02 6.699999999999999359e-03 8.584899999999999476e-04 8.281000000000000166e-05 1.176489999999999871e-03 1.635841000000000378e-02 4.380649000000000348e-02 1.144899999999999830e-04 2.798410000000000307e-03 4.956160000000000253e-03 1.347920999999999842e-02 7.056000000000003242e-03 9.370240000000001901e-03 4.488999999999999203e-05 1.160938250000000000e+06 1.238985250000000000e+06
1.000000000000000000e+00 5.659999999999999754e-02 8.770000000000000018e-02 -8.319999999999999618e-02 -9.299999999999999239e-03 1.365999999999999992e-01 3.899999999999999821e-03 8.590000000000000413e-02 7.860000000000000320e-02 -4.889999999999999902e-02 1.186000000000000110e-01 -7.270000000000001461e-02 -6.799999999999999621e-03 3.203559999999999828e-03 7.691289999999999932e-03 6.922239999999999643e-03 8.648999999999997998e-05 1.865955999999999865e-02 1.520999999999999837e-05 7.378810000000000403e-03 6.177960000000000569e-03 2.391209999999999950e-03 1.406596000000000235e-02 5.285290000000002382e-03 4.623999999999999774e-05 1.159800125000000000e+06 1.241095750000000000e+06
1.000000000000000000e+00 1.669999999999999957e-02 6.759999999999999343e-02 -9.410000000000000309e-02 6.610000000000000597e-02 7.969999999999999307e-02 -4.460000000000000075e-02 -3.989999999999999797e-02 -2.010000000000000675e-02 -1.090000000000000691e-02 7.540000000000000868e-02 -5.690000000000000613e-02 -4.850000000000000144e-02 2.788900000000000081e-04 4.569759999999999101e-03 8.854810000000001152e-03 4.369210000000000975e-03 6.352089999999998605e-03 1.989160000000000234e-03 1.592009999999999823e-03 4.040100000000002738e-04 1.188100000000001449e-04 5.685160000000001601e-03 3.237610000000000574e-03 2.352250000000000174e-03 1.161053750000000000e+06 1.242696625000000000e+06
1.000000000000000000e+00 4.000000000000000192e-04 1.683999999999999941e-01 -3.330000000000000321e-02 7.370000000000000162e-02 1.769000000000000017e-01 -3.269999999999999990e-02 -1.629999999999999852e-02 1.008000000000000007e-01 6.079999999999999988e-02 7.599999999999995648e-03 9.720000000000000862e-02 1.190000000000000085e-02 1.600000000000000033e-07 2.835855999999999794e-02 1.108890000000000179e-03 5.431690000000000303e-03 3.129360999999999948e-02 1.069290000000000084e-03 2.656899999999999583e-04 1.016064000000000030e-02 3.696640000000000169e-03 5.775999999999993488e-05 9.447840000000002486e-03 1.416100000000000214e-04 1.160896000000000000e+06 1.243287750000000000e+06
1.000000000000000000e+00 1.100000000000000066e-03 7.499999999999999722e-02 -9.840000000000000135e-02 2.809999999999999998e-02 9.619999999999999385e-02 -4.540000000000000285e-02 7.000000000000001013e-04 -9.339999999999999691e-02 -6.509999999999999121e-02 -4.560000000000000164e-02 -8.070000000000000784e-02 -1.270000000000000295e-02 1.210000000000000062e-06 5.624999999999999792e-03 9.682559999999999778e-03 7.896100000000000514e-04 9.254439999999999195e-03 2.061160000000000249e-03 4.900000000000001790e-07 8.723559999999999995e-03 4.238009999999998653e-03 2.079360000000000149e-03 6.512490000000000986e-03 1.612900000000000770e-04 1.160159375000000000e+06 1.240947500000000000e+06
1.000000000000000000e+00 3.049999999999999933e-02 2.772999999999999909e-01 -8.329999999999999905e-02 -2.099999999999999870e-03 1.872999999999999943e-01 -3.269999999999999990e-02 2.939999999999999905e-02 2.022999999999999798e-01 1.510000000000000231e-02 -3.020000000000000115e-02 9.110000000000000042e-02 1.270000000000000295e-02 9.302499999999999788e-04 7.689528999999999115e-02 6.938889999999999642e-03 4.409999999999999282e-06 3.508129000000000108e-02 1.069290000000000084e-03 8.643599999999999981e-04 4.092528999999998918e-02 2.280100000000000616e-04 9.120400000000000295e-04 8.299209999999999574e-03 1.612900000000000770e-04 1.160106500000000000e+06 1.237908625000000000e+06
1.000000000000000000e+00 -4.300000000000000003e-03 2.157999999999999918e-01 2.210000000000000159e-02 -4.700000000000000185e-03 1.194000000000000061e-01 -3.830000000000000071e-02 -3.479999999999999760e-02 -6.149999999999999911e-02 1.053999999999999937e-01 -2.600000000000000314e-03 -6.789999999999998814e-02 -5.600000000000000810e-03 1.849000000000000085e-05 4.656963999999999548e-02 4.884100000000001027e-04 2.209000000000000026e-05 1.425636000000000091e-02 1.466889999999999991e-03 1.211039999999999816e-03 3.782250000000000022e-03 1.110915999999999813e-02 6.760000000000001346e-06 4.610409999999998815e-03 3.136000000000001146e-05 1.158198750000000000e+06 1.235268000000000000e+06
1.000000000000000000e+00 6.499999999999999702e-03 -4.889999999999999902e-02 -7.359999999999999876e-02 -8.140000000000000013e-02 6.710000000000000686e-02 -3.250000000000000111e-02 1.080000000000000057e-02 -2.646999999999999909e-01 -9.570000000000000728e-02 -7.670000000000000429e-02 -5.229999999999999927e-02 5.799999999999999600e-03 4.224999999999999698e-05 2.391209999999999950e-03 5.416960000000000178e-03 6.625960000000000183e-03 4.502410000000000960e-03 1.056250000000000114e-03 1.166400000000000081e-04 7.006608999999999754e-02 9.158490000000001768e-03 5.882890000000000862e-03 2.735290000000000030e-03 3.363999999999999640e-05 1.159867000000000000e+06 1.237458125000000000e+06
1.000000000000000000e+00 2.210000000000000159e-02 1.287999999999999978e-01 -5.820000000000000173e-02 -8.970000000000000195e-02 1.398999999999999966e-01 -2.369999999999999885e-02 1.560000000000000275e-02 1.776999999999999968e-01 1.539999999999999702e-02 -8.300000000000001821e-03 7.279999999999998972e-02 8.800000000000002265e-03 4.884100000000001027e-04 1.658944000000000044e-02 3.387240000000000129e-03 8.046090000000000533e-03 1.957200999999999733e-02 5.616899999999999974e-04 2.433600000000000823e-04 3.157729000000000091e-02 2.371599999999999045e-04 6.889000000000002652e-05 5.299839999999998372e-03 7.744000000000004461e-05 1.166288875000000000e+06 1.251478125000000000e+06
1.000000000000000000e+00 5.799999999999999600e-03 1.930000000000000049e-01 4.209999999999999853e-02 -1.091000000000000025e-01 1.277000000000000079e-01 -1.050000000000000065e-02 -1.630000000000000199e-02 6.420000000000000706e-02 1.003000000000000003e-01 -1.940000000000000058e-02 -1.219999999999998863e-02 1.319999999999999819e-02 3.363999999999999640e-05 3.724900000000000433e-02 1.772409999999999871e-03 1.190280999999999978e-02 1.630729000000000206e-02 1.102500000000000100e-04 2.656900000000000667e-04 4.121640000000001067e-03 1.006009000000000070e-02 3.763600000000000083e-04 1.488399999999997201e-04 1.742399999999999581e-04 1.162941125000000000e+06 1.240808000000000000e+06
1.000000000000000000e+00 -2.120000000000000009e-02 5.639999999999999875e-02 -3.209999999999999659e-02 -1.414999999999999869e-01 1.791000000000000092e-01 4.799999999999999580e-03 -2.699999999999999969e-02 -1.365999999999999992e-01 -7.419999999999998819e-02 -3.239999999999998437e-02 5.140000000000000124e-02 1.530000000000000110e-02 4.494400000000000066e-04 3.180960000000000037e-03 1.030409999999999833e-03 2.002224999999999491e-02 3.207681000000000421e-02 2.303999999999999625e-05 7.289999999999999388e-04 1.865955999999999865e-02 5.505639999999998278e-03 1.049759999999998975e-03 2.641960000000000055e-03 2.340900000000000305e-04 1.159978375000000000e+06 1.233926125000000000e+06
1.000000000000000000e+00 -3.180000000000000188e-02 1.949999999999999997e-02 -9.220000000000000417e-02 -1.039000000000000062e-01 1.175999999999999962e-01 -2.750000000000000014e-02 -1.060000000000000178e-02 -3.690000000000000224e-02 -6.010000000000000758e-02 3.759999999999998066e-02 -6.150000000000001299e-02 -3.230000000000000232e-02 1.011240000000000056e-03 3.802499999999999999e-04 8.500840000000000826e-03 1.079521000000000126e-02 1.382975999999999997e-02 7.562499999999999778e-04 1.123600000000000423e-04 1.361610000000000077e-03 3.612010000000001001e-03 1.413759999999998499e-03 3.782250000000001756e-03 1.043290000000000103e-03 1.157393375000000000e+06 1.232460500000000000e+06
1.000000000000000000e+00 2.939999999999999905e-02 1.855999999999999872e-01 -1.093999999999999972e-01 -1.200000000000000025e-02 6.090000000000000274e-02 -7.420000000000000207e-02 6.120000000000000440e-02 1.660999999999999976e-01 -1.719999999999999307e-02 9.190000000000000946e-02 -5.669999999999999346e-02 -4.670000000000000540e-02 8.643599999999999981e-04 3.444735999999999632e-02 1.196835999999999907e-02 1.440000000000000036e-04 3.708810000000000318e-03 5.505640000000000013e-03 3.745440000000000488e-03 2.758920999999999943e-02 2.958399999999997425e-04 8.445610000000000964e-03 3.214889999999999328e-03 2.180890000000000432e-03 1.160467625000000000e+06 1.242352750000000000e+06
1.000000000000000000e+00 3.339999999999999913e-02 3.810000000000000053e-01 3.760000000000000148e-02 4.950000000000000233e-02 1.580999999999999905e-01 -3.540000000000000091e-02 4.000000000000000083e-03 1.954000000000000181e-01 1.469999999999999918e-01 6.149999999999999911e-02 9.719999999999998086e-02 3.880000000000000115e-02 1.115560000000000032e-03 1.451610000000000122e-01 1.413760000000000017e-03 2.450250000000000171e-03 2.499560999999999797e-02 1.253160000000000125e-03 1.599999999999999928e-05 3.818116000000000565e-02 2.160899999999999627e-02 3.782250000000000022e-03 9.447839999999995547e-03 1.505440000000000033e-03 1.163690875000000000e+06 1.248325625000000000e+06
1.000000000000000000e+00 3.599999999999999728e-02 2.041999999999999926e-01 -7.400000000000000328e-03 3.049999999999999933e-02 1.178000000000000019e-01 -6.919999999999999762e-02 2.599999999999998146e-03 -1.768000000000000127e-01 -4.499999999999999833e-02 -1.900000000000000300e-02 -4.029999999999998861e-02 -3.379999999999999671e-02 1.295999999999999843e-03 4.169763999999999415e-02 5.476000000000000426e-05 9.302499999999999788e-04 1.387683999999999966e-02 4.788639999999999390e-03 6.759999999999990334e-06 3.125824000000000658e-02 2.024999999999999890e-03 3.610000000000001012e-04 1.624089999999999041e-03 1.142439999999999775e-03 1.163196375000000000e+06 1.243198250000000000e+06
1.000000000000000000e+00 3.299999999999999982e-03 -2.129999999999999949e-02 -9.279999999999999361e-02 -1.329999999999999932e-02 1.524999999999999967e-01 -3.799999999999999906e-02 -3.269999999999999990e-02 -2.254999999999999782e-01 -8.539999999999998981e-02 -4.379999999999999866e-02 3.469999999999999474e-02 3.119999999999999857e-02 1.088999999999999907e-05 4.536899999999999744e-04 8.611839999999999079e-03 1.768899999999999954e-04 2.325624999999999915e-02 1.443999999999999971e-03 1.069290000000000084e-03 5.085024999999999268e-02 7.293159999999998186e-03 1.918439999999999989e-03 1.204089999999999674e-03 9.734399999999998956e-04 1.162066750000000000e+06 1.239982250000000000e+06
1.000000000000000000e+00 -2.000000000000000042e-02 2.716000000000000081e-01 1.018000000000000016e-01 9.799999999999999684e-03 1.413000000000000089e-01 -5.850000000000000339e-02 -2.330000000000000127e-02 2.928999999999999937e-01 1.945999999999999952e-01 2.309999999999999901e-02 -1.119999999999998774e-02 -2.050000000000000433e-02 4.000000000000000192e-04 7.376656000000000879e-02 1.036324000000000099e-02 9.603999999999999527e-05 1.996569000000000121e-02 3.422250000000000379e-03 5.428900000000000826e-04 8.579040999999999750e-02 3.786915999999999893e-02 5.336099999999999004e-04 1.254399999999997206e-04 4.202500000000001590e-04 1.162726750000000000e+06 1.241239125000000000e+06
1.000000000000000000e+00 4.000000000000000083e-02 2.142000000000000015e-01 -1.529999999999999936e-02 1.770000000000000046e-02 1.575999999999999901e-01 -4.349999999999999700e-02 5.999999999999999778e-02 -5.740000000000000657e-02 -1.170999999999999958e-01 7.900000000000000772e-03 1.629999999999998117e-02 1.500000000000000638e-02 1.600000000000000077e-03 4.588164000000000131e-02 2.340899999999999763e-04 3.132900000000000311e-04 2.483775999999999692e-02 1.892249999999999835e-03 3.599999999999999901e-03 3.294760000000000744e-03 1.371240999999999953e-02 6.241000000000000724e-05 2.656899999999993620e-04 2.250000000000001836e-04 1.163375375000000000e+06 1.241384500000000000e+06
1.000000000000000000e+00 4.100000000000000346e-03 2.539000000000000146e-01 -1.110000000000000049e-02 -4.880000000000000310e-02 1.937000000000000111e-01 -5.990000000000000185e-02 -3.590000000000000135e-02 3.970000000000001306e-02 4.199999999999998873e-03 -6.650000000000000355e-02 3.610000000000002096e-02 -1.640000000000000485e-02 1.681000000000000338e-05 6.446521000000000889e-02 1.232100000000000079e-04 2.381440000000000293e-03 3.751969000000000137e-02 3.588010000000000418e-03 1.288810000000000042e-03 1.576090000000001127e-03 1.763999999999999035e-05 4.422250000000000833e-03 1.303210000000001477e-03 2.689600000000001625e-04 1.162814375000000000e+06 1.239569500000000000e+06
1.000000000000000000e+00 9.400000000000000369e-03 2.419999999999999929e-01 1.770000000000000046e-02 -5.659999999999999754e-02 1.899000000000000132e-01 -4.209999999999999853e-02 5.300000000000000024e-03 -1.190000000000002167e-02 2.879999999999999921e-02 -7.799999999999994438e-03 -3.799999999999997824e-03 1.780000000000000332e-02 8.836000000000000104e-05 5.856399999999999800e-02 3.132900000000000311e-04 3.203559999999999828e-03 3.606201000000000545e-02 1.772409999999999871e-03 2.809000000000000041e-05 1.416100000000005093e-04 8.294399999999999733e-04 6.083999999999991216e-05 1.443999999999998372e-05 3.168400000000001445e-04 1.161821750000000000e+06 1.238404875000000000e+06
1.000000000000000000e+00 3.699999999999999817e-02 -5.149999999999999717e-02 -1.185999999999999971e-01 -5.399999999999999939e-02 1.045999999999999985e-01 -6.550000000000000266e-02 2.759999999999999953e-02 -2.934999999999999831e-01 -1.363000000000000045e-01 2.599999999999998146e-03 -8.530000000000001470e-02 -2.340000000000000413e-02 1.368999999999999774e-03 2.652249999999999660e-03 1.406595999999999888e-02 2.915999999999999755e-03 1.094116000000000012e-02 4.290250000000000660e-03 7.617599999999999979e-04 8.614224999999998966e-02 1.857769000000000087e-02 6.759999999999990334e-06 7.276090000000002417e-03 5.475600000000002123e-04 1.163067750000000000e+06 1.242396375000000000e+06
1.000000000000000000e+00 1.050000000000000065e-02 -2.659999999999999865e-02 4.410000000000000031e-02 -6.460000000000000464e-02 7.950000000000000122e-02 -3.300000000000000155e-02 -2.649999999999999578e-02 2.489999999999999852e-02 1.627000000000000113e-01 -1.060000000000000525e-02 -2.509999999999999731e-02 3.250000000000000111e-02 1.102500000000000100e-04 7.075599999999999815e-04 1.944809999999999942e-03 4.173160000000000411e-03 6.320250000000000347e-03 1.089000000000000124e-03 7.022499999999997494e-04 6.200099999999999405e-04 2.647129000000000495e-02 1.123600000000001101e-04 6.300099999999998583e-04 1.056250000000000114e-03 1.162704000000000000e+06 1.241126000000000000e+06
1.000000000000000000e+00 1.159999999999999920e-02 2.306999999999999884e-01 2.290000000000000022e-02 -1.373000000000000054e-01 1.855999999999999872e-01 -3.200000000000000067e-02 1.099999999999998548e-03 2.572999999999999732e-01 -2.120000000000000009e-02 -7.270000000000000073e-02 1.060999999999999860e-01 1.000000000000000888e-03 1.345599999999999856e-04 5.322248999999999730e-02 5.244100000000000020e-04 1.885129000000000318e-02 3.444735999999999632e-02 1.023999999999999954e-03 1.209999999999996885e-06 6.620328999999998409e-02 4.494400000000000066e-04 5.285289999999999780e-03 1.125720999999999666e-02 1.000000000000001861e-06 1.164111625000000000e+06 1.240966000000000000e+06
1.000000000000000000e+00 -7.939999999999999836e-02 4.839999999999999858e-02 9.900000000000000813e-03 -2.565000000000000058e-01 1.782999999999999863e-01 2.000000000000000042e-03 -9.099999999999999756e-02 -1.822999999999999898e-01 -1.299999999999999940e-02 -1.192000000000000004e-01 -7.300000000000000933e-03 3.400000000000000244e-02 6.304360000000000172e-03 2.342560000000000042e-03 9.801000000000001876e-05 6.579224999999999657e-02 3.179088999999999526e-02 3.999999999999999819e-06 8.281000000000000166e-03 3.323328999999999867e-02 1.689999999999999879e-04 1.420863999999999981e-02 5.329000000000001325e-05 1.156000000000000126e-03 1.161221000000000000e+06 1.238611500000000000e+06
1.000000000000000000e+00 -1.164000000000000035e-01 -1.363000000000000045e-01 1.439000000000000001e-01 -2.179999999999999993e-01 2.114999999999999936e-01 1.069999999999999944e-02 -3.700000000000000511e-02 -1.847000000000000031e-01 1.340000000000000080e-01 3.850000000000000644e-02 3.320000000000000728e-02 8.699999999999999400e-03 1.354896000000000052e-02 1.857769000000000087e-02 2.070721000000000020e-02 4.752399999999999680e-02 4.473224999999999424e-02 1.144899999999999830e-04 1.369000000000000425e-03 3.411408999999999969e-02 1.795600000000000321e-02 1.482250000000000494e-03 1.102240000000000424e-03 7.568999999999998852e-05 1.162330000000000000e+06 1.245604750000000000e+06
1.000000000000000000e+00 -9.950000000000000511e-02 4.630000000000000088e-02 9.249999999999999889e-02 -1.501000000000000112e-01 3.119999999999999996e-01 3.729999999999999982e-02 1.689999999999999836e-02 1.826000000000000123e-01 -5.140000000000000124e-02 6.789999999999998814e-02 1.005000000000000060e-01 2.659999999999999865e-02 9.900250000000001063e-03 2.143690000000000179e-03 8.556249999999999620e-03 2.253001000000000309e-02 9.734399999999999997e-02 1.391289999999999888e-03 2.856099999999999438e-04 3.334276000000000600e-02 2.641960000000000055e-03 4.610409999999998815e-03 1.010025000000000159e-02 7.075599999999999815e-04 1.164113125000000000e+06 1.249606500000000000e+06
1.000000000000000000e+00 -7.850000000000000033e-02 1.388000000000000067e-01 3.200000000000000067e-02 -1.650000000000000078e-01 3.587000000000000188e-01 -2.860000000000000042e-02 2.100000000000000477e-02 9.249999999999999889e-02 -6.049999999999999822e-02 -1.489999999999999658e-02 4.670000000000001927e-02 -6.590000000000000024e-02 6.162250000000000193e-03 1.926544000000000173e-02 1.023999999999999954e-03 2.722500000000000267e-02 1.286656900000000270e-01 8.179600000000000629e-04 4.410000000000002026e-04 8.556249999999999620e-03 3.660249999999999875e-03 2.220099999999998886e-04 2.180890000000001733e-03 4.342809999999999900e-03 1.163519500000000000e+06 1.252130250000000000e+06
1.000000000000000000e+00 -1.074999999999999983e-01 1.908999999999999864e-01 2.220000000000000098e-02 -2.074999999999999900e-01 4.097000000000000086e-01 -1.119999999999999989e-02 -2.899999999999999800e-02 5.209999999999997966e-02 -9.799999999999999684e-03 -4.249999999999998224e-02 5.099999999999998979e-02 1.739999999999999880e-02 1.155624999999999881e-02 3.644280999999999215e-02 4.928400000000000315e-04 4.305624999999999730e-02 1.678540900000000113e-01 1.254399999999999916e-04 8.409999999999998423e-04 2.714409999999997831e-03 9.603999999999999527e-05 1.806249999999998395e-03 2.600999999999999146e-03 3.027599999999999541e-04 1.160280375000000000e+06 1.246530250000000000e+06
1.000000000000000000e+00 -1.119999999999999989e-02 2.984999999999999876e-01 -9.589999999999999913e-02 -1.370999999999999996e-01 1.554000000000000103e-01 -6.130000000000000032e-02 9.629999999999999671e-02 1.076000000000000012e-01 -1.180999999999999966e-01 7.039999999999999036e-02 -2.542999999999999705e-01 -5.009999999999999870e-02 1.254399999999999916e-04 8.910224999999999396e-02 9.196809999999999707e-03 1.879640999999999951e-02 2.414916000000000285e-02 3.757690000000000162e-03 9.273689999999999364e-03 1.157775999999999944e-02 1.394760999999999918e-02 4.956159999999998518e-03 6.466848999999998127e-02 2.510010000000000019e-03 1.160907125000000000e+06 1.248883625000000000e+06
1.000000000000000000e+00 1.879000000000000115e-01 4.239999999999999880e-01 -1.091000000000000025e-01 1.398999999999999966e-01 5.229999999999999927e-02 -1.155000000000000054e-01 1.990999999999999992e-01 1.255000000000000004e-01 -1.320000000000000340e-02 2.770000000000000240e-01 -1.031000000000000111e-01 -5.420000000000000512e-02 3.530641000000000335e-02 1.797759999999999914e-01 1.190280999999999978e-02 1.957200999999999733e-02 2.735290000000000030e-03 1.334025000000000141e-02 3.964080999999999855e-02 1.575025000000000036e-02 1.742400000000000936e-04 7.672900000000001941e-02 1.062961000000000288e-02 2.937640000000000477e-03 1.166743750000000000e+06 1.259536875000000000e+06
1.000000000000000000e+00 1.073000000000000065e-01 3.897999999999999798e-01 -5.859999999999999931e-02 1.257999999999999952e-01 1.766000000000000070e-01 -1.154000000000000026e-01 -8.060000000000000497e-02 -3.420000000000000817e-02 5.050000000000000322e-02 -1.410000000000000142e-02 1.243000000000000077e-01 1.000000000000028644e-04 1.151329000000000068e-02 1.519440399999999747e-01 3.433959999999999790e-03 1.582563999999999846e-02 3.118756000000000306e-02 1.331715999999999976e-02 6.496360000000000502e-03 1.169640000000000653e-03 2.550250000000000433e-03 1.988100000000000294e-04 1.545049000000000249e-02 1.000000000000057262e-08 1.165893625000000000e+06 1.251415875000000000e+06
1.000000000000000000e+00 -9.499999999999999764e-03 6.350000000000000089e-02 -8.069999999999999396e-02 4.229999999999999732e-02 6.010000000000000064e-02 -1.024000000000000049e-01 -1.168000000000000010e-01 -3.262999999999999790e-01 -2.209999999999999465e-02 -8.349999999999999090e-02 -1.165000000000000063e-01 1.299999999999999767e-02 9.024999999999999819e-05 4.032250000000000244e-03 6.512489999999999252e-03 1.789289999999999804e-03 3.612010000000000134e-03 1.048576000000000022e-02 1.364223999999999992e-02 1.064716899999999800e-01 4.884099999999997775e-04 6.972249999999998414e-03 1.357225000000000098e-02 1.689999999999999337e-04 1.162879375000000000e+06 1.241635000000000000e+06
1.000000000000000000e+00 2.809999999999999998e-02 1.688999999999999946e-01 -1.264000000000000123e-01 6.799999999999999621e-03 1.106000000000000039e-01 -7.939999999999999836e-02 3.760000000000000148e-02 1.053999999999999937e-01 -4.570000000000001839e-02 -3.549999999999999684e-02 5.050000000000000322e-02 2.300000000000000655e-02 7.896100000000000514e-04 2.852720999999999729e-02 1.597696000000000185e-02 4.623999999999999774e-05 1.223236000000000115e-02 6.304360000000000172e-03 1.413760000000000017e-03 1.110915999999999813e-02 2.088490000000001873e-03 1.260249999999999869e-03 2.550250000000000433e-03 5.290000000000002816e-04 1.158812625000000000e+06 1.229539750000000000e+06
1.000000000000000000e+00 8.600000000000000006e-03 2.867999999999999994e-01 8.160000000000000586e-02 -1.739999999999999880e-02 5.129999999999999838e-02 -5.390000000000000346e-02 -1.949999999999999997e-02 1.179000000000000048e-01 2.080000000000000182e-01 -2.419999999999999929e-02 -5.930000000000000548e-02 2.549999999999999489e-02 7.396000000000000339e-05 8.225424000000000624e-02 6.658560000000000867e-03 3.027599999999999541e-04 2.631689999999999897e-03 2.905210000000000518e-03 3.802499999999999999e-04 1.390041000000000193e-02 4.326400000000001078e-02 5.856400000000000104e-04 3.516490000000000588e-03 6.502499999999997865e-04 1.159871750000000000e+06 1.235282250000000000e+06
1.000000000000000000e+00 5.340000000000000302e-02 5.899999999999999863e-03 -4.440000000000000197e-02 1.729999999999999941e-02 1.500000000000000031e-03 -8.559999999999999554e-02 4.480000000000000648e-02 -2.808999999999999830e-01 -1.260000000000000009e-01 3.469999999999999474e-02 -4.979999999999999705e-02 -3.169999999999999207e-02 2.851560000000000379e-03 3.481000000000000045e-05 1.971360000000000126e-03 2.992899999999999619e-04 2.250000000000000057e-06 7.327359999999998909e-03 2.007040000000000733e-03 7.890480999999999190e-02 1.587600000000000122e-02 1.204089999999999674e-03 2.480039999999999762e-03 1.004889999999999603e-03 1.162469250000000000e+06 1.238456000000000000e+06
1.000000000000000000e+00 6.439999999999999891e-02 2.018000000000000071e-01 -7.950000000000000122e-02 2.160000000000000114e-02 1.270999999999999908e-01 -3.860000000000000236e-02 1.099999999999999589e-02 1.959000000000000186e-01 -3.509999999999999926e-02 4.300000000000001737e-03 1.255999999999999894e-01 4.699999999999999317e-02 4.147360000000000109e-03 4.072324000000000083e-02 6.320250000000000347e-03 4.665600000000000324e-04 1.615440999999999752e-02 1.489960000000000243e-03 1.209999999999999054e-04 3.837681000000000425e-02 1.232009999999999963e-03 1.849000000000001440e-05 1.577535999999999869e-02 2.208999999999999159e-03 1.161579500000000000e+06 1.237970250000000000e+06
1.000000000000000000e+00 -2.259999999999999856e-02 2.177000000000000046e-01 2.100000000000000130e-02 -5.009999999999999870e-02 6.219999999999999835e-02 -7.539999999999999480e-02 -8.699999999999999400e-02 1.589999999999999747e-02 1.005000000000000060e-01 -7.169999999999999984e-02 -6.489999999999998548e-02 -3.679999999999999244e-02 5.107599999999999684e-04 4.739329000000000458e-02 4.410000000000000400e-04 2.510010000000000019e-03 3.868839999999999692e-03 5.685159999999998999e-03 7.568999999999999340e-03 2.528099999999999055e-04 1.010025000000000159e-02 5.140890000000000390e-03 4.212009999999997804e-03 1.354239999999999394e-03 1.161714750000000000e+06 1.236927875000000000e+06
1.000000000000000000e+00 -2.850000000000000103e-02 7.300000000000000065e-03 -6.900000000000000577e-02 -6.469999999999999363e-02 9.819999999999999563e-02 -3.259999999999999704e-02 -5.900000000000002465e-03 -2.104000000000000037e-01 -9.000000000000001055e-02 -1.459999999999999493e-02 3.599999999999999728e-02 4.279999999999999777e-02 8.122500000000000379e-04 5.328999999999999970e-05 4.761000000000000475e-03 4.186089999999999083e-03 9.643239999999999104e-03 1.062759999999999833e-03 3.481000000000002755e-05 4.426816000000000084e-02 8.100000000000001296e-03 2.131599999999998633e-04 1.295999999999999843e-03 1.831839999999999727e-03 1.163076500000000000e+06 1.239991250000000000e+06
1.000000000000000000e+00 -1.399999999999999986e-03 3.039000000000000035e-01 7.729999999999999372e-02 -5.940000000000000141e-02 1.426999999999999935e-01 -4.150000000000000216e-02 2.710000000000000256e-02 2.966000000000000303e-01 1.462999999999999856e-01 5.299999999999992217e-03 4.449999999999999789e-02 -8.900000000000005129e-03 1.959999999999999869e-06 9.235521000000000702e-02 5.975289999999999421e-03 3.528360000000000350e-03 2.036328999999999917e-02 1.722250000000000256e-03 7.344100000000001191e-04 8.797156000000001808e-02 2.140368999999999605e-02 2.808999999999991910e-05 1.980249999999999806e-03 7.921000000000009034e-05 1.163823625000000000e+06 1.242579000000000000e+06
1.000000000000000000e+00 -3.559999999999999970e-02 1.226000000000000006e-01 -2.869999999999999982e-02 -6.300000000000000044e-02 4.259999999999999898e-02 -3.849999999999999950e-02 -3.420000000000000123e-02 -1.813000000000000167e-01 -1.059999999999999970e-01 -3.599999999999999034e-03 -1.000999999999999945e-01 3.000000000000002665e-03 1.267359999999999928e-03 1.503076000000000065e-02 8.236899999999999691e-04 3.969000000000000306e-03 1.814759999999999898e-03 1.482250000000000061e-03 1.169640000000000003e-03 3.286969000000000696e-02 1.123599999999999946e-02 1.295999999999999281e-05 1.002000999999999933e-02 9.000000000000015475e-06 1.164442875000000000e+06 1.244069750000000000e+06
1.000000000000000000e+00 9.100000000000000450e-03 1.633000000000000007e-01 -4.080000000000000293e-02 -4.760000000000000342e-02 1.593999999999999861e-01 -3.899999999999999994e-02 4.470000000000000362e-02 4.070000000000000007e-02 -1.210000000000000311e-02 1.539999999999999702e-02 1.167999999999999872e-01 -5.000000000000004441e-04 8.281000000000000166e-05 2.666688999999999865e-02 1.664640000000000217e-03 2.265760000000000343e-03 2.540835999999999442e-02 1.521000000000000000e-03 1.998090000000000109e-03 1.656490000000000046e-03 1.464100000000000839e-04 2.371599999999999045e-04 1.364223999999999645e-02 2.500000000000004651e-07 1.163206875000000000e+06 1.242432875000000000e+06
1.000000000000000000e+00 -1.319999999999999993e-02 1.675999999999999990e-01 3.429999999999999716e-02 -7.530000000000000582e-02 8.459999999999999465e-02 -1.499999999999999944e-02 -2.230000000000000038e-02 4.299999999999998268e-03 7.510000000000000009e-02 -2.770000000000000240e-02 -7.479999999999999150e-02 2.400000000000000050e-02 1.742399999999999852e-04 2.808975999999999834e-02 1.176489999999999871e-03 5.670090000000000893e-03 7.157159999999999217e-03 2.249999999999999938e-04 4.972900000000000584e-04 1.848999999999998391e-05 5.640009999999999989e-03 7.672900000000001160e-04 5.595039999999999042e-03 5.760000000000000146e-04 1.164063125000000000e+06 1.243299750000000000e+06
1.000000000000000000e+00 2.850000000000000103e-02 3.620000000000000301e-02 -1.014000000000000040e-01 -7.729999999999999372e-02 1.241000000000000020e-01 -2.079999999999999905e-02 4.170000000000000095e-02 -1.313999999999999890e-01 -1.356999999999999873e-01 -1.999999999999987899e-03 3.950000000000000733e-02 -5.799999999999999600e-03 8.122500000000000379e-04 1.310440000000000172e-03 1.028196000000000145e-02 5.975289999999999421e-03 1.540081000000000089e-02 4.326399999999999777e-04 1.738890000000000097e-03 1.726595999999999687e-02 1.841448999999999517e-02 3.999999999999951538e-06 1.560250000000000655e-03 3.363999999999999640e-05 1.161933250000000000e+06 1.238898500000000000e+06
1.000000000000000000e+00 -5.100000000000000366e-03 2.048999999999999988e-01 1.969999999999999876e-02 -5.480000000000000149e-02 4.200000000000000261e-02 -2.899999999999999800e-03 -3.360000000000000486e-02 1.686999999999999889e-01 1.210999999999999993e-01 2.249999999999999223e-02 -8.210000000000000631e-02 1.789999999999999925e-02 2.601000000000000339e-05 4.198401000000000216e-02 3.880899999999999519e-04 3.003040000000000223e-03 1.764000000000000160e-03 8.409999999999999101e-06 1.128960000000000250e-03 2.845968999999999582e-02 1.466520999999999970e-02 5.062499999999996473e-04 6.740410000000001366e-03 3.204099999999999765e-04 1.161820750000000000e+06 1.238100625000000000e+06
1.000000000000000000e+00 -3.259999999999999704e-02 3.810000000000000192e-02 -1.072000000000000036e-01 -4.700000000000000011e-02 5.870000000000000218e-02 -4.700000000000000011e-02 -2.749999999999999667e-02 -1.668000000000000038e-01 -1.269000000000000128e-01 7.800000000000001377e-03 1.669999999999999957e-02 -4.410000000000000031e-02 1.062759999999999833e-03 1.451610000000000096e-03 1.149184000000000143e-02 2.209000000000000026e-03 3.445690000000000384e-03 2.209000000000000026e-03 7.562499999999998694e-04 2.782224000000000155e-02 1.610361000000000431e-02 6.084000000000002058e-05 2.788900000000000081e-04 1.944809999999999942e-03 1.165072875000000000e+06 1.244694750000000000e+06
1.000000000000000000e+00 -1.140000000000000041e-02 3.312999999999999834e-01 7.030000000000000138e-02 -4.460000000000000075e-02 1.559000000000000108e-01 6.899999999999999883e-03 2.119999999999999662e-02 2.931999999999999607e-01 1.774999999999999911e-01 2.399999999999999356e-03 9.720000000000000862e-02 5.390000000000000346e-02 1.299600000000000093e-04 1.097596899999999931e-01 4.942090000000000545e-03 1.989160000000000234e-03 2.430481000000000308e-02 4.760999999999999987e-05 4.494399999999998440e-04 8.596623999999997157e-02 3.150624999999999953e-02 5.759999999999996521e-06 9.447840000000002486e-03 2.905210000000000518e-03 1.160908125000000000e+06 1.233023500000000000e+06
1.000000000000000000e+00 2.769999999999999893e-02 3.410000000000000253e-01 8.939999999999999336e-02 -4.059999999999999720e-02 1.930999999999999939e-01 -1.519999999999999997e-02 3.909999999999999587e-02 9.700000000000041922e-03 1.909999999999999198e-02 4.000000000000003553e-03 3.719999999999998308e-02 -2.210000000000000159e-02 7.672899999999998992e-04 1.162810000000000232e-01 7.992359999999998701e-03 1.648359999999999756e-03 3.728760999999999881e-02 2.310400000000000106e-04 1.528809999999999588e-03 9.409000000000081524e-05 3.648099999999997005e-04 1.600000000000002977e-05 1.383839999999998812e-03 4.884100000000001027e-04 1.163927375000000000e+06 1.242626625000000000e+06
1.000000000000000000e+00 -3.760000000000000148e-02 -1.215999999999999998e-01 -5.530000000000000193e-02 -9.529999999999999583e-02 1.748999999999999999e-01 4.400000000000000265e-03 -6.529999999999999694e-02 -4.626000000000000112e-01 -1.446999999999999953e-01 -5.469999999999999862e-02 -1.819999999999999396e-02 1.959999999999999937e-02 1.413760000000000017e-03 1.478656000000000068e-02 3.058090000000000287e-03 9.082089999999999261e-03 3.059001000000000081e-02 1.936000000000000099e-05 4.264089999999999894e-03 2.139987600000000101e-01 2.093808999999999948e-02 2.992089999999999767e-03 3.312399999999997898e-04 3.841599999999999811e-04 1.159297875000000000e+06 1.232712875000000000e+06
1.000000000000000000e+00 -1.039999999999999952e-01 -2.093000000000000138e-01 -5.890000000000000097e-02 -1.587999999999999967e-01 6.140000000000000319e-02 2.290000000000000022e-02 -6.639999999999998681e-02 -8.770000000000001406e-02 -3.599999999999999034e-03 -6.350000000000000089e-02 -1.134999999999999898e-01 1.849999999999999908e-02 1.081599999999999923e-02 4.380649000000000348e-02 3.469209999999999915e-03 2.521744000000000069e-02 3.769960000000000585e-03 5.244100000000000020e-04 4.408959999999998228e-03 7.691290000000002534e-03 1.295999999999999281e-05 4.032250000000000244e-03 1.288224999999999787e-02 3.422499999999999436e-04 1.158627250000000000e+06 1.232725250000000000e+06
1.000000000000000000e+00 -3.810000000000000192e-02 1.978999999999999926e-01 -1.168000000000000010e-01 -5.229999999999999927e-02 1.810000000000000150e-02 -3.500000000000000333e-02 6.589999999999998637e-02 4.072000000000000064e-01 -5.790000000000000008e-02 1.064999999999999974e-01 -4.330000000000000515e-02 -5.790000000000000702e-02 1.451610000000000096e-03 3.916440999999999673e-02 1.364223999999999992e-02 2.735290000000000030e-03 3.276100000000000431e-04 1.225000000000000177e-03 4.342809999999998165e-03 1.658118400000000159e-01 3.352410000000000112e-03 1.134224999999999990e-02 1.874890000000000367e-03 3.352410000000000979e-03 1.162762250000000000e+06 1.245135750000000000e+06
1.000000000000000000e+00 1.178000000000000019e-01 4.781000000000000250e-01 -1.386000000000000010e-01 1.234999999999999987e-01 1.610000000000000042e-01 -4.050000000000000128e-02 1.559000000000000108e-01 2.802000000000000046e-01 -2.179999999999999993e-02 1.758000000000000118e-01 1.428999999999999992e-01 -5.499999999999997946e-03 1.387683999999999966e-02 2.285796100000000164e-01 1.920996000000000162e-02 1.525225000000000018e-02 2.592100000000000307e-02 1.640249999999999998e-03 2.430481000000000308e-02 7.851204000000000516e-02 4.752399999999999832e-04 3.090564000000000505e-02 2.042040999999999995e-02 3.024999999999997634e-05 1.167135250000000000e+06 1.252463000000000000e+06
1.000000000000000000e+00 1.729999999999999941e-02 2.852999999999999980e-01 -9.020000000000000240e-02 4.240000000000000019e-02 1.428999999999999992e-01 -6.270000000000000573e-02 -1.005000000000000060e-01 -1.928000000000000269e-01 4.839999999999999858e-02 -8.110000000000000542e-02 -1.810000000000000497e-02 -2.220000000000000445e-02 2.992899999999999619e-04 8.139609000000000427e-02 8.136040000000000633e-03 1.797760000000000026e-03 2.042040999999999995e-02 3.931290000000000479e-03 1.010025000000000159e-02 3.717184000000001154e-02 2.342560000000000042e-03 6.577210000000000868e-03 3.276100000000002057e-04 4.928400000000002484e-04 1.162565250000000000e+06 1.243549875000000000e+06
1.000000000000000000e+00 -3.020000000000000115e-02 -1.940000000000000058e-02 -3.239999999999999825e-02 -1.779999999999999985e-02 6.610000000000000597e-02 -4.379999999999999866e-02 -4.750000000000000056e-02 -3.046999999999999709e-01 5.780000000000000415e-02 -6.020000000000000351e-02 -7.679999999999999327e-02 1.890000000000000707e-02 9.120400000000000295e-04 3.763600000000000083e-04 1.049759999999999843e-03 3.168399999999999819e-04 4.369210000000000975e-03 1.918439999999999989e-03 2.256250000000000009e-03 9.284208999999998824e-02 3.340840000000000302e-03 3.624040000000000247e-03 5.898239999999999039e-03 3.572100000000002747e-04 1.160903750000000000e+06 1.239201875000000000e+06
1.000000000000000000e+00 1.789999999999999925e-02 2.752000000000000002e-01 0.000000000000000000e+00 -2.690000000000000030e-02 1.517000000000000015e-01 -6.199999999999999956e-02 4.810000000000000386e-02 2.945999999999999730e-01 3.239999999999999825e-02 -9.100000000000000450e-03 8.559999999999999554e-02 -1.820000000000000090e-02 3.204099999999999765e-04 7.573504000000000347e-02 0.000000000000000000e+00 7.236099999999999650e-04 2.301289000000000112e-02 3.843999999999999761e-03 2.313610000000000232e-03 8.678915999999999020e-02 1.049759999999999843e-03 8.281000000000000166e-05 7.327359999999998909e-03 3.312400000000000067e-04 1.160940000000000000e+06 1.237999500000000000e+06
1.000000000000000000e+00 3.189999999999999780e-02 3.420000000000000262e-01 -1.379999999999999977e-02 -1.799999999999999951e-03 1.252999999999999947e-01 -9.199999999999999845e-02 1.399999999999999856e-02 6.680000000000002602e-02 -1.379999999999999977e-02 2.510000000000000078e-02 -2.640000000000000679e-02 -2.999999999999999889e-02 1.017609999999999956e-03 1.169640000000000124e-01 1.904399999999999995e-04 3.239999999999999896e-06 1.570008999999999988e-02 8.463999999999999302e-03 1.959999999999999666e-04 4.462240000000003599e-03 1.904399999999999995e-04 6.300100000000000752e-04 6.969600000000003744e-04 8.999999999999999754e-04 1.159539750000000000e+06 1.237107125000000000e+06
1.000000000000000000e+00 1.270999999999999908e-01 6.847999999999999643e-01 2.248999999999999888e-01 -5.310000000000000137e-02 3.029999999999999916e-01 -1.313000000000000000e-01 9.519999999999999296e-02 3.427999999999999381e-01 2.386999999999999955e-01 -5.129999999999999838e-02 1.776999999999999968e-01 -3.930000000000000160e-02 1.615440999999999752e-02 4.689510399999999302e-01 5.058000999999999470e-02 2.819610000000000172e-03 9.180900000000000172e-02 1.723968999999999849e-02 9.063039999999997903e-03 1.175118399999999508e-01 5.697768999999999751e-02 2.631689999999999897e-03 3.157729000000000091e-02 1.544490000000000142e-03 1.160722125000000000e+06 1.236748125000000000e+06
1.000000000000000000e+00 1.161999999999999977e-01 4.209999999999999853e-01 -1.713000000000000078e-01 -7.449999999999999678e-02 2.235000000000000042e-01 -1.612000000000000099e-01 -1.089999999999999303e-02 -2.637999999999999790e-01 -3.961999999999999966e-01 -2.139999999999999541e-02 -7.949999999999998734e-02 -2.990000000000000990e-02 1.350243999999999923e-02 1.772409999999999819e-01 2.934369000000000213e-02 5.550249999999999628e-03 4.995225000000000359e-02 2.598544000000000201e-02 1.188099999999998467e-04 6.959043999999998953e-02 1.569744399999999929e-01 4.579599999999998234e-04 6.320249999999997745e-03 8.940100000000006375e-04 1.165984375000000000e+06 1.254787625000000000e+06
1.000000000000000000e+00 -1.265000000000000013e-01 -6.804999999999999938e-01 -3.871999999999999886e-01 -4.130000000000000338e-02 -7.199999999999999803e-03 -1.671999999999999875e-01 -2.426999999999999991e-01 -1.101499999999999924e+00 -2.158999999999999808e-01 3.319999999999999341e-02 -2.307000000000000162e-01 -5.999999999999977573e-03 1.600224999999999911e-02 4.630802499999999711e-01 1.499238400000000027e-01 1.705690000000000374e-03 5.183999999999999833e-05 2.795583999999999569e-02 5.890328999999999704e-02 1.213302249999999916e+00 4.661280999999999064e-02 1.102239999999999557e-03 5.322249000000000424e-02 3.599999999999972986e-05 1.164534750000000000e+06 1.246462750000000000e+06
1.000000000000000000e+00 -5.310000000000000137e-02 1.087999999999999939e-01 2.531999999999999806e-01 -7.729999999999999372e-02 1.816000000000000114e-01 -6.140000000000000319e-02 7.339999999999999303e-02 7.893000000000000016e-01 6.403999999999999693e-01 -3.599999999999999034e-02 1.888000000000000234e-01 1.057999999999999774e-01 2.819610000000000172e-03 1.183743999999999942e-02 6.411023999999998502e-02 5.975289999999999421e-03 3.297856000000000398e-02 3.769960000000000585e-03 5.387559999999998704e-03 6.229944899999999564e-01 4.101121599999999479e-01 1.295999999999999409e-03 3.564544000000000740e-02 1.119363999999999602e-02 1.162926375000000000e+06 1.235954250000000000e+06
1.000000000000000000e+00 9.879999999999999893e-02 3.800000000000000044e-01 1.293999999999999873e-01 1.030000000000000013e-02 1.471999999999999975e-01 -5.510000000000000314e-02 1.519000000000000072e-01 2.711999999999999966e-01 -1.237999999999999934e-01 8.759999999999999731e-02 -3.440000000000001390e-02 6.300000000000000044e-03 9.761439999999999700e-03 1.444000000000000006e-01 1.674435999999999633e-02 1.060900000000000092e-04 2.166784000000000071e-02 3.036010000000000444e-03 2.307361000000000134e-02 7.354943999999999371e-02 1.532643999999999847e-02 7.673759999999999956e-03 1.183360000000000922e-03 3.969000000000000116e-05 1.163191375000000000e+06 1.232998875000000000e+06
1.000000000000000000e+00 -8.580000000000000127e-02 -3.095999999999999863e-01 -2.089999999999999913e-01 -5.029999999999999749e-02 1.020000000000000073e-02 -5.469999999999999862e-02 -1.845999999999999863e-01 -6.895999999999999908e-01 -3.383999999999999786e-01 -6.060000000000000109e-02 -1.370000000000000107e-01 4.000000000000045186e-04 7.361640000000000024e-03 9.585215999999999181e-02 4.368099999999999761e-02 2.530089999999999596e-03 1.040400000000000135e-04 2.992089999999999767e-03 3.407715999999999523e-02 4.755481599999999975e-01 1.145145599999999875e-01 3.672359999999999947e-03 1.876900000000000443e-02 1.600000000000036032e-07 1.159277125000000000e+06 1.229970000000000000e+06
1.000000000000000000e+00 -4.959999999999999826e-02 2.489000000000000101e-01 1.121000000000000052e-01 -7.140000000000000513e-02 1.297999999999999987e-01 -4.519999999999999712e-02 3.620000000000000301e-02 5.584999999999999964e-01 3.210999999999999965e-01 -2.110000000000000764e-02 1.195999999999999980e-01 9.500000000000001499e-03 2.460159999999999864e-03 6.195121000000000655e-02 1.256641000000000181e-02 5.097960000000000338e-03 1.684803999999999816e-02 2.043039999999999873e-03 1.310440000000000172e-03 3.119222500000000120e-01 1.031052100000000027e-01 4.452100000000002995e-04 1.430415999999999979e-02 9.025000000000002530e-05 1.162378875000000000e+06 1.234989500000000000e+06
1.000000000000000000e+00 6.769999999999999629e-02 6.400000000000000133e-01 1.532000000000000028e-01 -5.729999999999999677e-02 1.948999999999999899e-01 -4.590000000000000330e-02 1.172999999999999876e-01 3.911000000000000032e-01 4.109999999999999765e-02 1.410000000000000836e-02 6.509999999999999121e-02 -7.000000000000061728e-04 4.583289999999999413e-03 4.096000000000000196e-01 2.347023999999999985e-02 3.283289999999999473e-03 3.798600999999999367e-02 2.106810000000000193e-03 1.375928999999999694e-02 1.529592100000000121e-01 1.689209999999999800e-03 1.988100000000002463e-04 4.238009999999998653e-03 4.900000000000086493e-07 1.165289875000000000e+06 1.241199875000000000e+06
1.000000000000000000e+00 -4.410000000000000031e-02 -1.592999999999999972e-01 -1.925999999999999934e-01 -4.959999999999999826e-02 8.849999999999999534e-02 -1.729999999999999941e-02 -1.117999999999999966e-01 -7.993000000000000105e-01 -3.457999999999999963e-01 7.699999999999998512e-03 -1.063999999999999946e-01 2.860000000000000389e-02 1.944809999999999942e-03 2.537648999999999808e-02 3.709475999999999746e-02 2.460159999999999864e-03 7.832249999999998935e-03 2.992899999999999619e-04 1.249924000000000000e-02 6.388804900000000231e-01 1.195776399999999989e-01 5.928999999999997613e-05 1.132095999999999970e-02 8.179600000000001713e-04 1.163357000000000000e+06 1.239148500000000000e+06
1.000000000000000000e+00 -3.420000000000000123e-02 -1.857999999999999929e-01 -1.106000000000000039e-01 -6.130000000000000032e-02 5.000000000000000104e-03 -7.499999999999999722e-03 9.899999999999999079e-03 -2.649999999999999578e-02 8.199999999999998956e-02 -1.170000000000000207e-02 -8.349999999999999090e-02 9.799999999999999684e-03 1.169640000000000003e-03 3.452163999999999927e-02 1.223236000000000115e-02 3.757690000000000162e-03 2.500000000000000120e-05 5.624999999999999846e-05 9.800999999999997811e-05 7.022499999999997494e-04 6.723999999999998207e-03 1.368900000000000531e-04 6.972249999999998414e-03 9.603999999999999527e-05 1.162102625000000000e+06 1.239491625000000000e+06
1.000000000000000000e+00 -2.409999999999999989e-02 5.708999999999999631e-01 1.418000000000000094e-01 -6.279999999999999472e-02 1.620000000000000051e-01 -9.599999999999999159e-03 1.010000000000000134e-02 7.566999999999999282e-01 2.524000000000000132e-01 -1.499999999999994393e-03 1.570000000000000007e-01 -2.099999999999999437e-03 5.808099999999999635e-04 3.259268099999999557e-01 2.010724000000000192e-02 3.943839999999999672e-03 2.624399999999999997e-02 9.215999999999998499e-05 1.020100000000000211e-04 5.725948899999998565e-01 6.370576000000000016e-02 2.249999999999983116e-06 2.464900000000000077e-02 4.409999999999997588e-06 1.164038875000000000e+06 1.243835375000000000e+06
1.000000000000000000e+00 -4.760000000000000342e-02 1.363999999999999935e-01 -6.260000000000000286e-02 -5.530000000000000193e-02 8.609999999999999598e-02 -4.700000000000000185e-03 -2.350000000000000352e-02 -4.344999999999999973e-01 -2.044000000000000261e-01 7.499999999999992784e-03 -7.590000000000000913e-02 4.899999999999998974e-03 2.265760000000000343e-03 1.860495999999999678e-02 3.918760000000000299e-03 3.058090000000000287e-03 7.413209999999999071e-03 2.209000000000000026e-05 5.522500000000001149e-04 1.887902499999999928e-01 4.177936000000000843e-02 5.624999999999989004e-05 5.760810000000001624e-03 2.400999999999998865e-05 1.164390375000000000e+06 1.242563125000000000e+06
1.000000000000000000e+00 -6.629999999999999782e-02 -1.386999999999999900e-01 -1.696000000000000008e-01 -4.460000000000000075e-02 6.140000000000000319e-02 -4.320000000000000229e-02 -1.869999999999999440e-02 -2.751000000000000112e-01 -1.069999999999999979e-01 1.070000000000000118e-02 -2.469999999999999279e-02 -3.849999999999999950e-02 4.395689999999999840e-03 1.923768999999999826e-02 2.876416000000000042e-02 1.989160000000000234e-03 3.769960000000000585e-03 1.866240000000000130e-03 3.496899999999997775e-04 7.568001000000000589e-02 1.144899999999999911e-02 1.144900000000000236e-04 6.100899999999996560e-04 1.482250000000000061e-03 1.162162875000000000e+06 1.243171500000000000e+06
1.000000000000000000e+00 -5.990000000000000185e-02 3.660999999999999810e-01 5.400000000000000286e-03 -6.660000000000000642e-02 7.699999999999999900e-02 -4.320000000000000229e-02 6.399999999999995970e-03 5.047999999999999154e-01 1.749999999999999889e-01 -2.200000000000000566e-02 1.559999999999999581e-02 0.000000000000000000e+00 3.588010000000000418e-03 1.340292099999999820e-01 2.916000000000000203e-05 4.435560000000000717e-03 5.929000000000000242e-03 1.866240000000000130e-03 4.095999999999994665e-05 2.548230399999998896e-01 3.062499999999999598e-02 4.840000000000002720e-04 2.433599999999998655e-04 0.000000000000000000e+00 1.159667875000000000e+06 1.235802500000000000e+06
1.000000000000000000e+00 2.869999999999999982e-02 5.578999999999999515e-01 9.940000000000000224e-02 -8.269999999999999574e-02 2.632999999999999785e-01 -4.479999999999999954e-02 8.859999999999999820e-02 1.917999999999999705e-01 9.400000000000000022e-02 -1.609999999999998932e-02 1.862999999999999656e-01 -1.599999999999997258e-03 8.236899999999999691e-04 3.112524099999999239e-01 9.880360000000001225e-03 6.839289999999999606e-03 6.932688999999998825e-02 2.007039999999999866e-03 7.849959999999999577e-03 3.678723999999999189e-02 8.836000000000000104e-03 2.592099999999996815e-04 3.470768999999998550e-02 2.559999999999991160e-06 1.167005375000000000e+06 1.254132000000000000e+06
1.000000000000000000e+00 1.119999999999999989e-02 2.520000000000000018e-02 -1.342000000000000137e-01 -7.109999999999999654e-02 8.000000000000000167e-02 -6.029999999999999943e-02 -1.750000000000000167e-02 -5.326999999999999513e-01 -2.336000000000000298e-01 1.159999999999999920e-02 -1.832999999999999630e-01 -1.549999999999999989e-02 1.254399999999999916e-04 6.350400000000000185e-04 1.800964000000000384e-02 5.055209999999999218e-03 6.400000000000000307e-03 3.636089999999999808e-03 3.062500000000000443e-04 2.837692899999999518e-01 5.456896000000001357e-02 1.345599999999999856e-04 3.359888999999998543e-02 2.402499999999999851e-04 1.165630250000000000e+06 1.251338250000000000e+06
1.000000000000000000e+00 1.739999999999999880e-02 -1.770000000000000046e-02 -1.290000000000000001e-02 -1.049999999999999961e-01 7.560000000000000053e-02 -8.830000000000000349e-02 6.199999999999998915e-03 -4.290000000000000063e-02 1.213000000000000189e-01 -3.389999999999999958e-02 -4.400000000000001132e-03 -2.800000000000000405e-02 3.027599999999999541e-04 3.132900000000000311e-04 1.664100000000000008e-04 1.102499999999999834e-02 5.715360000000000058e-03 7.796890000000000764e-03 3.843999999999998433e-05 1.840410000000000006e-03 1.471369000000000496e-02 1.149209999999999902e-03 1.936000000000001115e-05 7.840000000000001915e-04 1.163715000000000000e+06 1.246578000000000000e+06
1.000000000000000000e+00 9.900000000000000813e-03 5.141000000000000014e-01 1.032000000000000001e-01 -1.199999999999999956e-01 1.748000000000000109e-01 -1.093999999999999972e-01 -7.499999999999997988e-03 5.318000000000000504e-01 1.160999999999999949e-01 -1.499999999999999944e-02 9.920000000000001039e-02 -2.109999999999999376e-02 9.801000000000001876e-05 2.642988099999999951e-01 1.065024000000000005e-02 1.439999999999999961e-02 3.055504000000000553e-02 1.196835999999999907e-02 5.624999999999997136e-05 2.828112400000000748e-01 1.347920999999999842e-02 2.249999999999999938e-04 9.840640000000002927e-03 4.452099999999997574e-04 1.164475750000000000e+06 1.248767250000000000e+06
1.000000000000000000e+00 -2.560000000000000123e-02 -1.005999999999999950e-01 -1.131999999999999951e-01 -9.719999999999999474e-02 1.450000000000000074e-02 -8.619999999999999885e-02 -3.550000000000000377e-02 -6.147000000000000242e-01 -2.163999999999999813e-01 2.280000000000000082e-02 -1.602999999999999980e-01 2.319999999999999840e-02 6.553600000000000137e-04 1.012035999999999838e-02 1.281423999999999931e-02 9.447839999999999017e-03 2.102500000000000148e-04 7.430439999999999962e-03 1.260250000000000302e-03 3.778560900000000333e-01 4.682895999999998893e-02 5.198400000000000373e-04 2.569608999999999782e-02 5.382399999999999424e-04 1.161468125000000000e+06 1.240131625000000000e+06
1.000000000000000000e+00 -5.090000000000000080e-02 -2.051999999999999935e-01 -1.283999999999999864e-01 -9.329999999999999405e-02 2.100000000000000130e-02 -6.569999999999999452e-02 -2.529999999999999957e-02 -1.045999999999999985e-01 -1.519999999999999130e-02 3.900000000000000688e-03 6.500000000000000569e-03 2.050000000000000433e-02 2.590810000000000248e-03 4.210703999999999836e-02 1.648655999999999733e-02 8.704889999999998115e-03 4.410000000000000400e-04 4.316489999999999216e-03 6.400899999999999515e-04 1.094116000000000012e-02 2.310399999999997395e-04 1.521000000000000515e-05 4.225000000000001053e-05 4.202500000000001590e-04 1.159523375000000000e+06 1.235039500000000000e+06
1.000000000000000000e+00 1.209999999999999964e-02 3.855000000000000093e-01 3.849999999999999950e-02 -5.840000000000000052e-02 1.038000000000000034e-01 -1.040999999999999981e-01 6.300000000000000044e-02 5.907000000000000028e-01 1.668999999999999928e-01 3.489999999999999353e-02 8.279999999999999860e-02 -3.840000000000000357e-02 1.464100000000000026e-04 1.486102499999999993e-01 1.482250000000000061e-03 3.410559999999999981e-03 1.077444000000000145e-02 1.083680999999999880e-02 3.969000000000000306e-03 3.489264899999999781e-01 2.785560999999999593e-02 1.218009999999999622e-03 6.855840000000000198e-03 1.474560000000000193e-03 1.164771125000000000e+06 1.248981000000000000e+06
1.000000000000000000e+00 -2.980000000000000010e-02 2.001000000000000001e-01 -6.019999999999999657e-02 -6.029999999999999943e-02 9.610000000000000486e-02 -6.060000000000000109e-02 -4.189999999999999974e-02 -1.854000000000000092e-01 -9.869999999999999607e-02 -1.899999999999998912e-03 -7.699999999999998512e-03 4.349999999999999700e-02 8.880399999999999882e-04 4.004001000000000088e-02 3.624039999999999380e-03 3.636089999999999808e-03 9.235210000000000641e-03 3.672359999999999947e-03 1.755609999999999896e-03 3.437316000000000676e-02 9.741689999999999031e-03 3.609999999999995930e-06 5.928999999999997613e-05 1.892249999999999835e-03 1.164617625000000000e+06 1.251141875000000000e+06
1.000000000000000000e+00 -6.100000000000000387e-03 1.142999999999999988e-01 3.450000000000000289e-02 -1.200000000000000025e-02 7.599999999999999811e-02 -5.349999999999999895e-02 2.369999999999999885e-02 -8.580000000000000127e-02 9.470000000000000639e-02 4.829999999999999571e-02 -2.010000000000000675e-02 7.100000000000002143e-03 3.721000000000000457e-05 1.306448999999999978e-02 1.190250000000000119e-03 1.440000000000000036e-04 5.775999999999999884e-03 2.862249999999999777e-03 5.616899999999999974e-04 7.361640000000000024e-03 8.968090000000001477e-03 2.332889999999999790e-03 4.040100000000002738e-04 5.041000000000002727e-05 1.162530250000000000e+06 1.244740125000000000e+06
1.000000000000000000e+00 1.050000000000000065e-02 3.696999999999999731e-01 6.239999999999999714e-02 2.390000000000000110e-02 1.889000000000000123e-01 -6.519999999999999407e-02 1.660000000000000017e-02 2.553999999999999604e-01 2.789999999999999425e-02 3.590000000000000135e-02 1.129000000000000142e-01 -1.169999999999999513e-02 1.102500000000000100e-04 1.366780899999999743e-01 3.893759999999999583e-03 5.712100000000000554e-04 3.568321000000000687e-02 4.251039999999999333e-03 2.755599999999999977e-04 6.522915999999998049e-02 7.784099999999996708e-04 1.288810000000000042e-03 1.274641000000000315e-02 1.368899999999998905e-04 1.162437125000000000e+06 1.245474625000000000e+06
1.000000000000000000e+00 -7.270000000000000073e-02 7.199999999999999803e-03 -1.093999999999999972e-01 7.000000000000000146e-03 4.120000000000000051e-02 -5.829999999999999766e-02 -8.319999999999999618e-02 -3.624999999999999889e-01 -1.718000000000000083e-01 -1.690000000000000183e-02 -1.476999999999999980e-01 6.899999999999996414e-03 5.285289999999999780e-03 5.183999999999999833e-05 1.196835999999999907e-02 4.900000000000000519e-05 1.697440000000000147e-03 3.398889999999999897e-03 6.922239999999999643e-03 1.314062500000000022e-01 2.951524000000000161e-02 2.856100000000000522e-04 2.181529000000000107e-02 4.760999999999995243e-05 1.162252500000000000e+06 1.244217000000000000e+06
1.000000000000000000e+00 3.729999999999999982e-02 1.084999999999999992e-01 -5.070000000000000201e-02 -5.149999999999999717e-02 1.731000000000000039e-01 -8.119999999999999440e-02 1.100000000000000006e-01 1.013000000000000012e-01 5.869999999999999524e-02 -5.849999999999999645e-02 1.319000000000000172e-01 -2.289999999999999675e-02 1.391289999999999888e-03 1.177224999999999973e-02 2.570490000000000361e-03 2.652249999999999660e-03 2.996361000000000163e-02 6.593439999999999024e-03 1.209999999999999964e-02 1.026169000000000039e-02 3.445689999999999517e-03 3.422249999999999511e-03 1.739761000000000432e-02 5.244099999999998936e-04 1.165691125000000000e+06 1.250696125000000000e+06
1.000000000000000000e+00 8.550000000000000655e-02 2.497000000000000053e-01 4.870000000000000023e-02 -2.259999999999999856e-02 1.943000000000000005e-01 -7.739999999999999658e-02 4.820000000000000673e-02 1.411999999999999922e-01 9.940000000000000224e-02 2.889999999999999861e-02 2.119999999999999662e-02 3.799999999999997824e-03 7.310250000000000775e-03 6.235009000000000384e-02 2.371690000000000083e-03 5.107599999999999684e-04 3.775248999999999966e-02 5.990759999999999488e-03 2.323240000000000721e-03 1.993743999999999725e-02 9.880360000000001225e-03 8.352099999999999672e-04 4.494399999999998440e-04 1.443999999999998372e-05 1.165797875000000000e+06 1.248482000000000000e+06
1.000000000000000000e+00 -2.649999999999999925e-02 -1.185999999999999971e-01 -1.287000000000000088e-01 4.799999999999999580e-03 4.850000000000000144e-02 -8.709999999999999687e-02 -1.120000000000000023e-01 -3.683000000000000163e-01 -1.774000000000000021e-01 2.739999999999999727e-02 -1.457999999999999852e-01 -9.700000000000000289e-03 7.022499999999999663e-04 1.406595999999999888e-02 1.656369000000000244e-02 2.303999999999999625e-05 2.352250000000000174e-03 7.586409999999999161e-03 1.254400000000000133e-02 1.356448900000000179e-01 3.147076000000000040e-02 7.507599999999998389e-04 2.125763999999999432e-02 9.409000000000000208e-05 1.162289875000000000e+06 1.242077375000000000e+06
1.000000000000000000e+00 2.769999999999999893e-02 2.349999999999999867e-01 1.870000000000000134e-02 9.199999999999999845e-03 1.303999999999999881e-01 -7.739999999999999658e-02 5.419999999999999818e-02 3.535999999999999699e-01 1.474000000000000032e-01 4.400000000000000265e-03 8.189999999999998670e-02 9.700000000000000289e-03 7.672899999999998992e-04 5.522499999999999631e-02 3.496900000000000485e-04 8.464000000000000278e-05 1.700415999999999733e-02 5.990759999999999488e-03 2.937639999999999609e-03 1.250329599999999708e-01 2.172676000000000121e-02 1.936000000000000099e-05 6.707609999999997533e-03 9.409000000000000208e-05 1.161343625000000000e+06 1.240159000000000000e+06
1.000000000000000000e+00 8.970000000000000195e-02 5.556999999999999718e-01 1.449000000000000010e-01 -4.809999999999999692e-02 1.847000000000000031e-01 -9.249999999999999889e-02 6.199999999999999956e-02 3.206999999999999851e-01 1.262000000000000066e-01 -5.729999999999999677e-02 5.430000000000001492e-02 -1.510000000000000231e-02 8.046090000000000533e-03 3.088024899999999850e-01 2.099600999999999898e-02 2.313609999999999799e-03 3.411408999999999969e-02 8.556249999999999620e-03 3.843999999999999761e-03 1.028484899999999869e-01 1.592644000000000004e-02 3.283289999999999473e-03 2.948490000000001526e-03 2.280100000000000616e-04 1.162555375000000000e+06 1.243338250000000000e+06
1.000000000000000000e+00 5.970000000000000306e-02 -2.309999999999999901e-02 -1.016999999999999987e-01 -2.949999999999999845e-02 1.295999999999999930e-01 -6.320000000000000617e-02 -2.999999999999999889e-02 -5.787999999999999812e-01 -2.465999999999999859e-01 1.859999999999999848e-02 -5.510000000000001008e-02 2.929999999999999272e-02 3.564090000000000227e-03 5.336099999999999004e-04 1.034289000000000042e-02 8.702499999999999299e-04 1.679615999999999748e-02 3.994240000000000464e-03 8.999999999999999754e-04 3.350094399999999917e-01 6.081155999999999368e-02 3.459599999999999199e-04 3.036010000000001312e-03 8.584899999999996223e-04 1.160976375000000000e+06 1.239259125000000000e+06
1.000000000000000000e+00 -3.889999999999999708e-02 -2.850000000000000103e-02 -3.350000000000000200e-02 -4.760000000000000342e-02 1.298999999999999877e-01 -4.259999999999999898e-02 -9.859999999999999321e-02 -5.400000000000002021e-03 6.819999999999999674e-02 -1.810000000000000497e-02 2.999999999999947153e-04 2.060000000000000719e-02 1.513209999999999859e-03 8.122500000000000379e-04 1.122250000000000201e-03 2.265760000000000343e-03 1.687400999999999832e-02 1.814759999999999898e-03 9.721959999999998242e-03 2.916000000000002236e-05 4.651239999999999195e-03 3.276100000000002057e-04 8.999999999999683544e-08 4.243600000000003077e-04 1.159324875000000000e+06 1.232723375000000000e+06
1.000000000000000000e+00 -3.880000000000000115e-02 1.418999999999999984e-01 -2.029999999999999860e-02 -1.580000000000000154e-02 1.323999999999999899e-01 -5.249999999999999806e-02 9.999999999999592548e-05 1.703999999999999959e-01 1.320000000000000340e-02 3.180000000000000188e-02 2.500000000000002220e-03 -9.899999999999999079e-03 1.505440000000000033e-03 2.013560999999999823e-02 4.120899999999999390e-04 2.496400000000000290e-04 1.752975999999999840e-02 2.756249999999999586e-03 9.999999999999184609e-09 2.903615999999999836e-02 1.742400000000000936e-04 1.011240000000000056e-03 6.250000000000011311e-06 9.800999999999997811e-05 1.161959375000000000e+06 1.243148875000000000e+06
1.000000000000000000e+00 -4.569999999999999757e-02 -6.799999999999999621e-03 -1.743000000000000105e-01 6.100000000000000387e-03 7.499999999999999722e-03 -1.980000000000000163e-02 -6.899999999999996414e-03 -1.486999999999999988e-01 -1.540000000000000258e-01 2.190000000000000280e-02 -1.248999999999999833e-01 3.269999999999999296e-02 2.088489999999999704e-03 4.623999999999999774e-05 3.038049000000000305e-02 3.721000000000000457e-05 5.624999999999999846e-05 3.920400000000000751e-04 4.760999999999995243e-05 2.211168999999999982e-02 2.371600000000000791e-02 4.796100000000001057e-04 1.560000999999999576e-02 1.069289999999999434e-03 1.165594875000000000e+06 1.247831875000000000e+06
1.000000000000000000e+00 -9.249999999999999889e-02 1.960999999999999965e-01 7.649999999999999856e-02 5.689999999999999919e-02 3.899999999999999821e-03 -2.270000000000000143e-02 -4.680000000000000132e-02 2.028999999999999970e-01 2.508000000000000229e-01 5.079999999999999793e-02 -3.599999999999999901e-03 -2.899999999999999800e-03 8.556249999999999620e-03 3.845520999999999662e-02 5.852249999999999813e-03 3.237609999999999707e-03 1.520999999999999837e-05 5.152900000000000622e-04 2.190239999999999982e-03 4.116840999999999556e-02 6.290064000000000766e-02 2.580639999999999930e-03 1.295999999999999958e-05 8.409999999999999101e-06 1.162206875000000000e+06 1.244159125000000000e+06
1.000000000000000000e+00 -4.179999999999999688e-02 7.050999999999999490e-01 2.829999999999999738e-01 -7.190000000000000557e-02 1.910000000000000031e-01 -5.899999999999999863e-03 5.070000000000000201e-02 5.089999999999998970e-01 2.064999999999999614e-01 -1.287999999999999978e-01 1.871000000000000163e-01 1.680000000000000243e-02 1.747239999999999731e-03 4.971660099999999360e-01 8.008899999999997965e-02 5.169610000000000698e-03 3.648099999999999954e-02 3.481000000000000045e-05 2.570490000000000361e-03 2.590809999999998947e-01 4.264224999999998572e-02 1.658944000000000044e-02 3.500641000000000863e-02 2.822400000000000624e-04 1.163655875000000000e+06 1.241855875000000000e+06
1.000000000000000000e+00 8.730000000000000260e-02 6.589000000000000412e-01 -1.145999999999999935e-01 -1.810000000000000150e-02 2.204000000000000126e-01 -7.220000000000000029e-02 1.290999999999999925e-01 -4.619999999999990781e-02 -3.975999999999999535e-01 5.380000000000000060e-02 2.940000000000000946e-02 -6.629999999999999782e-02 7.621290000000000182e-03 4.341492100000000631e-01 1.313315999999999789e-02 3.276100000000000431e-04 4.857616000000000711e-02 5.212839999999999835e-03 1.666680999999999718e-02 2.134439999999991362e-03 1.580857599999999641e-01 2.894439999999999860e-03 8.643600000000005402e-04 4.395689999999999840e-03 1.160087625000000000e+06 1.242822750000000000e+06
1.000000000000000000e+00 -1.165000000000000063e-01 -3.527000000000000135e-01 -3.276999999999999913e-01 3.509999999999999926e-02 2.000000000000000042e-02 -4.700000000000000011e-02 -2.038000000000000089e-01 -1.011600000000000055e+00 -2.131000000000000116e-01 5.319999999999999729e-02 -2.004000000000000226e-01 2.520000000000000018e-02 1.357225000000000098e-02 1.243972900000000076e-01 1.073872899999999964e-01 1.232009999999999963e-03 4.000000000000000192e-04 2.209000000000000026e-03 4.153444000000000580e-02 1.023334560000000115e+00 4.541161000000000503e-02 2.830239999999999926e-03 4.016016000000000724e-02 6.350400000000000185e-04 1.159389750000000000e+06 1.243265000000000000e+06
1.000000000000000000e+00 1.600000000000000077e-03 2.700000000000000143e-03 2.366999999999999937e-01 -4.009999999999999676e-02 2.396999999999999964e-01 -7.099999999999999367e-02 1.181000000000000105e-01 3.553999999999999937e-01 5.644000000000000128e-01 -7.519999999999998908e-02 2.197000000000000064e-01 -2.399999999999999356e-02 2.560000000000000054e-06 7.290000000000000507e-06 5.602688999999999586e-02 1.608009999999999778e-03 5.745609000000000133e-02 5.040999999999999474e-03 1.394761000000000264e-02 1.263091600000000037e-01 3.185473600000000016e-01 5.655039999999998332e-03 4.826808999999999961e-02 5.759999999999996893e-04 1.162866375000000000e+06 1.245917125000000000e+06
1.000000000000000000e+00 3.939999999999999752e-02 2.078000000000000125e-01 2.639999999999999986e-02 -3.470000000000000168e-02 1.365000000000000102e-01 -4.789999999999999813e-02 3.780000000000000027e-02 2.051000000000000045e-01 -2.102999999999999869e-01 5.399999999999995082e-03 -1.031999999999999862e-01 2.309999999999999554e-02 1.552359999999999808e-03 4.318084000000000505e-02 6.969599999999999407e-04 1.204090000000000108e-03 1.863225000000000298e-02 2.294409999999999766e-03 1.428840000000000015e-03 4.206601000000000090e-02 4.422608999999999568e-02 2.915999999999994782e-05 1.065023999999999658e-02 5.336099999999997920e-04 1.164177125000000000e+06 1.240656750000000000e+06
1.000000000000000000e+00 -1.194000000000000061e-01 -3.363999999999999768e-01 -2.318000000000000060e-01 -2.500000000000000139e-02 -2.960000000000000131e-02 -6.429999999999999605e-02 -1.587999999999999967e-01 -5.442000000000000171e-01 -2.581999999999999851e-01 9.700000000000000289e-03 -1.661000000000000254e-01 -1.639999999999999791e-02 1.425636000000000091e-02 1.131649599999999811e-01 5.373123999999999956e-02 6.250000000000001214e-04 8.761600000000000681e-04 4.134489999999999346e-03 2.521744000000000069e-02 2.961536399999999958e-01 6.666723999999998873e-02 9.409000000000000208e-05 2.758921000000000984e-02 2.689599999999999456e-04 1.157958000000000000e+06 1.232070125000000000e+06
1.000000000000000000e+00 2.479999999999999913e-02 3.178000000000000269e-01 2.535000000000000031e-01 -3.109999999999999917e-02 1.464999999999999913e-01 -3.409999999999999837e-02 1.441999999999999948e-01 6.542000000000000037e-01 4.853000000000000091e-01 -6.099999999999997785e-03 1.760999999999999788e-01 3.019999999999999768e-02 6.150399999999999661e-04 1.009968400000000183e-01 6.426225000000000687e-02 9.672099999999999231e-04 2.146224999999999869e-02 1.162809999999999799e-03 2.079363999999999865e-02 4.279776399999999925e-01 2.355160900000000113e-01 3.720999999999997069e-05 3.101120999999999392e-02 9.120399999999998127e-04 1.159567250000000000e+06 1.235696250000000000e+06
1.000000000000000000e+00 1.471000000000000085e-01 5.573000000000000176e-01 1.223000000000000059e-01 -8.000000000000000383e-04 1.887999999999999956e-01 -3.760000000000000148e-02 1.223000000000000059e-01 2.394999999999999907e-01 -1.311999999999999833e-01 3.030000000000000054e-02 4.230000000000000426e-02 -3.500000000000003109e-03 2.163841000000000375e-02 3.105832900000000119e-01 1.495729000000000156e-02 6.400000000000000134e-07 3.564544000000000046e-02 1.413760000000000017e-03 1.495729000000000156e-02 5.736024999999999457e-02 1.721343999999999652e-02 9.180899999999999868e-04 1.789290000000000455e-03 1.225000000000002163e-05 1.163421000000000000e+06 1.243243875000000000e+06
1.000000000000000000e+00 2.089999999999999844e-02 -2.424999999999999933e-01 -2.447000000000000008e-01 -2.759999999999999953e-02 4.939999999999999947e-02 3.440000000000000002e-02 -1.262000000000000066e-01 -7.998000000000000664e-01 -3.669999999999999929e-01 -2.680000000000000090e-02 -1.393999999999999961e-01 7.200000000000000844e-02 4.368099999999999327e-04 5.880624999999999741e-02 5.987809000000000187e-02 7.617599999999999979e-04 2.440359999999999925e-03 1.183360000000000054e-03 1.592644000000000004e-02 6.396800400000001163e-01 1.346890000000000032e-01 7.182400000000000893e-04 1.943235999999999922e-02 5.184000000000001107e-03 1.155115250000000000e+06 1.229290000000000000e+06
1.000000000000000000e+00 -7.259999999999999787e-02 -4.170000000000000095e-02 -7.359999999999999876e-02 -1.484000000000000041e-01 1.408999999999999975e-01 1.830000000000000029e-02 -9.349999999999999978e-02 2.007999999999999785e-01 1.711000000000000021e-01 -1.208000000000000046e-01 9.149999999999999800e-02 -1.609999999999999973e-02 5.270759999999999335e-03 1.738890000000000097e-03 5.416960000000000178e-03 2.202256000000000005e-02 1.985280999999999851e-02 3.348900000000000141e-04 8.742250000000000021e-03 4.032063999999999093e-02 2.927520999999999943e-02 1.459264000000000047e-02 8.372249999999999484e-03 2.592100000000000068e-04 1.155613500000000000e+06 1.228700375000000000e+06
1.000000000000000000e+00 5.430000000000000104e-02 2.429000000000000048e-01 1.640000000000000138e-02 -2.139999999999999888e-02 1.839000000000000079e-01 5.099999999999999672e-02 1.269000000000000128e-01 2.846000000000000196e-01 8.999999999999999667e-02 1.270000000000000018e-01 4.300000000000001044e-02 3.269999999999999296e-02 2.948490000000000225e-03 5.900041000000000313e-02 2.689600000000000541e-04 4.579599999999999318e-04 3.381921000000000233e-02 2.600999999999999580e-03 1.610361000000000431e-02 8.099716000000001248e-02 8.099999999999999561e-03 1.612900000000000097e-02 1.849000000000000817e-03 1.069289999999999434e-03 1.163995250000000000e+06 1.248362375000000000e+06
1.000000000000000000e+00 1.327000000000000124e-01 2.727999999999999869e-01 7.100000000000000408e-03 -1.060000000000000005e-02 1.131000000000000061e-01 -1.760000000000000106e-02 7.840000000000001135e-02 2.989999999999998215e-02 -9.300000000000000974e-03 1.079999999999999884e-02 -7.080000000000000182e-02 -6.859999999999999432e-02 1.760929000000000313e-02 7.441983999999998711e-02 5.041000000000000694e-05 1.123600000000000016e-04 1.279161000000000187e-02 3.097600000000000158e-04 6.146560000000001432e-03 8.940099999999989028e-04 8.649000000000002064e-05 1.166399999999999810e-04 5.012640000000000498e-03 4.705959999999999484e-03 1.164431125000000000e+06 1.248966375000000000e+06
1.000000000000000000e+00 -5.249999999999999806e-02 2.346999999999999920e-01 -1.280000000000000061e-02 -1.024000000000000049e-01 2.797999999999999932e-01 -8.600000000000000006e-03 -1.852000000000000035e-01 -3.809999999999999498e-02 -1.990000000000000102e-02 -9.180000000000000659e-02 1.666999999999999871e-01 9.000000000000001055e-03 2.756249999999999586e-03 5.508408999999999528e-02 1.638400000000000034e-04 1.048576000000000022e-02 7.828803999999998930e-02 7.396000000000000339e-05 3.429904000000000286e-02 1.451609999999999663e-03 3.960100000000000252e-04 8.427240000000000772e-03 2.778888999999999665e-02 8.100000000000001730e-05 1.162821750000000000e+06 1.241949875000000000e+06
1.000000000000000000e+00 -2.757000000000000006e-01 -1.890999999999999903e-01 -3.370000000000000079e-02 -2.467000000000000026e-01 1.443000000000000116e-01 5.999999999999999474e-04 -2.232000000000000095e-01 -4.237999999999999545e-01 -2.090000000000000191e-02 -1.442999999999999838e-01 -1.354999999999999816e-01 9.199999999999999845e-03 7.601049000000000000e-02 3.575880999999999504e-02 1.135689999999999963e-03 6.086089000000000082e-02 2.082249000000000252e-02 3.599999999999999414e-07 4.981824000000000668e-02 1.796064399999999506e-01 4.368100000000000953e-04 2.082248999999999559e-02 1.836024999999999463e-02 8.464000000000000278e-05 1.159860375000000000e+06 1.237427125000000000e+06
1.000000000000000000e+00 -2.696000000000000063e-01 -7.580000000000000626e-02 1.239999999999999956e-02 -3.402999999999999914e-01 9.239999999999999603e-02 -5.700000000000000205e-03 6.099999999999994316e-03 1.132999999999999841e-01 4.610000000000000209e-02 -9.359999999999998876e-02 -5.190000000000001557e-02 -6.300000000000000044e-03 7.268415999999999766e-02 5.745640000000000643e-03 1.537599999999999915e-04 1.158040899999999984e-01 8.537759999999998406e-03 3.249000000000000233e-05 3.720999999999993003e-05 1.283688999999999664e-02 2.125210000000000207e-03 8.760959999999998193e-03 2.693610000000001663e-03 3.969000000000000116e-05 1.159548875000000000e+06 1.244285375000000000e+06
1.000000000000000000e+00 -1.170000000000000068e-01 1.726000000000000034e-01 -1.188000000000000028e-01 -2.096000000000000085e-01 1.449000000000000010e-01 -2.009999999999999981e-02 1.526000000000000134e-01 2.484000000000000097e-01 -1.312000000000000111e-01 1.306999999999999829e-01 5.250000000000000500e-02 -1.439999999999999961e-02 1.368900000000000151e-02 2.979075999999999946e-02 1.411344000000000140e-02 4.393216000000000482e-02 2.099600999999999898e-02 4.040100000000000028e-04 2.328676000000000357e-02 6.170256000000000352e-02 1.721344000000000346e-02 1.708248999999999532e-02 2.756250000000000453e-03 2.073599999999999933e-04 1.162241375000000000e+06 1.251446875000000000e+06
1.000000000000000000e+00 1.237999999999999934e-01 5.197000000000000508e-01 3.299999999999999982e-03 6.809999999999999387e-02 9.610000000000000486e-02 -7.939999999999999836e-02 2.408000000000000140e-01 3.471000000000000751e-01 1.221000000000000002e-01 2.777000000000000024e-01 -4.879999999999999616e-02 -5.929999999999999855e-02 1.532643999999999847e-02 2.700880900000000584e-01 1.088999999999999907e-05 4.637609999999999476e-03 9.235210000000000641e-03 6.304360000000000172e-03 5.798464000000000396e-02 1.204784100000000496e-01 1.490841000000000041e-02 7.711729000000000500e-02 2.381439999999999425e-03 3.516489999999999720e-03 1.163619125000000000e+06 1.255065625000000000e+06
1.000000000000000000e+00 1.322000000000000119e-01 4.154999999999999805e-01 -4.839999999999999858e-02 2.371999999999999942e-01 1.121000000000000052e-01 -3.950000000000000039e-02 8.400000000000018563e-03 -1.042000000000000703e-01 -5.169999999999999596e-02 1.691000000000000003e-01 1.600000000000000033e-02 3.989999999999999797e-02 1.747684000000000390e-02 1.726402499999999951e-01 2.342560000000000042e-03 5.626383999999999552e-02 1.256641000000000181e-02 1.560250000000000005e-03 7.056000000000031377e-05 1.085764000000001388e-02 2.672889999999999381e-03 2.859481000000000175e-02 2.559999999999999884e-04 1.592009999999999823e-03 1.162108750000000000e+06 1.254357125000000000e+06
1.000000000000000000e+00 9.320000000000000506e-02 2.874999999999999778e-01 9.299999999999999239e-03 1.042000000000000010e-01 1.691000000000000003e-01 -6.189999999999999669e-02 -3.900000000000000688e-02 -1.280000000000000027e-01 5.770000000000000129e-02 -1.330000000000000071e-01 5.699999999999999512e-02 -2.239999999999999630e-02 8.686240000000001321e-03 8.265624999999998668e-02 8.648999999999997998e-05 1.085764000000000000e-02 2.859481000000000175e-02 3.831609999999999617e-03 1.521000000000000433e-03 1.638399999999999926e-02 3.329289999999999940e-03 1.768900000000000333e-02 3.248999999999999284e-03 5.017599999999998580e-04 1.162320625000000000e+06 1.249888875000000000e+06
1.000000000000000000e+00 1.078999999999999959e-01 3.245999999999999996e-01 3.150000000000000022e-02 -4.199999999999999740e-03 1.850999999999999868e-01 -4.540000000000000285e-02 1.469999999999999085e-02 3.710000000000002185e-02 2.220000000000000098e-02 -1.083999999999999964e-01 1.599999999999998646e-02 1.649999999999999384e-02 1.164240999999999887e-02 1.053651599999999994e-01 9.922500000000000764e-04 1.763999999999999713e-05 3.426200999999999552e-02 2.061160000000000249e-03 2.160899999999997285e-04 1.376410000000001521e-03 4.928400000000000315e-04 1.175055999999999844e-02 2.559999999999995547e-04 2.722499999999998142e-04 1.162143500000000000e+06 1.247303375000000000e+06
1.000000000000000000e+00 8.000000000000000167e-02 3.274000000000000243e-01 1.099999999999999936e-02 -4.229999999999999732e-02 2.097999999999999865e-01 -5.330000000000000016e-02 -2.789999999999999425e-02 2.800000000000024691e-03 -2.050000000000000086e-02 -3.809999999999999498e-02 2.469999999999999973e-02 -7.899999999999997302e-03 6.400000000000000307e-03 1.071907600000000099e-01 1.209999999999999867e-04 1.789289999999999804e-03 4.401603999999999239e-02 2.840889999999999995e-03 7.784099999999996708e-04 7.840000000000138389e-06 4.202500000000000506e-04 1.451609999999999663e-03 6.100899999999999813e-04 6.240999999999995303e-05 1.163741375000000000e+06 1.248406500000000000e+06
1.000000000000000000e+00 -3.799999999999999906e-02 -1.849999999999999908e-02 -1.602000000000000091e-01 -1.729999999999999941e-02 1.237000000000000044e-01 -7.230000000000000315e-02 -1.179999999999999938e-01 -3.459000000000000408e-01 -1.712000000000000188e-01 2.499999999999999792e-02 -8.609999999999998210e-02 -1.900000000000000300e-02 1.443999999999999971e-03 3.422499999999999436e-04 2.566404000000000254e-02 2.992899999999999619e-04 1.530169000000000147e-02 5.227290000000000755e-03 1.392399999999999888e-02 1.196468100000000340e-01 2.930944000000000604e-02 6.249999999999999046e-04 7.413209999999997336e-03 3.610000000000001012e-04 1.160786125000000000e+06 1.238807375000000000e+06
1.000000000000000000e+00 -1.559000000000000108e-01 -2.921000000000000263e-01 -5.310000000000000137e-02 -2.469999999999999973e-02 -1.239999999999999956e-02 -5.299999999999999850e-02 -1.179000000000000048e-01 -2.736000000000000099e-01 1.071000000000000008e-01 -7.400000000000000328e-03 -1.360999999999999988e-01 1.930000000000000465e-02 2.430481000000000308e-02 8.532241000000001518e-02 2.819610000000000172e-03 6.100899999999999813e-04 1.537599999999999915e-04 2.808999999999999865e-03 1.390041000000000193e-02 7.485696000000000017e-02 1.147041000000000033e-02 5.476000000000000426e-05 1.852320999999999829e-02 3.724900000000001691e-04 1.158124375000000000e+06 1.234670375000000000e+06
1.000000000000000000e+00 6.469999999999999363e-02 5.816999999999999948e-01 2.046999999999999931e-01 -3.509999999999999926e-02 2.376000000000000056e-01 -5.199999999999999761e-02 2.206000000000000183e-01 8.738000000000000211e-01 2.577999999999999736e-01 -1.039999999999999952e-02 2.500000000000000000e-01 1.000000000000000888e-03 4.186089999999999083e-03 3.383748899999999837e-01 4.190208999999999601e-02 1.232009999999999963e-03 5.645376000000000560e-02 2.703999999999999806e-03 4.866436000000001066e-02 7.635264400000000284e-01 6.646083999999999326e-02 1.081599999999999944e-04 6.250000000000000000e-02 1.000000000000001861e-06 1.165365625000000000e+06 1.243885250000000000e+06
1.000000000000000000e+00 9.420000000000000595e-02 3.139000000000000123e-01 -8.999999999999999667e-02 -1.080000000000000057e-02 1.275999999999999912e-01 -5.779999999999999721e-02 2.950000000000001232e-02 -2.677999999999999825e-01 -2.946999999999999620e-01 2.429999999999999868e-02 -1.100000000000000144e-01 -5.799999999999999600e-03 8.873640000000000347e-03 9.853321000000000995e-02 8.099999999999999561e-03 1.166400000000000081e-04 1.628175999999999929e-02 3.340839999999999869e-03 8.702500000000006888e-04 7.171683999999999004e-02 8.684808999999997503e-02 5.904899999999999385e-04 1.210000000000000311e-02 3.363999999999999640e-05 1.162892750000000000e+06 1.240656750000000000e+06
1.000000000000000000e+00 -1.092999999999999944e-01 -2.187999999999999945e-01 -2.475999999999999868e-01 -1.510000000000000057e-02 2.319999999999999840e-02 -6.350000000000000089e-02 -2.035000000000000142e-01 -5.326999999999999513e-01 -1.575999999999999901e-01 -4.300000000000000003e-03 -1.043999999999999928e-01 -5.700000000000003675e-03 1.194648999999999885e-02 4.787343999999999627e-02 6.130575999999999387e-02 2.280100000000000074e-04 5.382399999999999424e-04 4.032250000000000244e-03 4.141225000000000461e-02 2.837692899999999518e-01 2.483775999999999692e-02 1.849000000000000085e-05 1.089935999999999856e-02 3.249000000000004299e-05 1.159493875000000000e+06 1.237708250000000000e+06
