1.000000000000000000e+00 0.000000000000000000e+00 -0.000000000000000000e+00 0.000000000000000000e+00 0.000000000000000000e+00 -0.000000000000000000e+00 0.000000000000000000e+00 0.000000000000000000e+00 0.000000000000000000e+00 0.000000000000000000e+00 0.000000000000000000e+00 0.000000000000000000e+00 0.000000000000000000e+00 0.000000000000000000e+00 0.000000000000000000e+00 0.000000000000000000e+00 0.000000000000000000e+00 0.000000000000000000e+00 0.000000000000000000e+00 0.000000000000000000e+00 0.000000000000000000e+00 0.000000000000000000e+00 0.000000000000000000e+00 0.000000000000000000e+00 0.000000000000000000e+00 1.491000625000000000e+06 1.614881000000000000e+06
1.000000000000000000e+00 3.700000000000000164e-03 1.068000000000000060e-01 5.179999999999999882e-02 8.300000000000000086e-03 0.000000000000000000e+00 8.399999999999999481e-03 3.700000000000000164e-03 1.068000000000000060e-01 5.179999999999999882e-02 8.300000000000000086e-03 0.000000000000000000e+00 8.399999999999999481e-03 1.369000000000000106e-05 1.140624000000000152e-02 2.683239999999999931e-03 6.888999999999999941e-05 0.000000000000000000e+00 7.055999999999998851e-05 1.369000000000000106e-05 1.140624000000000152e-02 2.683239999999999931e-03 6.888999999999999941e-05 0.000000000000000000e+00 7.055999999999998851e-05 1.490207125000000000e+06 1.613862250000000000e+06
1.000000000000000000e+00 1.549999999999999989e-02 4.540000000000000285e-02 -1.890000000000000013e-02 2.220000000000000098e-02 -1.349999999999999985e-02 7.000000000000000146e-03 1.179999999999999973e-02 -6.140000000000000319e-02 -7.069999999999999896e-02 1.390000000000000090e-02 -1.349999999999999985e-02 -1.399999999999999335e-03 2.402499999999999851e-04 2.061160000000000249e-03 3.572100000000000036e-04 4.928400000000000315e-04 1.822499999999999847e-04 4.900000000000000519e-05 1.392400000000000018e-04 3.769960000000000585e-03 4.998489999999999531e-03 1.932100000000000289e-04 1.822499999999999847e-04 1.959999999999998175e-06 1.490756250000000000e+06 1.611828125000000000e+06
1.000000000000000000e+00 1.009999999999999960e-02 4.359999999999999987e-02 -5.609999999999999709e-02 1.200000000000000025e-02 1.159999999999999920e-02 -2.700000000000000143e-03 -5.400000000000000286e-03 -1.800000000000002986e-03 -3.719999999999999696e-02 -1.020000000000000073e-02 2.509999999999999731e-02 -9.700000000000000289e-03 1.020099999999999940e-04 1.900959999999999933e-03 3.147209999999999678e-03 1.440000000000000036e-04 1.345599999999999856e-04 7.290000000000000507e-06 2.916000000000000203e-05 3.240000000000010907e-06 1.383839999999999680e-03 1.040400000000000135e-04 6.300099999999998583e-04 9.409000000000000208e-05 1.490057500000000000e+06 1.612792625000000000e+06
1.000000000000000000e+00 3.370000000000000079e-02 9.529999999999999583e-02 4.400000000000000265e-03 1.619999999999999912e-02 -2.069999999999999965e-02 7.100000000000000408e-03 2.360000000000000292e-02 5.169999999999999596e-02 6.049999999999999822e-02 4.199999999999998873e-03 -3.229999999999999538e-02 9.799999999999999684e-03 1.135689999999999963e-03 9.082089999999999261e-03 1.936000000000000099e-05 2.624399999999999606e-04 4.284900000000000124e-04 5.041000000000000694e-05 5.569600000000001156e-04 2.672889999999999381e-03 3.660249999999999875e-03 1.763999999999999035e-05 1.043289999999999669e-03 9.603999999999999527e-05 1.491029875000000000e+06 1.613953000000000000e+06
1.000000000000000000e+00 2.719999999999999848e-02 3.769999999999999740e-02 2.409999999999999989e-02 1.009999999999999960e-02 -1.480000000000000066e-02 -4.400000000000000265e-03 -6.500000000000002304e-03 -5.759999999999999842e-02 1.969999999999999876e-02 -6.099999999999999520e-03 5.899999999999998995e-03 -1.149999999999999981e-02 7.398399999999999638e-04 1.421289999999999750e-03 5.808099999999999635e-04 1.020099999999999940e-04 2.190400000000000170e-04 1.936000000000000099e-05 4.225000000000003086e-05 3.317759999999999893e-03 3.880899999999999519e-04 3.720999999999999102e-05 3.480999999999998689e-05 1.322499999999999891e-04 1.492036500000000000e+06 1.619083250000000000e+06
1.000000000000000000e+00 1.830000000000000029e-02 -5.630000000000000282e-02 -4.909999999999999781e-02 8.800000000000000530e-03 3.620000000000000301e-02 -9.599999999999999159e-03 -8.899999999999998190e-03 -9.400000000000000022e-02 -7.320000000000000118e-02 -1.299999999999999073e-03 5.100000000000000366e-02 -5.199999999999998894e-03 3.348900000000000141e-04 3.169690000000000181e-03 2.410809999999999776e-03 7.744000000000000395e-05 1.310440000000000172e-03 9.215999999999998499e-05 7.920999999999996837e-05 8.836000000000000104e-03 5.358240000000000225e-03 1.689999999999997584e-06 2.601000000000000447e-03 2.703999999999998844e-05 1.491937625000000000e+06 1.616784500000000000e+06
1.000000000000000000e+00 2.690000000000000030e-02 7.889999999999999791e-02 1.190000000000000085e-02 1.499999999999999944e-02 8.999999999999999754e-04 -1.340000000000000045e-02 8.600000000000000006e-03 1.351999999999999869e-01 6.099999999999999867e-02 6.199999999999998915e-03 -3.530000000000000498e-02 -3.800000000000001293e-03 7.236099999999999650e-04 6.225209999999999251e-03 1.416100000000000214e-04 2.249999999999999938e-04 8.099999999999999739e-07 1.795600000000000223e-04 7.396000000000000339e-05 1.827903999999999640e-02 3.720999999999999915e-03 3.843999999999998433e-05 1.246090000000000262e-03 1.444000000000000913e-05 1.490718000000000000e+06 1.615874500000000000e+06
1.000000000000000000e+00 2.350000000000000006e-02 1.376000000000000001e-01 -3.189999999999999780e-02 1.159999999999999920e-02 4.240000000000000019e-02 1.839999999999999969e-02 -3.400000000000000244e-03 5.870000000000000218e-02 -4.379999999999999866e-02 -3.400000000000000244e-03 4.150000000000000216e-02 3.180000000000000188e-02 5.522500000000000065e-04 1.893376000000000087e-02 1.017609999999999956e-03 1.345599999999999856e-04 1.797760000000000026e-03 3.385600000000000111e-04 1.156000000000000113e-05 3.445690000000000384e-03 1.918439999999999989e-03 1.156000000000000113e-05 1.722250000000000256e-03 1.011240000000000056e-03 1.490612125000000000e+06 1.617348000000000000e+06
1.000000000000000000e+00 1.760000000000000106e-02 5.310000000000000137e-02 3.749999999999999861e-02 4.300000000000000003e-03 -1.569999999999999868e-02 2.040000000000000147e-02 -5.899999999999998995e-03 -8.449999999999999178e-02 6.939999999999998948e-02 -7.299999999999999198e-03 -5.809999999999999887e-02 2.000000000000001776e-03 3.097600000000000158e-04 2.819610000000000172e-03 1.406249999999999948e-03 1.849000000000000085e-05 2.464899999999999795e-04 4.161600000000000542e-04 3.480999999999998689e-05 7.140249999999999028e-03 4.816359999999998698e-03 5.328999999999998614e-05 3.375609999999999809e-03 4.000000000000007442e-06 1.492802750000000000e+06 1.621474875000000000e+06
1.000000000000000000e+00 1.569999999999999868e-02 -2.170000000000000054e-02 -7.349999999999999589e-02 5.899999999999999863e-03 6.539999999999999980e-02 4.899999999999999842e-03 -1.900000000000002381e-03 -7.480000000000000537e-02 -1.109999999999999876e-01 1.599999999999999860e-03 8.110000000000000542e-02 -1.550000000000000162e-02 2.464899999999999795e-04 4.708900000000000130e-04 5.402249999999999067e-03 3.481000000000000045e-05 4.277160000000000337e-03 2.400999999999999882e-05 3.610000000000009059e-06 5.595040000000000777e-03 1.232099999999999689e-02 2.559999999999999630e-06 6.577210000000000868e-03 2.402500000000000393e-04 1.493201375000000000e+06 1.619348125000000000e+06
1.000000000000000000e+00 1.660000000000000017e-02 8.340000000000000191e-02 2.029999999999999860e-02 -1.720000000000000001e-02 2.069999999999999965e-02 1.500000000000000031e-03 9.000000000000014932e-04 1.050999999999999990e-01 9.379999999999999449e-02 -2.309999999999999901e-02 -4.470000000000000362e-02 -3.399999999999999811e-03 2.755599999999999977e-04 6.955560000000000388e-03 4.120899999999999390e-04 2.958400000000000135e-04 4.284900000000000124e-04 2.250000000000000057e-06 8.100000000000027268e-07 1.104601000000000020e-02 8.798439999999999386e-03 5.336099999999999004e-04 1.998090000000000109e-03 1.155999999999999943e-05 1.489450250000000000e+06 1.612415375000000000e+06
1.000000000000000000e+00 1.849999999999999908e-02 5.580000000000000238e-02 3.799999999999999906e-02 -1.209999999999999964e-02 8.019999999999999352e-02 6.799999999999999621e-03 1.899999999999998912e-03 -2.759999999999999953e-02 1.770000000000000046e-02 5.100000000000000366e-03 5.949999999999999734e-02 5.299999999999999156e-03 3.422499999999999436e-04 3.113640000000000418e-03 1.443999999999999971e-03 1.464100000000000026e-04 6.432039999999999112e-03 4.623999999999999774e-05 3.609999999999995930e-06 7.617599999999999979e-04 3.132900000000000311e-04 2.601000000000000339e-05 3.540249999999999560e-03 2.808999999999999025e-05 1.487065000000000000e+06 1.605639750000000000e+06
1.000000000000000000e+00 1.230000000000000017e-02 4.939999999999999947e-02 2.699999999999999969e-02 -3.280000000000000276e-02 2.060000000000000026e-02 2.299999999999999961e-03 -6.199999999999998915e-03 -6.400000000000002909e-03 -1.099999999999999936e-02 -2.070000000000000312e-02 -5.959999999999999326e-02 -4.499999999999999660e-03 1.512899999999999965e-04 2.440359999999999925e-03 7.289999999999999388e-04 1.075840000000000216e-03 4.243600000000000367e-04 5.290000000000000174e-06 3.843999999999998433e-05 4.096000000000003474e-05 1.209999999999999867e-04 4.284900000000001208e-04 3.552159999999999086e-03 2.024999999999999755e-05 1.488702375000000000e+06 1.608993750000000000e+06
1.000000000000000000e+00 4.700000000000000185e-03 2.750000000000000014e-02 -1.629999999999999852e-02 -3.729999999999999982e-02 4.379999999999999866e-02 1.699999999999999905e-03 -7.599999999999999985e-03 -2.189999999999999933e-02 -4.329999999999999821e-02 -4.499999999999997058e-03 2.319999999999999840e-02 -6.000000000000000559e-04 2.209000000000000026e-05 7.562499999999999778e-04 2.656899999999999583e-04 1.391289999999999888e-03 1.918439999999999989e-03 2.889999999999999859e-06 5.776000000000000264e-05 4.796099999999999973e-04 1.874889999999999933e-03 2.024999999999997383e-05 5.382399999999999424e-04 3.600000000000000472e-07 1.490074750000000000e+06 1.610910250000000000e+06
1.000000000000000000e+00 6.400000000000000307e-03 6.429999999999999605e-02 -2.160000000000000114e-02 1.689999999999999836e-02 6.019999999999999657e-02 -1.510000000000000057e-02 1.700000000000000122e-03 3.679999999999999938e-02 -5.300000000000002626e-03 5.419999999999999818e-02 1.639999999999999791e-02 -1.679999999999999896e-02 4.096000000000000086e-05 4.134489999999999346e-03 4.665600000000000324e-04 2.856099999999999438e-04 3.624039999999999380e-03 2.280100000000000074e-04 2.890000000000000282e-06 1.354240000000000044e-03 2.809000000000002752e-05 2.937639999999999609e-03 2.689599999999999456e-04 2.822399999999999540e-04 1.488525125000000000e+06 1.611986000000000000e+06
1.000000000000000000e+00 -3.099999999999999891e-03 9.489999999999999825e-02 4.700000000000000185e-03 1.700000000000000122e-02 4.309999999999999942e-02 -1.359999999999999924e-02 -9.499999999999999764e-03 3.060000000000000220e-02 2.630000000000000046e-02 1.000000000000028644e-04 -1.709999999999999715e-02 1.500000000000001332e-03 9.609999999999999470e-06 9.006010000000000057e-03 2.209000000000000026e-05 2.890000000000000316e-04 1.857609999999999990e-03 1.849599999999999910e-04 9.024999999999999819e-05 9.363600000000001219e-04 6.916900000000000132e-04 1.000000000000057262e-08 2.924099999999998922e-04 2.250000000000003869e-06 1.488231000000000000e+06 1.612595500000000000e+06
1.000000000000000000e+00 -1.000000000000000021e-02 5.009999999999999870e-02 8.099999999999999561e-03 2.029999999999999860e-02 4.240000000000000019e-02 1.129999999999999928e-02 -6.899999999999999883e-03 -4.479999999999999954e-02 3.399999999999999377e-03 3.299999999999997380e-03 -6.999999999999992339e-04 2.489999999999999852e-02 1.000000000000000048e-04 2.510010000000000019e-03 6.560999999999999016e-05 4.120899999999999390e-04 1.797760000000000026e-03 1.276899999999999921e-04 4.760999999999999987e-05 2.007039999999999866e-03 1.155999999999999605e-05 1.088999999999998213e-05 4.899999999999989084e-07 6.200099999999999405e-04 1.488228125000000000e+06 1.612120125000000000e+06
1.000000000000000000e+00 -1.469999999999999953e-02 2.999999999999999889e-02 -4.259999999999999898e-02 2.319999999999999840e-02 6.930000000000000049e-02 2.099999999999999870e-03 -4.699999999999999317e-03 -2.009999999999999981e-02 -5.069999999999999507e-02 2.899999999999999800e-03 2.690000000000000030e-02 -9.199999999999999845e-03 2.160899999999999995e-04 8.999999999999999754e-04 1.814759999999999898e-03 5.382399999999999424e-04 4.802490000000000404e-03 4.409999999999999282e-06 2.208999999999999348e-05 4.040100000000000028e-04 2.570489999999999494e-03 8.409999999999999101e-06 7.236099999999999650e-04 8.464000000000000278e-05 1.490097750000000000e+06 1.611464625000000000e+06
1.000000000000000000e+00 -8.600000000000000006e-03 7.140000000000000513e-02 1.239999999999999956e-02 1.980000000000000163e-02 4.189999999999999974e-02 3.500000000000000073e-03 6.099999999999999520e-03 4.140000000000000624e-02 5.500000000000000028e-02 -3.399999999999996775e-03 -2.740000000000000074e-02 1.400000000000000203e-03 7.396000000000000339e-05 5.097960000000000338e-03 1.537599999999999915e-04 3.920400000000000751e-04 1.755609999999999896e-03 1.225000000000000130e-05 3.720999999999999102e-05 1.713960000000000483e-03 3.024999999999999911e-03 1.155999999999997741e-05 7.507600000000000558e-04 1.960000000000000716e-06 1.488832375000000000e+06 1.610419375000000000e+06
1.000000000000000000e+00 -1.669999999999999957e-02 1.084999999999999992e-01 4.799999999999999580e-03 1.149999999999999981e-02 4.089999999999999886e-02 1.080000000000000057e-02 -8.099999999999999561e-03 3.709999999999999409e-02 -7.599999999999999985e-03 -8.300000000000001821e-03 -1.000000000000000888e-03 7.300000000000000933e-03 2.788900000000000081e-04 1.177224999999999973e-02 2.303999999999999625e-05 1.322499999999999891e-04 1.672809999999999835e-03 1.166400000000000081e-04 6.560999999999999016e-05 1.376409999999999570e-03 5.776000000000000264e-05 6.889000000000002652e-05 1.000000000000001861e-06 5.329000000000001325e-05 1.490079500000000000e+06 1.613828750000000000e+06
1.000000000000000000e+00 -1.340000000000000045e-02 5.899999999999999863e-03 -3.470000000000000168e-02 2.359999999999999945e-02 4.159999999999999809e-02 1.140000000000000041e-02 3.299999999999999115e-03 -1.025999999999999968e-01 -3.950000000000000039e-02 1.209999999999999964e-02 6.999999999999992339e-04 5.999999999999998390e-04 1.795600000000000223e-04 3.481000000000000045e-05 1.204090000000000108e-03 5.569600000000000072e-04 1.730559999999999911e-03 1.299600000000000093e-04 1.088999999999999399e-05 1.052675999999999959e-02 1.560250000000000005e-03 1.464100000000000026e-04 4.899999999999989084e-07 3.599999999999997825e-07 1.490816250000000000e+06 1.615013125000000000e+06
1.000000000000000000e+00 3.799999999999999992e-03 4.950000000000000233e-02 6.199999999999999782e-03 2.860000000000000042e-02 3.280000000000000276e-02 2.670000000000000151e-02 1.720000000000000001e-02 4.359999999999999987e-02 4.089999999999999886e-02 5.000000000000000971e-03 -8.799999999999995326e-03 1.530000000000000110e-02 1.444000000000000066e-05 2.450250000000000171e-03 3.843999999999999788e-05 8.179600000000000629e-04 1.075840000000000216e-03 7.128900000000000948e-04 2.958400000000000135e-04 1.900959999999999933e-03 1.672809999999999835e-03 2.500000000000001136e-05 7.743999999999992263e-05 2.340900000000000305e-04 1.489778500000000000e+06 1.614530625000000000e+06
1.000000000000000000e+00 -4.400000000000000265e-03 4.660000000000000253e-02 8.000000000000000383e-04 1.590000000000000094e-02 3.429999999999999716e-02 2.429999999999999868e-02 -8.200000000000000691e-03 -2.899999999999999800e-03 -5.399999999999999419e-03 -1.269999999999999948e-02 1.499999999999994393e-03 -2.400000000000002826e-03 1.936000000000000099e-05 2.171560000000000330e-03 6.400000000000000134e-07 2.528100000000000139e-04 1.176489999999999871e-03 5.904899999999999385e-04 6.724000000000001352e-05 8.409999999999999101e-06 2.915999999999999525e-05 1.612899999999999957e-04 2.249999999999983116e-06 5.760000000000013461e-06 1.491602750000000000e+06 1.617398375000000000e+06
1.000000000000000000e+00 -1.039999999999999952e-02 4.839999999999999858e-02 -3.710000000000000103e-02 1.919999999999999832e-02 5.840000000000000052e-02 1.430000000000000021e-02 -5.999999999999999258e-03 1.799999999999996048e-03 -3.790000000000000313e-02 3.299999999999997380e-03 2.410000000000000336e-02 -9.999999999999998473e-03 1.081599999999999944e-04 2.342560000000000042e-03 1.376410000000000003e-03 3.686399999999999400e-04 3.410559999999999981e-03 2.044900000000000157e-04 3.599999999999999414e-05 3.239999999999985920e-06 1.436410000000000161e-03 1.088999999999998213e-05 5.808100000000001803e-04 9.999999999999996413e-05 1.491118750000000000e+06 1.612804875000000000e+06
1.000000000000000000e+00 3.500000000000000073e-03 8.730000000000000260e-02 6.100000000000000387e-03 2.440000000000000155e-02 4.420000000000000318e-02 2.450000000000000094e-02 1.389999999999999916e-02 3.890000000000000402e-02 4.320000000000000229e-02 5.200000000000003231e-03 -1.419999999999999735e-02 1.020000000000000073e-02 1.225000000000000130e-05 7.621290000000000182e-03 3.721000000000000457e-05 5.953600000000000732e-04 1.953640000000000411e-03 6.002500000000000890e-04 1.932099999999999746e-04 1.513210000000000293e-03 1.866240000000000130e-03 2.704000000000003249e-05 2.016399999999999193e-04 1.040400000000000135e-04 1.488925125000000000e+06 1.611577875000000000e+06
1.000000000000000000e+00 1.439999999999999961e-02 8.959999999999999909e-02 1.299999999999999940e-03 2.139999999999999888e-02 2.359999999999999945e-02 2.910000000000000087e-02 1.089999999999999997e-02 2.299999999999996492e-03 -4.800000000000000447e-03 -3.000000000000002665e-03 -2.060000000000000372e-02 4.599999999999999922e-03 2.073599999999999933e-04 8.028159999999999463e-03 1.689999999999999913e-06 4.579599999999999318e-04 5.569600000000000072e-04 8.468100000000000323e-04 1.188099999999999958e-04 5.289999999999984080e-06 2.304000000000000302e-05 9.000000000000015475e-06 4.243600000000001451e-04 2.116000000000000069e-05 1.490954125000000000e+06 1.615240125000000000e+06
1.000000000000000000e+00 1.859999999999999848e-02 -2.330000000000000127e-02 -8.500000000000000611e-03 3.980000000000000204e-02 2.570000000000000062e-02 2.469999999999999973e-02 4.199999999999998873e-03 -1.129000000000000004e-01 -9.799999999999999684e-03 1.840000000000000316e-02 2.100000000000001171e-03 -4.400000000000001132e-03 3.459599999999999199e-04 5.428900000000000826e-04 7.225000000000000790e-05 1.584040000000000101e-03 6.604900000000000137e-04 6.100899999999999813e-04 1.763999999999999035e-05 1.274640999999999968e-02 9.603999999999999527e-05 3.385600000000001195e-04 4.410000000000005211e-06 1.936000000000001115e-05 1.490841000000000000e+06 1.615861875000000000e+06
1.000000000000000000e+00 3.250000000000000111e-02 4.429999999999999910e-02 -8.899999999999999925e-03 3.670000000000000345e-02 2.649999999999999925e-02 2.709999999999999909e-02 1.390000000000000263e-02 6.759999999999999343e-02 -3.999999999999993144e-04 -3.099999999999998590e-03 7.999999999999986289e-04 2.399999999999999356e-03 1.056250000000000114e-03 1.962489999999999894e-03 7.920999999999999547e-05 1.346890000000000327e-03 7.022499999999999663e-04 7.344099999999999023e-04 1.932100000000000831e-04 4.569759999999999101e-03 1.599999999999994475e-07 9.609999999999991000e-06 6.399999999999977899e-07 5.759999999999996521e-06 1.493297000000000000e+06 1.621482000000000000e+06
1.000000000000000000e+00 2.009999999999999981e-02 2.850000000000000103e-02 -9.100000000000000450e-03 3.230000000000000232e-02 4.460000000000000075e-02 2.290000000000000022e-02 -1.240000000000000130e-02 -1.579999999999999807e-02 -2.000000000000005246e-04 -4.400000000000001132e-03 1.810000000000000150e-02 -4.199999999999998873e-03 4.040100000000000028e-04 8.122500000000000379e-04 8.281000000000000166e-05 1.043290000000000103e-03 1.989160000000000234e-03 5.244100000000000020e-04 1.537600000000000457e-04 2.496399999999999206e-04 4.000000000000021260e-08 1.936000000000001115e-05 3.276100000000000431e-04 1.763999999999999035e-05 1.493587125000000000e+06 1.622948125000000000e+06
1.000000000000000000e+00 2.469999999999999973e-02 7.140000000000000513e-02 4.700000000000000185e-03 2.570000000000000062e-02 5.000000000000000278e-02 2.000000000000000042e-02 4.599999999999999922e-03 4.290000000000000757e-02 1.379999999999999977e-02 -6.600000000000001699e-03 5.400000000000002021e-03 -2.899999999999999800e-03 6.100899999999999813e-04 5.097960000000000338e-03 2.209000000000000026e-05 6.604900000000000137e-04 2.500000000000000486e-03 4.000000000000000192e-04 2.116000000000000069e-05 1.840410000000000657e-03 1.904399999999999995e-04 4.356000000000002340e-05 2.916000000000002236e-05 8.409999999999999101e-06 1.490445750000000000e+06 1.618193125000000000e+06
1.000000000000000000e+00 1.450000000000000074e-02 6.850000000000000533e-02 -2.670000000000000151e-02 2.500000000000000139e-02 6.809999999999999387e-02 8.399999999999999481e-03 -1.019999999999999900e-02 -2.899999999999999800e-03 -3.140000000000000430e-02 -6.999999999999992339e-04 1.809999999999999110e-02 -1.160000000000000094e-02 2.102500000000000148e-04 4.692250000000001108e-03 7.128900000000000948e-04 6.250000000000001214e-04 4.637609999999999476e-03 7.055999999999998851e-05 1.040399999999999729e-04 8.409999999999999101e-06 9.859600000000003518e-04 4.899999999999989084e-07 3.276099999999996636e-04 1.345600000000000127e-04 1.490041625000000000e+06 1.613071250000000000e+06
1.000000000000000000e+00 1.839999999999999969e-02 5.920000000000000262e-02 1.940000000000000058e-02 1.870000000000000134e-02 5.899999999999999689e-02 7.000000000000000146e-03 3.899999999999998954e-03 -9.300000000000002709e-03 4.610000000000000209e-02 -6.300000000000000044e-03 -9.099999999999996980e-03 -1.399999999999999335e-03 3.385600000000000111e-04 3.504640000000000272e-03 3.763600000000000083e-04 3.496900000000000485e-04 3.480999999999999719e-03 4.900000000000000519e-05 1.520999999999999159e-05 8.649000000000004774e-05 2.125210000000000207e-03 3.969000000000000116e-05 8.280999999999994745e-05 1.959999999999998175e-06 1.488454000000000000e+06 1.611149250000000000e+06
1.000000000000000000e+00 2.239999999999999977e-02 3.930000000000000160e-02 -1.199999999999999895e-03 2.790000000000000119e-02 7.259999999999999787e-02 1.319999999999999993e-02 4.000000000000000083e-03 -1.990000000000000102e-02 -2.060000000000000026e-02 9.199999999999999845e-03 1.360000000000000098e-02 6.199999999999999782e-03 5.017599999999999665e-04 1.544490000000000142e-03 1.439999999999999765e-06 7.784100000000001044e-04 5.270759999999999335e-03 1.742399999999999852e-04 1.599999999999999928e-05 3.960100000000000252e-04 4.243600000000000367e-04 8.464000000000000278e-05 1.849600000000000181e-04 3.843999999999999788e-05 1.489852625000000000e+06 1.613540625000000000e+06
1.000000000000000000e+00 1.349999999999999985e-02 4.109999999999999765e-02 1.069999999999999944e-02 1.880000000000000074e-02 4.920000000000000068e-02 2.649999999999999925e-02 -8.899999999999999925e-03 1.799999999999996048e-03 1.189999999999999912e-02 -9.100000000000000450e-03 -2.339999999999999719e-02 1.329999999999999932e-02 1.822499999999999847e-04 1.689209999999999800e-03 1.144899999999999830e-04 3.534400000000000042e-04 2.420639999999999945e-03 7.022499999999999663e-04 7.920999999999999547e-05 3.239999999999985920e-06 1.416099999999999672e-04 8.281000000000000166e-05 5.475599999999998871e-04 1.768899999999999954e-04 1.489882000000000000e+06 1.616716125000000000e+06
1.000000000000000000e+00 -4.000000000000000083e-03 6.289999999999999758e-02 -2.369999999999999885e-02 1.319999999999999993e-02 7.539999999999999480e-02 2.079999999999999905e-02 -1.750000000000000167e-02 2.179999999999999993e-02 -3.440000000000000002e-02 -5.600000000000000810e-03 2.619999999999999413e-02 -5.700000000000000205e-03 1.599999999999999928e-05 3.956409999999999615e-03 5.616899999999999974e-04 1.742399999999999852e-04 5.685159999999998999e-03 4.326399999999999777e-04 3.062500000000000443e-04 4.752399999999999832e-04 1.183360000000000054e-03 3.136000000000001146e-05 6.864399999999996416e-04 3.249000000000000233e-05 1.491441375000000000e+06 1.618461500000000000e+06
1.000000000000000000e+00 1.100000000000000066e-03 7.599999999999999811e-02 1.980000000000000163e-02 9.499999999999999764e-03 6.750000000000000444e-02 3.209999999999999659e-02 5.100000000000000366e-03 1.310000000000000053e-02 4.349999999999999700e-02 -3.700000000000000164e-03 -7.899999999999990363e-03 1.129999999999999755e-02 1.210000000000000062e-06 5.775999999999999884e-03 3.920400000000000751e-04 9.024999999999999819e-05 4.556250000000000404e-03 1.030409999999999833e-03 2.601000000000000339e-05 1.716100000000000188e-04 1.892249999999999835e-03 1.369000000000000106e-05 6.240999999999984461e-05 1.276899999999999379e-04 1.489526000000000000e+06 1.615941750000000000e+06
1.000000000000000000e+00 -9.799999999999999684e-03 9.180000000000000659e-02 1.119999999999999989e-02 7.799999999999999642e-03 3.130000000000000143e-02 3.389999999999999958e-02 -1.089999999999999997e-02 1.580000000000000848e-02 -8.600000000000001740e-03 -1.700000000000000122e-03 -3.620000000000000301e-02 1.800000000000002986e-03 9.603999999999999527e-05 8.427240000000000772e-03 1.254399999999999916e-04 6.083999999999999348e-05 9.796900000000000747e-04 1.149209999999999902e-03 1.188099999999999958e-04 2.496400000000002458e-04 7.396000000000003049e-05 2.890000000000000282e-06 1.310440000000000172e-03 3.240000000000010907e-06 1.490253750000000000e+06 1.615784750000000000e+06
1.000000000000000000e+00 -8.800000000000000530e-03 7.199999999999999803e-03 -7.700000000000000247e-03 1.009999999999999960e-02 8.379999999999999949e-02 3.039999999999999994e-02 9.999999999999991535e-04 -8.460000000000000853e-02 -1.890000000000000013e-02 2.299999999999999961e-03 5.249999999999999806e-02 -3.499999999999999639e-03 7.744000000000000395e-05 5.183999999999999833e-05 5.929000000000000324e-05 1.020099999999999940e-04 7.022439999999999585e-03 9.241600000000000422e-04 9.999999999999982607e-07 7.157160000000001819e-03 3.572100000000000036e-04 5.290000000000000174e-06 2.756249999999999586e-03 1.224999999999999791e-05 1.492159500000000000e+06 1.616357500000000000e+06
1.000000000000000000e+00 -1.220000000000000077e-02 5.050000000000000322e-02 -1.899999999999999953e-02 5.400000000000000286e-03 6.090000000000000274e-02 4.420000000000000318e-02 -3.400000000000000244e-03 4.330000000000000515e-02 -1.129999999999999928e-02 -4.699999999999999317e-03 -2.289999999999999675e-02 1.380000000000000324e-02 1.488400000000000183e-04 2.550250000000000433e-03 3.609999999999999928e-04 2.916000000000000203e-05 3.708810000000000318e-03 1.953640000000000411e-03 1.156000000000000113e-05 1.874890000000000367e-03 1.276899999999999921e-04 2.208999999999999348e-05 5.244099999999998936e-04 1.904400000000000808e-04 1.492525250000000000e+06 1.617078250000000000e+06
1.000000000000000000e+00 6.199999999999999782e-03 5.349999999999999895e-02 2.779999999999999832e-02 5.999999999999999474e-04 4.929999999999999660e-02 6.040000000000000230e-02 1.839999999999999969e-02 2.999999999999995726e-03 4.679999999999999438e-02 -4.800000000000000447e-03 -1.160000000000000614e-02 1.619999999999999912e-02 3.843999999999999788e-05 2.862249999999999777e-03 7.728399999999998986e-04 3.599999999999999414e-07 2.430489999999999561e-03 3.648160000000000118e-03 3.385600000000000111e-04 8.999999999999974817e-06 2.190239999999999548e-03 2.304000000000000302e-05 1.345600000000001482e-04 2.624399999999999606e-04 1.491043375000000000e+06 1.615400625000000000e+06
1.000000000000000000e+00 -8.600000000000000006e-03 3.169999999999999901e-02 -2.270000000000000143e-02 2.139999999999999888e-02 6.429999999999999605e-02 5.859999999999999931e-02 -1.480000000000000066e-02 -2.179999999999999993e-02 -5.050000000000000322e-02 2.079999999999999905e-02 1.499999999999999944e-02 -1.800000000000002986e-03 7.396000000000000339e-05 1.004890000000000037e-03 5.152900000000000622e-04 4.579599999999999318e-04 4.134489999999999346e-03 3.433959999999999790e-03 2.190400000000000170e-04 4.752399999999999832e-04 2.550250000000000433e-03 4.326399999999999777e-04 2.249999999999999938e-04 3.240000000000010907e-06 1.488918875000000000e+06 1.610693125000000000e+06
1.000000000000000000e+00 3.200000000000000153e-03 7.359999999999999876e-02 -2.869999999999999982e-02 3.810000000000000192e-02 8.580000000000000127e-02 7.620000000000000384e-02 1.179999999999999973e-02 4.189999999999999974e-02 -5.999999999999998390e-03 1.670000000000000304e-02 2.150000000000000522e-02 1.760000000000000453e-02 1.024000000000000021e-05 5.416960000000000178e-03 8.236899999999999691e-04 1.451610000000000096e-03 7.361640000000000024e-03 5.806440000000000386e-03 1.392400000000000018e-04 1.755609999999999896e-03 3.599999999999998058e-05 2.788900000000001165e-04 4.622500000000002041e-04 3.097600000000001784e-04 1.488168125000000000e+06 1.610742875000000000e+06
1.000000000000000000e+00 -5.999999999999999474e-04 8.269999999999999574e-02 -1.230000000000000017e-02 3.910000000000000281e-02 7.080000000000000182e-02 9.160000000000000087e-02 -3.799999999999999992e-03 9.099999999999996980e-03 1.639999999999999791e-02 1.000000000000000888e-03 -1.499999999999999944e-02 1.539999999999999702e-02 3.599999999999999414e-07 6.839289999999999606e-03 1.512899999999999965e-04 1.528810000000000238e-03 5.012640000000000498e-03 8.390560000000000032e-03 1.444000000000000066e-05 8.280999999999994745e-05 2.689599999999999456e-04 1.000000000000001861e-06 2.249999999999999938e-04 2.371599999999999045e-04 1.491006875000000000e+06 1.616771750000000000e+06
1.000000000000000000e+00 -1.799999999999999951e-03 -5.899999999999999863e-03 -1.170000000000000033e-02 3.860000000000000236e-02 9.199999999999999845e-03 8.480000000000000038e-02 -1.200000000000000112e-03 -8.859999999999999820e-02 5.999999999999998390e-04 -5.000000000000004441e-04 -6.160000000000000198e-02 -6.800000000000000488e-03 3.239999999999999896e-06 3.481000000000000045e-05 1.368899999999999989e-04 1.489960000000000243e-03 8.464000000000000278e-05 7.191040000000000106e-03 1.440000000000000189e-06 7.849959999999999577e-03 3.599999999999997825e-07 2.500000000000004651e-07 3.794560000000000207e-03 4.624000000000000451e-05 1.490600125000000000e+06 1.615991250000000000e+06
1.000000000000000000e+00 1.299999999999999940e-02 -8.999999999999999754e-04 -5.170000000000000290e-02 3.209999999999999659e-02 8.820000000000000062e-02 4.299999999999999656e-02 1.479999999999999892e-02 5.000000000000000104e-03 -4.000000000000000083e-02 -6.500000000000005773e-03 7.900000000000000078e-02 -4.180000000000000382e-02 1.689999999999999879e-04 8.099999999999999739e-07 2.672890000000000248e-03 1.030409999999999833e-03 7.779239999999999766e-03 1.848999999999999732e-03 2.190399999999999628e-04 2.500000000000000120e-05 1.600000000000000077e-03 4.225000000000007829e-05 6.241000000000000020e-03 1.747240000000000381e-03 1.489909000000000000e+06 1.615944625000000000e+06
1.000000000000000000e+00 1.379999999999999977e-02 5.999999999999999778e-02 2.899999999999999800e-03 4.560000000000000164e-02 6.199999999999999782e-03 7.900000000000000078e-02 8.000000000000003636e-04 6.089999999999999580e-02 5.460000000000000270e-02 1.350000000000000505e-02 -8.200000000000000344e-02 3.600000000000000422e-02 1.904399999999999995e-04 3.599999999999999901e-03 8.409999999999999101e-06 2.079360000000000149e-03 3.843999999999999788e-05 6.241000000000000020e-03 6.400000000000005428e-07 3.708809999999999451e-03 2.981160000000000494e-03 1.822500000000001473e-04 6.724000000000000810e-03 1.296000000000000277e-03 1.489329875000000000e+06 1.614642375000000000e+06
1.000000000000000000e+00 3.309999999999999748e-02 4.730000000000000177e-02 6.040000000000000230e-02 4.429999999999999910e-02 9.100000000000000450e-03 5.480000000000000149e-02 1.929999999999999771e-02 -1.269999999999999601e-02 5.750000000000000250e-02 -1.300000000000002542e-03 2.900000000000000668e-03 -2.419999999999999929e-02 1.095609999999999900e-03 2.237290000000000285e-03 3.648160000000000118e-03 1.962489999999999894e-03 8.281000000000000166e-05 3.003040000000000223e-03 3.724899999999998980e-04 1.612899999999998872e-04 3.306250000000000161e-03 1.690000000000006689e-06 8.410000000000004183e-06 5.856400000000000104e-04 1.488676000000000000e+06 1.613896000000000000e+06
1.000000000000000000e+00 1.080000000000000057e-02 -3.849999999999999950e-02 -5.580000000000000238e-02 5.020000000000000157e-02 2.869999999999999982e-02 7.870000000000000606e-02 -2.229999999999999691e-02 -8.580000000000000127e-02 -1.161999999999999977e-01 5.900000000000002465e-03 1.959999999999999937e-02 2.390000000000000457e-02 1.166400000000000081e-04 1.482250000000000061e-03 3.113640000000000418e-03 2.520040000000000301e-03 8.236899999999999691e-04 6.193690000000000827e-03 4.972899999999998415e-04 7.361640000000000024e-03 1.350243999999999923e-02 3.481000000000002755e-05 3.841599999999999811e-04 5.712100000000002722e-04 1.488119750000000000e+06 1.613357375000000000e+06
1.000000000000000000e+00 3.860000000000000236e-02 7.989999999999999880e-02 6.400000000000000307e-03 5.899999999999999689e-02 1.089999999999999997e-02 6.320000000000000617e-02 2.780000000000000179e-02 1.184000000000000052e-01 6.220000000000000528e-02 8.799999999999995326e-03 -1.779999999999999985e-02 -1.549999999999999989e-02 1.489960000000000243e-03 6.384009999999999858e-03 4.096000000000000086e-05 3.480999999999999719e-03 1.188099999999999958e-04 3.994240000000000464e-03 7.728400000000001154e-04 1.401856000000000109e-02 3.868840000000000560e-03 7.743999999999992263e-05 3.168399999999999819e-04 2.402499999999999851e-04 1.490391375000000000e+06 1.614164625000000000e+06
1.000000000000000000e+00 1.629999999999999852e-02 9.160000000000000087e-02 7.109999999999999654e-02 5.310000000000000137e-02 1.290000000000000001e-02 1.072000000000000036e-01 -2.230000000000000385e-02 1.170000000000000207e-02 6.469999999999999363e-02 -5.899999999999995526e-03 2.000000000000000042e-03 4.399999999999999745e-02 2.656899999999999583e-04 8.390560000000000032e-03 5.055209999999999218e-03 2.819610000000000172e-03 1.664100000000000008e-04 1.149184000000000143e-02 4.972900000000001668e-04 1.368900000000000531e-04 4.186089999999999083e-03 3.480999999999994624e-05 3.999999999999999819e-06 1.935999999999999787e-03 1.488973500000000000e+06 1.614674375000000000e+06
1.000000000000000000e+00 2.699999999999999969e-02 2.099999999999999870e-03 -4.540000000000000285e-02 5.770000000000000129e-02 3.769999999999999740e-02 7.280000000000000360e-02 1.070000000000000118e-02 -8.949999999999999623e-02 -1.164999999999999925e-01 4.599999999999999922e-03 2.479999999999999566e-02 -3.440000000000000002e-02 7.289999999999999388e-04 4.409999999999999282e-06 2.061160000000000249e-03 3.329289999999999940e-03 1.421289999999999750e-03 5.299840000000000106e-03 1.144900000000000236e-04 8.010250000000000009e-03 1.357224999999999751e-02 2.116000000000000069e-05 6.150399999999997492e-04 1.183360000000000054e-03 1.490952000000000000e+06 1.614036000000000000e+06
1.000000000000000000e+00 4.009999999999999676e-02 5.020000000000000157e-02 7.400000000000000328e-03 6.800000000000000488e-02 2.809999999999999998e-02 9.120000000000000329e-02 1.309999999999999706e-02 4.810000000000000386e-02 5.279999999999999971e-02 1.030000000000000360e-02 -9.599999999999997424e-03 1.839999999999999969e-02 1.608009999999999778e-03 2.520040000000000301e-03 5.476000000000000426e-05 4.624000000000000506e-03 7.896100000000000514e-04 8.317440000000000597e-03 1.716099999999999104e-04 2.313610000000000232e-03 2.787839999999999763e-03 1.060900000000000769e-04 9.215999999999994433e-05 3.385600000000000111e-04 1.489721000000000000e+06 1.615200875000000000e+06
1.000000000000000000e+00 4.000000000000000083e-02 4.399999999999999745e-02 -2.700000000000000143e-03 6.320000000000000617e-02 3.819999999999999785e-02 9.560000000000000442e-02 -9.999999999999592548e-05 -6.200000000000004119e-03 -1.010000000000000134e-02 -4.799999999999998712e-03 1.009999999999999787e-02 4.400000000000001132e-03 1.600000000000000077e-03 1.935999999999999787e-03 7.290000000000000507e-06 3.994240000000000464e-03 1.459239999999999886e-03 9.139360000000000886e-03 9.999999999999184609e-09 3.844000000000005209e-05 1.020100000000000211e-04 2.303999999999998608e-05 1.020099999999999534e-04 1.936000000000001115e-05 1.491650000000000000e+06 1.617741000000000000e+06
1.000000000000000000e+00 7.099999999999999367e-02 4.309999999999999942e-02 2.000000000000000042e-03 6.560000000000000553e-02 2.280000000000000082e-02 6.069999999999999701e-02 3.099999999999999284e-02 -8.999999999999980238e-04 4.700000000000000185e-03 2.399999999999999356e-03 -1.539999999999999702e-02 -3.490000000000000741e-02 5.040999999999999474e-03 1.857609999999999990e-03 3.999999999999999819e-06 4.303360000000000865e-03 5.198400000000000373e-04 3.684489999999999467e-03 9.609999999999995065e-04 8.099999999999964799e-07 2.209000000000000026e-05 5.759999999999996521e-06 2.371599999999999045e-04 1.218010000000000490e-03 1.489660625000000000e+06 1.615675500000000000e+06
1.000000000000000000e+00 7.679999999999999327e-02 2.179999999999999993e-02 -3.119999999999999857e-02 6.579999999999999738e-02 6.040000000000000230e-02 5.460000000000000270e-02 5.799999999999999600e-03 -2.129999999999999949e-02 -3.320000000000000034e-02 1.999999999999918510e-04 3.760000000000000148e-02 -6.099999999999994316e-03 5.898239999999999039e-03 4.752399999999999832e-04 9.734399999999998956e-04 4.329640000000000051e-03 3.648160000000000118e-03 2.981160000000000494e-03 3.363999999999999640e-05 4.536899999999999744e-04 1.102239999999999991e-03 3.999999999999673844e-08 1.413760000000000017e-03 3.720999999999993003e-05 1.488565125000000000e+06 1.612303500000000000e+06
1.000000000000000000e+00 9.420000000000000595e-02 9.510000000000000397e-02 5.000000000000000104e-03 7.820000000000000562e-02 2.649999999999999925e-02 6.270000000000000573e-02 1.740000000000001268e-02 7.330000000000000404e-02 3.619999999999999607e-02 1.240000000000000824e-02 -3.389999999999999958e-02 8.100000000000003031e-03 8.873640000000000347e-03 9.044009999999999896e-03 2.500000000000000120e-05 6.115240000000000953e-03 7.022499999999999663e-04 3.931290000000000479e-03 3.027600000000004420e-04 5.372890000000000825e-03 1.310439999999999739e-03 1.537600000000002084e-04 1.149209999999999902e-03 6.561000000000004437e-05 1.490972500000000000e+06 1.614320000000000000e+06
1.000000000000000000e+00 1.990000000000000102e-02 7.950000000000000122e-02 -1.310000000000000053e-02 7.439999999999999392e-02 3.830000000000000071e-02 6.779999999999999916e-02 -7.430000000000000493e-02 -1.560000000000000275e-02 -1.810000000000000150e-02 -3.800000000000011702e-03 1.180000000000000146e-02 5.099999999999993427e-03 3.960100000000000252e-04 6.320250000000000347e-03 1.716100000000000188e-04 5.535359999999998719e-03 1.466889999999999991e-03 4.596839999999999607e-03 5.520490000000001160e-03 2.433600000000000823e-04 3.276100000000000431e-04 1.444000000000008875e-05 1.392400000000000289e-04 2.600999999999993224e-05 1.491550250000000000e+06 1.618984625000000000e+06
1.000000000000000000e+00 3.200000000000000067e-02 1.099999999999999936e-02 -1.170000000000000033e-02 1.660000000000000017e-02 3.729999999999999982e-02 7.530000000000000582e-02 1.209999999999999964e-02 -6.850000000000000533e-02 1.400000000000000203e-03 -5.779999999999999027e-02 -1.000000000000000888e-03 7.500000000000006661e-03 1.023999999999999954e-03 1.209999999999999867e-04 1.368899999999999989e-04 2.755599999999999977e-04 1.391289999999999888e-03 5.670090000000000893e-03 1.464100000000000026e-04 4.692250000000001108e-03 1.960000000000000716e-06 3.340839999999999001e-03 1.000000000000001861e-06 5.625000000000010010e-05 1.490352000000000000e+06 1.617726500000000000e+06
1.000000000000000000e+00 2.450000000000000094e-02 -1.789999999999999925e-02 -3.309999999999999748e-02 1.729999999999999941e-02 3.189999999999999780e-02 7.209999999999999742e-02 -7.499999999999999722e-03 -2.889999999999999861e-02 -2.139999999999999541e-02 6.999999999999992339e-04 -5.400000000000002021e-03 -3.200000000000008393e-03 6.002500000000000890e-04 3.204099999999999765e-04 1.095609999999999900e-03 2.992899999999999619e-04 1.017609999999999956e-03 5.198409999999999663e-03 5.624999999999999846e-05 8.352099999999999672e-04 4.579599999999998234e-04 4.899999999999989084e-07 2.916000000000002236e-05 1.024000000000005442e-05 1.491105125000000000e+06 1.617284125000000000e+06
1.000000000000000000e+00 3.799999999999999906e-02 3.459999999999999881e-02 -3.620000000000000301e-02 2.900000000000000147e-02 4.529999999999999999e-02 8.369999999999999662e-02 1.349999999999999811e-02 5.249999999999999806e-02 -3.100000000000005529e-03 1.170000000000000207e-02 1.340000000000000219e-02 1.159999999999999920e-02 1.443999999999999971e-03 1.197159999999999848e-03 1.310440000000000172e-03 8.410000000000000591e-04 2.052089999999999904e-03 7.005689999999999314e-03 1.822499999999999576e-04 2.756249999999999586e-03 9.610000000000035045e-06 1.368900000000000531e-04 1.795600000000000494e-04 1.345599999999999856e-04 1.490024750000000000e+06 1.615430125000000000e+06
1.000000000000000000e+00 4.189999999999999974e-02 8.939999999999999336e-02 -6.899999999999999883e-03 3.740000000000000269e-02 2.429999999999999868e-02 9.719999999999999474e-02 3.900000000000000688e-03 5.479999999999999455e-02 2.930000000000000313e-02 8.400000000000001216e-03 -2.100000000000000130e-02 1.349999999999999811e-02 1.755609999999999896e-03 7.992359999999998701e-03 4.760999999999999987e-05 1.398760000000000194e-03 5.904899999999999385e-04 9.447839999999999017e-03 1.521000000000000515e-05 3.003039999999999356e-03 8.584900000000001644e-04 7.056000000000001561e-05 4.410000000000000400e-04 1.822499999999999576e-04 1.489824500000000000e+06 1.614109500000000000e+06
1.000000000000000000e+00 4.819999999999999979e-02 5.589999999999999830e-02 4.100000000000000346e-03 4.009999999999999676e-02 1.820000000000000090e-02 9.800000000000000377e-02 6.300000000000000044e-03 -3.349999999999999506e-02 1.099999999999999936e-02 2.699999999999994071e-03 -6.099999999999997785e-03 8.000000000000090372e-04 2.323239999999999854e-03 3.124810000000000001e-03 1.681000000000000338e-05 1.608009999999999778e-03 3.312400000000000067e-04 9.604000000000001425e-03 3.969000000000000116e-05 1.122249999999999767e-03 1.209999999999999867e-04 7.289999999999968319e-06 3.720999999999997069e-05 6.400000000000144130e-07 1.491209000000000000e+06 1.615652750000000000e+06
1.000000000000000000e+00 6.500000000000000222e-02 1.600000000000000077e-03 -5.729999999999999677e-02 4.510000000000000120e-02 5.559999999999999665e-02 6.750000000000000444e-02 1.680000000000000243e-02 -5.430000000000000104e-02 -6.139999999999999625e-02 5.000000000000004441e-03 3.739999999999999575e-02 -3.049999999999999933e-02 4.225000000000000457e-03 2.560000000000000054e-06 3.283289999999999473e-03 2.034010000000000158e-03 3.091359999999999594e-03 4.556250000000000404e-03 2.822400000000000624e-04 2.948490000000000225e-03 3.769959999999999718e-03 2.500000000000004524e-05 1.398759999999999760e-03 9.302499999999999788e-04 1.492625875000000000e+06 1.617614875000000000e+06
1.000000000000000000e+00 8.150000000000000300e-02 1.125000000000000028e-01 6.499999999999999702e-03 5.190000000000000169e-02 2.589999999999999941e-02 7.299999999999999545e-02 1.650000000000000078e-02 1.108999999999999986e-01 6.379999999999999560e-02 6.800000000000000488e-03 -2.969999999999999724e-02 5.499999999999991007e-03 6.642250000000000584e-03 1.265625000000000083e-02 4.224999999999999698e-05 2.693610000000000362e-03 6.708099999999999827e-04 5.328999999999999536e-03 2.722500000000000310e-04 1.229881000000000030e-02 4.070439999999999822e-03 4.624000000000000451e-05 8.820899999999998707e-04 3.024999999999990180e-05 1.491076125000000000e+06 1.613817875000000000e+06
1.000000000000000000e+00 8.010000000000000453e-02 3.359999999999999792e-02 7.939999999999999836e-02 4.669999999999999846e-02 2.520000000000000018e-02 7.489999999999999436e-02 -1.399999999999998468e-03 -7.889999999999999791e-02 7.289999999999999258e-02 -5.200000000000003231e-03 -6.999999999999992339e-04 1.899999999999998912e-03 6.416010000000000636e-03 1.128959999999999816e-03 6.304360000000000172e-03 2.180889999999999999e-03 6.350400000000000185e-04 5.610009999999999476e-03 1.959999999999995634e-06 6.225209999999999251e-03 5.314409999999998580e-03 2.704000000000003249e-05 4.899999999999989084e-07 3.609999999999995930e-06 1.490211750000000000e+06 1.613306875000000000e+06
1.000000000000000000e+00 1.110000000000000049e-02 3.059999999999999873e-02 -3.599999999999999728e-02 5.349999999999999895e-02 4.309999999999999942e-02 7.499999999999999722e-02 -6.900000000000000577e-02 -2.999999999999999195e-03 -1.154000000000000026e-01 6.800000000000000488e-03 1.789999999999999925e-02 1.000000000000028644e-04 1.232100000000000079e-04 9.363599999999999051e-04 1.295999999999999843e-03 2.862249999999999777e-03 1.857609999999999990e-03 5.624999999999999792e-03 4.761000000000000475e-03 8.999999999999995146e-06 1.331715999999999976e-02 4.624000000000000451e-05 3.204099999999999765e-04 1.000000000000057262e-08 1.490829250000000000e+06 1.613086375000000000e+06
1.000000000000000000e+00 2.369999999999999885e-02 7.599999999999999811e-02 8.200000000000000691e-03 5.929999999999999855e-02 2.860000000000000042e-02 8.050000000000000211e-02 1.259999999999999835e-02 4.539999999999999591e-02 4.419999999999999624e-02 5.799999999999999600e-03 -1.449999999999999900e-02 5.500000000000004885e-03 5.616899999999999974e-04 5.775999999999999884e-03 6.724000000000001352e-05 3.516489999999999720e-03 8.179600000000000629e-04 6.480250000000000767e-03 1.587599999999999504e-04 2.061159999999999815e-03 1.953639999999999544e-03 3.363999999999999640e-05 2.102499999999999606e-04 3.025000000000005427e-05 1.487391875000000000e+06 1.608839625000000000e+06
1.000000000000000000e+00 2.599999999999999881e-02 1.006999999999999978e-01 1.909999999999999892e-02 5.909999999999999976e-02 2.419999999999999929e-02 8.150000000000000300e-02 2.299999999999999961e-03 2.469999999999999973e-02 1.089999999999999823e-02 -1.999999999999987899e-04 -4.400000000000001132e-03 1.000000000000000888e-03 6.759999999999999516e-04 1.014049000000000027e-02 3.648099999999999715e-04 3.492809999999999838e-03 5.856400000000000104e-04 6.642250000000000584e-03 5.290000000000000174e-06 6.100899999999999813e-04 1.188099999999999551e-04 3.999999999999951776e-08 1.936000000000001115e-05 1.000000000000001861e-06 1.485928625000000000e+06 1.608801125000000000e+06
1.000000000000000000e+00 1.209999999999999964e-02 2.369999999999999885e-02 -0.000000000000000000e+00 3.819999999999999785e-02 1.820000000000000090e-02 7.969999999999999307e-02 -1.389999999999999916e-02 -7.699999999999999900e-02 -1.909999999999999892e-02 -2.090000000000000191e-02 -5.999999999999998390e-03 -1.800000000000009925e-03 1.464100000000000026e-04 5.616899999999999974e-04 0.000000000000000000e+00 1.459239999999999886e-03 3.312400000000000067e-04 6.352089999999998605e-03 1.932099999999999746e-04 5.929000000000000242e-03 3.648099999999999715e-04 4.368100000000000953e-04 3.599999999999998058e-05 3.240000000000035895e-06 1.489612625000000000e+06 1.615413875000000000e+06
1.000000000000000000e+00 7.199999999999999803e-03 -3.799999999999999992e-03 -3.760000000000000148e-02 4.700000000000000011e-02 3.690000000000000224e-02 7.589999999999999525e-02 -4.899999999999999842e-03 -2.750000000000000014e-02 -3.760000000000000148e-02 8.800000000000002265e-03 1.870000000000000134e-02 -3.799999999999997824e-03 5.183999999999999833e-05 1.444000000000000066e-05 1.413760000000000017e-03 2.209000000000000026e-03 1.361610000000000077e-03 5.760809999999999022e-03 2.400999999999999882e-05 7.562499999999999778e-04 1.413760000000000017e-03 7.744000000000004461e-05 3.496900000000000485e-04 1.443999999999998372e-05 1.491319625000000000e+06 1.617825000000000000e+06
1.000000000000000000e+00 2.110000000000000070e-02 6.790000000000000202e-02 -9.900000000000000813e-03 5.419999999999999818e-02 3.009999999999999828e-02 8.469999999999999751e-02 1.390000000000000090e-02 7.169999999999999984e-02 2.770000000000000240e-02 7.199999999999998068e-03 -6.800000000000003958e-03 8.800000000000002265e-03 4.452100000000000285e-04 4.610410000000000549e-03 9.801000000000001876e-05 2.937639999999999609e-03 9.060099999999998450e-04 7.174089999999999287e-03 1.932100000000000289e-04 5.140890000000000390e-03 7.672900000000001160e-04 5.183999999999997123e-05 4.624000000000005195e-05 7.744000000000004461e-05 1.490422125000000000e+06 1.616407250000000000e+06
1.000000000000000000e+00 2.050000000000000086e-02 7.989999999999999880e-02 -5.300000000000000024e-03 5.129999999999999838e-02 2.649999999999999925e-02 8.069999999999999396e-02 -5.999999999999998390e-04 1.199999999999999678e-02 4.600000000000000790e-03 -2.899999999999999800e-03 -3.599999999999999034e-03 -4.000000000000003553e-03 4.202500000000000506e-04 6.384009999999999858e-03 2.809000000000000041e-05 2.631689999999999897e-03 7.022499999999999663e-04 6.512489999999999252e-03 3.599999999999997825e-07 1.439999999999999223e-04 2.116000000000000747e-05 8.409999999999999101e-06 1.295999999999999281e-05 1.600000000000002977e-05 1.490173250000000000e+06 1.615432625000000000e+06
1.000000000000000000e+00 1.949999999999999997e-02 -1.340000000000000045e-02 4.400000000000000265e-03 4.569999999999999757e-02 2.699999999999999969e-02 7.580000000000000626e-02 -1.000000000000000888e-03 -9.329999999999999405e-02 9.700000000000000289e-03 -5.600000000000000810e-03 5.000000000000004441e-04 -4.899999999999987699e-03 3.802499999999999999e-04 1.795600000000000223e-04 1.936000000000000099e-05 2.088489999999999704e-03 7.289999999999999388e-04 5.745640000000000643e-03 1.000000000000001861e-06 8.704889999999998115e-03 9.409000000000000208e-05 3.136000000000001146e-05 2.500000000000004651e-07 2.400999999999988023e-05 1.488814125000000000e+06 1.610634750000000000e+06
1.000000000000000000e+00 1.930000000000000118e-02 -3.109999999999999917e-02 6.100000000000000387e-03 5.279999999999999971e-02 1.280000000000000061e-02 8.640000000000000457e-02 -1.999999999999987899e-04 -1.770000000000000046e-02 1.700000000000000122e-03 7.100000000000002143e-03 -1.419999999999999908e-02 1.059999999999999831e-02 3.724900000000000606e-04 9.672099999999999231e-04 3.721000000000000457e-05 2.787839999999999763e-03 1.638400000000000034e-04 7.464960000000000519e-03 3.999999999999951776e-08 3.132900000000000311e-04 2.890000000000000282e-06 5.041000000000002727e-05 2.016399999999999736e-04 1.123599999999999610e-04 1.487122250000000000e+06 1.608395250000000000e+06
1.000000000000000000e+00 1.409999999999999969e-02 -9.100000000000000450e-03 -6.700000000000000226e-03 4.569999999999999757e-02 3.099999999999999978e-02 8.630000000000000171e-02 -5.200000000000001496e-03 2.199999999999999872e-02 -1.280000000000000061e-02 -7.100000000000002143e-03 1.820000000000000090e-02 -1.000000000000028644e-04 1.988100000000000023e-04 8.281000000000000166e-05 4.489000000000000558e-05 2.088489999999999704e-03 9.609999999999999402e-04 7.447689999999999866e-03 2.704000000000001555e-05 4.839999999999999468e-04 1.638400000000000034e-04 5.041000000000002727e-05 3.312400000000000067e-04 1.000000000000057262e-08 1.488852375000000000e+06 1.612206000000000000e+06
1.000000000000000000e+00 1.469999999999999953e-02 1.729999999999999941e-02 -1.000000000000000021e-03 5.290000000000000258e-02 1.000000000000000021e-03 8.340000000000000191e-02 5.999999999999998390e-04 2.639999999999999986e-02 5.700000000000000205e-03 7.200000000000005007e-03 -2.999999999999999889e-02 -2.899999999999999800e-03 2.160899999999999995e-04 2.992899999999999619e-04 9.999999999999999547e-07 2.798410000000000307e-03 9.999999999999999547e-07 6.955560000000000388e-03 3.599999999999997825e-07 6.969599999999999407e-04 3.249000000000000233e-05 5.184000000000007287e-05 8.999999999999999754e-04 8.409999999999999101e-06 1.491830000000000000e+06 1.617148000000000000e+06
1.000000000000000000e+00 2.160000000000000114e-02 2.440000000000000155e-02 2.330000000000000127e-02 5.879999999999999810e-02 -1.299999999999999940e-03 9.049999999999999711e-02 6.900000000000001618e-03 7.100000000000002143e-03 2.430000000000000215e-02 5.899999999999995526e-03 -2.299999999999999961e-03 7.099999999999995204e-03 4.665600000000000324e-04 5.953600000000000732e-04 5.428900000000000826e-04 3.457439999999999992e-03 1.689999999999999913e-06 8.190249999999999614e-03 4.761000000000002020e-05 5.041000000000002727e-05 5.904900000000001554e-04 3.480999999999994624e-05 5.290000000000000174e-06 5.040999999999993240e-05 1.491312250000000000e+06 1.616703500000000000e+06
1.000000000000000000e+00 4.510000000000000120e-02 7.829999999999999460e-02 2.419999999999999929e-02 6.950000000000000622e-02 3.700000000000000164e-03 1.087000000000000050e-01 2.350000000000000006e-02 5.389999999999998959e-02 8.999999999999980238e-04 1.070000000000000812e-02 5.000000000000000104e-03 1.820000000000000784e-02 2.034010000000000158e-03 6.130889999999999083e-03 5.856400000000000104e-04 4.830250000000001209e-03 1.369000000000000106e-05 1.181569000000000022e-02 5.522500000000000065e-04 2.905209999999998783e-03 8.099999999999964799e-07 1.144900000000001727e-04 2.500000000000000120e-05 3.312400000000002777e-04 1.489259375000000000e+06 1.615043750000000000e+06
1.000000000000000000e+00 4.909999999999999781e-02 5.079999999999999793e-02 1.299999999999999940e-02 6.829999999999999960e-02 1.280000000000000061e-02 6.930000000000000049e-02 3.999999999999996614e-03 -2.749999999999999667e-02 -1.119999999999999989e-02 -1.200000000000006617e-03 9.100000000000000450e-03 -3.940000000000000446e-02 2.410809999999999776e-03 2.580639999999999930e-03 1.689999999999999879e-04 4.664889999999999662e-03 1.638400000000000034e-04 4.802490000000000404e-03 1.599999999999997217e-05 7.562499999999998694e-04 1.254399999999999916e-04 1.440000000000015859e-06 8.281000000000000166e-05 1.552360000000000458e-03 1.488872500000000000e+06 1.616335875000000000e+06
1.000000000000000000e+00 3.969999999999999918e-02 -1.799999999999999864e-02 -2.359999999999999945e-02 6.460000000000000464e-02 5.960000000000000020e-02 7.320000000000000118e-02 -9.399999999999998634e-03 -6.880000000000000004e-02 -3.660000000000000059e-02 -3.699999999999994960e-03 4.680000000000000132e-02 3.900000000000000688e-03 1.576090000000000043e-03 3.239999999999999608e-04 5.569600000000000072e-04 4.173160000000000411e-03 3.552159999999999953e-03 5.358240000000000225e-03 8.835999999999997394e-05 4.733440000000000217e-03 1.339560000000000056e-03 1.368999999999996210e-05 2.190239999999999982e-03 1.521000000000000515e-05 1.493509125000000000e+06 1.620883125000000000e+06
1.000000000000000000e+00 4.510000000000000120e-02 1.005999999999999950e-01 7.300000000000000065e-03 6.180000000000000077e-02 3.620000000000000301e-02 7.230000000000000315e-02 5.400000000000002021e-03 1.185999999999999971e-01 3.090000000000000038e-02 -2.800000000000003875e-03 -2.339999999999999719e-02 -8.999999999999980238e-04 2.034010000000000158e-03 1.012035999999999838e-02 5.328999999999999970e-05 3.819240000000000222e-03 1.310440000000000172e-03 5.227290000000000755e-03 2.916000000000002236e-05 1.406595999999999888e-02 9.548100000000000554e-04 7.840000000000021499e-06 5.475599999999998871e-04 8.099999999999964799e-07 1.491184375000000000e+06 1.618801250000000000e+06
1.000000000000000000e+00 4.070000000000000007e-02 5.099999999999999672e-02 2.009999999999999981e-02 6.350000000000000089e-02 2.960000000000000131e-02 7.459999999999999964e-02 -4.400000000000001132e-03 -4.959999999999999826e-02 1.279999999999999888e-02 1.700000000000000122e-03 -6.600000000000001699e-03 2.299999999999996492e-03 1.656490000000000046e-03 2.600999999999999580e-03 4.040100000000000028e-04 4.032250000000000244e-03 8.761600000000000681e-04 5.565159999999999552e-03 1.936000000000001115e-05 2.460159999999999864e-03 1.638399999999999763e-04 2.890000000000000282e-06 4.356000000000002340e-05 5.289999999999984080e-06 1.489869625000000000e+06 1.614747250000000000e+06
1.000000000000000000e+00 3.740000000000000269e-02 5.550000000000000072e-02 1.280000000000000061e-02 5.650000000000000161e-02 3.130000000000000143e-02 8.060000000000000497e-02 -3.299999999999997380e-03 4.500000000000003997e-03 -7.299999999999999198e-03 -6.999999999999999278e-03 1.700000000000000122e-03 6.000000000000005329e-03 1.398760000000000194e-03 3.080250000000000089e-03 1.638400000000000034e-04 3.192250000000000209e-03 9.796900000000000747e-04 6.496360000000000502e-03 1.088999999999998213e-05 2.025000000000003482e-05 5.328999999999998614e-05 4.899999999999999164e-05 2.890000000000000282e-06 3.600000000000006190e-05 1.489207250000000000e+06 1.614941250000000000e+06
1.000000000000000000e+00 3.090000000000000038e-02 2.929999999999999966e-02 8.899999999999999925e-03 6.619999999999999496e-02 3.559999999999999970e-02 7.689999999999999614e-02 -6.500000000000002304e-03 -2.620000000000000107e-02 -3.900000000000000688e-03 9.699999999999993350e-03 4.299999999999998268e-03 -3.700000000000008837e-03 9.548100000000000554e-04 8.584899999999999476e-04 7.920999999999999547e-05 4.382439999999999600e-03 1.267359999999999928e-03 5.913609999999999700e-03 4.225000000000003086e-05 6.864400000000000753e-04 1.521000000000000515e-05 9.408999999999986656e-05 1.848999999999998391e-05 1.369000000000006544e-05 1.487310000000000000e+06 1.609526000000000000e+06
1.000000000000000000e+00 3.849999999999999950e-02 9.329999999999999405e-02 8.399999999999999481e-03 6.669999999999999540e-02 4.499999999999999833e-02 7.420000000000000207e-02 7.599999999999999117e-03 6.400000000000000133e-02 -5.000000000000004441e-04 5.000000000000004441e-04 9.399999999999998634e-03 -2.699999999999994071e-03 1.482250000000000061e-03 8.704889999999998115e-03 7.055999999999998851e-05 4.448889999999999616e-03 2.024999999999999890e-03 5.505640000000000013e-03 5.775999999999998909e-05 4.095999999999999815e-03 2.500000000000004651e-07 2.500000000000004651e-07 8.835999999999997394e-05 7.289999999999968319e-06 1.489519500000000000e+06 1.614258250000000000e+06
1.000000000000000000e+00 3.219999999999999946e-02 1.062000000000000027e-01 1.930000000000000118e-02 6.650000000000000355e-02 3.599999999999999728e-02 8.160000000000000586e-02 -6.300000000000000044e-03 1.290000000000000868e-02 1.090000000000000170e-02 -1.999999999999918510e-04 -9.000000000000001055e-03 7.400000000000003797e-03 1.036840000000000027e-03 1.127844000000000069e-02 3.724900000000000606e-04 4.422250000000000833e-03 1.295999999999999843e-03 6.658560000000000867e-03 3.969000000000000116e-05 1.664100000000002177e-04 1.188100000000000365e-04 3.999999999999673844e-08 8.100000000000001730e-05 5.476000000000005847e-05 1.492089125000000000e+06 1.615608500000000000e+06
1.000000000000000000e+00 3.529999999999999805e-02 2.690000000000000030e-02 2.599999999999999881e-02 6.700000000000000400e-02 3.389999999999999958e-02 9.260000000000000175e-02 3.099999999999998590e-03 -7.930000000000000937e-02 6.699999999999997624e-03 5.000000000000004441e-04 -2.099999999999997702e-03 1.099999999999999589e-02 1.246089999999999828e-03 7.236099999999999650e-04 6.759999999999999516e-04 4.489000000000000802e-03 1.149209999999999902e-03 8.574760000000000715e-03 9.609999999999991000e-06 6.288490000000001613e-03 4.488999999999996492e-05 2.500000000000004651e-07 4.409999999999989964e-06 1.209999999999999054e-04 1.487029250000000000e+06 1.610928375000000000e+06
1.000000000000000000e+00 4.290000000000000063e-02 1.340000000000000045e-02 3.549999999999999684e-02 7.249999999999999500e-02 3.049999999999999933e-02 8.949999999999999623e-02 7.600000000000002587e-03 -1.349999999999999985e-02 9.499999999999998029e-03 5.499999999999991007e-03 -3.400000000000000244e-03 -3.100000000000005529e-03 1.840410000000000006e-03 1.795600000000000223e-04 1.260249999999999869e-03 5.256249999999999638e-03 9.302499999999999788e-04 8.010250000000000009e-03 5.776000000000003652e-05 1.822499999999999847e-04 9.024999999999995753e-05 3.024999999999990180e-05 1.156000000000000113e-05 9.610000000000035045e-06 1.485727125000000000e+06 1.604586250000000000e+06
1.000000000000000000e+00 6.339999999999999802e-02 2.630000000000000046e-02 7.799999999999999642e-03 8.429999999999999993e-02 5.290000000000000258e-02 5.149999999999999717e-02 2.049999999999999739e-02 1.290000000000000001e-02 -2.769999999999999546e-02 1.180000000000000493e-02 2.240000000000000324e-02 -3.799999999999999906e-02 4.019560000000000147e-03 6.916900000000000132e-04 6.083999999999999348e-05 7.106490000000000029e-03 2.798410000000000307e-03 2.652249999999999660e-03 4.202499999999998880e-04 1.664100000000000008e-04 7.672899999999997908e-04 1.392400000000001102e-04 5.017600000000001833e-04 1.443999999999999971e-03 1.487915750000000000e+06 1.607614875000000000e+06
1.000000000000000000e+00 4.880000000000000310e-02 7.180000000000000271e-02 3.889999999999999708e-02 8.279999999999999860e-02 3.300000000000000155e-02 9.249999999999999889e-02 -1.459999999999999493e-02 4.549999999999999878e-02 3.109999999999999570e-02 -1.500000000000001332e-03 -1.990000000000000102e-02 4.100000000000000172e-02 2.381440000000000293e-03 5.155240000000000170e-03 1.513209999999999859e-03 6.855840000000000198e-03 1.089000000000000124e-03 8.556249999999999620e-03 2.131599999999998633e-04 2.070250000000000042e-03 9.672099999999997063e-04 2.250000000000003869e-06 3.960100000000000252e-04 1.681000000000000202e-03 1.490192875000000000e+06 1.614025750000000000e+06
1.000000000000000000e+00 6.750000000000000444e-02 1.044000000000000067e-01 3.470000000000000168e-02 1.460000000000000013e-02 4.200000000000000261e-02 7.549999999999999767e-02 1.870000000000000134e-02 3.260000000000000397e-02 -4.199999999999995404e-03 -6.819999999999999674e-02 9.000000000000001055e-03 -1.700000000000000122e-02 4.556250000000000404e-03 1.089936000000000203e-02 1.204090000000000108e-03 2.131599999999999988e-04 1.764000000000000160e-03 5.700249999999999588e-03 3.496900000000000485e-04 1.062760000000000267e-03 1.763999999999995986e-05 4.651239999999999195e-03 8.100000000000001730e-05 2.890000000000000316e-04 1.491620125000000000e+06 1.614234000000000000e+06
1.000000000000000000e+00 7.760000000000000231e-02 6.199999999999999782e-03 4.059999999999999720e-02 1.629999999999999852e-02 4.179999999999999688e-02 7.359999999999999876e-02 1.009999999999999787e-02 -9.820000000000000950e-02 5.899999999999995526e-03 1.699999999999998387e-03 -2.000000000000057288e-04 -1.899999999999998912e-03 6.021760000000000133e-03 3.843999999999999788e-05 1.648359999999999756e-03 2.656899999999999583e-04 1.747239999999999731e-03 5.416960000000000178e-03 1.020099999999999534e-04 9.643240000000002574e-03 3.480999999999994624e-05 2.889999999999994353e-06 4.000000000000229047e-08 3.609999999999995930e-06 1.486962375000000000e+06 1.607596125000000000e+06
1.000000000000000000e+00 6.769999999999999629e-02 1.510000000000000057e-02 -1.799999999999999951e-03 1.230000000000000017e-02 6.370000000000000662e-02 7.720000000000000473e-02 -9.900000000000006017e-03 8.900000000000001660e-03 -4.240000000000000019e-02 -3.999999999999998349e-03 2.190000000000000974e-02 3.600000000000005973e-03 4.583289999999999413e-03 2.280100000000000074e-04 3.239999999999999896e-06 1.512899999999999965e-04 4.057690000000000949e-03 5.959840000000000970e-03 9.801000000000011363e-05 7.921000000000003613e-05 1.797760000000000026e-03 1.599999999999998572e-05 4.796100000000004309e-04 1.296000000000004363e-05 1.486491875000000000e+06 1.606153000000000000e+06
1.000000000000000000e+00 2.489999999999999852e-02 3.490000000000000047e-02 5.539999999999999786e-02 1.250000000000000069e-02 3.769999999999999740e-02 8.450000000000000566e-02 -4.279999999999999777e-02 1.979999999999999816e-02 5.720000000000000084e-02 2.000000000000005246e-04 -2.600000000000000921e-02 7.300000000000000933e-03 6.200099999999999405e-04 1.218010000000000056e-03 3.069159999999999597e-03 1.562500000000000304e-04 1.421289999999999750e-03 7.140250000000000763e-03 1.831839999999999727e-03 3.920399999999999124e-04 3.271840000000000252e-03 4.000000000000021260e-08 6.760000000000004937e-04 5.329000000000001325e-05 1.487864250000000000e+06 1.608947375000000000e+06
1.000000000000000000e+00 7.829999999999999460e-02 3.509999999999999926e-02 3.790000000000000313e-02 0.000000000000000000e+00 3.620000000000000301e-02 9.080000000000000571e-02 5.339999999999999608e-02 1.999999999999987899e-04 -1.749999999999999473e-02 -1.250000000000000069e-02 -1.499999999999994393e-03 6.300000000000000044e-03 6.130889999999999083e-03 1.232009999999999963e-03 1.436410000000000161e-03 0.000000000000000000e+00 1.310440000000000172e-03 8.244640000000000996e-03 2.851559999999999512e-03 3.999999999999951776e-08 3.062499999999998275e-04 1.562500000000000304e-04 2.249999999999983116e-06 3.969000000000000116e-05 1.487549750000000000e+06 1.611170875000000000e+06
1.000000000000000000e+00 1.200000000000000025e-02 4.479999999999999954e-02 -6.600000000000000311e-02 8.399999999999999481e-03 4.540000000000000285e-02 8.400000000000000522e-02 -6.629999999999999782e-02 9.700000000000000289e-03 -1.039000000000000062e-01 8.399999999999999481e-03 9.199999999999999845e-03 -6.800000000000000488e-03 1.440000000000000036e-04 2.007039999999999866e-03 4.356000000000000497e-03 7.055999999999998851e-05 2.061160000000000249e-03 7.056000000000000640e-03 4.395689999999999840e-03 9.409000000000000208e-05 1.079521000000000126e-02 7.055999999999998851e-05 8.464000000000000278e-05 4.624000000000000451e-05 1.488756625000000000e+06 1.611012375000000000e+06
1.000000000000000000e+00 5.489999999999999741e-02 7.069999999999999896e-02 6.180000000000000077e-02 2.120000000000000009e-02 2.680000000000000090e-02 5.000000000000000278e-02 4.289999999999999369e-02 2.589999999999999941e-02 1.277999999999999969e-01 1.280000000000000061e-02 -1.860000000000000195e-02 -3.400000000000000244e-02 3.014009999999999693e-03 4.998489999999999531e-03 3.819240000000000222e-03 4.494400000000000066e-04 7.182400000000000893e-04 2.500000000000000486e-03 1.840409999999999355e-03 6.708099999999999827e-04 1.633283999999999778e-02 1.638400000000000034e-04 3.459600000000000826e-04 1.156000000000000126e-03 1.490592375000000000e+06 1.615626500000000000e+06
1.000000000000000000e+00 3.869999999999999829e-02 1.079999999999999988e-01 2.829999999999999877e-02 1.359999999999999924e-02 3.980000000000000204e-02 1.010000000000000064e-01 -1.619999999999999912e-02 3.729999999999999982e-02 -3.350000000000000200e-02 -7.600000000000000852e-03 1.300000000000000114e-02 5.100000000000000366e-02 1.497689999999999872e-03 1.166399999999999902e-02 8.008899999999999570e-04 1.849599999999999910e-04 1.584040000000000101e-03 1.020100000000000173e-02 2.624399999999999606e-04 1.391289999999999888e-03 1.122250000000000201e-03 5.776000000000001619e-05 1.690000000000000421e-04 2.601000000000000447e-03 1.489915750000000000e+06 1.618830625000000000e+06
1.000000000000000000e+00 5.340000000000000302e-02 2.299999999999999961e-02 -6.160000000000000198e-02 2.869999999999999982e-02 4.390000000000000152e-02 6.510000000000000508e-02 1.470000000000000473e-02 -8.499999999999999223e-02 -8.990000000000000768e-02 1.510000000000000057e-02 4.099999999999999478e-03 -3.590000000000000135e-02 2.851560000000000379e-03 5.289999999999999564e-04 3.794560000000000207e-03 8.236899999999999691e-04 1.927210000000000164e-03 4.238010000000000388e-03 2.160900000000001351e-04 7.224999999999998784e-03 8.082010000000000582e-03 2.280100000000000074e-04 1.680999999999999660e-05 1.288810000000000042e-03 1.492291375000000000e+06 1.618850125000000000e+06
1.000000000000000000e+00 4.359999999999999987e-02 4.760000000000000342e-02 -3.280000000000000276e-02 2.970000000000000070e-02 7.620000000000000384e-02 5.960000000000000020e-02 -9.800000000000003153e-03 2.460000000000000381e-02 2.879999999999999921e-02 1.000000000000000888e-03 3.230000000000000232e-02 -5.500000000000004885e-03 1.900959999999999933e-03 2.265760000000000343e-03 1.075840000000000216e-03 8.820900000000000876e-04 5.806440000000000386e-03 3.552159999999999953e-03 9.604000000000006304e-05 6.051600000000002030e-04 8.294399999999999733e-04 1.000000000000001861e-06 1.043290000000000103e-03 3.025000000000005427e-05 1.493318500000000000e+06 1.621237625000000000e+06
1.000000000000000000e+00 5.179999999999999882e-02 8.459999999999999465e-02 1.420000000000000082e-02 3.740000000000000269e-02 5.279999999999999971e-02 6.379999999999999560e-02 8.199999999999998956e-03 3.699999999999999123e-02 4.700000000000000011e-02 7.700000000000001982e-03 -2.340000000000000413e-02 4.199999999999995404e-03 2.683239999999999931e-03 7.157159999999999217e-03 2.016400000000000278e-04 1.398760000000000194e-03 2.787839999999999763e-03 4.070439999999999822e-03 6.723999999999998641e-05 1.368999999999999341e-03 2.209000000000000026e-03 5.929000000000003034e-05 5.475600000000002123e-04 1.763999999999995986e-05 1.491702750000000000e+06 1.618468375000000000e+06
1.000000000000000000e+00 5.260000000000000092e-02 1.287999999999999978e-01 2.110000000000000070e-02 3.629999999999999893e-02 5.009999999999999870e-02 7.630000000000000671e-02 8.000000000000020983e-04 4.420000000000000318e-02 6.899999999999999883e-03 -1.100000000000003753e-03 -2.700000000000001010e-03 1.250000000000001110e-02 2.766760000000000053e-03 1.658944000000000044e-02 4.452100000000000285e-04 1.317689999999999834e-03 2.510010000000000019e-03 5.821690000000000892e-03 6.400000000000034015e-07 1.953640000000000411e-03 4.760999999999999987e-05 1.210000000000008320e-06 7.290000000000005589e-06 1.562500000000002743e-04 1.490923750000000000e+06 1.617443250000000000e+06
1.000000000000000000e+00 5.460000000000000270e-02 -1.569999999999999868e-02 -3.280000000000000276e-02 5.369999999999999774e-02 6.389999999999999847e-02 6.590000000000000024e-02 2.000000000000001776e-03 -1.444999999999999896e-01 -5.390000000000000346e-02 1.739999999999999880e-02 1.379999999999999977e-02 -1.040000000000000646e-02 2.981160000000000494e-03 2.464899999999999795e-04 1.075840000000000216e-03 2.883689999999999951e-03 4.083209999999999444e-03 4.342809999999999900e-03 4.000000000000007442e-06 2.088024999999999604e-02 2.905210000000000518e-03 3.027599999999999541e-04 1.904399999999999995e-04 1.081600000000001300e-04 1.491762750000000000e+06 1.618202875000000000e+06
1.000000000000000000e+00 5.140000000000000124e-02 5.480000000000000149e-02 2.220000000000000098e-02 6.869999999999999718e-02 4.479999999999999954e-02 8.669999999999999929e-02 -3.200000000000001454e-03 7.050000000000000711e-02 5.500000000000000722e-02 1.499999999999999944e-02 -1.909999999999999892e-02 2.079999999999999905e-02 2.641960000000000055e-03 3.003040000000000223e-03 4.928400000000000315e-04 4.719689999999999476e-03 2.007039999999999866e-03 7.516890000000000030e-03 1.024000000000000868e-05 4.970250000000000709e-03 3.025000000000000779e-03 2.249999999999999938e-04 3.648099999999999715e-04 4.326399999999999777e-04 1.489031000000000000e+06 1.612957875000000000e+06
1.000000000000000000e+00 3.839999999999999664e-02 5.349999999999999895e-02 2.620000000000000107e-02 5.990000000000000185e-02 5.720000000000000084e-02 9.819999999999999563e-02 -1.300000000000000461e-02 -1.300000000000002542e-03 4.000000000000000083e-03 -8.799999999999995326e-03 1.240000000000000130e-02 1.149999999999999634e-02 1.474559999999999760e-03 2.862249999999999777e-03 6.864400000000000753e-04 3.588010000000000418e-03 3.271840000000000252e-03 9.643239999999999104e-03 1.690000000000001234e-04 1.690000000000006689e-06 1.599999999999999928e-05 7.743999999999992263e-05 1.537600000000000457e-04 1.322499999999999078e-04 1.485877750000000000e+06 1.608890375000000000e+06
1.000000000000000000e+00 4.220000000000000140e-02 4.799999999999999580e-03 -1.949999999999999997e-02 6.740000000000000158e-02 7.950000000000000122e-02 9.420000000000000595e-02 3.800000000000004763e-03 -4.870000000000000023e-02 -4.570000000000000451e-02 7.499999999999999722e-03 2.230000000000000038e-02 -3.999999999999989675e-03 1.780840000000000114e-03 2.303999999999999625e-05 3.802499999999999999e-04 4.542759999999999854e-03 6.320250000000000347e-03 8.873640000000000347e-03 1.444000000000003623e-05 2.371690000000000083e-03 2.088490000000000572e-03 5.624999999999999846e-05 4.972900000000000584e-04 1.599999999999991796e-05 1.488019125000000000e+06 1.610066625000000000e+06
1.000000000000000000e+00 6.550000000000000266e-02 7.109999999999999654e-02 2.129999999999999949e-02 6.250000000000000000e-02 5.940000000000000141e-02 7.430000000000000493e-02 2.330000000000000127e-02 6.629999999999999782e-02 4.080000000000000293e-02 -4.900000000000001577e-03 -2.009999999999999981e-02 -1.990000000000000102e-02 4.290250000000000660e-03 5.055209999999999218e-03 4.536899999999999744e-04 3.906250000000000000e-03 3.528360000000000350e-03 5.520490000000001160e-03 5.428900000000000826e-04 4.395689999999999840e-03 1.664640000000000217e-03 2.401000000000001576e-05 4.040100000000000028e-04 3.960100000000000252e-04 1.490290750000000000e+06 1.612707750000000000e+06
1.000000000000000000e+00 6.329999999999999516e-02 5.700000000000000205e-02 3.700000000000000164e-03 7.699999999999999900e-02 1.750000000000000167e-02 8.010000000000000453e-02 -2.200000000000007505e-03 -1.409999999999999448e-02 -1.759999999999999759e-02 1.449999999999999900e-02 -4.189999999999999974e-02 5.799999999999999600e-03 4.006889999999999064e-03 3.249000000000000152e-03 1.369000000000000106e-05 5.929000000000000242e-03 3.062500000000000443e-04 6.416010000000000636e-03 4.840000000000033281e-06 1.988099999999998397e-04 3.097599999999999074e-04 2.102499999999999606e-04 1.755609999999999896e-03 3.363999999999999640e-05 1.490524250000000000e+06 1.613890875000000000e+06
1.000000000000000000e+00 7.879999999999999505e-02 1.129999999999999928e-02 -2.670000000000000151e-02 9.039999999999999425e-02 9.180000000000000659e-02 7.910000000000000364e-02 1.549999999999999989e-02 -4.570000000000000451e-02 -3.040000000000000341e-02 1.339999999999999525e-02 7.430000000000000493e-02 -1.000000000000000888e-03 6.209439999999999231e-03 1.276899999999999921e-04 7.128900000000000948e-04 8.172159999999999494e-03 8.427240000000000772e-03 6.256810000000000670e-03 2.402499999999999851e-04 2.088490000000000572e-03 9.241600000000002590e-04 1.795599999999998597e-04 5.520490000000001160e-03 1.000000000000001861e-06 1.489729375000000000e+06 1.613047875000000000e+06
1.000000000000000000e+00 8.400000000000000522e-02 8.550000000000000655e-02 1.400000000000000029e-02 8.630000000000000171e-02 2.170000000000000054e-02 9.009999999999999953e-02 5.200000000000010170e-03 7.420000000000000207e-02 4.070000000000000007e-02 -4.099999999999992539e-03 -7.010000000000000953e-02 1.099999999999999589e-02 7.056000000000000640e-03 7.310250000000000775e-03 1.960000000000000208e-04 7.447689999999999866e-03 4.708900000000000130e-04 8.118010000000000156e-03 2.704000000000010703e-05 5.505640000000000013e-03 1.656490000000000046e-03 1.680999999999993900e-05 4.914010000000001641e-03 1.209999999999999054e-04 1.489582125000000000e+06 1.613659000000000000e+06
1.000000000000000000e+00 2.270000000000000143e-02 3.200000000000000067e-02 6.199999999999999782e-03 9.299999999999999239e-03 1.990000000000000102e-02 9.270000000000000462e-02 -6.130000000000000726e-02 -5.350000000000000588e-02 -7.800000000000000509e-03 -7.699999999999999900e-02 -1.799999999999999517e-03 2.600000000000005085e-03 5.152900000000000622e-04 1.023999999999999954e-03 3.843999999999999788e-05 8.648999999999997998e-05 3.960100000000000252e-04 8.593290000000001691e-03 3.757690000000001029e-03 2.862250000000000644e-03 6.084000000000000703e-05 5.929000000000000242e-03 3.239999999999998202e-06 6.760000000000026757e-06 1.490384500000000000e+06 1.613958375000000000e+06
1.000000000000000000e+00 2.900000000000000147e-02 3.910000000000000281e-02 -2.649999999999999925e-02 7.000000000000000146e-03 5.210000000000000048e-02 6.199999999999999956e-02 6.300000000000000044e-03 7.100000000000002143e-03 -3.269999999999999990e-02 -2.299999999999999094e-03 3.219999999999999946e-02 -3.070000000000000506e-02 8.410000000000000591e-04 1.528810000000000238e-03 7.022499999999999663e-04 4.900000000000000519e-05 2.714410000000000000e-03 3.843999999999999761e-03 3.969000000000000116e-05 5.041000000000002727e-05 1.069290000000000084e-03 5.289999999999995938e-06 1.036840000000000027e-03 9.424900000000003631e-04 1.491594500000000000e+06 1.613828875000000000e+06
1.000000000000000000e+00 2.270000000000000143e-02 9.410000000000000309e-02 2.630000000000000046e-02 6.199999999999999782e-03 5.240000000000000213e-02 8.390000000000000235e-02 -6.300000000000000044e-03 5.500000000000000028e-02 5.279999999999999971e-02 -8.000000000000003636e-04 3.000000000000016542e-04 2.190000000000000280e-02 5.152900000000000622e-04 8.854810000000001152e-03 6.916900000000000132e-04 3.843999999999999788e-05 2.745760000000000301e-03 7.039210000000000605e-03 3.969000000000000116e-05 3.024999999999999911e-03 2.787839999999999763e-03 6.400000000000005428e-07 9.000000000000099119e-08 4.796100000000001057e-04 1.490022000000000000e+06 1.611863000000000000e+06
1.000000000000000000e+00 1.750000000000000167e-02 1.116999999999999937e-01 2.989999999999999949e-02 -3.000000000000000062e-03 3.389999999999999958e-02 8.039999999999999925e-02 -5.199999999999999761e-03 1.759999999999999065e-02 3.599999999999999034e-03 -9.199999999999999845e-03 -1.850000000000000255e-02 -3.500000000000003109e-03 3.062500000000000443e-04 1.247688999999999916e-02 8.940099999999999870e-04 9.000000000000000228e-06 1.149209999999999902e-03 6.464160000000000045e-03 2.703999999999999861e-05 3.097599999999996905e-04 1.295999999999999281e-05 8.464000000000000278e-05 3.422500000000001062e-04 1.225000000000002163e-05 1.489804500000000000e+06 1.612394250000000000e+06
1.000000000000000000e+00 5.599999999999999943e-03 3.299999999999999982e-03 -1.839999999999999969e-02 -1.500000000000000031e-03 6.890000000000000291e-02 8.250000000000000389e-02 -1.190000000000000085e-02 -1.083999999999999964e-01 -4.829999999999999571e-02 1.500000000000000031e-03 3.500000000000000333e-02 2.100000000000004641e-03 3.135999999999999790e-05 1.088999999999999907e-05 3.385600000000000111e-04 2.250000000000000057e-06 4.747209999999999971e-03 6.806250000000000668e-03 1.416100000000000214e-04 1.175055999999999844e-02 2.332889999999999790e-03 2.250000000000000057e-06 1.225000000000000177e-03 4.410000000000019610e-06 1.490075750000000000e+06 1.612491250000000000e+06
1.000000000000000000e+00 4.799999999999999580e-03 5.040000000000000036e-02 1.499999999999999944e-02 -1.510000000000000057e-02 5.559999999999999665e-02 8.770000000000000018e-02 -8.000000000000003636e-04 4.710000000000000298e-02 3.339999999999999913e-02 -1.360000000000000098e-02 -1.330000000000000626e-02 5.199999999999996292e-03 2.303999999999999625e-05 2.540160000000000074e-03 2.249999999999999938e-04 2.280100000000000074e-04 3.091359999999999594e-03 7.691289999999999932e-03 6.400000000000005428e-07 2.218410000000000087e-03 1.115560000000000032e-03 1.849600000000000181e-04 1.768900000000001580e-04 2.703999999999996134e-05 1.490692125000000000e+06 1.613688500000000000e+06
1.000000000000000000e+00 5.100000000000000366e-03 8.890000000000000679e-02 2.960000000000000131e-02 -1.460000000000000013e-02 4.929999999999999660e-02 1.030999999999999972e-01 3.000000000000007869e-04 3.850000000000000644e-02 1.460000000000000187e-02 5.000000000000004441e-04 -6.300000000000000044e-03 1.539999999999999702e-02 2.601000000000000339e-05 7.903210000000000790e-03 8.761600000000000681e-04 2.131599999999999988e-04 2.430489999999999561e-03 1.062960999999999941e-02 9.000000000000047503e-08 1.482250000000000494e-03 2.131600000000000530e-04 2.500000000000004651e-07 3.969000000000000116e-05 2.371599999999999045e-04 1.489819250000000000e+06 1.613496625000000000e+06
1.000000000000000000e+00 1.500000000000000031e-03 6.339999999999999802e-02 -1.629999999999999852e-02 -9.799999999999999684e-03 6.779999999999999916e-02 1.000999999999999945e-01 -3.600000000000000335e-03 -2.550000000000000877e-02 -4.589999999999999636e-02 4.800000000000000447e-03 1.850000000000000255e-02 -3.000000000000002665e-03 2.250000000000000057e-06 4.019560000000000147e-03 2.656899999999999583e-04 9.603999999999999527e-05 4.596839999999999607e-03 1.002000999999999933e-02 1.296000000000000297e-05 6.502500000000004370e-04 2.106809999999999759e-03 2.304000000000000302e-05 3.422500000000001062e-04 9.000000000000015475e-06 1.491076750000000000e+06 1.614309750000000000e+06
1.000000000000000000e+00 4.410000000000000031e-02 3.230000000000000232e-02 7.100000000000000408e-03 2.479999999999999913e-02 5.199999999999999761e-02 8.920000000000000151e-02 4.259999999999999898e-02 -3.109999999999999570e-02 2.339999999999999719e-02 3.459999999999999881e-02 -1.580000000000000154e-02 -1.089999999999999303e-02 1.944809999999999942e-03 1.043290000000000103e-03 5.041000000000000694e-05 6.150399999999999661e-04 2.703999999999999806e-03 7.956640000000000934e-03 1.814759999999999898e-03 9.672099999999997063e-04 5.475599999999998871e-04 1.197159999999999848e-03 2.496400000000000290e-04 1.188099999999998467e-04 1.492328500000000000e+06 1.616485250000000000e+06
1.000000000000000000e+00 4.590000000000000330e-02 3.049999999999999933e-02 1.370000000000000037e-02 3.930000000000000160e-02 6.289999999999999758e-02 1.082000000000000045e-01 1.800000000000002986e-03 -1.800000000000002986e-03 6.599999999999999964e-03 1.450000000000000247e-02 1.089999999999999997e-02 1.900000000000000300e-02 2.106810000000000193e-03 9.302499999999999788e-04 1.876900000000000139e-04 1.544490000000000142e-03 3.956409999999999615e-03 1.170724000000000070e-02 3.240000000000010907e-06 3.240000000000010907e-06 4.355999999999999629e-05 2.102500000000000690e-04 1.188099999999999958e-04 3.610000000000001012e-04 1.490861125000000000e+06 1.617501375000000000e+06
1.000000000000000000e+00 4.410000000000000031e-02 5.599999999999999943e-03 1.799999999999999951e-03 3.690000000000000224e-02 4.939999999999999947e-02 1.158000000000000002e-01 -1.800000000000002986e-03 -2.489999999999999852e-02 -1.190000000000000085e-02 -2.399999999999999356e-03 -1.349999999999999811e-02 7.599999999999995648e-03 1.944809999999999942e-03 3.135999999999999790e-05 3.239999999999999896e-06 1.361610000000000077e-03 2.440359999999999925e-03 1.340964000000000045e-02 3.240000000000010907e-06 6.200099999999999405e-04 1.416100000000000214e-04 5.759999999999996521e-06 1.822499999999999576e-04 5.775999999999993488e-05 1.491183375000000000e+06 1.616633750000000000e+06
1.000000000000000000e+00 6.840000000000000246e-02 2.500000000000000139e-02 8.000000000000000383e-04 4.329999999999999821e-02 7.449999999999999678e-02 8.890000000000000679e-02 2.430000000000000215e-02 1.940000000000000058e-02 -1.000000000000000021e-03 6.399999999999995970e-03 2.509999999999999731e-02 -2.689999999999999336e-02 4.678560000000000010e-03 6.250000000000001214e-04 6.400000000000000134e-07 1.874889999999999933e-03 5.550249999999999628e-03 7.903210000000000790e-03 5.904900000000001554e-04 3.763600000000000083e-04 9.999999999999999547e-07 4.095999999999994665e-05 6.300099999999998583e-04 7.236099999999996398e-04 1.492366375000000000e+06 1.616801375000000000e+06
1.000000000000000000e+00 7.449999999999999678e-02 6.079999999999999988e-02 3.930000000000000160e-02 4.540000000000000285e-02 4.059999999999999720e-02 1.149000000000000021e-01 6.099999999999994316e-03 3.579999999999999849e-02 3.849999999999999950e-02 2.100000000000004641e-03 -3.389999999999999958e-02 2.599999999999999534e-02 5.550249999999999628e-03 3.696640000000000169e-03 1.544490000000000142e-03 2.061160000000000249e-03 1.648359999999999756e-03 1.320201000000000013e-02 3.720999999999993003e-05 1.281639999999999906e-03 1.482250000000000061e-03 4.410000000000019610e-06 1.149209999999999902e-03 6.759999999999997348e-04 1.491627375000000000e+06 1.617217000000000000e+06
1.000000000000000000e+00 7.649999999999999856e-02 4.599999999999999922e-02 3.139999999999999736e-02 5.619999999999999996e-02 2.160000000000000114e-02 1.267000000000000071e-01 2.000000000000001776e-03 -1.480000000000000066e-02 -7.900000000000004241e-03 1.079999999999999710e-02 -1.899999999999999606e-02 1.180000000000000493e-02 5.852249999999999813e-03 2.115999999999999825e-03 9.859599999999999181e-04 3.158440000000000206e-03 4.665600000000000324e-04 1.605289000000000021e-02 4.000000000000007442e-06 2.190400000000000170e-04 6.241000000000006146e-05 1.166399999999999403e-04 3.609999999999998301e-04 1.392400000000001102e-04 1.491592625000000000e+06 1.615989750000000000e+06
1.000000000000000000e+00 4.549999999999999878e-02 -5.899999999999999863e-03 -4.899999999999999842e-03 5.550000000000000072e-02 5.109999999999999959e-02 7.860000000000000320e-02 -3.099999999999999978e-02 -5.190000000000000169e-02 -3.629999999999999893e-02 -6.999999999999992339e-04 2.949999999999999845e-02 -4.810000000000000386e-02 2.070250000000000042e-03 3.481000000000000045e-05 2.400999999999999882e-05 3.080250000000000089e-03 2.611210000000000094e-03 6.177960000000000569e-03 9.609999999999999402e-04 2.693610000000000362e-03 1.317689999999999834e-03 4.899999999999989084e-07 8.702499999999999299e-04 2.313610000000000232e-03 1.491970625000000000e+06 1.618063375000000000e+06
1.000000000000000000e+00 5.349999999999999895e-02 8.820000000000000062e-02 4.139999999999999930e-02 5.770000000000000129e-02 2.050000000000000086e-02 8.490000000000000324e-02 8.000000000000000167e-03 9.410000000000000309e-02 4.630000000000000088e-02 2.200000000000000566e-03 -3.059999999999999873e-02 6.300000000000000044e-03 2.862249999999999777e-03 7.779239999999999766e-03 1.713960000000000049e-03 3.329289999999999940e-03 4.202500000000000506e-04 7.208010000000000805e-03 6.399999999999999710e-05 8.854810000000001152e-03 2.143690000000000179e-03 4.840000000000002788e-06 9.363599999999999051e-04 3.969000000000000116e-05 1.491337250000000000e+06 1.616206625000000000e+06
1.000000000000000000e+00 6.130000000000000032e-02 6.410000000000000420e-02 4.929999999999999660e-02 6.010000000000000064e-02 1.710000000000000062e-02 9.560000000000000442e-02 7.800000000000001377e-03 -2.409999999999999643e-02 7.899999999999997302e-03 2.399999999999999356e-03 -3.400000000000000244e-03 1.070000000000000118e-02 3.757690000000000162e-03 4.108810000000000934e-03 2.430489999999999561e-03 3.612010000000000134e-03 2.924100000000000006e-04 9.139360000000000886e-03 6.084000000000002058e-05 5.808099999999998550e-04 6.240999999999995303e-05 5.759999999999996521e-06 1.156000000000000113e-05 1.144900000000000236e-04 1.489498000000000000e+06 1.613146750000000000e+06
1.000000000000000000e+00 6.219999999999999835e-02 1.820000000000000090e-02 2.479999999999999913e-02 7.199999999999999456e-02 2.469999999999999973e-02 8.279999999999999860e-02 8.999999999999980238e-04 -4.590000000000000330e-02 -2.449999999999999747e-02 1.189999999999999392e-02 7.599999999999999117e-03 -1.280000000000000582e-02 3.868839999999999692e-03 3.312400000000000067e-04 6.150399999999999661e-04 5.183999999999999372e-03 6.100899999999999813e-04 6.855840000000000198e-03 8.099999999999964799e-07 2.106810000000000193e-03 6.002499999999998722e-04 1.416099999999998588e-04 5.775999999999998909e-05 1.638400000000001390e-04 1.488749125000000000e+06 1.611645000000000000e+06
1.000000000000000000e+00 8.150000000000000300e-02 3.160000000000000309e-02 -2.670000000000000151e-02 7.340000000000000691e-02 2.380000000000000171e-02 6.060000000000000109e-02 1.930000000000000465e-02 1.340000000000000219e-02 -5.150000000000000411e-02 1.400000000000012346e-03 -8.999999999999980238e-04 -2.219999999999999751e-02 6.642250000000000584e-03 9.985600000000001159e-04 7.128900000000000948e-04 5.387560000000001306e-03 5.664400000000000858e-04 3.672359999999999947e-03 3.724900000000001691e-04 1.795600000000000494e-04 2.652250000000000527e-03 1.960000000000034597e-06 8.099999999999964799e-07 4.928399999999999231e-04 1.491269500000000000e+06 1.615645375000000000e+06
1.000000000000000000e+00 6.180000000000000077e-02 9.450000000000000067e-02 3.950000000000000039e-02 5.850000000000000339e-02 2.220000000000000098e-02 8.999999999999999667e-02 -1.970000000000000223e-02 6.289999999999999758e-02 6.620000000000000884e-02 -1.490000000000000352e-02 -1.600000000000000727e-03 2.939999999999999558e-02 3.819240000000000222e-03 8.930250000000000687e-03 1.560250000000000005e-03 3.422250000000000379e-03 4.928400000000000315e-04 8.099999999999999561e-03 3.880900000000001146e-04 3.956409999999999615e-03 4.382440000000001334e-03 2.220100000000001055e-04 2.560000000000002171e-06 8.643599999999997813e-04 1.491712750000000000e+06 1.616717875000000000e+06
1.000000000000000000e+00 1.359999999999999924e-02 7.700000000000000247e-03 -4.920000000000000068e-02 7.649999999999999856e-02 3.440000000000000002e-02 6.660000000000000642e-02 -4.819999999999999979e-02 -8.680000000000000215e-02 -8.870000000000000107e-02 1.799999999999999517e-02 1.219999999999999904e-02 -2.339999999999999025e-02 1.849599999999999910e-04 5.929000000000000324e-05 2.420639999999999945e-03 5.852249999999999813e-03 1.183360000000000054e-03 4.435560000000000717e-03 2.323239999999999854e-03 7.534240000000000208e-03 7.867690000000000100e-03 3.239999999999998524e-04 1.488399999999999641e-04 5.475599999999995618e-04 1.491126000000000000e+06 1.615835250000000000e+06
1.000000000000000000e+00 7.330000000000000404e-02 1.949999999999999997e-02 -3.670000000000000345e-02 5.820000000000000173e-02 1.609999999999999973e-02 5.639999999999999875e-02 5.970000000000000306e-02 1.179999999999999973e-02 1.249999999999999722e-02 -1.829999999999999682e-02 -1.830000000000000029e-02 -1.020000000000000767e-02 5.372890000000000825e-03 3.802499999999999999e-04 1.346890000000000327e-03 3.387240000000000129e-03 2.592100000000000068e-04 3.180960000000000037e-03 3.564090000000000227e-03 1.392400000000000018e-04 1.562499999999999219e-04 3.348899999999999056e-04 3.348900000000000141e-04 1.040400000000001626e-04 1.492468375000000000e+06 1.617732750000000000e+06
1.000000000000000000e+00 5.999999999999999474e-04 9.589999999999999913e-02 -1.102999999999999953e-01 6.959999999999999520e-02 4.100000000000000172e-02 6.310000000000000331e-02 -7.270000000000000073e-02 7.639999999999999569e-02 -7.359999999999999876e-02 1.139999999999999347e-02 2.490000000000000199e-02 6.700000000000004563e-03 3.599999999999999414e-07 9.196809999999999707e-03 1.216608999999999920e-02 4.844159999999999265e-03 1.681000000000000202e-03 3.981610000000000010e-03 5.285289999999999780e-03 5.836959999999999545e-03 5.416960000000000178e-03 1.299599999999998467e-04 6.200100000000000489e-04 4.489000000000005979e-05 1.491915875000000000e+06 1.619979250000000000e+06
1.000000000000000000e+00 1.799999999999999864e-02 7.779999999999999416e-02 -2.149999999999999828e-02 9.320000000000000506e-02 2.759999999999999953e-02 6.419999999999999318e-02 1.739999999999999880e-02 -1.810000000000000497e-02 8.879999999999999005e-02 2.360000000000000986e-02 -1.340000000000000219e-02 1.099999999999989875e-03 3.239999999999999608e-04 6.052839999999999436e-03 4.622499999999999331e-04 8.686240000000001321e-03 7.617599999999999979e-04 4.121639999999999332e-03 3.027599999999999541e-04 3.276100000000002057e-04 7.885439999999998770e-03 5.569600000000004408e-04 1.795600000000000494e-04 1.209999999999977827e-06 1.488457000000000000e+06 1.612750500000000000e+06
