1.000000000000000000e+00 -0.000000000000000000e+00 0.000000000000000000e+00 0.000000000000000000e+00 -0.000000000000000000e+00 -0.000000000000000000e+00 0.000000000000000000e+00 0.000000000000000000e+00 0.000000000000000000e+00 0.000000000000000000e+00 0.000000000000000000e+00 0.000000000000000000e+00 0.000000000000000000e+00 0.000000000000000000e+00 0.000000000000000000e+00 0.000000000000000000e+00 0.000000000000000000e+00 0.000000000000000000e+00 0.000000000000000000e+00 0.000000000000000000e+00 0.000000000000000000e+00 0.000000000000000000e+00 0.000000000000000000e+00 0.000000000000000000e+00 0.000000000000000000e+00 1.064798500000000000e+06 1.192293500000000000e+06
1.000000000000000000e+00 -7.100000000000000408e-03 -5.000000000000000278e-02 1.359999999999999924e-02 -9.299999999999999239e-03 2.249999999999999917e-02 1.399999999999999986e-03 -7.100000000000000408e-03 -5.000000000000000278e-02 1.359999999999999924e-02 -9.299999999999999239e-03 2.249999999999999917e-02 1.399999999999999986e-03 5.041000000000000694e-05 2.500000000000000486e-03 1.849599999999999910e-04 8.648999999999997998e-05 5.062499999999999726e-04 1.959999999999999869e-06 5.041000000000000694e-05 2.500000000000000486e-03 1.849599999999999910e-04 8.648999999999997998e-05 5.062499999999999726e-04 1.959999999999999869e-06 1.065346625000000000e+06 1.192452125000000000e+06
1.000000000000000000e+00 6.400000000000000307e-03 -3.540000000000000091e-02 3.359999999999999792e-02 1.500000000000000031e-03 3.160000000000000309e-02 1.129999999999999928e-02 1.350000000000000158e-02 1.460000000000000187e-02 1.999999999999999695e-02 1.079999999999999884e-02 9.100000000000003919e-03 9.899999999999999079e-03 4.096000000000000086e-05 1.253160000000000125e-03 1.128959999999999816e-03 2.250000000000000057e-06 9.985600000000001159e-04 1.276899999999999921e-04 1.822500000000000389e-04 2.131600000000000530e-04 3.999999999999998565e-04 1.166399999999999810e-04 8.281000000000006943e-05 9.800999999999997811e-05 1.065089125000000000e+06 1.192787125000000000e+06
1.000000000000000000e+00 3.899999999999999821e-03 -7.459999999999999964e-02 1.660000000000000017e-02 7.499999999999999722e-03 1.000000000000000021e-03 1.890000000000000013e-02 -2.500000000000000486e-03 -3.919999999999999873e-02 -1.699999999999999775e-02 6.000000000000000125e-03 -3.060000000000000220e-02 7.600000000000000852e-03 1.520999999999999837e-05 5.565159999999999552e-03 2.755599999999999977e-04 5.624999999999999846e-05 9.999999999999999547e-07 3.572100000000000036e-04 6.250000000000002841e-06 1.536639999999999924e-03 2.889999999999999232e-04 3.600000000000000091e-05 9.363600000000001219e-04 5.776000000000001619e-05 1.065321000000000000e+06 1.194485500000000000e+06
1.000000000000000000e+00 2.149999999999999828e-02 -4.179999999999999688e-02 -3.500000000000000333e-02 2.539999999999999897e-02 3.389999999999999958e-02 2.779999999999999832e-02 1.759999999999999759e-02 3.280000000000000276e-02 -5.160000000000000697e-02 1.789999999999999925e-02 3.289999999999999869e-02 8.899999999999998190e-03 4.622499999999999331e-04 1.747239999999999731e-03 1.225000000000000177e-03 6.451599999999999826e-04 1.149209999999999902e-03 7.728399999999998986e-04 3.097599999999999074e-04 1.075840000000000216e-03 2.662560000000000881e-03 3.204099999999999765e-04 1.082410000000000013e-03 7.920999999999996837e-05 1.065352000000000000e+06 1.193959000000000000e+06
1.000000000000000000e+00 2.809999999999999998e-02 -8.200000000000000691e-03 5.399999999999999939e-02 2.809999999999999998e-02 6.049999999999999822e-02 5.709999999999999798e-02 6.600000000000001699e-03 3.359999999999999792e-02 8.899999999999999578e-02 2.700000000000001010e-03 2.659999999999999865e-02 2.929999999999999966e-02 7.896100000000000514e-04 6.724000000000001352e-05 2.915999999999999755e-03 7.896100000000000514e-04 3.660249999999999875e-03 3.260409999999999611e-03 4.356000000000002340e-05 1.128959999999999816e-03 7.920999999999999222e-03 7.290000000000005589e-06 7.075599999999999815e-04 8.584899999999999476e-04 1.066060750000000000e+06 1.194824375000000000e+06
1.000000000000000000e+00 2.520000000000000018e-02 -2.220000000000000098e-02 -4.789999999999999813e-02 2.510000000000000078e-02 -1.089999999999999997e-02 1.020000000000000073e-02 -2.899999999999999800e-03 -1.400000000000000029e-02 -1.018999999999999906e-01 -2.999999999999999195e-03 -7.139999999999999125e-02 -4.689999999999999725e-02 6.350400000000000185e-04 4.928400000000000315e-04 2.294409999999999766e-03 6.300100000000000752e-04 1.188099999999999958e-04 1.040400000000000135e-04 8.409999999999999101e-06 1.960000000000000208e-04 1.038360999999999798e-02 8.999999999999995146e-06 5.097959999999998604e-03 2.199609999999999847e-03 1.065565750000000000e+06 1.195739250000000000e+06
1.000000000000000000e+00 7.149999999999999412e-02 -9.180000000000000659e-02 -1.424999999999999878e-01 7.549999999999999767e-02 -7.789999999999999702e-02 -1.600000000000000033e-02 4.629999999999999394e-02 -6.960000000000000908e-02 -9.459999999999998965e-02 5.040000000000000036e-02 -6.700000000000000400e-02 -2.620000000000000107e-02 5.112249999999998740e-03 8.427240000000000772e-03 2.030624999999999791e-02 5.700249999999999588e-03 6.068409999999999777e-03 2.559999999999999884e-04 2.143689999999999311e-03 4.844160000000001000e-03 8.949159999999997672e-03 2.540160000000000074e-03 4.489000000000000802e-03 6.864400000000000753e-04 1.069990625000000000e+06 1.199587875000000000e+06
1.000000000000000000e+00 7.220000000000000029e-02 -1.519000000000000072e-01 -1.335000000000000075e-01 8.759999999999999731e-02 -6.419999999999999318e-02 6.300000000000000044e-03 7.000000000000061728e-04 -6.010000000000000064e-02 8.999999999999980238e-03 1.209999999999999964e-02 1.370000000000000384e-02 2.230000000000000038e-02 5.212839999999999835e-03 2.307361000000000134e-02 1.782225000000000129e-02 7.673759999999999956e-03 4.121639999999999332e-03 3.969000000000000116e-05 4.900000000000086493e-07 3.612010000000000134e-03 8.099999999999963783e-05 1.464100000000000026e-04 1.876900000000000953e-04 4.972900000000000584e-04 1.067737000000000000e+06 1.197876625000000000e+06
1.000000000000000000e+00 -3.200000000000000067e-02 -3.009999999999999828e-02 1.050000000000000065e-02 -8.600000000000000006e-03 -1.600000000000000033e-02 5.700000000000000205e-03 -1.042000000000000010e-01 1.218000000000000055e-01 1.440000000000000169e-01 -9.619999999999999385e-02 4.819999999999999285e-02 -5.999999999999998390e-04 1.023999999999999954e-03 9.060099999999998450e-04 1.102500000000000100e-04 7.396000000000000339e-05 2.559999999999999884e-04 3.249000000000000233e-05 1.085764000000000000e-02 1.483524000000000127e-02 2.073600000000000443e-02 9.254439999999999195e-03 2.323239999999999420e-03 3.599999999999997825e-07 1.065266500000000000e+06 1.193638500000000000e+06
1.000000000000000000e+00 -4.479999999999999954e-02 -9.499999999999999764e-03 3.810000000000000192e-02 -1.170000000000000033e-02 -4.059999999999999720e-02 5.499999999999999681e-03 -1.279999999999999888e-02 2.060000000000000026e-02 2.759999999999999953e-02 -3.100000000000000325e-03 -2.459999999999999687e-02 -2.000000000000005246e-04 2.007039999999999866e-03 9.024999999999999819e-05 1.451610000000000096e-03 1.368899999999999989e-04 1.648359999999999756e-03 3.024999999999999667e-05 1.638399999999999763e-04 4.243600000000000367e-04 7.617599999999999979e-04 9.610000000000002858e-06 6.051599999999998777e-04 4.000000000000021260e-08 1.064712125000000000e+06 1.190807125000000000e+06
1.000000000000000000e+00 -4.270000000000000184e-02 -3.880000000000000115e-02 3.239999999999999825e-02 -1.209999999999999964e-02 -4.599999999999999922e-03 8.999999999999999320e-03 2.099999999999997702e-03 -2.929999999999999966e-02 -5.700000000000003675e-03 -3.999999999999993144e-04 3.599999999999999728e-02 3.499999999999999639e-03 1.823290000000000197e-03 1.505440000000000033e-03 1.049759999999999843e-03 1.464100000000000026e-04 2.116000000000000069e-05 8.099999999999999019e-05 4.409999999999989964e-06 8.584899999999999476e-04 3.249000000000004299e-05 1.599999999999994475e-07 1.295999999999999843e-03 1.224999999999999791e-05 1.066163625000000000e+06 1.193007500000000000e+06
1.000000000000000000e+00 -4.639999999999999680e-02 -5.079999999999999793e-02 -4.420000000000000318e-02 -7.100000000000000408e-03 -6.379999999999999560e-02 2.330000000000000127e-02 -3.699999999999994960e-03 -1.199999999999999678e-02 -7.660000000000000142e-02 4.999999999999999237e-03 -5.919999999999999568e-02 1.430000000000000195e-02 2.152959999999999770e-03 2.580639999999999930e-03 1.953640000000000411e-03 5.041000000000000694e-05 4.070439999999999822e-03 5.428900000000000826e-04 1.368999999999996210e-05 1.439999999999999223e-04 5.867559999999999963e-03 2.499999999999999103e-05 3.504639999999999405e-03 2.044900000000000428e-04 1.064705125000000000e+06 1.191912000000000000e+06
1.000000000000000000e+00 -4.490000000000000241e-02 -5.960000000000000020e-02 -7.599999999999999985e-03 -2.299999999999999961e-03 9.499999999999999764e-03 3.370000000000000079e-02 1.499999999999994393e-03 -8.800000000000002265e-03 3.660000000000000059e-02 4.800000000000000447e-03 7.329999999999999016e-02 1.039999999999999952e-02 2.016010000000000371e-03 3.552159999999999953e-03 5.776000000000000264e-05 5.290000000000000174e-06 9.024999999999999819e-05 1.135689999999999963e-03 2.249999999999983116e-06 7.744000000000004461e-05 1.339560000000000056e-03 2.304000000000000302e-05 5.372889999999998223e-03 1.081599999999999944e-04 1.064207250000000000e+06 1.191507625000000000e+06
1.000000000000000000e+00 -2.670000000000000151e-02 -6.069999999999999701e-02 -7.599999999999999985e-03 2.000000000000000042e-03 -2.939999999999999905e-02 1.990000000000000102e-02 1.820000000000000090e-02 -1.099999999999996814e-03 0.000000000000000000e+00 4.300000000000000003e-03 -3.889999999999999708e-02 -1.379999999999999977e-02 7.128900000000000948e-04 3.684489999999999467e-03 5.776000000000000264e-05 3.999999999999999819e-06 8.643599999999999981e-04 3.960100000000000252e-04 3.312400000000000067e-04 1.209999999999993074e-06 0.000000000000000000e+00 1.849000000000000085e-05 1.513209999999999859e-03 1.904399999999999995e-04 1.063796750000000000e+06 1.192796000000000000e+06
1.000000000000000000e+00 -2.759999999999999953e-02 -1.290000000000000001e-02 1.450000000000000074e-02 1.100000000000000066e-03 5.779999999999999721e-02 2.719999999999999848e-02 -8.999999999999980238e-04 4.779999999999999527e-02 2.210000000000000159e-02 -8.999999999999999754e-04 8.719999999999999973e-02 7.299999999999997463e-03 7.617599999999999979e-04 1.664100000000000008e-04 2.102500000000000148e-04 1.210000000000000062e-06 3.340839999999999869e-03 7.398399999999999638e-04 8.099999999999964799e-07 2.284839999999999354e-03 4.884100000000001027e-04 8.099999999999999739e-07 7.603839999999999731e-03 5.328999999999996581e-05 1.064546375000000000e+06 1.192641625000000000e+06
1.000000000000000000e+00 -2.960000000000000131e-02 6.999999999999999929e-04 8.899999999999999925e-03 -1.149999999999999981e-02 2.899999999999999800e-03 3.370000000000000079e-02 -2.000000000000001776e-03 1.359999999999999924e-02 -5.600000000000000810e-03 -1.260000000000000009e-02 -5.489999999999999741e-02 6.500000000000002304e-03 8.761600000000000681e-04 4.899999999999999672e-07 7.920999999999999547e-05 1.322499999999999891e-04 8.409999999999999101e-06 1.135689999999999963e-03 4.000000000000007442e-06 1.849599999999999910e-04 3.136000000000001146e-05 1.587600000000000046e-04 3.014009999999999693e-03 4.225000000000003086e-05 1.064524750000000000e+06 1.190942250000000000e+06
1.000000000000000000e+00 -7.700000000000000247e-03 -6.439999999999999891e-02 2.079999999999999905e-02 -2.120000000000000009e-02 -1.799999999999999951e-03 -2.200000000000000133e-03 2.190000000000000280e-02 -6.510000000000000508e-02 1.189999999999999912e-02 -9.700000000000000289e-03 -4.699999999999999317e-03 -3.590000000000000135e-02 5.929000000000000324e-05 4.147360000000000109e-03 4.326399999999999777e-04 4.494400000000000066e-04 3.239999999999999896e-06 4.840000000000000247e-06 4.796100000000001057e-04 4.238010000000000388e-03 1.416099999999999672e-04 9.409000000000000208e-05 2.208999999999999348e-05 1.288810000000000042e-03 1.064938500000000000e+06 1.192011750000000000e+06
1.000000000000000000e+00 -1.720000000000000001e-02 -5.809999999999999887e-02 2.220000000000000098e-02 -2.740000000000000074e-02 2.340000000000000066e-02 1.000000000000000048e-04 -9.499999999999999764e-03 6.300000000000000044e-03 1.400000000000001937e-03 -6.200000000000000649e-03 2.520000000000000018e-02 2.299999999999999961e-03 2.958400000000000135e-04 3.375609999999999809e-03 4.928400000000000315e-04 7.507600000000000558e-04 5.475599999999999955e-04 1.000000000000000021e-08 9.024999999999999819e-05 3.969000000000000116e-05 1.960000000000005375e-06 3.844000000000001143e-05 6.350400000000000185e-04 5.290000000000000174e-06 1.065208375000000000e+06 1.192224250000000000e+06
1.000000000000000000e+00 -1.700000000000000122e-02 -2.719999999999999848e-02 4.170000000000000095e-02 -3.370000000000000079e-02 2.989999999999999949e-02 -3.200000000000000153e-03 1.999999999999987899e-04 3.090000000000000038e-02 1.949999999999999997e-02 -6.300000000000000044e-03 6.499999999999998834e-03 -3.299999999999999982e-03 2.890000000000000316e-04 7.398399999999999638e-04 1.738890000000000097e-03 1.135689999999999963e-03 8.940099999999999870e-04 1.024000000000000021e-05 3.999999999999951776e-08 9.548100000000000554e-04 3.802499999999999999e-04 3.969000000000000116e-05 4.224999999999998342e-05 1.088999999999999907e-05 1.063739875000000000e+06 1.189830125000000000e+06
1.000000000000000000e+00 -1.499999999999999944e-02 -2.350000000000000006e-02 3.440000000000000002e-02 -3.239999999999999825e-02 3.180000000000000188e-02 -4.300000000000000003e-03 2.000000000000001776e-03 3.699999999999998429e-03 -7.300000000000000933e-03 1.300000000000002542e-03 1.900000000000002381e-03 -1.099999999999999849e-03 2.249999999999999938e-04 5.522500000000000065e-04 1.183360000000000054e-03 1.049759999999999843e-03 1.011240000000000056e-03 1.849000000000000085e-05 4.000000000000007442e-06 1.368999999999998921e-05 5.329000000000001325e-05 1.690000000000006689e-06 3.610000000000009059e-06 1.209999999999999638e-06 1.065135000000000000e+06 1.190856000000000000e+06
1.000000000000000000e+00 -2.960000000000000131e-02 -7.399999999999999634e-02 -4.769999999999999934e-02 -4.359999999999999987e-02 -5.100000000000000366e-03 -2.120000000000000009e-02 -1.460000000000000187e-02 -5.049999999999999628e-02 -8.210000000000000631e-02 -1.120000000000000162e-02 -3.690000000000000224e-02 -1.689999999999999836e-02 8.761600000000000681e-04 5.475999999999999097e-03 2.275290000000000125e-03 1.900959999999999933e-03 2.601000000000000339e-05 4.494400000000000066e-04 2.131600000000000530e-04 2.550249999999999566e-03 6.740410000000001366e-03 1.254400000000000458e-04 1.361610000000000077e-03 2.856099999999999438e-04 1.064433250000000000e+06 1.190646375000000000e+06
1.000000000000000000e+00 -3.239999999999999825e-02 -6.069999999999999701e-02 -4.510000000000000120e-02 -5.589999999999999830e-02 -1.500000000000000031e-03 -2.340000000000000066e-02 -2.799999999999996936e-03 1.329999999999999932e-02 2.599999999999998146e-03 -1.229999999999999843e-02 3.600000000000000335e-03 -2.200000000000000566e-03 1.049759999999999843e-03 3.684489999999999467e-03 2.034010000000000158e-03 3.124810000000000001e-03 2.250000000000000057e-06 5.475599999999999955e-04 7.839999999999982535e-06 1.768899999999999954e-04 6.759999999999990334e-06 1.512899999999999694e-04 1.296000000000000297e-05 4.840000000000002788e-06 1.064296000000000000e+06 1.189744875000000000e+06
1.000000000000000000e+00 -4.030000000000000249e-02 -4.560000000000000164e-02 -2.409999999999999989e-02 -6.049999999999999822e-02 1.619999999999999912e-02 -2.699999999999999969e-02 -7.900000000000004241e-03 1.509999999999999537e-02 2.100000000000000130e-02 -4.599999999999999922e-03 1.770000000000000046e-02 -3.599999999999999034e-03 1.624090000000000126e-03 2.079360000000000149e-03 5.808099999999999635e-04 3.660249999999999875e-03 2.624399999999999606e-04 7.289999999999999388e-04 6.241000000000006146e-05 2.280099999999998718e-04 4.410000000000000400e-04 2.116000000000000069e-05 3.132900000000000311e-04 1.295999999999999281e-05 1.064895375000000000e+06 1.189450500000000000e+06
1.000000000000000000e+00 -4.529999999999999999e-02 -1.480000000000000066e-02 -7.900000000000000772e-03 -6.550000000000000266e-02 2.369999999999999885e-02 -2.450000000000000094e-02 -4.999999999999997502e-03 3.080000000000000099e-02 1.619999999999999912e-02 -5.000000000000004441e-03 7.499999999999999722e-03 2.499999999999998751e-03 2.052089999999999904e-03 2.190400000000000170e-04 6.241000000000000724e-05 4.290250000000000660e-03 5.616899999999999974e-04 6.002500000000000890e-04 2.499999999999997409e-05 9.486400000000000518e-04 2.624399999999999606e-04 2.500000000000004524e-05 5.624999999999999846e-05 6.249999999999993523e-06 1.064985125000000000e+06 1.191450000000000000e+06
1.000000000000000000e+00 -4.719999999999999890e-02 -5.659999999999999754e-02 -2.280000000000000082e-02 -7.700000000000000247e-03 2.999999999999999889e-02 -2.369999999999999885e-02 -1.899999999999998912e-03 -4.179999999999999688e-02 -1.490000000000000005e-02 5.780000000000000415e-02 6.300000000000000044e-03 8.000000000000020983e-04 2.227840000000000029e-03 3.203559999999999828e-03 5.198400000000000373e-04 5.929000000000000324e-05 8.999999999999999754e-04 5.616899999999999974e-04 3.609999999999995930e-06 1.747239999999999731e-03 2.220099999999999971e-04 3.340840000000000302e-03 3.969000000000000116e-05 6.400000000000034015e-07 1.065453625000000000e+06 1.192603625000000000e+06
1.000000000000000000e+00 -5.369999999999999774e-02 -3.359999999999999792e-02 -2.419999999999999929e-02 -2.879999999999999921e-02 4.150000000000000216e-02 -2.999999999999999889e-02 -6.499999999999998834e-03 2.299999999999999961e-02 -1.399999999999998468e-03 -2.110000000000000070e-02 1.150000000000000328e-02 -6.300000000000000044e-03 2.883689999999999951e-03 1.128959999999999816e-03 5.856400000000000104e-04 8.294399999999999733e-04 1.722250000000000256e-03 8.999999999999999754e-04 4.224999999999998342e-05 5.289999999999999564e-04 1.959999999999995634e-06 4.452100000000000285e-04 1.322500000000000704e-04 3.969000000000000116e-05 1.066328000000000000e+06 1.192128875000000000e+06
1.000000000000000000e+00 -6.800000000000000488e-02 -1.089999999999999997e-02 2.899999999999999800e-03 -6.099999999999999867e-02 8.600000000000000006e-03 -1.830000000000000029e-02 -1.430000000000000715e-02 2.269999999999999796e-02 2.709999999999999909e-02 -3.219999999999999946e-02 -3.289999999999999869e-02 1.169999999999999860e-02 4.624000000000000506e-03 1.188099999999999958e-04 8.409999999999999101e-06 3.720999999999999915e-03 7.396000000000000339e-05 3.348900000000000141e-04 2.044900000000002055e-04 5.152899999999999538e-04 7.344099999999999023e-04 1.036840000000000027e-03 1.082410000000000013e-03 1.368899999999999718e-04 1.065925500000000000e+06 1.191812750000000000e+06
1.000000000000000000e+00 -8.099999999999999561e-03 -6.180000000000000077e-02 -2.069999999999999965e-02 -5.530000000000000193e-02 -1.199999999999999895e-03 -2.520000000000000018e-02 5.990000000000000879e-02 -5.090000000000000080e-02 -2.359999999999999945e-02 5.699999999999996736e-03 -9.799999999999999684e-03 -6.899999999999999883e-03 6.560999999999999016e-05 3.819240000000000222e-03 4.284900000000000124e-04 3.058090000000000287e-03 1.439999999999999765e-06 6.350400000000000185e-04 3.588010000000000851e-03 2.590810000000000248e-03 5.569600000000000072e-04 3.248999999999996167e-05 9.603999999999999527e-05 4.760999999999999987e-05 1.065601625000000000e+06 1.191717625000000000e+06
1.000000000000000000e+00 -2.000000000000000042e-02 -1.739999999999999880e-02 -1.170000000000000033e-02 -4.799999999999999580e-03 2.029999999999999860e-02 -2.129999999999999949e-02 -1.190000000000000085e-02 4.440000000000000197e-02 8.999999999999999320e-03 5.050000000000000322e-02 2.149999999999999828e-02 3.900000000000000688e-03 4.000000000000000192e-04 3.027599999999999541e-04 1.368899999999999989e-04 2.303999999999999625e-05 4.120899999999999390e-04 4.536899999999999744e-04 1.416100000000000214e-04 1.971360000000000126e-03 8.099999999999999019e-05 2.550250000000000433e-03 4.622499999999999331e-04 1.521000000000000515e-05 1.064819625000000000e+06 1.190857875000000000e+06
1.000000000000000000e+00 -2.709999999999999909e-02 -2.019999999999999921e-02 1.660000000000000017e-02 -8.619999999999999885e-02 4.039999999999999841e-02 -2.759999999999999953e-02 -7.099999999999998673e-03 -2.800000000000000405e-03 2.829999999999999877e-02 -8.140000000000000013e-02 2.009999999999999981e-02 -6.300000000000000044e-03 7.344099999999999023e-04 4.080399999999999761e-04 2.755599999999999977e-04 7.430439999999999962e-03 1.632159999999999904e-03 7.617599999999999979e-04 5.040999999999997984e-05 7.840000000000002864e-06 8.008899999999999570e-04 6.625960000000000183e-03 4.040100000000000028e-04 3.969000000000000116e-05 1.064761875000000000e+06 1.190118625000000000e+06
1.000000000000000000e+00 -3.699999999999999817e-02 -4.490000000000000241e-02 2.419999999999999929e-02 -3.960000000000000325e-02 3.880000000000000115e-02 -3.679999999999999938e-02 -9.899999999999999079e-03 -2.470000000000000320e-02 7.599999999999999117e-03 4.659999999999999559e-02 -1.599999999999997258e-03 -9.199999999999999845e-03 1.368999999999999774e-03 2.016010000000000371e-03 5.856400000000000104e-04 1.568160000000000300e-03 1.505440000000000033e-03 1.354240000000000044e-03 9.800999999999997811e-05 6.100900000000001981e-04 5.775999999999998909e-05 2.171559999999999463e-03 2.559999999999991160e-06 8.464000000000000278e-05 1.066041250000000000e+06 1.191557250000000000e+06
1.000000000000000000e+00 -3.500000000000000333e-02 -5.319999999999999729e-02 -1.640000000000000138e-02 -3.960000000000000325e-02 -1.700000000000000122e-02 -3.819999999999999785e-02 1.999999999999994837e-03 -8.299999999999994882e-03 -4.059999999999999720e-02 0.000000000000000000e+00 -5.580000000000000238e-02 -1.399999999999998468e-03 1.225000000000000177e-03 2.830239999999999926e-03 2.689600000000000541e-04 1.568160000000000300e-03 2.890000000000000316e-04 1.459239999999999886e-03 3.999999999999979490e-06 6.888999999999991810e-05 1.648359999999999756e-03 0.000000000000000000e+00 3.113640000000000418e-03 1.959999999999995634e-06 1.067552125000000000e+06 1.193059125000000000e+06
1.000000000000000000e+00 -3.780000000000000027e-02 -8.379999999999999949e-02 -8.069999999999999396e-02 -4.030000000000000249e-02 -1.359999999999999924e-02 -4.240000000000000019e-02 -2.799999999999996936e-03 -3.060000000000000220e-02 -6.429999999999999605e-02 -6.999999999999992339e-04 3.400000000000001979e-03 -4.200000000000002343e-03 1.428840000000000015e-03 7.022439999999999585e-03 6.512489999999999252e-03 1.624090000000000126e-03 1.849599999999999910e-04 1.797760000000000026e-03 7.839999999999982535e-06 9.363600000000001219e-04 4.134489999999999346e-03 4.899999999999989084e-07 1.156000000000001299e-05 1.764000000000002084e-05 1.066527625000000000e+06 1.191845375000000000e+06
1.000000000000000000e+00 -4.460000000000000075e-02 6.000000000000000125e-03 -1.370000000000000037e-02 -4.900000000000000189e-02 -4.599999999999999922e-03 -2.709999999999999909e-02 -6.800000000000000488e-03 8.980000000000000482e-02 6.699999999999999012e-02 -8.699999999999999400e-03 8.999999999999999320e-03 1.530000000000000110e-02 1.989160000000000234e-03 3.600000000000000091e-05 1.876900000000000139e-04 2.401000000000000356e-03 2.116000000000000069e-05 7.344099999999999023e-04 4.624000000000000451e-05 8.064040000000001485e-03 4.488999999999999067e-03 7.568999999999998852e-05 8.099999999999999019e-05 2.340900000000000305e-04 1.065508625000000000e+06 1.192206750000000000e+06
1.000000000000000000e+00 -5.029999999999999749e-02 -2.050000000000000086e-02 -2.040000000000000147e-02 -5.859999999999999931e-02 -6.999999999999999929e-04 -3.130000000000000143e-02 -5.699999999999996736e-03 -2.650000000000000272e-02 -6.700000000000001094e-03 -9.599999999999997424e-03 3.899999999999999821e-03 -4.200000000000002343e-03 2.530089999999999596e-03 4.202500000000000506e-04 4.161600000000000542e-04 3.433959999999999790e-03 4.899999999999999672e-07 9.796900000000000747e-04 3.248999999999996167e-05 7.022500000000001831e-04 4.489000000000001236e-05 9.215999999999994433e-05 1.520999999999999837e-05 1.764000000000002084e-05 1.065372875000000000e+06 1.192195375000000000e+06
1.000000000000000000e+00 -6.060000000000000109e-02 -4.340000000000000108e-02 -9.700000000000000289e-03 -7.059999999999999609e-02 2.110000000000000070e-02 -3.059999999999999873e-02 -1.030000000000000360e-02 -2.290000000000000022e-02 1.070000000000000118e-02 -1.199999999999999678e-02 2.179999999999999993e-02 7.000000000000027034e-04 3.672359999999999947e-03 1.883560000000000052e-03 9.409000000000000208e-05 4.984359999999999312e-03 4.452100000000000285e-04 9.363599999999999051e-04 1.060900000000000769e-04 5.244100000000000020e-04 1.144900000000000236e-04 1.439999999999999223e-04 4.752399999999999832e-04 4.900000000000037789e-07 1.066084500000000000e+06 1.192218875000000000e+06
1.000000000000000000e+00 -5.000000000000000104e-04 -6.100000000000000387e-03 1.009999999999999960e-02 -1.129999999999999928e-02 2.750000000000000014e-02 -2.319999999999999840e-02 6.010000000000000064e-02 3.729999999999999982e-02 1.979999999999999816e-02 5.929999999999999855e-02 6.399999999999999439e-03 7.400000000000000328e-03 2.499999999999999887e-07 3.721000000000000457e-05 1.020099999999999940e-04 1.276899999999999921e-04 7.562499999999999778e-04 5.382399999999999424e-04 3.612010000000000134e-03 1.391289999999999888e-03 3.920399999999999124e-04 3.516489999999999720e-03 4.095999999999999408e-05 5.476000000000000426e-05 1.066772375000000000e+06 1.192282875000000000e+06
1.000000000000000000e+00 -9.299999999999999239e-03 -1.949999999999999997e-02 4.300000000000000003e-03 -2.139999999999999888e-02 3.540000000000000091e-02 -1.490000000000000005e-02 -8.799999999999998795e-03 -1.339999999999999872e-02 -5.799999999999999600e-03 -1.009999999999999960e-02 7.900000000000000772e-03 8.299999999999998351e-03 8.648999999999997998e-05 3.802499999999999999e-04 1.849000000000000085e-05 4.579599999999999318e-04 1.253160000000000125e-03 2.220099999999999971e-04 7.743999999999997684e-05 1.795599999999999681e-04 3.363999999999999640e-05 1.020099999999999940e-04 6.241000000000000724e-05 6.888999999999997231e-05 1.067246000000000000e+06 1.193113500000000000e+06
1.000000000000000000e+00 -1.409999999999999969e-02 -1.349999999999999985e-02 1.949999999999999997e-02 -2.680000000000000090e-02 1.159999999999999920e-02 -1.870000000000000134e-02 -4.800000000000000447e-03 6.000000000000000125e-03 1.519999999999999997e-02 -5.400000000000002021e-03 -2.380000000000000171e-02 -3.800000000000001293e-03 1.988100000000000023e-04 1.822499999999999847e-04 3.802499999999999999e-04 7.182400000000000893e-04 1.345599999999999856e-04 3.496900000000000485e-04 2.304000000000000302e-05 3.600000000000000091e-05 2.310400000000000106e-04 2.916000000000002236e-05 5.664400000000000858e-04 1.444000000000000913e-05 1.067049875000000000e+06 1.192747875000000000e+06
1.000000000000000000e+00 -1.149999999999999981e-02 -6.980000000000000093e-02 3.200000000000000067e-02 -3.649999999999999772e-02 1.899999999999999996e-03 -2.149999999999999828e-02 2.599999999999999881e-03 -5.630000000000000282e-02 1.250000000000000069e-02 -9.699999999999996819e-03 -9.699999999999998554e-03 -2.799999999999996936e-03 1.322499999999999891e-04 4.872040000000000225e-03 1.023999999999999954e-03 1.332249999999999884e-03 3.610000000000000165e-06 4.622499999999999331e-04 6.759999999999999652e-06 3.169690000000000181e-03 1.562500000000000304e-04 9.408999999999993432e-05 9.408999999999997498e-05 7.839999999999982535e-06 1.066131125000000000e+06 1.192143500000000000e+06
1.000000000000000000e+00 -1.519999999999999997e-02 -3.769999999999999740e-02 4.080000000000000293e-02 -4.299999999999999656e-02 6.599999999999999964e-03 -2.670000000000000151e-02 -3.700000000000000164e-03 3.210000000000000353e-02 8.800000000000002265e-03 -6.499999999999998834e-03 4.700000000000000185e-03 -5.200000000000003231e-03 2.310400000000000106e-04 1.421289999999999750e-03 1.664640000000000217e-03 1.848999999999999732e-03 4.355999999999999629e-05 7.128900000000000948e-04 1.369000000000000106e-05 1.030410000000000267e-03 7.744000000000004461e-05 4.224999999999998342e-05 2.209000000000000026e-05 2.704000000000003249e-05 1.065368250000000000e+06 1.192016625000000000e+06
1.000000000000000000e+00 -1.839999999999999969e-02 -3.000000000000000062e-03 -3.400000000000000244e-02 -4.379999999999999866e-02 2.149999999999999828e-02 -2.129999999999999949e-02 -3.199999999999999720e-03 3.469999999999999474e-02 -7.480000000000000537e-02 -8.000000000000020983e-04 1.489999999999999832e-02 5.400000000000002021e-03 3.385600000000000111e-04 9.000000000000000228e-06 1.156000000000000126e-03 1.918439999999999989e-03 4.622499999999999331e-04 4.536899999999999744e-04 1.023999999999999852e-05 1.204089999999999674e-03 5.595040000000000777e-03 6.400000000000034015e-07 2.220099999999999428e-04 2.916000000000002236e-05 1.066116750000000000e+06 1.191714875000000000e+06
1.000000000000000000e+00 -2.630000000000000046e-02 -7.969999999999999307e-02 -1.580000000000000154e-02 -4.750000000000000056e-02 3.780000000000000027e-02 -4.009999999999999676e-02 -7.900000000000000772e-03 -7.669999999999999041e-02 1.820000000000000090e-02 -3.700000000000001898e-03 1.630000000000000199e-02 -1.879999999999999727e-02 6.916900000000000132e-04 6.352089999999998605e-03 2.496400000000000290e-04 2.256250000000000009e-03 1.428840000000000015e-03 1.608009999999999778e-03 6.241000000000000724e-05 5.882889999999998260e-03 3.312400000000000067e-04 1.369000000000001462e-05 2.656900000000000667e-04 3.534399999999998957e-04 1.065672625000000000e+06 1.190303375000000000e+06
1.000000000000000000e+00 -3.429999999999999716e-02 -2.560000000000000123e-02 7.400000000000000328e-03 -5.430000000000000104e-02 3.440000000000000002e-02 -3.459999999999999881e-02 -7.999999999999996697e-03 5.409999999999999531e-02 2.320000000000000187e-02 -6.800000000000000488e-03 -3.400000000000000244e-03 5.499999999999997946e-03 1.176489999999999871e-03 6.553600000000000137e-04 5.476000000000000426e-05 2.948490000000000225e-03 1.183360000000000054e-03 1.197159999999999848e-03 6.399999999999994289e-05 2.926809999999999308e-03 5.382400000000000509e-04 4.624000000000000451e-05 1.156000000000000113e-05 3.024999999999997634e-05 1.065731625000000000e+06 1.190654750000000000e+06
1.000000000000000000e+00 -4.519999999999999712e-02 -2.450000000000000094e-02 1.500000000000000031e-03 -6.959999999999999520e-02 -1.499999999999999944e-02 -4.349999999999999700e-02 -1.089999999999999997e-02 1.100000000000000283e-03 -5.900000000000000730e-03 -1.529999999999999416e-02 -4.939999999999999947e-02 -8.899999999999998190e-03 2.043039999999999873e-03 6.002500000000000890e-04 2.250000000000000057e-06 4.844159999999999265e-03 2.249999999999999938e-04 1.892249999999999835e-03 1.188099999999999958e-04 1.210000000000000697e-06 3.481000000000000722e-05 2.340899999999998136e-04 2.440359999999999925e-03 7.920999999999996837e-05 1.066963000000000000e+06 1.192316625000000000e+06
1.000000000000000000e+00 -4.449999999999999789e-02 -9.310000000000000220e-02 -4.700000000000000185e-03 -7.059999999999999609e-02 2.500000000000000052e-03 -4.669999999999999846e-02 6.999999999999992339e-04 -6.859999999999999432e-02 -6.200000000000000649e-03 -1.000000000000000888e-03 1.749999999999999820e-02 -3.200000000000001454e-03 1.980249999999999806e-03 8.667610000000000939e-03 2.209000000000000026e-05 4.984359999999999312e-03 6.250000000000000300e-06 2.180889999999999999e-03 4.899999999999989084e-07 4.705959999999999484e-03 3.844000000000001143e-05 1.000000000000001861e-06 3.062499999999999359e-04 1.024000000000000868e-05 1.067103000000000000e+06 1.192350125000000000e+06
1.000000000000000000e+00 -4.580000000000000043e-02 -1.055999999999999994e-01 -5.499999999999999681e-03 -8.500000000000000611e-03 0.000000000000000000e+00 -5.269999999999999685e-02 -1.300000000000002542e-03 -1.249999999999999722e-02 -7.999999999999994962e-04 6.209999999999999548e-02 -2.500000000000000052e-03 -5.999999999999998390e-03 2.097640000000000008e-03 1.115135999999999905e-02 3.024999999999999667e-05 7.225000000000000790e-05 0.000000000000000000e+00 2.777289999999999533e-03 1.690000000000006689e-06 1.562499999999999219e-04 6.399999999999991664e-07 3.856409999999999352e-03 6.250000000000000300e-06 3.599999999999998058e-05 1.066199250000000000e+06 1.190685375000000000e+06
1.000000000000000000e+00 -5.759999999999999842e-02 -2.419999999999999929e-02 2.040000000000000147e-02 -1.750000000000000167e-02 -1.100000000000000066e-03 -4.429999999999999910e-02 -1.179999999999999799e-02 8.140000000000000013e-02 2.589999999999999941e-02 -9.000000000000001055e-03 -1.100000000000000066e-03 8.399999999999997746e-03 3.317759999999999893e-03 5.856400000000000104e-04 4.161600000000000542e-04 3.062500000000000443e-04 1.210000000000000062e-06 1.962489999999999894e-03 1.392399999999999476e-04 6.625960000000000183e-03 6.708099999999999827e-04 8.100000000000001730e-05 1.210000000000000062e-06 7.055999999999996140e-05 1.065381125000000000e+06 1.190943250000000000e+06
1.000000000000000000e+00 -1.335999999999999965e-01 -1.679999999999999896e-02 -1.024999999999999939e-01 -4.599999999999999922e-02 -6.019999999999999657e-02 -1.335999999999999965e-01 -7.599999999999999811e-02 7.400000000000000328e-03 -1.228999999999999954e-01 -2.849999999999999756e-02 -5.909999999999999976e-02 -8.929999999999999050e-02 1.784896000000000052e-02 2.822399999999999540e-04 1.050624999999999823e-02 2.115999999999999825e-03 3.624039999999999380e-03 1.784896000000000052e-02 5.775999999999999884e-03 5.476000000000000426e-05 1.510440999999999867e-02 8.122499999999998211e-04 3.492809999999999838e-03 7.974489999999999010e-03 1.063629000000000000e+06 1.190308000000000000e+06
1.000000000000000000e+00 -8.970000000000000195e-02 1.115000000000000019e-01 -6.619999999999999496e-02 -3.200000000000000067e-02 -2.429999999999999868e-02 -1.398999999999999966e-01 4.389999999999999458e-02 1.282999999999999974e-01 3.629999999999999893e-02 1.399999999999999856e-02 3.590000000000000135e-02 -6.300000000000000044e-03 8.046090000000000533e-03 1.243225000000000059e-02 4.382439999999999600e-03 1.023999999999999954e-03 5.904899999999999385e-04 1.957200999999999733e-02 1.927209999999999514e-03 1.646088999999999886e-02 1.317689999999999834e-03 1.959999999999999666e-04 1.288810000000000042e-03 3.969000000000000116e-05 1.063265000000000000e+06 1.191745750000000000e+06
1.000000000000000000e+00 -5.829999999999999766e-02 1.514999999999999958e-01 2.040000000000000147e-02 -4.939999999999999947e-02 -4.309999999999999942e-02 -7.389999999999999347e-02 3.140000000000000430e-02 3.999999999999999389e-02 8.659999999999999643e-02 -1.739999999999999880e-02 -1.880000000000000074e-02 6.600000000000000311e-02 3.398889999999999897e-03 2.295225000000000043e-02 4.161600000000000542e-04 2.440359999999999925e-03 1.857609999999999990e-03 5.461209999999999329e-03 9.859600000000003518e-04 1.599999999999999426e-03 7.499559999999999733e-03 3.027599999999999541e-04 3.534400000000000042e-04 4.356000000000000497e-03 1.062878125000000000e+06 1.192874875000000000e+06
1.000000000000000000e+00 -6.180000000000000077e-02 -6.479999999999999649e-02 -9.120000000000000329e-02 -4.560000000000000164e-02 -3.679999999999999938e-02 -8.569999999999999840e-02 -3.500000000000003109e-03 -2.162999999999999923e-01 -1.116000000000000048e-01 3.799999999999997824e-03 6.300000000000000044e-03 -1.180000000000000493e-02 3.819240000000000222e-03 4.199039999999999370e-03 8.317440000000000597e-03 2.079360000000000149e-03 1.354240000000000044e-03 7.344489999999999526e-03 1.225000000000002163e-05 4.678568999999999783e-02 1.245456000000000167e-02 1.443999999999998372e-05 3.969000000000000116e-05 1.392400000000001102e-04 1.061032750000000000e+06 1.191690125000000000e+06
1.000000000000000000e+00 -1.400000000000000029e-02 -3.950000000000000039e-02 -7.019999999999999851e-02 -5.530000000000000193e-02 -3.479999999999999760e-02 -5.419999999999999818e-02 4.780000000000000221e-02 2.529999999999999610e-02 2.100000000000000477e-02 -9.700000000000000289e-03 2.000000000000001776e-03 3.150000000000000022e-02 1.960000000000000208e-04 1.560250000000000005e-03 4.928039999999999851e-03 3.058090000000000287e-03 1.211039999999999816e-03 2.937639999999999609e-03 2.284840000000000221e-03 6.400899999999998431e-04 4.410000000000002026e-04 9.409000000000000208e-05 4.000000000000007442e-06 9.922500000000000764e-04 1.062230500000000000e+06 1.192150000000000000e+06
1.000000000000000000e+00 -1.239999999999999956e-02 -4.499999999999999833e-02 -1.190000000000000085e-02 -6.119999999999999746e-02 -3.289999999999999869e-02 -6.980000000000000093e-02 1.600000000000000727e-03 -5.499999999999997946e-03 5.829999999999999766e-02 -5.899999999999995526e-03 1.899999999999998912e-03 -1.560000000000000275e-02 1.537599999999999915e-04 2.024999999999999890e-03 1.416100000000000214e-04 3.745439999999999620e-03 1.082410000000000013e-03 4.872040000000000225e-03 2.560000000000002171e-06 3.024999999999997634e-05 3.398889999999999897e-03 3.480999999999994624e-05 3.609999999999995930e-06 2.433600000000000823e-04 1.062522125000000000e+06 1.194037375000000000e+06
1.000000000000000000e+00 -6.700000000000000226e-03 -6.619999999999999496e-02 -3.420000000000000123e-02 -5.729999999999999677e-02 -2.450000000000000094e-02 -7.560000000000000053e-02 5.699999999999999338e-03 -2.119999999999999662e-02 -2.230000000000000038e-02 3.900000000000000688e-03 8.399999999999997746e-03 -5.799999999999999600e-03 4.489000000000000558e-05 4.382439999999999600e-03 1.169640000000000003e-03 3.283289999999999473e-03 6.002500000000000890e-04 5.715360000000000058e-03 3.248999999999999555e-05 4.494399999999998440e-04 4.972900000000000584e-04 1.521000000000000515e-05 7.055999999999996140e-05 3.363999999999999640e-05 1.063127875000000000e+06 1.194795750000000000e+06
1.000000000000000000e+00 -1.299999999999999940e-02 0.000000000000000000e+00 -3.020000000000000115e-02 -9.299999999999999239e-03 -1.760000000000000106e-02 -6.710000000000000686e-02 -6.299999999999999177e-03 6.619999999999999496e-02 4.000000000000000083e-03 4.800000000000000100e-02 6.899999999999999883e-03 8.499999999999993672e-03 1.689999999999999879e-04 0.000000000000000000e+00 9.120400000000000295e-04 8.648999999999997998e-05 3.097600000000000158e-04 4.502410000000000960e-03 3.968999999999998761e-05 4.382439999999999600e-03 1.599999999999999928e-05 2.304000000000000058e-03 4.760999999999999987e-05 7.224999999999988593e-05 1.063493125000000000e+06 1.194808125000000000e+06
1.000000000000000000e+00 -4.889999999999999902e-02 4.080000000000000293e-02 9.700000000000000289e-03 -2.319999999999999840e-02 1.969999999999999876e-02 -3.860000000000000236e-02 -3.590000000000000135e-02 4.080000000000000293e-02 3.990000000000000491e-02 -1.389999999999999916e-02 3.729999999999999982e-02 2.850000000000000450e-02 2.391209999999999950e-03 1.664640000000000217e-03 9.409000000000000208e-05 5.382399999999999424e-04 3.880899999999999519e-04 1.489960000000000243e-03 1.288810000000000042e-03 1.664640000000000217e-03 1.592010000000000473e-03 1.932099999999999746e-04 1.391289999999999888e-03 8.122500000000002548e-04 1.063169250000000000e+06 1.193323625000000000e+06
1.000000000000000000e+00 -2.630000000000000046e-02 -1.150000000000000050e-01 -9.199999999999999845e-03 -1.990000000000000102e-02 3.049999999999999933e-02 -7.299999999999999545e-02 2.259999999999999856e-02 -1.557999999999999940e-01 -1.890000000000000013e-02 3.299999999999997380e-03 1.080000000000000057e-02 -3.439999999999999308e-02 6.916900000000000132e-04 1.322500000000000064e-02 8.464000000000000278e-05 3.960100000000000252e-04 9.302499999999999788e-04 5.328999999999999536e-03 5.107599999999999684e-04 2.427363999999999911e-02 3.572100000000000036e-04 1.088999999999998213e-05 1.166400000000000081e-04 1.183359999999999621e-03 1.063088375000000000e+06 1.192845250000000000e+06
1.000000000000000000e+00 7.199999999999999803e-03 -1.116000000000000048e-01 1.140000000000000041e-02 -3.330000000000000321e-02 2.189999999999999933e-02 -2.989999999999999949e-02 3.350000000000000200e-02 3.400000000000000244e-03 2.060000000000000026e-02 -1.340000000000000219e-02 -8.600000000000000006e-03 4.309999999999999942e-02 5.183999999999999833e-05 1.245456000000000167e-02 1.299600000000000093e-04 1.108890000000000179e-03 4.796099999999999973e-04 8.940099999999999870e-04 1.122250000000000201e-03 1.156000000000000113e-05 4.243600000000000367e-04 1.795600000000000494e-04 7.396000000000000339e-05 1.857609999999999990e-03 1.062246750000000000e+06 1.191056125000000000e+06
1.000000000000000000e+00 -5.109999999999999959e-02 -1.029000000000000054e-01 1.100000000000000066e-03 -3.209999999999999659e-02 -2.709999999999999909e-02 -2.719999999999999848e-02 -5.829999999999999766e-02 8.699999999999999400e-03 -1.030000000000000013e-02 1.200000000000006617e-03 -4.900000000000000189e-02 2.700000000000001010e-03 2.611210000000000094e-03 1.058841000000000122e-02 1.210000000000000062e-06 1.030409999999999833e-03 7.344099999999999023e-04 7.398399999999999638e-04 3.398889999999999897e-03 7.568999999999998852e-05 1.060900000000000092e-04 1.440000000000015859e-06 2.401000000000000356e-03 7.290000000000005589e-06 1.062375000000000000e+06 1.191660000000000000e+06
1.000000000000000000e+00 1.600000000000000077e-03 -4.379999999999999866e-02 5.300000000000000024e-03 -4.429999999999999910e-02 4.639999999999999680e-02 -2.050000000000000086e-02 5.269999999999999685e-02 5.910000000000000669e-02 4.199999999999999740e-03 -1.220000000000000251e-02 7.349999999999999589e-02 6.699999999999997624e-03 2.560000000000000054e-06 1.918439999999999989e-03 2.809000000000000041e-05 1.962489999999999894e-03 2.152959999999999770e-03 4.202500000000000506e-04 2.777289999999999533e-03 3.492810000000000706e-03 1.763999999999999713e-05 1.488400000000000725e-04 5.402249999999999067e-03 4.488999999999996492e-05 1.063252750000000000e+06 1.193267625000000000e+06
1.000000000000000000e+00 1.299999999999999940e-03 -1.600000000000000077e-03 -9.499999999999999764e-03 -5.140000000000000124e-02 -2.120000000000000009e-02 -1.540000000000000049e-02 -3.000000000000001363e-04 4.220000000000000140e-02 -1.480000000000000066e-02 -7.100000000000002143e-03 -6.759999999999999343e-02 5.100000000000000366e-03 1.689999999999999913e-06 2.560000000000000054e-06 9.024999999999999819e-05 2.641960000000000055e-03 4.494400000000000066e-04 2.371600000000000129e-04 9.000000000000007798e-08 1.780840000000000114e-03 2.190400000000000170e-04 5.041000000000002727e-05 4.569759999999999101e-03 2.601000000000000339e-05 1.063709750000000000e+06 1.192726250000000000e+06
1.000000000000000000e+00 3.500000000000000073e-03 1.399999999999999986e-03 -2.200000000000000133e-03 -4.819999999999999979e-02 -4.299999999999999656e-02 1.100000000000000066e-03 2.200000000000000133e-03 3.000000000000000062e-03 7.299999999999999198e-03 3.200000000000001454e-03 -2.179999999999999646e-02 1.650000000000000078e-02 1.225000000000000130e-05 1.959999999999999869e-06 4.840000000000000247e-06 2.323239999999999854e-03 1.848999999999999732e-03 1.210000000000000062e-06 4.840000000000000247e-06 9.000000000000000228e-06 5.328999999999998614e-05 1.024000000000000868e-05 4.752399999999998206e-04 2.722500000000000310e-04 1.063082125000000000e+06 1.192982125000000000e+06
1.000000000000000000e+00 -2.799999999999999972e-03 5.599999999999999943e-03 -8.999999999999999320e-03 -5.480000000000000149e-02 -4.449999999999999789e-02 -1.359999999999999924e-02 -6.300000000000000044e-03 4.199999999999999740e-03 -6.799999999999998754e-03 -6.600000000000001699e-03 -1.500000000000001332e-03 -1.469999999999999953e-02 7.839999999999999476e-06 3.135999999999999790e-05 8.099999999999999019e-05 3.003040000000000223e-03 1.980249999999999806e-03 1.849599999999999910e-04 3.969000000000000116e-05 1.763999999999999713e-05 4.623999999999998419e-05 4.356000000000002340e-05 2.250000000000003869e-06 2.160899999999999995e-04 1.063265625000000000e+06 1.193941875000000000e+06
1.000000000000000000e+00 -3.500000000000000073e-03 -5.680000000000000326e-02 7.499999999999999722e-03 -5.890000000000000097e-02 -3.470000000000000168e-02 -3.399999999999999811e-03 -7.000000000000001013e-04 -6.240000000000000407e-02 1.650000000000000078e-02 -4.099999999999999478e-03 9.799999999999996214e-03 1.019999999999999900e-02 1.225000000000000130e-05 3.226240000000000444e-03 5.624999999999999846e-05 3.469209999999999915e-03 1.204090000000000108e-03 1.155999999999999943e-05 4.900000000000001790e-07 3.893760000000000450e-03 2.722500000000000310e-04 1.680999999999999660e-05 9.603999999999992751e-05 1.040399999999999729e-04 1.062500750000000000e+06 1.192461875000000000e+06
1.000000000000000000e+00 1.600000000000000077e-03 -3.450000000000000289e-02 2.000000000000000096e-04 -8.899999999999999925e-03 -3.350000000000000200e-02 5.000000000000000104e-04 5.100000000000000366e-03 2.230000000000000038e-02 -7.300000000000000065e-03 5.000000000000000278e-02 1.199999999999999678e-03 3.899999999999999821e-03 2.560000000000000054e-06 1.190250000000000119e-03 4.000000000000000084e-08 7.920999999999999547e-05 1.122250000000000201e-03 2.499999999999999887e-07 2.601000000000000339e-05 4.972900000000000584e-04 5.328999999999999970e-05 2.500000000000000486e-03 1.439999999999999130e-06 1.520999999999999837e-05 1.061778625000000000e+06 1.190803875000000000e+06
1.000000000000000000e+00 6.100000000000000387e-03 -3.239999999999999825e-02 1.609999999999999973e-02 -2.210000000000000159e-02 -3.309999999999999748e-02 1.099999999999999936e-02 4.500000000000000527e-03 2.100000000000004641e-03 1.590000000000000094e-02 -1.320000000000000166e-02 4.000000000000045186e-04 1.049999999999999892e-02 3.721000000000000457e-05 1.049759999999999843e-03 2.592100000000000068e-04 4.884100000000001027e-04 1.095609999999999900e-03 1.209999999999999867e-04 2.025000000000000432e-05 4.410000000000019610e-06 2.528100000000000139e-04 1.742400000000000394e-04 1.600000000000036032e-07 1.102499999999999829e-04 1.062667125000000000e+06 1.189634000000000000e+06
1.000000000000000000e+00 4.199999999999999740e-03 -7.580000000000000626e-02 2.429999999999999868e-02 -2.889999999999999861e-02 -3.529999999999999805e-02 1.409999999999999969e-02 -1.900000000000000647e-03 -4.340000000000000802e-02 8.199999999999998956e-03 -6.799999999999997019e-03 -2.200000000000000566e-03 3.100000000000000325e-03 1.763999999999999713e-05 5.745640000000000643e-03 5.904899999999999385e-04 8.352099999999999672e-04 1.246089999999999828e-03 1.988100000000000023e-04 3.610000000000002282e-06 1.883560000000000702e-03 6.723999999999998641e-05 4.623999999999995708e-05 4.840000000000002788e-06 9.610000000000002858e-06 1.062256125000000000e+06 1.190697375000000000e+06
1.000000000000000000e+00 7.599999999999999985e-03 -4.959999999999999826e-02 -2.330000000000000127e-02 -1.810000000000000150e-02 -4.150000000000000216e-02 2.869999999999999982e-02 3.400000000000000244e-03 2.620000000000000800e-02 -4.760000000000000342e-02 1.079999999999999710e-02 -6.200000000000004119e-03 1.460000000000000013e-02 5.776000000000000264e-05 2.460159999999999864e-03 5.428900000000000826e-04 3.276100000000000431e-04 1.722250000000000256e-03 8.236899999999999691e-04 1.156000000000000113e-05 6.864400000000004005e-04 2.265760000000000343e-03 1.166399999999999403e-04 3.844000000000005209e-05 2.131599999999999988e-04 1.062598875000000000e+06 1.191069875000000000e+06
1.000000000000000000e+00 -2.299999999999999961e-03 -5.390000000000000346e-02 -3.389999999999999958e-02 -3.030000000000000054e-02 -1.969999999999999876e-02 4.209999999999999853e-02 -9.899999999999999079e-03 -4.300000000000005207e-03 -1.059999999999999831e-02 -1.219999999999999904e-02 2.180000000000000340e-02 1.339999999999999872e-02 5.290000000000000174e-06 2.905210000000000518e-03 1.149209999999999902e-03 9.180899999999999868e-04 3.880899999999999519e-04 1.772409999999999871e-03 9.800999999999997811e-05 1.849000000000004489e-05 1.123599999999999610e-04 1.488399999999999641e-04 4.752400000000001458e-04 1.795599999999999681e-04 1.062329875000000000e+06 1.191800625000000000e+06
1.000000000000000000e+00 1.600000000000000033e-02 -5.659999999999999754e-02 2.829999999999999877e-02 -3.080000000000000099e-02 -3.090000000000000038e-02 3.299999999999999982e-03 1.830000000000000029e-02 -2.699999999999994071e-03 6.219999999999999835e-02 -5.000000000000004441e-04 -1.120000000000000162e-02 -3.880000000000000115e-02 2.559999999999999884e-04 3.203559999999999828e-03 8.008899999999999570e-04 9.486400000000000518e-04 9.548100000000000554e-04 1.088999999999999907e-05 3.348900000000000141e-04 7.289999999999968319e-06 3.868839999999999692e-03 2.500000000000004651e-07 1.254400000000000458e-04 1.505440000000000033e-03 1.063254750000000000e+06 1.192668250000000000e+06
1.000000000000000000e+00 1.689999999999999836e-02 2.670000000000000151e-02 -3.950000000000000039e-02 -3.070000000000000159e-02 -3.490000000000000047e-02 1.179999999999999973e-02 8.999999999999980238e-04 8.329999999999999905e-02 -6.779999999999999916e-02 9.999999999999939493e-05 -4.000000000000000083e-03 8.500000000000000611e-03 2.856099999999999438e-04 7.128900000000000948e-04 1.560250000000000005e-03 9.424900000000001462e-04 1.218010000000000056e-03 1.392400000000000018e-04 8.099999999999964799e-07 6.938889999999999642e-03 4.596839999999999607e-03 9.999999999999879441e-09 1.599999999999999928e-05 7.225000000000000790e-05 1.063654250000000000e+06 1.194314625000000000e+06
1.000000000000000000e+00 2.019999999999999921e-02 -3.980000000000000204e-02 -4.939999999999999947e-02 -3.130000000000000143e-02 -5.390000000000000346e-02 7.700000000000000247e-03 3.300000000000000849e-03 -6.650000000000000355e-02 -9.899999999999999079e-03 -5.999999999999998390e-04 -1.900000000000000300e-02 -4.099999999999999478e-03 4.080399999999999761e-04 1.584040000000000101e-03 2.440359999999999925e-03 9.796900000000000747e-04 2.905210000000000518e-03 5.929000000000000324e-05 1.089000000000000585e-05 4.422250000000000833e-03 9.800999999999997811e-05 3.599999999999997825e-07 3.610000000000001012e-04 1.680999999999999660e-05 1.062603375000000000e+06 1.192471750000000000e+06
1.000000000000000000e+00 1.089999999999999997e-02 -4.499999999999999833e-02 -2.980000000000000010e-02 -4.000000000000000083e-02 -4.970000000000000112e-02 1.640000000000000138e-02 -9.299999999999999239e-03 -5.199999999999996292e-03 1.959999999999999937e-02 -8.699999999999999400e-03 4.200000000000002343e-03 8.700000000000001135e-03 1.188099999999999958e-04 2.024999999999999890e-03 8.880399999999999882e-04 1.600000000000000077e-03 2.470090000000000306e-03 2.689600000000000541e-04 8.648999999999997998e-05 2.703999999999996134e-05 3.841599999999999811e-04 7.568999999999998852e-05 1.764000000000002084e-05 7.569000000000001562e-05 1.061830750000000000e+06 1.189763625000000000e+06
1.000000000000000000e+00 1.170000000000000033e-02 -2.699999999999999969e-02 -3.049999999999999933e-02 -3.810000000000000192e-02 -4.639999999999999680e-02 1.159999999999999920e-02 8.000000000000003636e-04 1.799999999999999864e-02 -6.999999999999992339e-04 1.899999999999998912e-03 3.300000000000004319e-03 -4.800000000000002182e-03 1.368899999999999989e-04 7.289999999999999388e-04 9.302499999999999788e-04 1.451610000000000096e-03 2.152959999999999770e-03 1.345599999999999856e-04 6.400000000000005428e-07 3.239999999999999608e-04 4.899999999999989084e-07 3.609999999999995930e-06 1.089000000000002787e-05 2.304000000000001996e-05 1.063168750000000000e+06 1.191184000000000000e+06
1.000000000000000000e+00 8.600000000000000006e-03 -3.420000000000000123e-02 -3.740000000000000269e-02 -4.309999999999999942e-02 -4.610000000000000209e-02 1.510000000000000057e-02 -3.100000000000000325e-03 -7.200000000000001538e-03 -6.900000000000003353e-03 -4.999999999999997502e-03 2.999999999999947153e-04 3.500000000000001374e-03 7.396000000000000339e-05 1.169640000000000003e-03 1.398760000000000194e-03 1.857609999999999990e-03 2.125210000000000207e-03 2.280100000000000074e-04 9.610000000000002858e-06 5.184000000000002544e-05 4.761000000000004730e-05 2.499999999999997409e-05 8.999999999999683544e-08 1.225000000000000977e-05 1.063895125000000000e+06 1.191621250000000000e+06
1.000000000000000000e+00 6.300000000000000044e-03 9.799999999999999684e-03 -5.680000000000000326e-02 -4.200000000000000261e-02 -7.009999999999999565e-02 2.869999999999999982e-02 -2.299999999999999961e-03 4.399999999999999745e-02 -1.940000000000000058e-02 1.099999999999996814e-03 -2.399999999999999356e-02 1.359999999999999924e-02 3.969000000000000116e-05 9.603999999999999527e-05 3.226240000000000444e-03 1.764000000000000160e-03 4.914009999999999039e-03 8.236899999999999691e-04 5.290000000000000174e-06 1.935999999999999787e-03 3.763600000000000083e-04 1.209999999999993074e-06 5.759999999999996893e-04 1.849599999999999910e-04 1.062881625000000000e+06 1.191539875000000000e+06
1.000000000000000000e+00 1.110000000000000049e-02 -1.389999999999999916e-02 -4.920000000000000068e-02 -4.710000000000000298e-02 -5.639999999999999875e-02 3.059999999999999873e-02 4.800000000000000447e-03 -2.369999999999999885e-02 7.600000000000002587e-03 -5.100000000000000366e-03 1.369999999999999690e-02 1.899999999999998912e-03 1.232100000000000079e-04 1.932099999999999746e-04 2.420639999999999945e-03 2.218410000000000087e-03 3.180960000000000037e-03 9.363599999999999051e-04 2.304000000000000302e-05 5.616899999999999974e-04 5.776000000000003652e-05 2.601000000000000339e-05 1.876899999999999055e-04 3.609999999999995930e-06 1.062054375000000000e+06 1.191762625000000000e+06
1.000000000000000000e+00 3.880000000000000115e-02 4.560000000000000164e-02 -6.679999999999999827e-02 -4.610000000000000209e-02 -1.600000000000000077e-03 1.930000000000000118e-02 2.770000000000000240e-02 5.949999999999999734e-02 -1.759999999999999759e-02 1.000000000000000888e-03 5.480000000000000149e-02 -1.129999999999999755e-02 1.505440000000000033e-03 2.079360000000000149e-03 4.462240000000000130e-03 2.125210000000000207e-03 2.560000000000000054e-06 3.724900000000000606e-04 7.672900000000001160e-04 3.540249999999999560e-03 3.097599999999999074e-04 1.000000000000001861e-06 3.003040000000000223e-03 1.276899999999999379e-04 1.061968000000000000e+06 1.193445875000000000e+06
1.000000000000000000e+00 4.730000000000000177e-02 -3.810000000000000192e-02 -8.290000000000000147e-02 -4.660000000000000253e-02 -4.839999999999999858e-02 4.490000000000000241e-02 8.500000000000000611e-03 -8.369999999999999662e-02 -1.610000000000000320e-02 -5.000000000000004441e-04 -4.680000000000000132e-02 2.560000000000000123e-02 2.237290000000000285e-03 1.451610000000000096e-03 6.872410000000000671e-03 2.171560000000000330e-03 2.342560000000000042e-03 2.016010000000000371e-03 7.225000000000000790e-05 7.005689999999999314e-03 2.592100000000001152e-04 2.500000000000004651e-07 2.190239999999999982e-03 6.553600000000000137e-04 1.062484375000000000e+06 1.193570625000000000e+06
1.000000000000000000e+00 7.969999999999999307e-02 -5.099999999999999672e-02 -1.363000000000000045e-01 -3.989999999999999797e-02 -2.099999999999999870e-03 5.709999999999999798e-02 3.239999999999999131e-02 -1.289999999999999480e-02 -5.340000000000000302e-02 6.700000000000004563e-03 4.630000000000000088e-02 1.219999999999999557e-02 6.352089999999998605e-03 2.600999999999999580e-03 1.857769000000000087e-02 1.592009999999999823e-03 4.409999999999999282e-06 3.260409999999999611e-03 1.049759999999999409e-03 1.664099999999998653e-04 2.851560000000000379e-03 4.489000000000005979e-05 2.143690000000000179e-03 1.488399999999998828e-04 1.062585750000000000e+06 1.191950250000000000e+06
1.000000000000000000e+00 2.319999999999999840e-02 -2.299999999999999961e-03 -4.139999999999999930e-02 -3.960000000000000325e-02 -1.760000000000000106e-02 2.419999999999999929e-02 -5.649999999999999467e-02 4.869999999999999329e-02 9.490000000000001212e-02 2.999999999999947153e-04 -1.550000000000000162e-02 -3.289999999999999869e-02 5.382399999999999424e-04 5.290000000000000174e-06 1.713960000000000049e-03 1.568160000000000300e-03 3.097600000000000158e-04 5.856400000000000104e-04 3.192249999999999342e-03 2.371689999999999215e-03 9.006010000000001792e-03 8.999999999999683544e-08 2.402500000000000393e-04 1.082410000000000013e-03 1.063179750000000000e+06 1.192958875000000000e+06
1.000000000000000000e+00 8.699999999999999400e-03 4.730000000000000177e-02 5.499999999999999681e-03 -6.199999999999999956e-02 3.989999999999999797e-02 1.200000000000000025e-02 -1.449999999999999900e-02 4.960000000000000520e-02 4.689999999999999725e-02 -2.239999999999999630e-02 5.749999999999999556e-02 -1.219999999999999904e-02 7.568999999999998852e-05 2.237290000000000285e-03 3.024999999999999667e-05 3.843999999999999761e-03 1.592009999999999823e-03 1.440000000000000036e-04 2.102499999999999606e-04 2.460160000000000732e-03 2.199609999999999847e-03 5.017599999999998580e-04 3.306249999999999294e-03 1.488399999999999641e-04 1.063270000000000000e+06 1.194355750000000000e+06
1.000000000000000000e+00 2.179999999999999993e-02 -3.009999999999999828e-02 -5.700000000000000205e-02 -5.210000000000000048e-02 -1.710000000000000062e-02 -2.840000000000000163e-02 1.310000000000000053e-02 -7.739999999999999658e-02 -6.250000000000000000e-02 9.899999999999999079e-03 -5.699999999999999512e-02 -4.040000000000000535e-02 4.752399999999999832e-04 9.060099999999998450e-04 3.249000000000000152e-03 2.714410000000000000e-03 2.924100000000000006e-04 8.065600000000001111e-04 1.716100000000000188e-04 5.990759999999999488e-03 3.906250000000000000e-03 9.800999999999997811e-05 3.248999999999999284e-03 1.632160000000000338e-03 1.064145000000000000e+06 1.196028750000000000e+06
1.000000000000000000e+00 -9.199999999999999845e-03 -1.290000000000000001e-02 1.640000000000000138e-02 -5.899999999999999863e-03 5.700000000000000205e-03 -1.329999999999999932e-02 -3.099999999999999978e-02 1.720000000000000001e-02 7.340000000000000691e-02 4.619999999999999801e-02 2.280000000000000082e-02 1.510000000000000231e-02 8.464000000000000278e-05 1.664100000000000008e-04 2.689600000000000541e-04 3.481000000000000045e-05 3.249000000000000233e-05 1.768899999999999954e-04 9.609999999999999402e-04 2.958400000000000135e-04 5.387560000000001306e-03 2.134439999999999601e-03 5.198400000000000373e-04 2.280100000000000616e-04 1.064430375000000000e+06 1.195758125000000000e+06
1.000000000000000000e+00 3.099999999999999891e-03 -7.700000000000000247e-03 -4.479999999999999954e-02 -7.889999999999999791e-02 -6.899999999999999883e-03 -6.560000000000000553e-02 1.230000000000000017e-02 5.199999999999999761e-03 -6.120000000000000440e-02 -7.299999999999999545e-02 -1.260000000000000009e-02 -5.230000000000000621e-02 9.609999999999999470e-06 5.929000000000000324e-05 2.007039999999999866e-03 6.225209999999999251e-03 4.760999999999999987e-05 4.303360000000000865e-03 1.512899999999999965e-04 2.703999999999999861e-05 3.745440000000000488e-03 5.328999999999999536e-03 1.587600000000000046e-04 2.735290000000000464e-03 1.064076625000000000e+06 1.194280625000000000e+06
1.000000000000000000e+00 -2.230000000000000038e-02 -7.299999999999999545e-02 4.390000000000000152e-02 -3.139999999999999736e-02 -4.599999999999999922e-03 -2.750000000000000014e-02 -2.539999999999999897e-02 -6.529999999999999694e-02 8.870000000000000107e-02 4.750000000000000056e-02 2.299999999999999961e-03 3.810000000000000886e-02 4.972900000000000584e-04 5.328999999999999536e-03 1.927210000000000164e-03 9.859599999999999181e-04 2.116000000000000069e-05 7.562499999999999778e-04 6.451599999999999826e-04 4.264089999999999894e-03 7.867690000000000100e-03 2.256250000000000009e-03 5.290000000000000174e-06 1.451610000000000747e-03 1.063404875000000000e+06 1.193012625000000000e+06
1.000000000000000000e+00 -2.299999999999999961e-03 -2.630000000000000046e-02 -1.750000000000000167e-02 -2.400000000000000050e-02 8.999999999999999754e-04 -4.800000000000000100e-02 2.000000000000000042e-02 4.669999999999999152e-02 -6.140000000000000319e-02 7.399999999999996858e-03 5.499999999999999681e-03 -2.050000000000000086e-02 5.290000000000000174e-06 6.916900000000000132e-04 3.062500000000000443e-04 5.760000000000000146e-04 8.099999999999999739e-07 2.304000000000000058e-03 4.000000000000000192e-04 2.180889999999999131e-03 3.769960000000000585e-03 5.475999999999995682e-05 3.024999999999999667e-05 4.202500000000000506e-04 1.063724375000000000e+06 1.192542375000000000e+06
1.000000000000000000e+00 -2.019999999999999921e-02 1.000000000000000048e-04 -2.230000000000000038e-02 -3.339999999999999913e-02 1.739999999999999880e-02 -4.700000000000000185e-03 -1.789999999999999925e-02 2.639999999999999986e-02 -4.799999999999998712e-03 -9.399999999999998634e-03 1.649999999999999731e-02 4.329999999999999821e-02 4.080399999999999761e-04 1.000000000000000021e-08 4.972900000000000584e-04 1.115560000000000032e-03 3.027599999999999541e-04 2.209000000000000026e-05 3.204099999999999765e-04 6.969599999999999407e-04 2.303999999999998608e-05 8.835999999999997394e-05 2.722499999999999226e-04 1.874889999999999933e-03 1.063094500000000000e+06 1.191990250000000000e+06
1.000000000000000000e+00 1.060000000000000005e-02 -1.115000000000000019e-01 -4.750000000000000056e-02 -1.650000000000000078e-02 1.340000000000000045e-02 -5.160000000000000003e-02 3.080000000000000099e-02 -1.116000000000000048e-01 -2.520000000000000018e-02 1.689999999999999836e-02 -3.999999999999998349e-03 -4.689999999999999725e-02 1.123600000000000016e-04 1.243225000000000059e-02 2.256250000000000009e-03 2.722500000000000310e-04 1.795600000000000223e-04 2.662560000000000014e-03 9.486400000000000518e-04 1.245456000000000167e-02 6.350400000000000185e-04 2.856099999999999438e-04 1.599999999999998572e-05 2.199609999999999847e-03 1.065224625000000000e+06 1.192293125000000000e+06
1.000000000000000000e+00 -3.130000000000000143e-02 -4.710000000000000298e-02 -4.700000000000000011e-02 -4.290000000000000063e-02 -1.199999999999999895e-03 -1.899999999999999953e-02 -4.189999999999999974e-02 6.439999999999999891e-02 5.000000000000004441e-04 -2.639999999999999986e-02 -1.460000000000000013e-02 3.260000000000000397e-02 9.796900000000000747e-04 2.218410000000000087e-03 2.209000000000000026e-03 1.840410000000000006e-03 1.439999999999999765e-06 3.609999999999999928e-04 1.755609999999999896e-03 4.147360000000000109e-03 2.500000000000004651e-07 6.969599999999999407e-04 2.131599999999999988e-04 1.062760000000000267e-03 1.065980375000000000e+06 1.195446875000000000e+06
1.000000000000000000e+00 -2.019999999999999921e-02 2.649999999999999925e-02 -6.479999999999999649e-02 -3.819999999999999785e-02 -1.190000000000000085e-02 -5.700000000000000205e-02 1.110000000000000223e-02 7.359999999999999876e-02 -1.779999999999999638e-02 4.700000000000002787e-03 -1.070000000000000118e-02 -3.800000000000000600e-02 4.080399999999999761e-04 7.022499999999999663e-04 4.199039999999999370e-03 1.459239999999999886e-03 1.416100000000000214e-04 3.249000000000000152e-03 1.232100000000000621e-04 5.416960000000000178e-03 3.168399999999998735e-04 2.209000000000002737e-05 1.144900000000000236e-04 1.444000000000000405e-03 1.066053250000000000e+06 1.195891125000000000e+06
1.000000000000000000e+00 -4.130000000000000338e-02 3.919999999999999873e-02 -7.870000000000000606e-02 -5.279999999999999971e-02 -1.940000000000000058e-02 -2.620000000000000107e-02 -2.110000000000000417e-02 1.269999999999999948e-02 -1.390000000000000957e-02 -1.460000000000000187e-02 -7.499999999999999722e-03 3.080000000000000099e-02 1.705690000000000374e-03 1.536639999999999924e-03 6.193690000000000827e-03 2.787839999999999763e-03 3.763600000000000083e-04 6.864400000000000753e-04 4.452100000000001911e-04 1.612899999999999957e-04 1.932100000000002728e-04 2.131600000000000530e-04 5.624999999999999846e-05 9.486400000000000518e-04 1.065717750000000000e+06 1.195727000000000000e+06
1.000000000000000000e+00 -2.999999999999999889e-02 1.190000000000000085e-02 -7.090000000000000469e-02 -6.180000000000000077e-02 -1.529999999999999936e-02 -6.160000000000000198e-02 1.130000000000000449e-02 -2.729999999999999788e-02 7.800000000000001377e-03 -9.000000000000001055e-03 4.100000000000001213e-03 -3.540000000000000091e-02 8.999999999999999754e-04 1.416100000000000214e-04 5.026810000000000479e-03 3.819240000000000222e-03 2.340899999999999763e-04 3.794560000000000207e-03 1.276900000000001005e-04 7.452899999999999065e-04 6.084000000000002058e-05 8.100000000000001730e-05 1.681000000000001016e-05 1.253160000000000125e-03 1.065499875000000000e+06 1.194657125000000000e+06
1.000000000000000000e+00 -5.510000000000000314e-02 -3.090000000000000038e-02 -8.000000000000000383e-04 -7.090000000000000469e-02 -2.980000000000000010e-02 -2.539999999999999897e-02 -2.510000000000000425e-02 -4.280000000000000471e-02 7.010000000000000953e-02 -9.100000000000003919e-03 -1.450000000000000074e-02 3.620000000000000301e-02 3.036010000000000444e-03 9.548100000000000554e-04 6.400000000000000134e-07 5.026810000000000479e-03 8.880399999999999882e-04 6.451599999999999826e-04 6.300100000000001836e-04 1.831840000000000378e-03 4.914010000000001641e-03 8.281000000000006943e-05 2.102500000000000148e-04 1.310440000000000172e-03 1.063965625000000000e+06 1.192573500000000000e+06
1.000000000000000000e+00 -3.819999999999999785e-02 -5.179999999999999882e-02 -6.930000000000000049e-02 2.000000000000000096e-04 -4.130000000000000338e-02 -6.740000000000000158e-02 1.690000000000000530e-02 -2.089999999999999844e-02 -6.850000000000000533e-02 7.110000000000001041e-02 -1.150000000000000328e-02 -4.200000000000000261e-02 1.459239999999999886e-03 2.683239999999999931e-03 4.802490000000000404e-03 4.000000000000000084e-08 1.705690000000000374e-03 4.542759999999999854e-03 2.856100000000001606e-04 4.368099999999999327e-04 4.692250000000001108e-03 5.055210000000001820e-03 1.322500000000000704e-04 1.764000000000000160e-03 1.065802125000000000e+06 1.194134250000000000e+06
1.000000000000000000e+00 3.200000000000000153e-03 -3.790000000000000313e-02 6.899999999999999883e-03 -1.569999999999999868e-02 -5.050000000000000322e-02 -3.710000000000000103e-02 4.139999999999999930e-02 1.389999999999999569e-02 7.620000000000000384e-02 -1.589999999999999747e-02 -9.199999999999999845e-03 3.030000000000000054e-02 1.024000000000000021e-05 1.436410000000000161e-03 4.760999999999999987e-05 2.464899999999999795e-04 2.550250000000000433e-03 1.376410000000000003e-03 1.713960000000000049e-03 1.932099999999998933e-04 5.806440000000000386e-03 2.528099999999999055e-04 8.464000000000000278e-05 9.180899999999999868e-04 1.065712625000000000e+06 1.194296250000000000e+06
1.000000000000000000e+00 -3.500000000000000333e-02 1.140000000000000041e-02 -6.279999999999999472e-02 -3.099999999999999891e-03 -4.270000000000000184e-02 -6.840000000000000246e-02 -3.820000000000000479e-02 4.930000000000000354e-02 -6.969999999999999807e-02 1.259999999999999835e-02 7.800000000000001377e-03 -3.130000000000000143e-02 1.225000000000000177e-03 1.299600000000000093e-04 3.943839999999999672e-03 9.609999999999999470e-06 1.823290000000000197e-03 4.678560000000000010e-03 1.459240000000000320e-03 2.430490000000000428e-03 4.858089999999999804e-03 1.587599999999999504e-04 6.084000000000002058e-05 9.796900000000000747e-04 1.065062750000000000e+06 1.192902000000000000e+06
1.000000000000000000e+00 6.599999999999999964e-03 -5.009999999999999870e-02 8.399999999999999481e-03 -8.800000000000000530e-03 -4.710000000000000298e-02 -3.420000000000000123e-02 4.160000000000000503e-02 -6.149999999999999911e-02 7.119999999999999940e-02 -5.700000000000000205e-03 -4.400000000000001132e-03 3.420000000000000123e-02 4.355999999999999629e-05 2.510010000000000019e-03 7.055999999999998851e-05 7.744000000000000395e-05 2.218410000000000087e-03 1.169640000000000003e-03 1.730560000000000345e-03 3.782250000000000022e-03 5.069439999999999710e-03 3.249000000000000233e-05 1.936000000000001115e-05 1.169640000000000003e-03 1.063853000000000000e+06 1.191593125000000000e+06
1.000000000000000000e+00 -2.779999999999999832e-02 -8.930000000000000437e-02 -7.159999999999999698e-02 2.299999999999999961e-03 -4.290000000000000063e-02 -5.940000000000000141e-02 -3.440000000000000002e-02 -3.920000000000000567e-02 -8.000000000000000167e-02 1.110000000000000049e-02 4.200000000000002343e-03 -2.520000000000000018e-02 7.728399999999998986e-04 7.974490000000000745e-03 5.126559999999999624e-03 5.290000000000000174e-06 1.840410000000000006e-03 3.528360000000000350e-03 1.183360000000000054e-03 1.536640000000000358e-03 6.400000000000000307e-03 1.232100000000000079e-04 1.764000000000002084e-05 6.350400000000000185e-04 1.063269500000000000e+06 1.192009625000000000e+06
1.000000000000000000e+00 2.060000000000000026e-02 -7.560000000000000053e-02 1.859999999999999848e-02 -2.899999999999999800e-03 -2.570000000000000062e-02 -9.599999999999999159e-03 4.839999999999999858e-02 1.370000000000000384e-02 9.020000000000000240e-02 -5.199999999999999761e-03 1.720000000000000001e-02 4.980000000000000399e-02 4.243600000000000367e-04 5.715360000000000058e-03 3.459599999999999199e-04 8.409999999999999101e-06 6.604900000000000137e-04 9.215999999999998499e-05 2.342560000000000042e-03 1.876900000000000953e-04 8.136040000000000633e-03 2.703999999999999861e-05 2.958400000000000135e-04 2.480040000000000196e-03 1.063462500000000000e+06 1.192060375000000000e+06
1.000000000000000000e+00 -1.020000000000000073e-02 -6.270000000000000573e-02 -8.000000000000000383e-04 1.170000000000000033e-02 -2.750000000000000014e-02 -2.750000000000000014e-02 -3.080000000000000099e-02 1.289999999999999480e-02 -1.939999999999999711e-02 1.460000000000000013e-02 -1.799999999999999517e-03 -1.789999999999999925e-02 1.040400000000000135e-04 3.931290000000000479e-03 6.400000000000000134e-07 1.368899999999999989e-04 7.562499999999999778e-04 7.562499999999999778e-04 9.486400000000000518e-04 1.664099999999998653e-04 3.763599999999998999e-04 2.131599999999999988e-04 3.239999999999998202e-06 3.204099999999999765e-04 1.063058375000000000e+06 1.189948875000000000e+06
1.000000000000000000e+00 3.139999999999999736e-02 -3.470000000000000168e-02 -6.539999999999999980e-02 1.899999999999999996e-03 5.300000000000000024e-03 2.340000000000000066e-02 4.159999999999999809e-02 2.800000000000000405e-02 -6.460000000000000464e-02 -9.799999999999999684e-03 3.280000000000000276e-02 5.090000000000000080e-02 9.859599999999999181e-04 1.204090000000000108e-03 4.277160000000000337e-03 3.610000000000000165e-06 2.809000000000000041e-05 5.475599999999999955e-04 1.730559999999999911e-03 7.840000000000001915e-04 4.173160000000000411e-03 9.603999999999999527e-05 1.075840000000000216e-03 2.590810000000000248e-03 1.063393625000000000e+06 1.191170125000000000e+06
1.000000000000000000e+00 -1.710000000000000062e-02 4.340000000000000108e-02 -6.300000000000000044e-03 1.600000000000000077e-03 4.700000000000000185e-03 -1.930000000000000118e-02 -4.850000000000000144e-02 7.810000000000000275e-02 5.909999999999999976e-02 -2.999999999999999195e-04 -5.999999999999998390e-04 -4.270000000000000184e-02 2.924100000000000006e-04 1.883560000000000052e-03 3.969000000000000116e-05 2.560000000000000054e-06 2.209000000000000026e-05 3.724900000000000606e-04 2.352250000000000174e-03 6.099610000000000101e-03 3.492809999999999838e-03 8.999999999999994563e-08 3.599999999999997825e-07 1.823290000000000197e-03 1.065541250000000000e+06 1.194598875000000000e+06
1.000000000000000000e+00 4.000000000000000083e-02 -1.080000000000000057e-02 1.389999999999999916e-02 -1.110000000000000049e-02 2.199999999999999872e-02 -2.899999999999999800e-03 5.709999999999999798e-02 -5.419999999999999818e-02 2.019999999999999921e-02 -1.270000000000000122e-02 1.729999999999999941e-02 1.640000000000000138e-02 1.600000000000000077e-03 1.166400000000000081e-04 1.932099999999999746e-04 1.232100000000000079e-04 4.839999999999999468e-04 8.409999999999999101e-06 3.260409999999999611e-03 2.937639999999999609e-03 4.080399999999999761e-04 1.612900000000000228e-04 2.992899999999999619e-04 2.689600000000000541e-04 1.065948375000000000e+06 1.193680125000000000e+06
1.000000000000000000e+00 -1.810000000000000150e-02 -6.919999999999999762e-02 2.450000000000000094e-02 -8.000000000000000383e-04 3.350000000000000200e-02 -3.799999999999999992e-03 -5.809999999999999887e-02 -5.839999999999999358e-02 1.060000000000000178e-02 1.030000000000000013e-02 1.150000000000000328e-02 -9.000000000000001922e-04 3.276100000000000431e-04 4.788639999999999390e-03 6.002500000000000890e-04 6.400000000000000134e-07 1.122250000000000201e-03 1.444000000000000066e-05 3.375609999999999809e-03 3.410559999999999113e-03 1.123600000000000423e-04 1.060900000000000092e-04 1.322500000000000704e-04 8.100000000000003975e-07 1.065785750000000000e+06 1.193374500000000000e+06
1.000000000000000000e+00 3.629999999999999893e-02 -1.600000000000000033e-02 3.740000000000000269e-02 -2.799999999999999972e-03 6.840000000000000246e-02 5.000000000000000104e-04 5.440000000000000391e-02 5.319999999999999729e-02 1.290000000000000174e-02 -2.000000000000000042e-03 3.490000000000000047e-02 4.300000000000000003e-03 1.317689999999999834e-03 2.559999999999999884e-04 1.398760000000000194e-03 7.839999999999999476e-06 4.678560000000000010e-03 2.499999999999999887e-07 2.959360000000000289e-03 2.830239999999999926e-03 1.664100000000000551e-04 3.999999999999999819e-06 1.218010000000000056e-03 1.849000000000000085e-05 1.064406125000000000e+06 1.193497250000000000e+06
1.000000000000000000e+00 -1.329999999999999932e-02 -6.499999999999999702e-03 -8.899999999999999578e-02 6.599999999999999964e-03 3.760000000000000148e-02 -1.250000000000000069e-02 -4.959999999999999826e-02 9.500000000000001499e-03 -1.264000000000000123e-01 9.400000000000000369e-03 -3.080000000000000099e-02 -1.300000000000000114e-02 1.768899999999999954e-04 4.224999999999999698e-05 7.920999999999999222e-03 4.355999999999999629e-05 1.413760000000000017e-03 1.562500000000000304e-04 2.460159999999999864e-03 9.025000000000002530e-05 1.597696000000000185e-02 8.836000000000000104e-05 9.486400000000000518e-04 1.690000000000000421e-04 1.064950000000000000e+06 1.194311625000000000e+06
1.000000000000000000e+00 3.989999999999999797e-02 -9.030000000000000526e-02 -5.999999999999999778e-02 -5.899999999999999863e-03 5.589999999999999830e-02 -5.799999999999999600e-03 5.319999999999999729e-02 -8.379999999999999949e-02 2.899999999999999800e-02 -1.250000000000000069e-02 1.829999999999999682e-02 6.700000000000001094e-03 1.592009999999999823e-03 8.154090000000000990e-03 3.599999999999999901e-03 3.481000000000000045e-05 3.124810000000000001e-03 3.363999999999999640e-05 2.830239999999999926e-03 7.022439999999999585e-03 8.409999999999998423e-04 1.562500000000000304e-04 3.348899999999999056e-04 4.489000000000001236e-05 1.065138750000000000e+06 1.193230375000000000e+06
1.000000000000000000e+00 -1.839999999999999969e-02 -8.340000000000000191e-02 -6.000000000000000125e-03 -3.700000000000000164e-03 -1.039999999999999952e-02 -9.799999999999999684e-03 -5.829999999999999766e-02 6.900000000000003353e-03 5.399999999999999939e-02 2.199999999999999699e-03 -6.629999999999999782e-02 -4.000000000000000083e-03 3.385600000000000111e-04 6.955560000000000388e-03 3.600000000000000091e-05 1.369000000000000106e-05 1.081599999999999944e-04 9.603999999999999527e-05 3.398889999999999897e-03 4.761000000000004730e-05 2.915999999999999755e-03 4.839999999999998553e-06 4.395689999999999840e-03 1.599999999999999928e-05 1.064496625000000000e+06 1.193257500000000000e+06
1.000000000000000000e+00 6.740000000000000158e-02 -3.740000000000000269e-02 -2.545999999999999930e-01 -1.000000000000000021e-02 1.060000000000000005e-02 5.700000000000000205e-03 8.580000000000000127e-02 4.599999999999999922e-02 -2.485999999999999877e-01 -6.300000000000000044e-03 2.099999999999999784e-02 1.549999999999999989e-02 4.542759999999999854e-03 1.398760000000000194e-03 6.482116000000000267e-02 1.000000000000000048e-04 1.123600000000000016e-04 3.249000000000000233e-05 7.361640000000000024e-03 2.115999999999999825e-03 6.180195999999999606e-02 3.969000000000000116e-05 4.409999999999999316e-04 2.402499999999999851e-04 1.064337750000000000e+06 1.193886000000000000e+06
1.000000000000000000e+00 -1.880000000000000074e-02 -4.630000000000000088e-02 -7.889999999999999791e-02 -8.699999999999999400e-03 4.309999999999999942e-02 -3.429999999999999716e-02 -8.619999999999999885e-02 -8.899999999999998190e-03 1.756999999999999951e-01 1.300000000000000808e-03 3.250000000000000111e-02 -3.999999999999999389e-02 3.534400000000000042e-04 2.143690000000000179e-03 6.225209999999999251e-03 7.568999999999998852e-05 1.857609999999999990e-03 1.176489999999999871e-03 7.430439999999999962e-03 7.920999999999996837e-05 3.087048999999999696e-02 1.690000000000002031e-06 1.056250000000000114e-03 1.599999999999999426e-03 1.063590750000000000e+06 1.191864000000000000e+06
1.000000000000000000e+00 -3.640000000000000180e-02 -4.599999999999999922e-02 1.444000000000000006e-01 -1.810000000000000150e-02 3.119999999999999857e-02 -6.529999999999999694e-02 -1.760000000000000106e-02 3.000000000000016542e-04 2.232999999999999985e-01 -9.400000000000002104e-03 -1.190000000000000085e-02 -3.099999999999999978e-02 1.324960000000000027e-03 2.115999999999999825e-03 2.085135999999999934e-02 3.276100000000000431e-04 9.734399999999998956e-04 4.264089999999999894e-03 3.097600000000000158e-04 9.000000000000099119e-08 4.986288999999999999e-02 8.836000000000004170e-05 1.416100000000000214e-04 9.609999999999999402e-04 1.065257500000000000e+06 1.194059625000000000e+06
1.000000000000000000e+00 -4.109999999999999765e-02 -2.160000000000000114e-02 1.319999999999999993e-02 -9.599999999999999159e-03 -1.909999999999999892e-02 -6.010000000000000064e-02 -4.699999999999995848e-03 2.439999999999999808e-02 -1.312000000000000111e-01 8.500000000000002345e-03 -5.029999999999999749e-02 5.199999999999996292e-03 1.689209999999999800e-03 4.665600000000000324e-04 1.742399999999999852e-04 9.215999999999998499e-05 3.648099999999999715e-04 3.612010000000000134e-03 2.208999999999995960e-05 5.953599999999998563e-04 1.721344000000000346e-02 7.225000000000003501e-05 2.530089999999999596e-03 2.703999999999996134e-05 1.065650875000000000e+06 1.194852625000000000e+06
1.000000000000000000e+00 -3.760000000000000148e-02 -8.050000000000000211e-02 -4.950000000000000233e-02 -5.300000000000000024e-03 8.099999999999999561e-03 -5.310000000000000137e-02 3.499999999999996170e-03 -5.890000000000000097e-02 -6.270000000000000573e-02 4.299999999999999135e-03 2.719999999999999848e-02 6.999999999999999278e-03 1.413760000000000017e-03 6.480250000000000767e-03 2.450250000000000171e-03 2.809000000000000041e-05 6.560999999999999016e-05 2.819610000000000172e-03 1.224999999999997250e-05 3.469209999999999915e-03 3.931290000000000479e-03 1.848999999999999407e-05 7.398399999999999638e-04 4.899999999999999164e-05 1.065446500000000000e+06 1.193845750000000000e+06
1.000000000000000000e+00 -2.779999999999999832e-02 -3.070000000000000159e-02 5.460000000000000270e-02 -9.100000000000000450e-03 2.429999999999999868e-02 -3.020000000000000115e-02 9.800000000000003153e-03 4.979999999999999705e-02 1.040999999999999981e-01 -3.800000000000000426e-03 1.619999999999999912e-02 2.290000000000000022e-02 7.728399999999998986e-04 9.424900000000001462e-04 2.981160000000000494e-03 8.281000000000000166e-05 5.904899999999999385e-04 9.120400000000000295e-04 9.604000000000006304e-05 2.480039999999999762e-03 1.083680999999999880e-02 1.444000000000000405e-05 2.624399999999999606e-04 5.244100000000000020e-04 1.064026125000000000e+06 1.191814750000000000e+06
1.000000000000000000e+00 -2.129999999999999949e-02 -1.739999999999999880e-02 -3.359999999999999792e-02 -7.499999999999999722e-03 4.560000000000000164e-02 -1.159999999999999920e-02 6.499999999999998834e-03 1.330000000000000279e-02 -8.820000000000000062e-02 1.600000000000000727e-03 2.130000000000000296e-02 1.860000000000000195e-02 4.536899999999999744e-04 3.027599999999999541e-04 1.128959999999999816e-03 5.624999999999999846e-05 2.079360000000000149e-03 1.345599999999999856e-04 4.224999999999998342e-05 1.768900000000000767e-04 7.779239999999999766e-03 2.560000000000002171e-06 4.536900000000001370e-04 3.459600000000000826e-04 1.063894250000000000e+06 1.190950000000000000e+06
1.000000000000000000e+00 -2.079999999999999905e-02 -6.880000000000000004e-02 -1.310000000000000053e-02 -2.399999999999999790e-03 5.170000000000000290e-02 -9.299999999999999239e-03 5.000000000000004441e-04 -5.140000000000000124e-02 2.049999999999999739e-02 5.100000000000000366e-03 6.100000000000001255e-03 2.299999999999999961e-03 4.326399999999999777e-04 4.733440000000000217e-03 1.716100000000000188e-04 5.759999999999999062e-06 2.672890000000000248e-03 8.648999999999997998e-05 2.500000000000004651e-07 2.641960000000000055e-03 4.202499999999998880e-04 2.601000000000000339e-05 3.721000000000001813e-05 5.290000000000000174e-06 1.064972375000000000e+06 1.191866875000000000e+06
1.000000000000000000e+00 -2.690000000000000030e-02 -5.650000000000000161e-02 -2.529999999999999957e-02 -4.300000000000000003e-03 -2.099999999999999870e-03 1.340000000000000045e-02 -6.100000000000001255e-03 1.229999999999999843e-02 -1.219999999999999904e-02 -1.900000000000000213e-03 -5.380000000000000060e-02 2.269999999999999796e-02 7.236099999999999650e-04 3.192250000000000209e-03 6.400899999999999515e-04 1.849000000000000085e-05 4.409999999999999282e-06 1.795600000000000223e-04 3.721000000000001813e-05 1.512899999999999694e-04 1.488399999999999641e-04 3.610000000000001012e-06 2.894439999999999860e-03 5.152899999999999538e-04 1.065342500000000000e+06 1.192268250000000000e+06
1.000000000000000000e+00 -1.030000000000000013e-02 -6.700000000000000400e-02 -9.550000000000000155e-02 -7.400000000000000328e-03 1.110000000000000049e-02 5.050000000000000322e-02 1.660000000000000017e-02 -1.050000000000000239e-02 -7.019999999999999851e-02 -3.100000000000000325e-03 1.319999999999999993e-02 3.710000000000000103e-02 1.060900000000000092e-04 4.489000000000000802e-03 9.120249999999999885e-03 5.476000000000000426e-05 1.232100000000000079e-04 2.550250000000000433e-03 2.755599999999999977e-04 1.102500000000000507e-04 4.928039999999999851e-03 9.610000000000002858e-06 1.742399999999999852e-04 1.376410000000000003e-03 1.065720875000000000e+06 1.192918750000000000e+06
1.000000000000000000e+00 -1.650000000000000078e-02 -4.700000000000000185e-03 -6.019999999999999657e-02 -1.140000000000000041e-02 1.159999999999999920e-02 4.379999999999999866e-02 -6.200000000000000649e-03 6.230000000000000121e-02 3.530000000000000498e-02 -4.000000000000000083e-03 4.999999999999987094e-04 -6.700000000000004563e-03 2.722500000000000310e-04 2.209000000000000026e-05 3.624039999999999380e-03 1.299600000000000093e-04 1.345599999999999856e-04 1.918439999999999989e-03 3.844000000000001143e-05 3.881290000000000347e-03 1.246090000000000262e-03 1.599999999999999928e-05 2.499999999999987181e-07 4.489000000000005979e-05 1.065245125000000000e+06 1.191497125000000000e+06
1.000000000000000000e+00 1.420000000000000082e-02 3.919999999999999873e-02 2.610000000000000167e-02 1.039999999999999952e-02 2.970000000000000070e-02 1.500000000000000031e-03 3.070000000000000159e-02 4.390000000000000152e-02 8.630000000000000171e-02 2.179999999999999993e-02 1.810000000000000150e-02 -4.229999999999999732e-02 2.016400000000000278e-04 1.536639999999999924e-03 6.812100000000001271e-04 1.081599999999999944e-04 8.820900000000000876e-04 2.250000000000000057e-06 9.424900000000001462e-04 1.927210000000000164e-03 7.447689999999999866e-03 4.752399999999999832e-04 3.276100000000000431e-04 1.789289999999999804e-03 1.066769750000000000e+06 1.193501000000000000e+06
1.000000000000000000e+00 3.479999999999999760e-02 3.880000000000000115e-02 -8.150000000000000300e-02 3.039999999999999994e-02 7.630000000000000671e-02 6.779999999999999916e-02 2.059999999999999679e-02 -3.999999999999975797e-04 -1.076000000000000012e-01 2.000000000000000042e-02 4.660000000000000253e-02 6.629999999999999782e-02 1.211039999999999816e-03 1.505440000000000033e-03 6.642250000000000584e-03 9.241600000000000422e-04 5.821690000000000892e-03 4.596839999999999607e-03 4.243599999999998740e-04 1.599999999999980711e-07 1.157775999999999944e-02 4.000000000000000192e-04 2.171560000000000330e-03 4.395689999999999840e-03 1.065830125000000000e+06 1.192199375000000000e+06
1.000000000000000000e+00 3.119999999999999857e-02 1.030999999999999972e-01 -5.879999999999999810e-02 2.949999999999999845e-02 7.430000000000000493e-02 6.410000000000000420e-02 -3.599999999999999034e-03 6.429999999999999605e-02 2.270000000000000490e-02 -9.000000000000014932e-04 -2.000000000000001776e-03 -3.699999999999994960e-03 9.734399999999998956e-04 1.062960999999999941e-02 3.457439999999999992e-03 8.702499999999999299e-04 5.520490000000001160e-03 4.108810000000000934e-03 1.295999999999999281e-05 4.134489999999999346e-03 5.152900000000001706e-04 8.100000000000027268e-07 4.000000000000007442e-06 1.368999999999996210e-05 1.064704750000000000e+06 1.190879125000000000e+06
1.000000000000000000e+00 5.199999999999999761e-02 -4.039999999999999841e-02 1.529999999999999936e-02 2.980000000000000010e-02 4.680000000000000132e-02 7.499999999999999722e-03 2.079999999999999905e-02 -1.434999999999999887e-01 7.409999999999999920e-02 3.000000000000016542e-04 -2.750000000000000361e-02 -5.660000000000000447e-02 2.703999999999999806e-03 1.632159999999999904e-03 2.340899999999999763e-04 8.880399999999999882e-04 2.190239999999999982e-03 5.624999999999999846e-05 4.326399999999999777e-04 2.059224999999999597e-02 5.490809999999999615e-03 9.000000000000099119e-08 7.562500000000001946e-04 3.203560000000000695e-03 1.065748875000000000e+06 1.191975125000000000e+06
1.000000000000000000e+00 7.820000000000000562e-02 -1.610999999999999932e-01 -1.512999999999999901e-01 4.760000000000000342e-02 5.229999999999999927e-02 -3.119999999999999857e-02 2.620000000000000800e-02 -1.207000000000000017e-01 -1.665999999999999981e-01 1.780000000000000332e-02 5.499999999999997946e-03 -3.869999999999999829e-02 6.115240000000000953e-03 2.595320999999999739e-02 2.289168999999999579e-02 2.265760000000000343e-03 2.735290000000000030e-03 9.734399999999998956e-04 6.864400000000004005e-04 1.456848999999999991e-02 2.775555999999999857e-02 3.168400000000001445e-04 3.024999999999997634e-05 1.497689999999999872e-03 1.069451375000000000e+06 1.195145375000000000e+06
1.000000000000000000e+00 -2.799999999999999972e-03 -1.673999999999999932e-01 -9.569999999999999341e-02 3.799999999999999906e-02 -3.370000000000000079e-02 -5.090000000000000080e-02 -8.100000000000000255e-02 -6.300000000000000044e-03 5.559999999999999665e-02 -9.600000000000004363e-03 -8.599999999999999312e-02 -1.970000000000000223e-02 7.839999999999999476e-06 2.802275999999999725e-02 9.158489999999998299e-03 1.443999999999999971e-03 1.135689999999999963e-03 2.590810000000000248e-03 6.560999999999999992e-03 3.969000000000000116e-05 3.091359999999999594e-03 9.216000000000007986e-05 7.395999999999998929e-03 3.880900000000001146e-04 1.067873375000000000e+06 1.192211500000000000e+06
1.000000000000000000e+00 -6.799999999999999621e-03 -2.900000000000000147e-02 -1.050000000000000065e-02 -3.230000000000000232e-02 -1.839999999999999969e-02 -5.680000000000000326e-02 -4.000000000000000083e-03 1.383999999999999952e-01 8.519999999999999796e-02 -7.030000000000000138e-02 1.530000000000000110e-02 -5.900000000000002465e-03 4.623999999999999774e-05 8.410000000000000591e-04 1.102500000000000100e-04 1.043290000000000103e-03 3.385600000000000111e-04 3.226240000000000444e-03 1.599999999999999928e-05 1.915455999999999756e-02 7.259039999999999590e-03 4.942090000000000545e-03 2.340900000000000305e-04 3.481000000000002755e-05 1.066636000000000000e+06 1.191048125000000000e+06
1.000000000000000000e+00 -8.200000000000000691e-03 3.009999999999999828e-02 -5.799999999999999600e-03 2.520000000000000018e-02 -1.299999999999999940e-02 -4.619999999999999801e-02 -1.400000000000001070e-03 5.909999999999999976e-02 4.700000000000001052e-03 5.750000000000000250e-02 5.400000000000000286e-03 1.060000000000000525e-02 6.724000000000001352e-05 9.060099999999998450e-04 3.363999999999999640e-05 6.350400000000000185e-04 1.689999999999999879e-04 2.134439999999999601e-03 1.960000000000002834e-06 3.492809999999999838e-03 2.209000000000001042e-05 3.306250000000000161e-03 2.916000000000000203e-05 1.123600000000001101e-04 1.066170750000000000e+06 1.190183500000000000e+06
1.000000000000000000e+00 -2.399999999999999790e-03 -1.230000000000000017e-02 -3.700000000000000164e-03 -3.980000000000000204e-02 -2.700000000000000143e-03 -3.130000000000000143e-02 5.800000000000001335e-03 -4.240000000000000019e-02 2.099999999999999437e-03 -6.500000000000000222e-02 1.030000000000000013e-02 1.489999999999999658e-02 5.759999999999999062e-06 1.512899999999999965e-04 1.369000000000000106e-05 1.584040000000000101e-03 7.290000000000000507e-06 9.796900000000000747e-04 3.364000000000001673e-05 1.797760000000000026e-03 4.409999999999997588e-06 4.225000000000000457e-03 1.060900000000000092e-04 2.220099999999998886e-04 1.066251500000000000e+06 1.190245875000000000e+06
1.000000000000000000e+00 -5.799999999999999600e-03 -8.580000000000000127e-02 3.130000000000000143e-02 1.729999999999999941e-02 3.470000000000000168e-02 -1.230000000000000017e-02 -3.399999999999999811e-03 -7.349999999999999589e-02 3.500000000000000333e-02 5.709999999999999798e-02 3.740000000000000269e-02 1.900000000000000300e-02 3.363999999999999640e-05 7.361640000000000024e-03 9.796900000000000747e-04 2.992899999999999619e-04 1.204090000000000108e-03 1.512899999999999965e-04 1.155999999999999943e-05 5.402249999999999067e-03 1.225000000000000177e-03 3.260409999999999611e-03 1.398760000000000194e-03 3.610000000000001012e-04 1.067040500000000000e+06 1.190809125000000000e+06
1.000000000000000000e+00 1.039999999999999952e-02 -6.940000000000000335e-02 3.790000000000000313e-02 -3.500000000000000333e-02 4.059999999999999720e-02 2.799999999999999972e-03 1.619999999999999912e-02 1.639999999999999791e-02 6.600000000000001699e-03 -5.229999999999999927e-02 5.899999999999995526e-03 1.510000000000000057e-02 1.081599999999999944e-04 4.816360000000000433e-03 1.436410000000000161e-03 1.225000000000000177e-03 1.648359999999999756e-03 7.839999999999999476e-06 2.624399999999999606e-04 2.689599999999999456e-04 4.356000000000002340e-05 2.735290000000000030e-03 3.480999999999994624e-05 2.280100000000000074e-04 1.066638000000000000e+06 1.189845000000000000e+06
1.000000000000000000e+00 -8.099999999999999561e-03 -2.309999999999999901e-02 5.499999999999999681e-03 2.510000000000000078e-02 2.400000000000000050e-02 2.380000000000000171e-02 -1.849999999999999908e-02 4.630000000000000782e-02 -3.240000000000000518e-02 6.010000000000000064e-02 -1.659999999999999670e-02 2.100000000000000130e-02 6.560999999999999016e-05 5.336099999999999004e-04 3.024999999999999667e-05 6.300100000000000752e-04 5.760000000000000146e-04 5.664400000000000858e-04 3.422499999999999436e-04 2.143690000000000612e-03 1.049760000000000276e-03 3.612010000000000134e-03 2.755599999999998892e-04 4.410000000000000400e-04 1.067184250000000000e+06 1.191158000000000000e+06
1.000000000000000000e+00 1.720000000000000001e-02 -2.699999999999999969e-02 -8.730000000000000260e-02 -4.159999999999999809e-02 1.159999999999999920e-02 2.259999999999999856e-02 2.529999999999999957e-02 -3.900000000000000688e-03 -9.280000000000000748e-02 -6.669999999999999540e-02 -1.240000000000000130e-02 -1.200000000000003147e-03 2.958400000000000135e-04 7.289999999999999388e-04 7.621290000000000182e-03 1.730559999999999911e-03 1.345599999999999856e-04 5.107599999999999684e-04 6.400899999999999515e-04 1.521000000000000515e-05 8.611840000000000814e-03 4.448889999999999616e-03 1.537600000000000457e-04 1.440000000000007600e-06 1.067664500000000000e+06 1.191990250000000000e+06
