1.000000000000000000e+00 -0.000000000000000000e+00 0.000000000000000000e+00 0.000000000000000000e+00 0.000000000000000000e+00 -0.000000000000000000e+00 -0.000000000000000000e+00 0.000000000000000000e+00 0.000000000000000000e+00 0.000000000000000000e+00 0.000000000000000000e+00 0.000000000000000000e+00 0.000000000000000000e+00 0.000000000000000000e+00 0.000000000000000000e+00 0.000000000000000000e+00 0.000000000000000000e+00 0.000000000000000000e+00 0.000000000000000000e+00 0.000000000000000000e+00 0.000000000000000000e+00 0.000000000000000000e+00 0.000000000000000000e+00 0.000000000000000000e+00 0.000000000000000000e+00 1.842256250000000000e+06 1.758827375000000000e+06
1.000000000000000000e+00 -4.250000000000000305e-02 1.117999999999999966e-01 1.630000000000000060e-01 1.290000000000000001e-02 2.009999999999999981e-02 -1.739999999999999880e-02 -4.250000000000000305e-02 1.117999999999999966e-01 1.630000000000000060e-01 1.290000000000000001e-02 2.009999999999999981e-02 -1.739999999999999880e-02 1.806250000000000347e-03 1.249924000000000000e-02 2.656900000000000234e-02 1.664100000000000008e-04 4.040100000000000028e-04 3.027599999999999541e-04 1.806250000000000347e-03 1.249924000000000000e-02 2.656900000000000234e-02 1.664100000000000008e-04 4.040100000000000028e-04 3.027599999999999541e-04 1.843543125000000000e+06 1.759760500000000000e+06
1.000000000000000000e+00 8.399999999999999481e-03 -2.000000000000000096e-04 9.450000000000000067e-02 -2.539999999999999897e-02 7.979999999999999594e-02 -6.999999999999999929e-04 5.090000000000000080e-02 -1.120000000000000023e-01 -6.850000000000000533e-02 -3.830000000000000071e-02 5.969999999999999613e-02 1.669999999999999957e-02 7.055999999999998851e-05 4.000000000000000084e-08 8.930250000000000687e-03 6.451599999999999826e-04 6.368039999999999291e-03 4.899999999999999672e-07 2.590810000000000248e-03 1.254400000000000133e-02 4.692250000000001108e-03 1.466889999999999991e-03 3.564089999999999359e-03 2.788900000000000081e-04 1.844564625000000000e+06 1.756989625000000000e+06
1.000000000000000000e+00 -5.460000000000000270e-02 3.359999999999999792e-02 1.355000000000000093e-01 -2.970000000000000070e-02 7.230000000000000315e-02 2.899999999999999800e-03 -6.300000000000000044e-02 3.379999999999999671e-02 4.100000000000000866e-02 -4.300000000000001737e-03 -7.499999999999992784e-03 3.599999999999999901e-03 2.981160000000000494e-03 1.128959999999999816e-03 1.836025000000000157e-02 8.820900000000000876e-04 5.227290000000000755e-03 8.409999999999999101e-06 3.969000000000000306e-03 1.142439999999999775e-03 1.681000000000000636e-03 1.849000000000001440e-05 5.624999999999989004e-05 1.295999999999999958e-05 1.844674625000000000e+06 1.758585625000000000e+06
1.000000000000000000e+00 -4.730000000000000177e-02 -5.999999999999999778e-02 1.854000000000000092e-01 -3.139999999999999736e-02 6.429999999999999605e-02 -2.840000000000000163e-02 7.300000000000000933e-03 -9.359999999999998876e-02 4.989999999999999991e-02 -1.699999999999996653e-03 -8.000000000000007105e-03 -3.130000000000000143e-02 2.237290000000000285e-03 3.599999999999999901e-03 3.437316000000000676e-02 9.859599999999999181e-04 4.134489999999999346e-03 8.065600000000001111e-04 5.329000000000001325e-05 8.760959999999998193e-03 2.490009999999999966e-03 2.889999999999988424e-06 6.400000000000011908e-05 9.796900000000000747e-04 1.850912125000000000e+06 1.759485875000000000e+06
1.000000000000000000e+00 -6.710000000000000686e-02 -0.000000000000000000e+00 1.519999999999999962e-01 -6.310000000000000331e-02 2.963999999999999968e-01 -2.409999999999999989e-02 -1.980000000000000510e-02 5.999999999999999778e-02 -3.340000000000001301e-02 -3.170000000000000595e-02 2.321000000000000008e-01 4.300000000000001737e-03 4.502410000000000960e-03 0.000000000000000000e+00 2.310399999999999954e-02 3.981610000000000010e-03 8.785295999999999383e-02 5.808099999999999635e-04 3.920400000000001835e-04 3.599999999999999901e-03 1.115560000000000900e-03 1.004890000000000470e-03 5.387041000000000052e-02 1.849000000000001440e-05 1.852303125000000000e+06 1.760861375000000000e+06
1.000000000000000000e+00 -2.599999999999999881e-02 2.889999999999999861e-02 7.839999999999999747e-02 -2.790000000000000119e-02 2.281999999999999862e-01 -1.650000000000000078e-02 4.110000000000001152e-02 2.889999999999999861e-02 -7.359999999999999876e-02 3.520000000000000212e-02 -6.820000000000001061e-02 7.599999999999999117e-03 6.759999999999999516e-04 8.352099999999999672e-04 6.146559999999999697e-03 7.784100000000001044e-04 5.207523999999999487e-02 2.722500000000000310e-04 1.689210000000000884e-03 8.352099999999999672e-04 5.416960000000000178e-03 1.239040000000000063e-03 4.651240000000001797e-03 5.775999999999998909e-05 1.853449000000000000e+06 1.756204750000000000e+06
1.000000000000000000e+00 -3.160000000000000309e-02 -1.218999999999999945e-01 1.680000000000000104e-01 -3.629999999999999893e-02 -5.300000000000000024e-03 -2.709999999999999909e-02 -5.600000000000004280e-03 -1.507999999999999896e-01 8.960000000000001297e-02 -8.399999999999997746e-03 -2.334999999999999853e-01 -1.059999999999999831e-02 9.985600000000001159e-04 1.485960999999999879e-02 2.822400000000000256e-02 1.317689999999999834e-03 2.809000000000000041e-05 7.344099999999999023e-04 3.136000000000004534e-05 2.274063999999999600e-02 8.028160000000002933e-03 7.055999999999996140e-05 5.452224999999999433e-02 1.123599999999999610e-04 1.851803875000000000e+06 1.752771250000000000e+06
1.000000000000000000e+00 -3.230000000000000232e-02 -3.209999999999999659e-02 4.669999999999999846e-02 -4.399999999999999745e-02 2.740000000000000074e-02 -2.850000000000000103e-02 -6.999999999999992339e-04 8.979999999999999094e-02 -1.213000000000000189e-01 -7.699999999999998512e-03 3.269999999999999990e-02 -1.400000000000001937e-03 1.043290000000000103e-03 1.030409999999999833e-03 2.180889999999999999e-03 1.935999999999999787e-03 7.507600000000000558e-04 8.122500000000000379e-04 4.899999999999989084e-07 8.064039999999998015e-03 1.471369000000000496e-02 5.928999999999997613e-05 1.069290000000000084e-03 1.960000000000005375e-06 1.850028375000000000e+06 1.747661000000000000e+06
1.000000000000000000e+00 -4.610000000000000209e-02 -5.899999999999999863e-03 3.139999999999999736e-02 -4.830000000000000265e-02 -2.670000000000000151e-02 -3.839999999999999664e-02 -1.379999999999999977e-02 2.619999999999999760e-02 -1.530000000000000110e-02 -4.300000000000005207e-03 -5.410000000000000225e-02 -9.899999999999995609e-03 2.125210000000000207e-03 3.481000000000000045e-05 9.859599999999999181e-04 2.332890000000000224e-03 7.128900000000000948e-04 1.474559999999999760e-03 1.904399999999999995e-04 6.864399999999998584e-04 2.340900000000000305e-04 1.849000000000004489e-05 2.926810000000000175e-03 9.800999999999991034e-05 1.849536625000000000e+06 1.750466375000000000e+06
1.000000000000000000e+00 -9.160000000000000087e-02 -9.220000000000000417e-02 -8.000000000000000167e-02 -4.490000000000000241e-02 -7.570000000000000340e-02 -3.119999999999999857e-02 -4.549999999999999878e-02 -8.630000000000000171e-02 -1.113999999999999990e-01 3.400000000000000244e-03 -4.900000000000000189e-02 7.199999999999998068e-03 8.390560000000000032e-03 8.500840000000000826e-03 6.400000000000000307e-03 2.016010000000000371e-03 5.730490000000000410e-03 9.734399999999998956e-04 2.070250000000000042e-03 7.447689999999999866e-03 1.240995999999999939e-02 1.156000000000000113e-05 2.401000000000000356e-03 5.183999999999997123e-05 1.848589375000000000e+06 1.751035000000000000e+06
1.000000000000000000e+00 -1.057000000000000023e-01 -5.949999999999999734e-02 5.729999999999999677e-02 2.999999999999999737e-04 7.799999999999999642e-03 -5.290000000000000258e-02 -1.410000000000000142e-02 3.270000000000000684e-02 1.373000000000000054e-01 4.520000000000000406e-02 8.350000000000000477e-02 -2.170000000000000401e-02 1.117249000000000020e-02 3.540249999999999560e-03 3.283289999999999473e-03 8.999999999999998534e-08 6.083999999999999348e-05 2.798410000000000307e-03 1.988100000000000294e-04 1.069290000000000518e-03 1.885129000000000318e-02 2.043040000000000307e-03 6.972250000000001016e-03 4.708900000000001756e-04 1.845332625000000000e+06 1.749304500000000000e+06
1.000000000000000000e+00 -8.809999999999999776e-02 7.480000000000000537e-02 1.587000000000000077e-01 3.500000000000000333e-02 3.590000000000000135e-02 -7.069999999999999896e-02 1.760000000000000453e-02 1.343000000000000027e-01 1.014000000000000179e-01 3.470000000000000168e-02 2.809999999999999998e-02 -1.779999999999999638e-02 7.761609999999999517e-03 5.595040000000000777e-03 2.518569000000000363e-02 1.225000000000000177e-03 1.288810000000000042e-03 4.998489999999999531e-03 3.097600000000001784e-04 1.803649000000000224e-02 1.028196000000000318e-02 1.204090000000000108e-03 7.896100000000000514e-04 3.168399999999998735e-04 1.845043625000000000e+06 1.751383000000000000e+06
1.000000000000000000e+00 -1.899999999999999953e-02 1.799999999999999864e-02 5.800000000000000294e-02 -9.700000000000000289e-03 2.040000000000000147e-02 -5.539999999999999786e-02 6.909999999999999476e-02 -5.680000000000000326e-02 -1.007000000000000117e-01 -4.470000000000000362e-02 -1.549999999999999989e-02 1.530000000000000110e-02 3.609999999999999928e-04 3.239999999999999608e-04 3.364000000000000237e-03 9.409000000000000208e-05 4.161600000000000542e-04 3.069159999999999597e-03 4.774809999999999124e-03 3.226240000000000444e-03 1.014049000000000200e-02 1.998090000000000109e-03 2.402499999999999851e-04 2.340900000000000305e-04 1.846720625000000000e+06 1.753737250000000000e+06
1.000000000000000000e+00 -1.246000000000000024e-01 2.220000000000000098e-02 5.009999999999999870e-02 -3.509999999999999926e-02 -4.270000000000000184e-02 -1.499999999999999944e-02 -1.055999999999999994e-01 4.200000000000002343e-03 -7.900000000000004241e-03 -2.539999999999999897e-02 -6.310000000000000331e-02 4.039999999999999841e-02 1.552516000000000139e-02 4.928400000000000315e-04 2.510010000000000019e-03 1.232009999999999963e-03 1.823290000000000197e-03 2.249999999999999938e-04 1.115135999999999905e-02 1.764000000000002084e-05 6.241000000000006146e-05 6.451599999999999826e-04 3.981610000000000010e-03 1.632159999999999904e-03 1.848866250000000000e+06 1.754199750000000000e+06
1.000000000000000000e+00 -2.989999999999999949e-02 2.599999999999999881e-03 1.111999999999999933e-01 -1.959999999999999937e-02 4.199999999999999740e-03 -7.169999999999999984e-02 9.470000000000000639e-02 -1.959999999999999937e-02 6.109999999999999459e-02 1.549999999999999989e-02 4.690000000000000419e-02 -5.670000000000000040e-02 8.940099999999999870e-04 6.759999999999999652e-06 1.236543999999999838e-02 3.841599999999999811e-04 1.763999999999999713e-05 5.140890000000000390e-03 8.968090000000001477e-03 3.841599999999999811e-04 3.733209999999999393e-03 2.402499999999999851e-04 2.199610000000000280e-03 3.214890000000000195e-03 1.846604125000000000e+06 1.754765375000000000e+06
1.000000000000000000e+00 -1.108999999999999986e-01 1.945999999999999952e-01 1.748000000000000109e-01 -8.229999999999999816e-02 -4.789999999999999813e-02 -5.539999999999999786e-02 -8.100000000000000255e-02 1.920000000000000040e-01 6.360000000000001763e-02 -6.270000000000000573e-02 -5.210000000000000048e-02 1.630000000000000199e-02 1.229881000000000030e-02 3.786915999999999893e-02 3.055504000000000553e-02 6.773289999999999519e-03 2.294409999999999766e-03 3.069159999999999597e-03 6.560999999999999992e-03 3.686400000000000093e-02 4.044960000000001957e-03 3.931290000000000479e-03 2.714410000000000000e-03 2.656900000000000667e-04 1.849274500000000000e+06 1.759672125000000000e+06
1.000000000000000000e+00 -8.920000000000000151e-02 1.875999999999999890e-01 1.811000000000000110e-01 -1.257999999999999952e-01 -6.999999999999999929e-04 -1.019999999999999934e-01 2.169999999999999707e-02 -7.000000000000006217e-03 6.300000000000000044e-03 -4.349999999999999700e-02 4.719999999999999890e-02 -4.659999999999999559e-02 7.956640000000000934e-03 3.519375999999999755e-02 3.279721000000000719e-02 1.582563999999999846e-02 4.899999999999999672e-07 1.040399999999999832e-02 4.708899999999998504e-04 4.900000000000008651e-05 3.969000000000000116e-05 1.892249999999999835e-03 2.227840000000000029e-03 2.171559999999999463e-03 1.849607000000000000e+06 1.760336500000000000e+06
1.000000000000000000e+00 -1.949999999999999997e-02 -3.350000000000000200e-02 8.329999999999999905e-02 -1.325999999999999956e-01 2.308000000000000052e-01 1.899999999999999996e-03 6.969999999999999807e-02 -2.210999999999999910e-01 -9.780000000000001192e-02 -6.800000000000000488e-03 2.315000000000000113e-01 1.038999999999999924e-01 3.802499999999999999e-04 1.122250000000000201e-03 6.938889999999999642e-03 1.758275999999999936e-02 5.326863999999999905e-02 3.610000000000000165e-06 4.858089999999999804e-03 4.888520999999999839e-02 9.564840000000001535e-03 4.624000000000000451e-05 5.359225000000000794e-02 1.079520999999999779e-02 1.851646500000000000e+06 1.768750375000000000e+06
1.000000000000000000e+00 -1.127999999999999975e-01 -7.090000000000000469e-02 -1.327000000000000124e-01 -5.249999999999999806e-02 4.555000000000000160e-01 9.199999999999999845e-02 -9.329999999999999405e-02 -3.740000000000000269e-02 -2.160000000000000253e-01 8.010000000000000453e-02 2.247000000000000108e-01 9.009999999999999953e-02 1.272384000000000015e-02 5.026810000000000479e-03 1.760929000000000313e-02 2.756249999999999586e-03 2.074802500000000050e-01 8.463999999999999302e-03 8.704889999999998115e-03 1.398760000000000194e-03 4.665600000000000996e-02 6.416010000000000636e-03 5.049009000000000830e-02 8.118010000000000156e-03 1.854209125000000000e+06 1.770756625000000000e+06
1.000000000000000000e+00 -1.000000000000000048e-04 -1.062000000000000027e-01 -5.489999999999999741e-02 -6.189999999999999669e-02 9.840000000000000135e-02 3.250000000000000111e-02 1.126999999999999946e-01 -3.529999999999999805e-02 7.780000000000000804e-02 -9.399999999999998634e-03 -3.571000000000000285e-01 -5.949999999999999734e-02 1.000000000000000021e-08 1.127844000000000069e-02 3.014009999999999693e-03 3.831609999999999617e-03 9.682559999999999778e-03 1.056250000000000114e-03 1.270128999999999876e-02 1.246089999999999828e-03 6.052840000000001171e-03 8.835999999999997394e-05 1.275204100000000285e-01 3.540249999999999560e-03 1.855925250000000000e+06 1.767716375000000000e+06
1.000000000000000000e+00 -8.600000000000000006e-03 -1.733999999999999986e-01 2.051999999999999935e-01 -9.299999999999999933e-02 -3.309999999999999748e-02 7.000000000000000666e-02 -8.500000000000000611e-03 -6.719999999999999585e-02 2.600999999999999979e-01 -3.110000000000000264e-02 -1.315000000000000058e-01 3.750000000000000555e-02 7.396000000000000339e-05 3.006756000000000012e-02 4.210703999999999836e-02 8.649000000000000438e-03 1.095609999999999900e-03 4.900000000000000709e-03 7.225000000000000790e-05 4.515839999999999264e-03 6.765200999999999854e-02 9.672100000000001399e-04 1.729225000000000206e-02 1.406250000000000382e-03 1.850623750000000000e+06 1.756187250000000000e+06
1.000000000000000000e+00 -2.249999999999999917e-02 7.249999999999999500e-02 2.497000000000000053e-01 -8.659999999999999643e-02 -2.500000000000000052e-03 9.800000000000000377e-02 -1.389999999999999916e-02 2.459000000000000075e-01 4.450000000000001177e-02 6.400000000000002909e-03 3.059999999999999873e-02 2.799999999999999711e-02 5.062499999999999726e-04 5.256249999999999638e-03 6.235009000000000384e-02 7.499559999999999733e-03 6.250000000000000300e-06 9.604000000000001425e-03 1.932099999999999746e-04 6.046681000000000278e-02 1.980250000000001107e-03 4.096000000000003474e-05 9.363599999999999051e-04 7.839999999999998663e-04 1.857185000000000000e+06 1.762698750000000000e+06
1.000000000000000000e+00 4.700000000000000185e-03 1.832999999999999907e-01 7.080000000000000182e-02 -8.050000000000000211e-02 -5.499999999999999681e-03 4.780000000000000221e-02 2.719999999999999848e-02 1.107999999999999957e-01 -1.789000000000000035e-01 6.099999999999994316e-03 -2.999999999999999629e-03 -5.020000000000000157e-02 2.209000000000000026e-05 3.359888999999999931e-02 5.012640000000000498e-03 6.480250000000000767e-03 3.024999999999999667e-05 2.284840000000000221e-03 7.398399999999999638e-04 1.227663999999999839e-02 3.200520999999999922e-02 3.720999999999993003e-05 8.999999999999998534e-06 2.520040000000000301e-03 1.859798625000000000e+06 1.769454250000000000e+06
1.000000000000000000e+00 3.339999999999999913e-02 7.480000000000000537e-02 9.310000000000000220e-02 -5.009999999999999870e-02 1.000000000000000021e-03 3.939999999999999752e-02 2.869999999999999982e-02 -1.084999999999999853e-01 2.230000000000000038e-02 3.040000000000000341e-02 6.499999999999999702e-03 -8.400000000000004685e-03 1.115560000000000032e-03 5.595040000000000777e-03 8.667610000000000939e-03 2.510010000000000019e-03 9.999999999999999547e-07 1.552359999999999808e-03 8.236899999999999691e-04 1.177224999999999626e-02 4.972900000000000584e-04 9.241600000000002590e-04 4.224999999999999698e-05 7.056000000000008337e-05 1.859420625000000000e+06 1.768006750000000000e+06
1.000000000000000000e+00 -1.499999999999999944e-02 1.050000000000000065e-02 1.355999999999999983e-01 -5.670000000000000040e-02 -1.060000000000000005e-02 1.170000000000000033e-02 -4.839999999999999858e-02 -6.430000000000000993e-02 4.249999999999999611e-02 -6.600000000000001699e-03 -1.159999999999999920e-02 -2.769999999999999546e-02 2.249999999999999938e-04 1.102500000000000100e-04 1.838735999999999843e-02 3.214890000000000195e-03 1.123600000000000016e-04 1.368899999999999989e-04 2.342560000000000042e-03 4.134490000000001081e-03 1.806249999999999696e-03 4.356000000000002340e-05 1.345599999999999856e-04 7.672899999999997908e-04 1.857793500000000000e+06 1.761310000000000000e+06
1.000000000000000000e+00 1.319999999999999993e-02 -1.980000000000000163e-02 1.340000000000000080e-01 -4.440000000000000197e-02 -1.190000000000000085e-02 -1.299999999999999940e-03 2.819999999999999937e-02 -3.030000000000000054e-02 -1.599999999999990319e-03 1.229999999999999843e-02 -1.300000000000000808e-03 -1.300000000000000114e-02 1.742399999999999852e-04 3.920400000000000751e-04 1.795600000000000321e-02 1.971360000000000126e-03 1.416100000000000214e-04 1.689999999999999913e-06 7.952400000000000094e-04 9.180899999999999868e-04 2.559999999999969137e-06 1.512899999999999694e-04 1.690000000000002031e-06 1.690000000000000421e-04 1.858188125000000000e+06 1.753653750000000000e+06
1.000000000000000000e+00 1.170000000000000033e-02 -2.309999999999999901e-02 1.723999999999999977e-01 -4.800000000000000100e-02 -1.799999999999999951e-03 3.899999999999999821e-03 -1.499999999999999598e-03 -3.299999999999997380e-03 3.839999999999998970e-02 -3.599999999999999034e-03 1.010000000000000134e-02 5.199999999999999761e-03 1.368899999999999989e-04 5.336099999999999004e-04 2.972175999999999985e-02 2.304000000000000058e-03 3.239999999999999896e-06 1.520999999999999837e-05 2.249999999999998786e-06 1.088999999999998213e-05 1.474559999999999109e-03 1.295999999999999281e-05 1.020100000000000211e-04 2.703999999999999861e-05 1.854519875000000000e+06 1.742188625000000000e+06
1.000000000000000000e+00 -5.419999999999999818e-02 2.280000000000000082e-02 1.118999999999999995e-01 -4.889999999999999902e-02 -9.400000000000000369e-03 -1.399999999999999986e-03 -6.590000000000000024e-02 4.589999999999999636e-02 -6.049999999999999822e-02 -8.999999999999980238e-04 -7.600000000000000852e-03 -5.300000000000000024e-03 2.937639999999999609e-03 5.198400000000000373e-04 1.252161000000000073e-02 2.391209999999999950e-03 8.836000000000000104e-05 1.959999999999999869e-06 4.342809999999999900e-03 2.106809999999999759e-03 3.660249999999999875e-03 8.099999999999964799e-07 5.776000000000001619e-05 2.809000000000000041e-05 1.855100500000000000e+06 1.737542500000000000e+06
1.000000000000000000e+00 -6.629999999999999782e-02 5.400000000000000286e-03 2.104999999999999927e-01 -4.859999999999999737e-02 9.100000000000000450e-03 -2.100000000000000130e-02 -1.209999999999999964e-02 -1.739999999999999880e-02 9.859999999999999321e-02 3.000000000000016542e-04 1.850000000000000255e-02 -1.960000000000000284e-02 4.395689999999999840e-03 2.916000000000000203e-05 4.431024999999999547e-02 2.361959999999999754e-03 8.281000000000000166e-05 4.410000000000000400e-04 1.464100000000000026e-04 3.027599999999999541e-04 9.721959999999998242e-03 9.000000000000099119e-08 3.422500000000001062e-04 3.841600000000000895e-04 1.854311125000000000e+06 1.736579500000000000e+06
1.000000000000000000e+00 -6.930000000000000049e-02 3.099999999999999891e-03 1.111000000000000043e-01 -8.500000000000000611e-03 -7.199999999999999803e-03 -4.019999999999999962e-02 -3.000000000000002665e-03 -2.300000000000000395e-03 -9.939999999999998836e-02 4.009999999999999676e-02 -1.630000000000000199e-02 -1.919999999999999832e-02 4.802490000000000404e-03 9.609999999999999470e-06 1.234321000000000029e-02 7.225000000000000790e-05 5.183999999999999833e-05 1.616040000000000011e-03 9.000000000000015475e-06 5.290000000000001868e-06 9.880359999999997755e-03 1.608009999999999778e-03 2.656900000000000667e-04 3.686399999999999400e-04 1.852846125000000000e+06 1.732931125000000000e+06
1.000000000000000000e+00 -6.350000000000000089e-02 3.860000000000000236e-02 1.791000000000000092e-01 1.760000000000000106e-02 -1.287999999999999978e-01 -4.889999999999999902e-02 5.799999999999999600e-03 3.550000000000000377e-02 6.800000000000000488e-02 2.610000000000000167e-02 -1.215999999999999998e-01 -8.699999999999999400e-03 4.032250000000000244e-03 1.489960000000000243e-03 3.207681000000000421e-02 3.097600000000000158e-04 1.658944000000000044e-02 2.391209999999999950e-03 3.363999999999999640e-05 1.260250000000000302e-03 4.624000000000000506e-03 6.812100000000001271e-04 1.478656000000000068e-02 7.568999999999998852e-05 1.850730875000000000e+06 1.731101000000000000e+06
1.000000000000000000e+00 -5.330000000000000016e-02 -3.899999999999999821e-03 9.030000000000000526e-02 4.220000000000000140e-02 1.020000000000000073e-02 -6.510000000000000508e-02 1.020000000000000073e-02 -4.250000000000000305e-02 -8.880000000000000393e-02 2.460000000000000034e-02 1.390000000000000124e-01 -1.620000000000000606e-02 2.840889999999999995e-03 1.520999999999999837e-05 8.154090000000000990e-03 1.780840000000000114e-03 1.040400000000000135e-04 4.238010000000000388e-03 1.040400000000000135e-04 1.806250000000000347e-03 7.885440000000000504e-03 6.051599999999999861e-04 1.932100000000000484e-02 2.624400000000001775e-04 1.848432125000000000e+06 1.728938000000000000e+06
1.000000000000000000e+00 -5.269999999999999685e-02 5.460000000000000270e-02 8.530000000000000082e-02 -1.549999999999999989e-02 1.083999999999999964e-01 -6.160000000000000198e-02 6.000000000000033085e-04 5.850000000000000339e-02 -5.000000000000004441e-03 -5.770000000000000129e-02 9.819999999999999563e-02 3.500000000000003109e-03 2.777289999999999533e-03 2.981160000000000494e-03 7.276089999999999815e-03 2.402499999999999851e-04 1.175055999999999844e-02 3.794560000000000207e-03 3.600000000000039648e-07 3.422250000000000379e-03 2.500000000000004524e-05 3.329289999999999940e-03 9.643239999999999104e-03 1.225000000000002163e-05 1.849025500000000000e+06 1.734366500000000000e+06
1.000000000000000000e+00 -7.040000000000000424e-02 1.349999999999999985e-02 1.043000000000000038e-01 -1.110000000000000049e-02 -5.419999999999999818e-02 -8.999999999999999320e-03 -1.770000000000000739e-02 -4.110000000000000459e-02 1.900000000000000300e-02 4.399999999999999398e-03 -1.625999999999999945e-01 5.260000000000000092e-02 4.956160000000000253e-03 1.822499999999999847e-04 1.087849000000000108e-02 1.232100000000000079e-04 2.937639999999999609e-03 8.099999999999999019e-05 3.132900000000002480e-04 1.689210000000000451e-03 3.610000000000001012e-04 1.935999999999999421e-05 2.643875999999999865e-02 2.766760000000000053e-03 1.850099250000000000e+06 1.737655625000000000e+06
1.000000000000000000e+00 -7.470000000000000251e-02 1.689999999999999836e-02 1.688000000000000056e-01 -9.599999999999999159e-03 -4.809999999999999692e-02 -1.170000000000000033e-02 -4.299999999999998268e-03 3.399999999999998510e-03 6.450000000000000178e-02 1.500000000000001332e-03 6.100000000000001255e-03 -2.700000000000001010e-03 5.580090000000000224e-03 2.856099999999999438e-04 2.849344000000000182e-02 9.215999999999998499e-05 2.313609999999999799e-03 1.368899999999999989e-04 1.848999999999998391e-05 1.155999999999998927e-05 4.160249999999999886e-03 2.250000000000003869e-06 3.721000000000001813e-05 7.290000000000005589e-06 1.845175875000000000e+06 1.734854500000000000e+06
1.000000000000000000e+00 -9.429999999999999494e-02 2.469999999999999973e-02 8.169999999999999485e-02 -2.419999999999999929e-02 -7.000000000000000666e-02 -4.889999999999999902e-02 -1.959999999999999243e-02 7.800000000000001377e-03 -8.710000000000001075e-02 -1.460000000000000013e-02 -2.190000000000000974e-02 -3.719999999999999696e-02 8.892489999999999423e-03 6.100899999999999813e-04 6.674889999999999296e-03 5.856400000000000104e-04 4.900000000000000709e-03 2.391209999999999950e-03 3.841599999999997100e-04 6.084000000000002058e-05 7.586410000000001763e-03 2.131599999999999988e-04 4.796100000000004309e-04 1.383839999999999680e-03 1.845115375000000000e+06 1.736354125000000000e+06
1.000000000000000000e+00 -8.870000000000000107e-02 4.449999999999999789e-02 1.260000000000000009e-01 -5.499999999999999681e-03 -7.760000000000000231e-02 -6.310000000000000331e-02 5.599999999999993872e-03 1.979999999999999816e-02 4.430000000000000604e-02 1.870000000000000134e-02 -7.599999999999995648e-03 -1.420000000000000429e-02 7.867690000000000100e-03 1.980249999999999806e-03 1.587600000000000122e-02 3.024999999999999667e-05 6.021760000000000133e-03 3.981610000000000010e-03 3.135999999999993014e-05 3.920399999999999124e-04 1.962490000000000328e-03 3.496900000000000485e-04 5.775999999999993488e-05 2.016400000000001091e-04 1.844542625000000000e+06 1.738656625000000000e+06
1.000000000000000000e+00 -2.529999999999999957e-02 6.069999999999999701e-02 1.184999999999999942e-01 1.009999999999999960e-02 -4.390000000000000152e-02 -6.130000000000000032e-02 6.339999999999999802e-02 1.619999999999999912e-02 -7.500000000000006661e-03 1.559999999999999928e-02 3.370000000000000079e-02 1.800000000000002986e-03 6.400899999999999515e-04 3.684489999999999467e-03 1.404224999999999918e-02 1.020099999999999940e-04 1.927210000000000164e-03 3.757690000000000162e-03 4.019560000000000147e-03 2.624399999999999606e-04 5.625000000000010010e-05 2.433599999999999739e-04 1.135689999999999963e-03 3.240000000000010907e-06 1.846497250000000000e+06 1.743258250000000000e+06
1.000000000000000000e+00 -7.169999999999999984e-02 7.770000000000000517e-02 1.200999999999999984e-01 2.359999999999999945e-02 -7.049999999999999323e-02 5.000000000000000104e-03 -4.639999999999999680e-02 1.700000000000000816e-02 1.600000000000004197e-03 1.349999999999999985e-02 -2.659999999999999171e-02 6.629999999999999782e-02 5.140890000000000390e-03 6.037290000000000711e-03 1.442400999999999926e-02 5.569600000000000072e-04 4.970249999999998974e-03 2.500000000000000120e-05 2.152959999999999770e-03 2.890000000000003027e-04 2.560000000000013606e-06 1.822499999999999847e-04 7.075599999999995478e-04 4.395689999999999840e-03 1.848833125000000000e+06 1.748769500000000000e+06
1.000000000000000000e+00 -2.419999999999999929e-02 1.025999999999999968e-01 1.471000000000000085e-01 -3.119999999999999857e-02 -6.350000000000000089e-02 -1.250000000000000069e-02 4.750000000000000056e-02 2.489999999999999158e-02 2.700000000000001010e-02 -5.480000000000000149e-02 6.999999999999992339e-03 -1.750000000000000167e-02 5.856400000000000104e-04 1.052675999999999959e-02 2.163841000000000375e-02 9.734399999999998956e-04 4.032250000000000244e-03 1.562500000000000304e-04 2.256250000000000009e-03 6.200099999999996152e-04 7.290000000000005894e-04 3.003040000000000223e-03 4.899999999999989000e-05 3.062500000000000443e-04 1.849110625000000000e+06 1.752866250000000000e+06
1.000000000000000000e+00 -7.820000000000000562e-02 1.092000000000000054e-01 1.436000000000000054e-01 -2.469999999999999973e-02 -2.639999999999999986e-02 -5.700000000000000205e-03 -5.400000000000000633e-02 6.600000000000008638e-03 -3.500000000000003109e-03 6.499999999999998834e-03 3.710000000000000103e-02 6.800000000000000488e-03 6.115240000000000953e-03 1.192464000000000197e-02 2.062096000000000068e-02 6.100899999999999813e-04 6.969599999999999407e-04 3.249000000000000233e-05 2.916000000000000623e-03 4.356000000000011149e-05 1.225000000000002163e-05 4.224999999999998342e-05 1.376410000000000003e-03 4.624000000000000451e-05 1.847272250000000000e+06 1.754896750000000000e+06
1.000000000000000000e+00 -2.280000000000000082e-02 4.370000000000000273e-02 1.340999999999999970e-01 -2.479999999999999913e-02 -7.099999999999999367e-02 2.000000000000000096e-04 5.540000000000000480e-02 -6.550000000000000266e-02 -9.500000000000008438e-03 -9.999999999999939493e-05 -4.459999999999999382e-02 5.899999999999999863e-03 5.198400000000000373e-04 1.909690000000000346e-03 1.798280999999999838e-02 6.150399999999999661e-04 5.040999999999999474e-03 4.000000000000000084e-08 3.069160000000000464e-03 4.290250000000000660e-03 9.025000000000016082e-05 9.999999999999879441e-09 1.989159999999999366e-03 3.481000000000000045e-05 1.846659125000000000e+06 1.756799250000000000e+06
1.000000000000000000e+00 -8.740000000000000546e-02 8.200000000000000344e-02 1.593999999999999861e-01 -3.160000000000000309e-02 -2.290000000000000022e-02 3.399999999999999811e-03 -6.460000000000000464e-02 3.830000000000000071e-02 2.529999999999998916e-02 -6.800000000000003958e-03 4.809999999999998999e-02 3.199999999999999720e-03 7.638760000000001382e-03 6.724000000000000810e-03 2.540835999999999442e-02 9.985600000000001159e-04 5.244100000000000020e-04 1.155999999999999943e-05 4.173160000000000411e-03 1.466889999999999991e-03 6.400899999999994094e-04 4.624000000000005195e-05 2.313609999999998931e-03 1.023999999999999852e-05 1.846436750000000000e+06 1.760973875000000000e+06
1.000000000000000000e+00 -2.920000000000000026e-02 9.639999999999999958e-02 1.602999999999999980e-01 -3.520000000000000212e-02 -3.559999999999999970e-02 3.000000000000000062e-03 5.820000000000000173e-02 1.439999999999999614e-02 9.000000000000119016e-04 -3.599999999999999034e-03 -1.269999999999999948e-02 -3.999999999999997481e-04 8.526399999999999951e-04 9.292959999999999415e-03 2.569608999999999782e-02 1.239040000000000063e-03 1.267359999999999928e-03 9.000000000000000228e-06 3.387240000000000129e-03 2.073599999999998849e-04 8.100000000000214674e-07 1.295999999999999281e-05 1.612899999999999957e-04 1.599999999999997916e-07 1.844879625000000000e+06 1.759547375000000000e+06
1.000000000000000000e+00 -1.250999999999999890e-01 1.378000000000000058e-01 1.895000000000000018e-01 -2.199999999999999872e-02 1.819000000000000061e-01 4.899999999999999842e-03 -9.589999999999998526e-02 4.140000000000000624e-02 2.920000000000000373e-02 1.320000000000000340e-02 2.174999999999999989e-01 1.899999999999999779e-03 1.565000999999999892e-02 1.898883999999999989e-02 3.591024999999999773e-02 4.839999999999999468e-04 3.308761000000000341e-02 2.400999999999999882e-05 9.196809999999997973e-03 1.713960000000000483e-03 8.526400000000002120e-04 1.742400000000000936e-04 4.730625000000000108e-02 3.609999999999999318e-06 1.839210750000000000e+06 1.748074875000000000e+06
1.000000000000000000e+00 -1.696999999999999897e-01 1.567000000000000060e-01 2.167999999999999927e-01 -1.917000000000000093e-01 6.193999999999999506e-01 -7.140000000000000513e-02 -4.460000000000000075e-02 1.890000000000000013e-02 2.729999999999999094e-02 -1.697000000000000175e-01 4.374999999999999445e-01 -7.630000000000000671e-02 2.879808999999999494e-02 2.455489000000000283e-02 4.700223999999999375e-02 3.674889000000000627e-02 3.836563599999999186e-01 5.097960000000000338e-03 1.989160000000000234e-03 3.572100000000000036e-04 7.452899999999994729e-04 2.879809000000000535e-02 1.914062499999999445e-01 5.821690000000000892e-03 1.840209250000000000e+06 1.750951875000000000e+06
1.000000000000000000e+00 -1.995999999999999996e-01 1.854999999999999982e-01 6.379999999999999560e-02 -2.987000000000000210e-01 5.875000000000000222e-01 -1.699999999999999905e-03 -2.990000000000000990e-02 2.879999999999999227e-02 -1.529999999999999971e-01 -1.070000000000000118e-01 -3.189999999999992841e-02 6.970000000000001195e-02 3.984015999999999946e-02 3.441024999999999640e-02 4.070439999999999822e-03 8.922169000000000627e-02 3.451562500000000533e-01 2.889999999999999859e-06 8.940100000000006375e-04 8.294399999999995396e-04 2.340899999999999925e-02 1.144900000000000258e-02 1.017609999999995402e-03 4.858090000000001539e-03 1.847711000000000000e+06 1.760667125000000000e+06
1.000000000000000000e+00 -5.639999999999999875e-02 -1.168000000000000010e-01 1.063999999999999946e-01 -1.137999999999999984e-01 2.427999999999999881e-01 6.909999999999999476e-02 1.431999999999999940e-01 -3.023000000000000131e-01 4.259999999999999898e-02 1.849000000000000088e-01 -3.447000000000000064e-01 7.079999999999998794e-02 3.180960000000000037e-03 1.364223999999999992e-02 1.132095999999999970e-02 1.295043999999999883e-02 5.895183999999999147e-02 4.774809999999999124e-03 2.050623999999999850e-02 9.138529000000000790e-02 1.814759999999999898e-03 3.418801000000000478e-02 1.188180900000000012e-01 5.012639999999997896e-03 1.854095875000000000e+06 1.766865250000000000e+06
1.000000000000000000e+00 -7.190000000000000557e-02 -4.599999999999999922e-03 2.881000000000000227e-01 -1.940000000000000058e-02 -5.140000000000000124e-02 7.389999999999999347e-02 -1.550000000000000683e-02 1.121999999999999942e-01 1.817000000000000282e-01 9.439999999999999780e-02 -2.942000000000000171e-01 4.799999999999998712e-03 5.169610000000000698e-03 2.116000000000000069e-05 8.300161000000001732e-02 3.763600000000000083e-04 2.641960000000000055e-03 5.461209999999999329e-03 2.402500000000002019e-04 1.258883999999999871e-02 3.301489000000001200e-02 8.911360000000000114e-03 8.655364000000001501e-02 2.303999999999998608e-05 1.852267375000000000e+06 1.763254750000000000e+06
1.000000000000000000e+00 -4.159999999999999809e-02 8.119999999999999440e-02 2.011000000000000010e-01 -1.679999999999999896e-02 -2.987000000000000210e-01 5.670000000000000040e-02 3.030000000000000748e-02 8.579999999999998739e-02 -8.700000000000002176e-02 2.600000000000001615e-03 -2.473000000000000198e-01 -1.719999999999999307e-02 1.730559999999999911e-03 6.593439999999999024e-03 4.044120999999999827e-02 2.822399999999999540e-04 8.922169000000000627e-02 3.214890000000000195e-03 9.180900000000004205e-04 7.361639999999997422e-03 7.569000000000003676e-03 6.760000000000008122e-06 6.115729000000000998e-02 2.958399999999997425e-04 1.848856000000000000e+06 1.758166125000000000e+06
1.000000000000000000e+00 2.000000000000000096e-04 -7.639999999999999569e-02 9.299999999999999933e-02 -3.299999999999999982e-03 -1.993000000000000049e-01 -1.060000000000000005e-02 4.179999999999999688e-02 -1.575999999999999901e-01 -1.081000000000000016e-01 1.349999999999999811e-02 9.940000000000001612e-02 -6.729999999999999871e-02 4.000000000000000084e-08 5.836959999999999545e-03 8.649000000000000438e-03 1.088999999999999907e-05 3.972049000000000413e-02 1.123600000000000016e-04 1.747239999999999731e-03 2.483775999999999692e-02 1.168561000000000079e-02 1.822499999999999576e-04 9.880360000000002960e-03 4.529290000000000052e-03 1.849601750000000000e+06 1.766329750000000000e+06
1.000000000000000000e+00 -1.129999999999999928e-02 1.184000000000000052e-01 1.199999999999999956e-01 8.999999999999999320e-03 -8.830000000000000349e-02 2.479999999999999913e-02 -1.149999999999999981e-02 1.948000000000000009e-01 2.699999999999999623e-02 1.229999999999999843e-02 1.110000000000000014e-01 3.540000000000000091e-02 1.276899999999999921e-04 1.401856000000000109e-02 1.439999999999999961e-02 8.099999999999999019e-05 7.796890000000000764e-03 6.150399999999999661e-04 1.322499999999999891e-04 3.794704000000000133e-02 7.289999999999998304e-04 1.512899999999999694e-04 1.232100000000000035e-02 1.253160000000000125e-03 1.855125750000000000e+06 1.773059000000000000e+06
1.000000000000000000e+00 2.099999999999999870e-03 1.218999999999999945e-01 6.809999999999999387e-02 -8.699999999999999400e-03 -1.811000000000000110e-01 -1.080000000000000057e-02 1.339999999999999872e-02 3.499999999999989231e-03 -5.190000000000000169e-02 -1.770000000000000046e-02 -9.280000000000000748e-02 -3.559999999999999970e-02 4.409999999999999282e-06 1.485960999999999879e-02 4.637609999999999476e-03 7.568999999999998852e-05 3.279721000000000719e-02 1.166400000000000081e-04 1.795599999999999681e-04 1.224999999999992507e-05 2.693610000000000362e-03 3.132900000000000311e-04 8.611840000000000814e-03 1.267359999999999928e-03 1.857379875000000000e+06 1.773597375000000000e+06
1.000000000000000000e+00 5.090000000000000080e-02 -5.619999999999999996e-02 5.920000000000000262e-02 -7.030000000000000138e-02 -8.419999999999999707e-02 -5.899999999999999863e-03 4.880000000000000310e-02 -1.780999999999999805e-01 -8.899999999999991251e-03 -6.160000000000000198e-02 9.690000000000001390e-02 4.900000000000000709e-03 2.590810000000000248e-03 3.158440000000000206e-03 3.504640000000000272e-03 4.942090000000000545e-03 7.089639999999999484e-03 3.481000000000000045e-05 2.381440000000000293e-03 3.171960999999999531e-02 7.920999999999984640e-05 3.794560000000000207e-03 9.389610000000003093e-03 2.401000000000000559e-05 1.859661000000000000e+06 1.769309750000000000e+06
1.000000000000000000e+00 -1.110000000000000049e-02 3.760000000000000148e-02 7.470000000000000251e-02 1.319999999999999993e-02 -4.080000000000000293e-02 -4.599999999999999922e-03 -6.199999999999999956e-02 9.379999999999999449e-02 1.549999999999999989e-02 8.350000000000000477e-02 4.339999999999999414e-02 1.299999999999999940e-03 1.232100000000000079e-04 1.413760000000000017e-03 5.580090000000000224e-03 1.742399999999999852e-04 1.664640000000000217e-03 2.116000000000000069e-05 3.843999999999999761e-03 8.798439999999999386e-03 2.402499999999999851e-04 6.972250000000001016e-03 1.883559999999999401e-03 1.689999999999999913e-06 1.862153875000000000e+06 1.763155375000000000e+06
1.000000000000000000e+00 -3.889999999999999708e-02 1.260999999999999899e-01 9.929999999999999938e-02 -2.570000000000000062e-02 -1.769000000000000017e-01 -1.629999999999999852e-02 -2.779999999999999832e-02 8.849999999999999534e-02 2.459999999999999687e-02 -3.890000000000000402e-02 -1.360999999999999988e-01 -1.169999999999999860e-02 1.513209999999999859e-03 1.590120999999999896e-02 9.860489999999999533e-03 6.604900000000000137e-04 3.129360999999999948e-02 2.656899999999999583e-04 7.728399999999998986e-04 7.832249999999998935e-03 6.051599999999998777e-04 1.513210000000000293e-03 1.852320999999999829e-02 1.368899999999999718e-04 1.860264250000000000e+06 1.753083375000000000e+06
1.000000000000000000e+00 3.640000000000000180e-02 7.510000000000000009e-02 2.368000000000000105e-01 -2.160000000000000114e-02 -1.849999999999999978e-01 -2.939999999999999905e-02 7.530000000000000582e-02 -5.099999999999998979e-02 1.375000000000000111e-01 4.099999999999999478e-03 -8.099999999999996092e-03 -1.310000000000000053e-02 1.324960000000000027e-03 5.640009999999999989e-03 5.607424000000000436e-02 4.665600000000000324e-04 3.422499999999999848e-02 8.643599999999999981e-04 5.670090000000000893e-03 2.600999999999999146e-03 1.890625000000000291e-02 1.680999999999999660e-05 6.560999999999993595e-05 1.716100000000000188e-04 1.858742125000000000e+06 1.741454250000000000e+06
1.000000000000000000e+00 -3.150000000000000022e-02 2.417999999999999872e-01 1.370999999999999996e-01 -1.699999999999999905e-03 -5.099999999999999672e-02 -2.829999999999999877e-02 -6.790000000000000202e-02 1.666999999999999871e-01 -9.970000000000001084e-02 1.990000000000000102e-02 1.340000000000000080e-01 1.100000000000000283e-03 9.922500000000000764e-04 5.846723999999999671e-02 1.879640999999999951e-02 2.889999999999999859e-06 2.600999999999999580e-03 8.008899999999999570e-04 4.610410000000000549e-03 2.778888999999999665e-02 9.940090000000002118e-03 3.960100000000000252e-04 1.795600000000000321e-02 1.210000000000000697e-06 1.858296750000000000e+06 1.738006500000000000e+06
1.000000000000000000e+00 -6.199999999999999782e-03 1.449999999999999900e-01 1.063000000000000056e-01 5.000000000000000104e-03 5.530000000000000193e-02 -4.529999999999999999e-02 2.529999999999999957e-02 -9.679999999999999716e-02 -3.079999999999999405e-02 6.700000000000000226e-03 1.063000000000000056e-01 -1.700000000000000122e-02 3.843999999999999788e-05 2.102499999999999855e-02 1.129969000000000112e-02 2.500000000000000120e-05 3.058090000000000287e-03 2.052089999999999904e-03 6.400899999999999515e-04 9.370240000000000166e-03 9.486399999999996181e-04 4.489000000000000558e-05 1.129969000000000112e-02 2.890000000000000316e-04 1.857170875000000000e+06 1.735167250000000000e+06
1.000000000000000000e+00 -1.239999999999999956e-02 -4.789999999999999813e-02 2.033000000000000085e-01 -1.779999999999999985e-02 -5.029999999999999749e-02 -3.520000000000000212e-02 -6.199999999999999782e-03 -1.928999999999999881e-01 9.700000000000000289e-02 -2.280000000000000082e-02 -1.055999999999999994e-01 1.009999999999999787e-02 1.537599999999999915e-04 2.294409999999999766e-03 4.133089000000000207e-02 3.168399999999999819e-04 2.530089999999999596e-03 1.239040000000000063e-03 3.843999999999999788e-05 3.721040999999999238e-02 9.409000000000000696e-03 5.198400000000000373e-04 1.115135999999999905e-02 1.020099999999999534e-04 1.855287000000000000e+06 1.730683750000000000e+06
1.000000000000000000e+00 -1.080000000000000057e-02 -5.519999999999999907e-02 1.421999999999999931e-01 -8.840000000000000635e-02 -4.100000000000000172e-02 -2.989999999999999949e-02 1.599999999999998992e-03 -7.300000000000000933e-03 -6.110000000000001541e-02 -7.060000000000000997e-02 9.299999999999995770e-03 5.300000000000002626e-03 1.166400000000000081e-04 3.047039999999999992e-03 2.022083999999999687e-02 7.814560000000001644e-03 1.681000000000000202e-03 8.940099999999999870e-04 2.559999999999996665e-06 5.329000000000001325e-05 3.733210000000001996e-03 4.984360000000001047e-03 8.648999999999992577e-05 2.809000000000002752e-05 1.852805000000000000e+06 1.728328750000000000e+06
1.000000000000000000e+00 -2.249999999999999917e-02 5.510000000000000314e-02 1.758000000000000118e-01 -5.550000000000000072e-02 -2.910000000000000087e-02 -3.239999999999999825e-02 -1.169999999999999860e-02 1.103000000000000091e-01 3.360000000000001874e-02 3.290000000000000563e-02 1.190000000000000085e-02 -2.499999999999998751e-03 5.062499999999999726e-04 3.036010000000000444e-03 3.090564000000000505e-02 3.080250000000000089e-03 8.468100000000000323e-04 1.049759999999999843e-03 1.368899999999999718e-04 1.216609000000000267e-02 1.128960000000001334e-03 1.082410000000000446e-03 1.416100000000000214e-04 6.249999999999993523e-06 1.851535000000000000e+06 1.728810250000000000e+06
1.000000000000000000e+00 -3.020000000000000115e-02 8.390000000000000235e-02 1.748000000000000109e-01 -1.348000000000000032e-01 -3.119999999999999857e-02 -3.509999999999999926e-02 -7.700000000000001982e-03 2.879999999999999921e-02 -1.000000000000000888e-03 -7.930000000000000937e-02 -2.099999999999997702e-03 -2.700000000000001010e-03 9.120400000000000295e-04 7.039210000000000605e-03 3.055504000000000553e-02 1.817103999999999941e-02 9.734399999999998956e-04 1.232009999999999963e-03 5.929000000000003034e-05 8.294399999999999733e-04 1.000000000000001861e-06 6.288490000000001613e-03 4.409999999999989964e-06 7.290000000000005589e-06 1.852314625000000000e+06 1.730182625000000000e+06
1.000000000000000000e+00 -3.309999999999999748e-02 1.063000000000000056e-01 1.673000000000000043e-01 -8.519999999999999796e-02 -4.929999999999999660e-02 -3.919999999999999873e-02 -2.899999999999996331e-03 2.240000000000000324e-02 -7.500000000000006661e-03 4.960000000000000520e-02 -1.809999999999999803e-02 -4.099999999999999478e-03 1.095609999999999900e-03 1.129969000000000112e-02 2.798929000000000000e-02 7.259039999999999590e-03 2.430489999999999561e-03 1.536639999999999924e-03 8.409999999999978772e-06 5.017600000000001833e-04 5.625000000000010010e-05 2.460160000000000732e-03 3.276099999999999347e-04 1.680999999999999660e-05 1.850753750000000000e+06 1.732314000000000000e+06
1.000000000000000000e+00 -1.250000000000000069e-02 5.360000000000000181e-02 1.395000000000000129e-01 -4.950000000000000233e-02 -1.131000000000000061e-01 -4.739999999999999769e-02 2.059999999999999679e-02 -5.270000000000000379e-02 -2.779999999999999138e-02 3.569999999999999563e-02 -6.380000000000000948e-02 -8.199999999999998956e-03 1.562500000000000304e-04 2.872960000000000357e-03 1.946025000000000532e-02 2.450250000000000171e-03 1.279161000000000187e-02 2.246759999999999990e-03 4.243599999999998740e-04 2.777290000000000401e-03 7.728399999999995733e-04 1.274489999999999651e-03 4.070440000000001557e-03 6.723999999999998641e-05 1.850451625000000000e+06 1.735893750000000000e+06
1.000000000000000000e+00 1.980000000000000163e-02 6.959999999999999520e-02 8.870000000000000107e-02 1.540000000000000049e-02 -2.071999999999999953e-01 -6.679999999999999827e-02 3.230000000000000232e-02 1.599999999999999339e-02 -5.080000000000001181e-02 6.489999999999999936e-02 -9.409999999999998921e-02 -1.940000000000000058e-02 3.920400000000000751e-04 4.844159999999999265e-03 7.867690000000000100e-03 2.371600000000000129e-04 4.293183999999999889e-02 4.462240000000000130e-03 1.043290000000000103e-03 2.559999999999997716e-04 2.580640000000001232e-03 4.212009999999999539e-03 8.854809999999997683e-03 3.763600000000000083e-04 1.849805250000000000e+06 1.738710875000000000e+06
1.000000000000000000e+00 4.410000000000000031e-02 7.700000000000000247e-03 -1.037000000000000005e-01 1.195999999999999980e-01 -2.837999999999999967e-01 -1.227000000000000035e-01 2.429999999999999868e-02 -6.189999999999999669e-02 -1.924000000000000155e-01 1.042000000000000010e-01 -7.660000000000000142e-02 -5.590000000000000524e-02 1.944809999999999942e-03 5.929000000000000324e-05 1.075368999999999978e-02 1.430415999999999979e-02 8.054243999999999293e-02 1.505529000000000069e-02 5.904899999999999385e-04 3.831609999999999617e-03 3.701776000000000372e-02 1.085764000000000000e-02 5.867559999999999963e-03 3.124810000000000434e-03 1.848540750000000000e+06 1.741769250000000000e+06
1.000000000000000000e+00 -7.209999999999999742e-02 1.849999999999999908e-02 -5.909999999999999976e-02 4.540000000000000285e-02 -2.025000000000000133e-01 -4.130000000000000338e-02 -1.161999999999999977e-01 1.079999999999999884e-02 4.460000000000000075e-02 -7.419999999999998819e-02 8.129999999999998339e-02 8.140000000000000013e-02 5.198409999999999663e-03 3.422499999999999436e-04 3.492809999999999838e-03 2.061160000000000249e-03 4.100625000000000797e-02 1.705690000000000374e-03 1.350243999999999923e-02 1.166399999999999810e-04 1.989160000000000234e-03 5.505639999999998278e-03 6.609689999999997061e-03 6.625960000000000183e-03 1.844721875000000000e+06 1.740613500000000000e+06
1.000000000000000000e+00 -2.900000000000000147e-02 8.809999999999999776e-02 2.509000000000000119e-01 5.550000000000000072e-02 -1.267999999999999960e-01 5.279999999999999971e-02 4.309999999999999942e-02 6.959999999999999520e-02 3.099999999999999978e-01 1.009999999999999787e-02 7.570000000000001728e-02 9.410000000000000309e-02 8.410000000000000591e-04 7.761609999999999517e-03 6.295081000000000981e-02 3.080250000000000089e-03 1.607824000000000059e-02 2.787839999999999763e-03 1.857609999999999990e-03 4.844159999999999265e-03 9.610000000000000486e-02 1.020099999999999534e-04 5.730490000000003012e-03 8.854810000000001152e-03 1.841679500000000000e+06 1.743368125000000000e+06
1.000000000000000000e+00 -4.089999999999999886e-02 1.391000000000000014e-01 2.457000000000000017e-01 6.919999999999999762e-02 -2.001000000000000001e-01 3.150000000000000022e-02 -1.189999999999999739e-02 5.100000000000000366e-02 -5.200000000000010170e-03 1.369999999999999690e-02 -7.330000000000000404e-02 -2.129999999999999949e-02 1.672809999999999835e-03 1.934881000000000101e-02 6.036849000000000381e-02 4.788639999999999390e-03 4.004001000000000088e-02 9.922500000000000764e-04 1.416099999999999401e-04 2.601000000000000447e-03 2.704000000000010703e-05 1.876899999999999055e-04 5.372890000000000825e-03 4.536899999999999744e-04 1.847367875000000000e+06 1.750089750000000000e+06
1.000000000000000000e+00 -3.139999999999999736e-02 1.122999999999999970e-01 6.130000000000000032e-02 -7.810000000000000275e-02 -5.920000000000000262e-02 2.850000000000000103e-02 9.500000000000001499e-03 -2.680000000000000437e-02 -1.844000000000000083e-01 -1.472999999999999865e-01 1.408999999999999975e-01 -2.999999999999999195e-03 9.859599999999999181e-04 1.261128999999999896e-02 3.757690000000000162e-03 6.099610000000000101e-03 3.504640000000000272e-03 8.122500000000000379e-04 9.025000000000002530e-05 7.182400000000001977e-04 3.400336000000000330e-02 2.169728999999999755e-02 1.985280999999999851e-02 8.999999999999995146e-06 1.848260875000000000e+06 1.756376625000000000e+06
1.000000000000000000e+00 -3.450000000000000289e-02 5.999999999999999778e-02 7.589999999999999525e-02 -6.729999999999999871e-02 9.100000000000000450e-03 2.779999999999999832e-02 -3.100000000000005529e-03 -5.229999999999999927e-02 1.459999999999999493e-02 1.080000000000000404e-02 6.829999999999999960e-02 -7.000000000000027034e-04 1.190250000000000119e-03 3.599999999999999901e-03 5.760809999999999022e-03 4.529290000000000052e-03 8.281000000000000166e-05 7.728399999999998986e-04 9.610000000000035045e-06 2.735290000000000030e-03 2.131599999999998633e-04 1.166400000000000894e-04 4.664889999999999662e-03 4.900000000000037789e-07 1.848221250000000000e+06 1.759402250000000000e+06
1.000000000000000000e+00 -3.030000000000000054e-02 4.200000000000000261e-02 1.859999999999999987e-01 -4.359999999999999987e-02 -7.710000000000000187e-02 4.460000000000000075e-02 4.200000000000002343e-03 -1.799999999999999517e-02 1.101000000000000034e-01 2.369999999999999885e-02 -8.619999999999999885e-02 1.680000000000000243e-02 9.180899999999999868e-04 1.764000000000000160e-03 3.459600000000000175e-02 1.900959999999999933e-03 5.944410000000000666e-03 1.989160000000000234e-03 1.764000000000002084e-05 3.239999999999998524e-04 1.212201000000000077e-02 5.616899999999999974e-04 7.430439999999999962e-03 2.822400000000000624e-04 1.847372125000000000e+06 1.758133875000000000e+06
1.000000000000000000e+00 -4.730000000000000177e-02 8.010000000000000453e-02 2.117999999999999883e-01 -7.130000000000000226e-02 -1.600000000000000077e-03 6.219999999999999835e-02 -1.700000000000000122e-02 3.810000000000000192e-02 2.579999999999998961e-02 -2.770000000000000240e-02 7.549999999999999767e-02 1.759999999999999759e-02 2.237290000000000285e-03 6.416010000000000636e-03 4.485923999999999467e-02 5.083690000000000084e-03 2.560000000000000054e-06 3.868839999999999692e-03 2.890000000000000316e-04 1.451610000000000096e-03 6.656399999999994613e-04 7.672900000000001160e-04 5.700249999999999588e-03 3.097599999999999074e-04 1.845048750000000000e+06 1.757860375000000000e+06
1.000000000000000000e+00 -2.589999999999999941e-02 9.199999999999999845e-02 1.055999999999999994e-01 -5.779999999999999721e-02 1.329999999999999932e-02 8.099999999999999561e-03 2.140000000000000235e-02 1.189999999999999392e-02 -1.061999999999999889e-01 1.350000000000000505e-02 1.490000000000000005e-02 -5.409999999999999531e-02 6.708099999999999827e-04 8.463999999999999302e-03 1.115135999999999905e-02 3.340839999999999869e-03 1.768899999999999954e-04 6.560999999999999016e-05 4.579600000000000944e-04 1.416099999999998588e-04 1.127843999999999722e-02 1.822500000000001473e-04 2.220099999999999971e-04 2.926809999999999308e-03 1.847627375000000000e+06 1.763664750000000000e+06
1.000000000000000000e+00 -3.490000000000000047e-02 1.363000000000000045e-01 1.479999999999999927e-01 -6.439999999999999891e-02 -5.999999999999999474e-04 1.159999999999999920e-02 -9.000000000000001055e-03 4.430000000000000604e-02 4.239999999999999325e-02 -6.600000000000001699e-03 -1.389999999999999916e-02 3.499999999999999639e-03 1.218010000000000056e-03 1.857769000000000087e-02 2.190399999999999639e-02 4.147360000000000109e-03 3.599999999999999414e-07 1.345599999999999856e-04 8.100000000000001730e-05 1.962490000000000328e-03 1.797759999999999376e-03 4.356000000000002340e-05 1.932099999999999746e-04 1.224999999999999791e-05 1.845415375000000000e+06 1.766269875000000000e+06
1.000000000000000000e+00 -4.189999999999999974e-02 1.612999999999999989e-01 1.214999999999999969e-01 -6.969999999999999807e-02 2.239999999999999977e-02 1.770000000000000046e-02 -6.999999999999999278e-03 2.499999999999999445e-02 -2.649999999999999578e-02 -5.299999999999999156e-03 2.299999999999999961e-02 6.100000000000001255e-03 1.755609999999999896e-03 2.601768999999999957e-02 1.476224999999999933e-02 4.858089999999999804e-03 5.017599999999999665e-04 3.132900000000000311e-04 4.899999999999999164e-05 6.249999999999996877e-04 7.022499999999997494e-04 2.808999999999999025e-05 5.289999999999999564e-04 3.721000000000001813e-05 1.841746625000000000e+06 1.761637000000000000e+06
1.000000000000000000e+00 -1.477999999999999869e-01 3.716999999999999749e-01 3.120999999999999885e-01 -2.953000000000000069e-01 -1.038000000000000034e-01 1.190000000000000085e-02 -1.058999999999999941e-01 2.103999999999999759e-01 1.905999999999999917e-01 -2.256000000000000227e-01 -1.262000000000000066e-01 -5.799999999999999600e-03 2.184483999999999732e-02 1.381608899999999807e-01 9.740640999999999883e-02 8.720209000000000987e-02 1.077444000000000145e-02 1.416100000000000214e-04 1.121480999999999867e-02 4.426815999999998696e-02 3.632835999999999704e-02 5.089536000000000754e-02 1.592644000000000004e-02 3.363999999999999640e-05 1.840816500000000000e+06 1.766565625000000000e+06
1.000000000000000000e+00 -9.990000000000000269e-02 1.874000000000000110e-01 6.590000000000000024e-02 -2.631999999999999895e-01 4.469999999999999668e-02 -9.100000000000000450e-03 4.789999999999998426e-02 -1.842999999999999639e-01 -2.461999999999999744e-01 3.210000000000001741e-02 1.484999999999999931e-01 -2.100000000000000130e-02 9.980010000000000964e-03 3.511876000000000581e-02 4.342809999999999900e-03 6.927424000000000082e-02 1.998089999999999675e-03 8.281000000000000166e-05 2.294409999999998465e-03 3.396648999999998808e-02 6.061443999999998472e-02 1.030410000000001134e-03 2.205224999999999894e-02 4.410000000000000400e-04 1.844563750000000000e+06 1.761805625000000000e+06
1.000000000000000000e+00 3.200000000000000153e-03 -8.160000000000000586e-02 -1.774999999999999911e-01 3.899999999999999821e-03 1.670000000000000095e-01 2.529999999999999957e-02 1.030999999999999972e-01 -2.690000000000000169e-01 -2.434000000000000052e-01 2.671000000000000041e-01 1.223000000000000198e-01 3.440000000000000002e-02 1.024000000000000021e-05 6.658560000000000867e-03 3.150624999999999953e-02 1.520999999999999837e-05 2.788900000000000406e-02 6.400899999999999515e-04 1.062960999999999941e-02 7.236100000000000865e-02 5.924356000000000066e-02 7.134241000000000887e-02 1.495729000000000503e-02 1.183360000000000054e-03 1.842808750000000000e+06 1.767219500000000000e+06
1.000000000000000000e+00 -7.929999999999999549e-02 4.899999999999999842e-03 2.245999999999999941e-01 -1.269999999999999948e-02 2.380000000000000171e-02 6.130000000000000032e-02 -8.249999999999999001e-02 8.650000000000000744e-02 4.021000000000000130e-01 -1.660000000000000017e-02 -1.431999999999999940e-01 3.600000000000000422e-02 6.288489999999999011e-03 2.400999999999999882e-05 5.044515999999999584e-02 1.612899999999999957e-04 5.664400000000000858e-04 3.757690000000000162e-03 6.806249999999998065e-03 7.482250000000001053e-03 1.616844100000000006e-01 2.755599999999999977e-04 2.050623999999999850e-02 1.296000000000000277e-03 1.842767500000000000e+06 1.763669625000000000e+06
1.000000000000000000e+00 -7.330000000000000404e-02 1.348999999999999921e-01 2.781000000000000139e-01 -8.039999999999999925e-02 -3.070000000000000159e-02 2.249999999999999917e-02 5.999999999999991451e-03 1.300000000000000044e-01 5.350000000000001976e-02 -6.769999999999999629e-02 -5.450000000000000677e-02 -3.880000000000000115e-02 5.372890000000000825e-03 1.819800999999999710e-02 7.733961000000000308e-02 6.464160000000000045e-03 9.424900000000001462e-04 5.062499999999999726e-04 3.599999999999989927e-05 1.690000000000000183e-02 2.862250000000001945e-03 4.583289999999999413e-03 2.970250000000000667e-03 1.505440000000000033e-03 1.842116125000000000e+06 1.763216625000000000e+06
1.000000000000000000e+00 -1.510000000000000057e-02 -1.890000000000000013e-02 5.310000000000000137e-02 -2.280000000000000082e-02 -1.080000000000000057e-02 -3.009999999999999828e-02 5.820000000000000173e-02 -1.537999999999999923e-01 -2.250000000000000056e-01 5.759999999999999842e-02 1.990000000000000102e-02 -5.259999999999999398e-02 2.280100000000000074e-04 3.572100000000000036e-04 2.819610000000000172e-03 5.198400000000000373e-04 1.166400000000000081e-04 9.060099999999998450e-04 3.387240000000000129e-03 2.365443999999999880e-02 5.062500000000000333e-02 3.317759999999999893e-03 3.960100000000000252e-04 2.766759999999999185e-03 1.843450500000000000e+06 1.767814375000000000e+06
1.000000000000000000e+00 -1.980000000000000163e-02 3.099999999999999978e-02 2.900000000000000147e-02 -3.320000000000000034e-02 2.139999999999999888e-02 4.700000000000000011e-02 -4.700000000000001052e-03 4.989999999999999991e-02 -2.409999999999999989e-02 -1.039999999999999952e-02 3.219999999999999946e-02 7.710000000000000187e-02 3.920400000000000751e-04 9.609999999999999402e-04 8.410000000000000591e-04 1.102239999999999991e-03 4.579599999999999318e-04 2.209000000000000026e-03 2.209000000000001042e-05 2.490009999999999966e-03 5.808099999999999635e-04 1.081599999999999944e-04 1.036840000000000027e-03 5.944410000000000666e-03 1.849481875000000000e+06 1.778316250000000000e+06
1.000000000000000000e+00 -1.089999999999999997e-02 1.779000000000000026e-01 1.355999999999999983e-01 1.190000000000000085e-02 -5.460000000000000270e-02 -8.999999999999999754e-04 8.900000000000001660e-03 1.469000000000000028e-01 1.066000000000000003e-01 4.510000000000000120e-02 -7.599999999999999811e-02 -4.789999999999999813e-02 1.188099999999999958e-04 3.164841000000000182e-02 1.838735999999999843e-02 1.416100000000000214e-04 2.981160000000000494e-03 8.099999999999999739e-07 7.921000000000003613e-05 2.157961000000000254e-02 1.136355999999999998e-02 2.034010000000000158e-03 5.775999999999999884e-03 2.294409999999999766e-03 1.851088750000000000e+06 1.775889000000000000e+06
1.000000000000000000e+00 1.600000000000000033e-02 1.209999999999999964e-01 2.089999999999999913e-01 -1.280000000000000061e-02 -8.210000000000000631e-02 -1.919999999999999832e-02 2.690000000000000030e-02 -5.690000000000000613e-02 7.339999999999999303e-02 -2.469999999999999973e-02 -2.750000000000000361e-02 -1.829999999999999682e-02 2.559999999999999884e-04 1.464099999999999950e-02 4.368099999999999761e-02 1.638400000000000034e-04 6.740410000000001366e-03 3.686399999999999400e-04 7.236099999999999650e-04 3.237610000000000574e-03 5.387559999999998704e-03 6.100899999999999813e-04 7.562500000000001946e-04 3.348899999999999056e-04 1.853612625000000000e+06 1.776145000000000000e+06
1.000000000000000000e+00 4.100000000000000172e-02 -2.259999999999999856e-02 2.104999999999999927e-01 3.099999999999999891e-03 -6.199999999999999956e-02 -1.269999999999999948e-02 2.500000000000000139e-02 -1.436000000000000054e-01 1.500000000000001332e-03 1.590000000000000094e-02 2.010000000000000675e-02 6.499999999999998834e-03 1.681000000000000202e-03 5.107599999999999684e-04 4.431024999999999547e-02 9.609999999999999470e-06 3.843999999999999761e-03 1.612899999999999957e-04 6.250000000000001214e-04 2.062096000000000068e-02 2.250000000000003869e-06 2.528100000000000139e-04 4.040100000000002738e-04 4.224999999999998342e-05 1.857089375000000000e+06 1.773559875000000000e+06
1.000000000000000000e+00 -2.199999999999999872e-02 5.689999999999999919e-02 9.679999999999999716e-02 -1.269999999999999948e-02 1.890000000000000013e-02 7.700000000000000247e-03 -6.300000000000000044e-02 7.950000000000000122e-02 -1.136999999999999955e-01 -1.579999999999999807e-02 8.089999999999999969e-02 2.040000000000000147e-02 4.839999999999999468e-04 3.237609999999999707e-03 9.370240000000000166e-03 1.612899999999999957e-04 3.572100000000000036e-04 5.929000000000000324e-05 3.969000000000000306e-03 6.320250000000000347e-03 1.292768999999999863e-02 2.496399999999999206e-04 6.544809999999999864e-03 4.161600000000000542e-04 1.857964625000000000e+06 1.763675750000000000e+06
1.000000000000000000e+00 -1.159999999999999920e-02 1.151999999999999968e-01 1.711999999999999911e-01 -7.960000000000000409e-02 -2.570000000000000062e-02 -1.030000000000000013e-02 1.039999999999999952e-02 5.829999999999999766e-02 7.439999999999999392e-02 -6.690000000000000113e-02 -4.460000000000000075e-02 -1.800000000000000211e-02 1.345599999999999856e-04 1.327103999999999957e-02 2.930943999999999564e-02 6.336160000000000403e-03 6.604900000000000137e-04 1.060900000000000092e-04 1.081599999999999944e-04 3.398889999999999897e-03 5.535359999999998719e-03 4.475610000000000525e-03 1.989160000000000234e-03 3.240000000000000692e-04 1.858262250000000000e+06 1.756407875000000000e+06
1.000000000000000000e+00 -1.669999999999999957e-02 8.959999999999999909e-02 2.169000000000000095e-01 -2.980000000000000010e-02 4.150000000000000216e-02 -2.620000000000000107e-02 -5.100000000000000366e-03 -2.559999999999999776e-02 4.570000000000001839e-02 4.980000000000000399e-02 6.720000000000000973e-02 -1.590000000000000094e-02 2.788900000000000081e-04 8.028159999999999463e-03 4.704561000000000159e-02 8.880399999999999882e-04 1.722250000000000256e-03 6.864400000000000753e-04 2.601000000000000339e-05 6.553599999999999053e-04 2.088490000000001873e-03 2.480040000000000196e-03 4.515840000000000999e-03 2.528100000000000139e-04 1.851213625000000000e+06 1.739953750000000000e+06
1.000000000000000000e+00 -3.000000000000000062e-03 6.969999999999999807e-02 2.192999999999999949e-01 -9.520000000000000684e-02 3.099999999999999891e-03 -4.179999999999999688e-02 1.370000000000000037e-02 -1.990000000000000102e-02 2.399999999999985478e-03 -6.540000000000001368e-02 -3.840000000000000357e-02 -1.559999999999999581e-02 9.000000000000000228e-06 4.858089999999999804e-03 4.809248999999999469e-02 9.063040000000001373e-03 9.609999999999999470e-06 1.747239999999999731e-03 1.876900000000000139e-04 3.960100000000000252e-04 5.759999999999930452e-06 4.277160000000002071e-03 1.474560000000000193e-03 2.433599999999998655e-04 1.853766125000000000e+06 1.742172625000000000e+06
1.000000000000000000e+00 -1.099999999999999936e-02 5.599999999999999943e-03 1.169000000000000039e-01 -3.300000000000000155e-02 3.649999999999999772e-02 -3.939999999999999752e-02 -8.000000000000000167e-03 -6.410000000000000420e-02 -1.023999999999999910e-01 6.220000000000000528e-02 3.339999999999999913e-02 2.399999999999999356e-03 1.209999999999999867e-04 3.135999999999999790e-05 1.366561000000000164e-02 1.089000000000000124e-03 1.332249999999999884e-03 1.552359999999999808e-03 6.399999999999999710e-05 4.108810000000000934e-03 1.048575999999999848e-02 3.868840000000000560e-03 1.115560000000000032e-03 5.759999999999996521e-06 1.853080250000000000e+06 1.737628000000000000e+06
1.000000000000000000e+00 -2.280000000000000082e-02 6.619999999999999496e-02 1.398999999999999966e-01 -3.819999999999999785e-02 2.929999999999999966e-02 -4.929999999999999660e-02 -1.180000000000000146e-02 6.059999999999999415e-02 2.299999999999999267e-02 -5.199999999999996292e-03 -7.199999999999998068e-03 -9.899999999999999079e-03 5.198400000000000373e-04 4.382439999999999600e-03 1.957200999999999733e-02 1.459239999999999886e-03 8.584899999999999476e-04 2.430489999999999561e-03 1.392400000000000289e-04 3.672359999999999080e-03 5.289999999999996311e-04 2.703999999999996134e-05 5.183999999999997123e-05 9.800999999999997811e-05 1.849951250000000000e+06 1.735283000000000000e+06
1.000000000000000000e+00 -2.560000000000000123e-02 -5.179999999999999882e-02 5.349999999999999895e-02 2.139999999999999888e-02 -8.050000000000000211e-02 -4.889999999999999902e-02 -2.800000000000000405e-03 -1.179999999999999938e-01 -8.640000000000000457e-02 5.960000000000000020e-02 -1.098000000000000087e-01 3.999999999999975797e-04 6.553600000000000137e-04 2.683239999999999931e-03 2.862249999999999777e-03 4.579599999999999318e-04 6.480250000000000767e-03 2.391209999999999950e-03 7.840000000000002864e-06 1.392399999999999888e-02 7.464960000000000519e-03 3.552159999999999953e-03 1.205604000000000224e-02 1.599999999999980711e-07 1.846722875000000000e+06 1.730779875000000000e+06
1.000000000000000000e+00 -3.359999999999999792e-02 7.699999999999999900e-02 4.870000000000000023e-02 4.789999999999999813e-02 -1.181999999999999995e-01 -5.759999999999999842e-02 -7.999999999999996697e-03 1.287999999999999978e-01 -4.799999999999998712e-03 2.649999999999999925e-02 -3.769999999999999740e-02 -8.699999999999999400e-03 1.128959999999999816e-03 5.929000000000000242e-03 2.371690000000000083e-03 2.294409999999999766e-03 1.397123999999999935e-02 3.317759999999999893e-03 6.399999999999994289e-05 1.658944000000000044e-02 2.303999999999998608e-05 7.022499999999999663e-04 1.421289999999999750e-03 7.568999999999998852e-05 1.844983250000000000e+06 1.728992500000000000e+06
1.000000000000000000e+00 -4.100000000000000172e-02 1.013000000000000012e-01 9.769999999999999518e-02 -2.399999999999999790e-03 -9.639999999999999958e-02 -5.779999999999999721e-02 -7.400000000000003797e-03 2.430000000000000215e-02 4.899999999999999495e-02 -5.029999999999999749e-02 2.179999999999999993e-02 -1.999999999999987899e-04 1.681000000000000202e-03 1.026169000000000039e-02 9.545289999999999678e-03 5.759999999999999062e-06 9.292959999999999415e-03 3.340839999999999869e-03 5.476000000000005847e-05 5.904900000000001554e-04 2.400999999999999489e-03 2.530089999999999596e-03 4.752399999999999832e-04 3.999999999999951776e-08 1.845336625000000000e+06 1.731963500000000000e+06
1.000000000000000000e+00 -4.240000000000000019e-02 5.369999999999999774e-02 5.419999999999999818e-02 0.000000000000000000e+00 -6.590000000000000024e-02 -4.610000000000000209e-02 -1.399999999999998468e-03 -4.760000000000000342e-02 -4.349999999999999700e-02 2.399999999999999790e-03 3.049999999999999933e-02 1.169999999999999513e-02 1.797760000000000026e-03 2.883689999999999951e-03 2.937639999999999609e-03 0.000000000000000000e+00 4.342809999999999900e-03 2.125210000000000207e-03 1.959999999999995634e-06 2.265760000000000343e-03 1.892249999999999835e-03 5.759999999999999062e-06 9.302499999999999788e-04 1.368899999999998905e-04 1.846476375000000000e+06 1.737288625000000000e+06
1.000000000000000000e+00 -7.920000000000000651e-02 1.870000000000000134e-02 9.249999999999999889e-02 -8.050000000000000211e-02 4.159999999999999809e-02 -1.050999999999999990e-01 -3.680000000000000632e-02 -3.499999999999999639e-02 3.830000000000000071e-02 -8.050000000000000211e-02 1.074999999999999983e-01 -5.899999999999999689e-02 6.272640000000001201e-03 3.496900000000000485e-04 8.556249999999999620e-03 6.480250000000000767e-03 1.730559999999999911e-03 1.104601000000000020e-02 1.354240000000000478e-03 1.224999999999999744e-03 1.466889999999999991e-03 6.480250000000000767e-03 1.155624999999999881e-02 3.480999999999999719e-03 1.847404375000000000e+06 1.739701000000000000e+06
1.000000000000000000e+00 -9.099999999999999756e-02 7.739999999999999658e-02 1.862999999999999934e-01 -1.620999999999999941e-01 -5.140000000000000124e-02 -1.668000000000000038e-01 -1.179999999999999105e-02 5.869999999999999524e-02 9.379999999999999449e-02 -8.159999999999999198e-02 -9.299999999999999933e-02 -6.170000000000000484e-02 8.281000000000000166e-03 5.990759999999999488e-03 3.470768999999999938e-02 2.627640999999999658e-02 2.641960000000000055e-03 2.782224000000000155e-02 1.392399999999997849e-04 3.445689999999999517e-03 8.798439999999999386e-03 6.658559999999998265e-03 8.649000000000000438e-03 3.806890000000000707e-03 1.847675375000000000e+06 1.743072750000000000e+06
1.000000000000000000e+00 -9.180000000000000659e-02 -1.359999999999999924e-02 4.460000000000000075e-02 -8.240000000000000102e-02 -6.310000000000000331e-02 -7.130000000000000226e-02 -8.000000000000090372e-04 -9.099999999999999756e-02 -1.416999999999999926e-01 7.969999999999999307e-02 -1.170000000000000207e-02 9.550000000000000155e-02 8.427240000000000772e-03 1.849599999999999910e-04 1.989160000000000234e-03 6.789760000000000587e-03 3.981610000000000010e-03 5.083690000000000084e-03 6.400000000000144130e-07 8.281000000000000166e-03 2.007888999999999854e-02 6.352089999999998605e-03 1.368900000000000531e-04 9.120249999999999885e-03 1.847387875000000000e+06 1.744831125000000000e+06
1.000000000000000000e+00 -1.150999999999999940e-01 5.770000000000000129e-02 3.749999999999999861e-02 4.970000000000000112e-02 -5.589999999999999830e-02 -1.500000000000000031e-03 -2.329999999999998739e-02 7.130000000000000226e-02 -7.100000000000002143e-03 1.320999999999999952e-01 7.200000000000005007e-03 6.980000000000000093e-02 1.324800999999999930e-02 3.329289999999999940e-03 1.406249999999999948e-03 2.470090000000000306e-03 3.124810000000000001e-03 2.250000000000000057e-06 5.428899999999994321e-04 5.083690000000000084e-03 5.041000000000002727e-05 1.745040999999999953e-02 5.184000000000007287e-05 4.872040000000000225e-03 1.849463000000000000e+06 1.745015250000000000e+06
1.000000000000000000e+00 -7.299999999999999545e-02 6.629999999999999782e-02 1.302999999999999992e-01 2.799999999999999972e-03 -7.439999999999999392e-02 1.110000000000000049e-02 4.209999999999999853e-02 8.599999999999996536e-03 9.279999999999999361e-02 -4.690000000000000419e-02 -1.849999999999999561e-02 1.260000000000000009e-02 5.328999999999999536e-03 4.395689999999999840e-03 1.697809000000000124e-02 7.839999999999999476e-06 5.535359999999998719e-03 1.232100000000000079e-04 1.772409999999999871e-03 7.395999999999993562e-05 8.611839999999999079e-03 2.199610000000000280e-03 3.422499999999998352e-04 1.587600000000000046e-04 1.848136125000000000e+06 1.745211625000000000e+06
1.000000000000000000e+00 2.599999999999999881e-03 7.109999999999999654e-02 1.006999999999999978e-01 1.480000000000000066e-02 -8.300000000000000433e-02 2.139999999999999888e-02 7.560000000000000053e-02 4.799999999999998712e-03 -2.960000000000000131e-02 1.200000000000000025e-02 -8.600000000000010414e-03 1.029999999999999839e-02 6.759999999999999652e-06 5.055209999999999218e-03 1.014049000000000027e-02 2.190400000000000170e-04 6.889000000000001026e-03 4.579599999999999318e-04 5.715360000000000058e-03 2.303999999999998608e-05 8.761600000000000681e-04 1.440000000000000036e-04 7.396000000000017957e-05 1.060899999999999685e-04 1.847863625000000000e+06 1.746425000000000000e+06
1.000000000000000000e+00 -7.169999999999999984e-02 1.067000000000000032e-01 9.740000000000000047e-02 2.460000000000000034e-02 -8.509999999999999509e-02 2.350000000000000006e-02 -7.430000000000000493e-02 3.560000000000000664e-02 -3.299999999999997380e-03 9.799999999999999684e-03 -2.099999999999990763e-03 2.100000000000001171e-03 5.140890000000000390e-03 1.138488999999999994e-02 9.486760000000000331e-03 6.051599999999999861e-04 7.242009999999999247e-03 5.522500000000000065e-04 5.520490000000001160e-03 1.267360000000000578e-03 1.088999999999998213e-05 9.603999999999999527e-05 4.409999999999961165e-06 4.410000000000005211e-06 1.850773375000000000e+06 1.751470250000000000e+06
1.000000000000000000e+00 -6.569999999999999452e-02 1.381000000000000005e-01 1.034999999999999948e-01 -2.639999999999999986e-02 -3.039999999999999994e-02 2.539999999999999897e-02 6.000000000000005329e-03 3.139999999999999736e-02 6.099999999999994316e-03 -5.100000000000000366e-02 5.469999999999999862e-02 1.899999999999998912e-03 4.316489999999999216e-03 1.907160999999999926e-02 1.071224999999999955e-02 6.969599999999999407e-04 9.241600000000000422e-04 6.451599999999999826e-04 3.600000000000006190e-05 9.859599999999999181e-04 3.720999999999993003e-05 2.601000000000000447e-03 2.992089999999999767e-03 3.609999999999995930e-06 1.851434000000000000e+06 1.755689125000000000e+06
1.000000000000000000e+00 -6.669999999999999540e-02 6.759999999999999343e-02 9.710000000000000575e-02 -2.290000000000000022e-02 -3.729999999999999982e-02 3.039999999999999994e-02 -1.000000000000000888e-03 -7.050000000000000711e-02 -6.399999999999989031e-03 3.499999999999999639e-03 -6.899999999999999883e-03 5.000000000000000971e-03 4.448889999999999616e-03 4.569759999999999101e-03 9.428410000000001651e-03 5.244100000000000020e-04 1.391289999999999888e-03 9.241600000000000422e-04 1.000000000000001861e-06 4.970250000000000709e-03 4.095999999999985856e-05 1.224999999999999791e-05 4.760999999999999987e-05 2.500000000000001136e-05 1.849665500000000000e+06 1.759125000000000000e+06
1.000000000000000000e+00 -6.840000000000000246e-02 8.920000000000000151e-02 8.830000000000000349e-02 -2.510000000000000078e-02 -4.700000000000000011e-02 3.239999999999999825e-02 -1.700000000000007061e-03 2.160000000000000808e-02 -8.800000000000002265e-03 -2.200000000000000566e-03 -9.700000000000000289e-03 1.999999999999998307e-03 4.678560000000000010e-03 7.956640000000000934e-03 7.796890000000000764e-03 6.300100000000000752e-04 2.209000000000000026e-03 1.049759999999999843e-03 2.890000000000023999e-06 4.665600000000003577e-04 7.744000000000004461e-05 4.840000000000002788e-06 9.409000000000000208e-05 3.999999999999993043e-06 1.848031625000000000e+06 1.761057125000000000e+06
1.000000000000000000e+00 -6.840000000000000246e-02 1.267999999999999960e-01 8.039999999999999925e-02 -2.299999999999999961e-02 -4.309999999999999942e-02 3.780000000000000027e-02 0.000000000000000000e+00 3.759999999999999454e-02 -7.900000000000004241e-03 2.100000000000001171e-03 3.900000000000000688e-03 5.400000000000002021e-03 4.678560000000000010e-03 1.607824000000000059e-02 6.464160000000000045e-03 5.289999999999999564e-04 1.857609999999999990e-03 1.428840000000000015e-03 0.000000000000000000e+00 1.413759999999999583e-03 6.241000000000006146e-05 4.410000000000005211e-06 1.521000000000000515e-05 2.916000000000002236e-05 1.847709875000000000e+06 1.763834125000000000e+06
1.000000000000000000e+00 -5.399999999999999939e-02 8.509999999999999509e-02 5.809999999999999887e-02 -1.679999999999999896e-02 -4.639999999999999680e-02 6.999999999999999929e-04 1.440000000000000308e-02 -4.170000000000000095e-02 -2.230000000000000038e-02 6.200000000000000649e-03 -3.299999999999997380e-03 -3.710000000000000103e-02 2.915999999999999755e-03 7.242009999999999247e-03 3.375609999999999809e-03 2.822399999999999540e-04 2.152959999999999770e-03 4.899999999999999672e-07 2.073600000000001017e-04 1.738890000000000097e-03 4.972900000000000584e-04 3.844000000000001143e-05 1.088999999999998213e-05 1.376410000000000003e-03 1.847028125000000000e+06 1.768100375000000000e+06
1.000000000000000000e+00 -8.229999999999999816e-02 1.572999999999999954e-01 8.050000000000000211e-02 -7.489999999999999436e-02 4.610000000000000209e-02 -5.499999999999999681e-03 -2.829999999999999877e-02 7.220000000000000029e-02 2.240000000000000324e-02 -5.809999999999999887e-02 9.249999999999999889e-02 -6.199999999999999782e-03 6.773289999999999519e-03 2.474328999999999765e-02 6.480250000000000767e-03 5.610009999999999476e-03 2.125210000000000207e-03 3.024999999999999667e-05 8.008899999999999570e-04 5.212839999999999835e-03 5.017600000000001833e-04 3.375609999999999809e-03 8.556249999999999620e-03 3.843999999999999788e-05 1.847763125000000000e+06 1.766939375000000000e+06
1.000000000000000000e+00 -1.227000000000000035e-01 3.411000000000000143e-01 1.792999999999999872e-01 -1.627000000000000113e-01 8.730000000000000260e-02 9.700000000000000289e-03 -4.040000000000000535e-02 1.838000000000000189e-01 9.879999999999998506e-02 -8.780000000000001692e-02 4.120000000000000051e-02 1.519999999999999997e-02 1.505529000000000069e-02 1.163492100000000085e-01 3.214848999999999485e-02 2.647129000000000495e-02 7.621290000000000182e-03 9.409000000000000208e-05 1.632160000000000338e-03 3.378244000000000385e-02 9.761439999999996231e-03 7.708840000000003259e-03 1.697440000000000147e-03 2.310400000000000106e-04 1.841975625000000000e+06 1.763918750000000000e+06
1.000000000000000000e+00 -1.164000000000000035e-01 1.733000000000000096e-01 1.449000000000000010e-01 -2.199000000000000121e-01 5.859999999999999931e-02 2.769999999999999893e-02 6.300000000000000044e-03 -1.678000000000000047e-01 -3.439999999999998614e-02 -5.720000000000000084e-02 -2.870000000000000329e-02 1.799999999999999864e-02 1.354896000000000052e-02 3.003289000000000306e-02 2.099600999999999898e-02 4.835601000000000482e-02 3.433959999999999790e-03 7.672899999999998992e-04 3.969000000000000116e-05 2.815684000000000242e-02 1.183359999999998970e-03 3.271840000000000252e-03 8.236900000000001859e-04 3.239999999999999608e-04 1.853125750000000000e+06 1.774632250000000000e+06
1.000000000000000000e+00 2.500000000000000052e-03 -8.740000000000000546e-02 6.460000000000000464e-02 -3.109999999999999917e-02 -1.299999999999999940e-03 4.569999999999999757e-02 1.189000000000000057e-01 -2.607000000000000428e-01 -8.029999999999999638e-02 1.888000000000000234e-01 -5.990000000000000185e-02 1.799999999999999864e-02 6.250000000000000300e-06 7.638760000000001382e-03 4.173160000000000411e-03 9.672099999999999231e-04 1.689999999999999913e-06 2.088489999999999704e-03 1.413721000000000075e-02 6.796449000000001628e-02 6.448089999999999204e-03 3.564544000000000740e-02 3.588010000000000418e-03 3.239999999999999608e-04 1.850703875000000000e+06 1.775117250000000000e+06
1.000000000000000000e+00 -3.799999999999999906e-02 7.290000000000000646e-02 1.784999999999999920e-01 1.299999999999999940e-03 -1.134000000000000008e-01 1.039000000000000062e-01 -4.050000000000000128e-02 1.602999999999999980e-01 1.138999999999999874e-01 3.239999999999999825e-02 -1.121000000000000052e-01 5.820000000000000867e-02 1.443999999999999971e-03 5.314410000000001182e-03 3.186224999999999474e-02 1.689999999999999913e-06 1.285956000000000078e-02 1.079521000000000126e-02 1.640249999999999998e-03 2.569608999999999782e-02 1.297320999999999717e-02 1.049759999999999843e-03 1.256641000000000181e-02 3.387240000000000997e-03 1.851462375000000000e+06 1.774083875000000000e+06
1.000000000000000000e+00 -5.960000000000000020e-02 1.020999999999999963e-01 2.031000000000000028e-01 -3.500000000000000333e-02 -6.969999999999999807e-02 1.399999999999999986e-03 -2.160000000000000114e-02 2.919999999999998985e-02 2.460000000000001075e-02 -3.630000000000000587e-02 4.370000000000000273e-02 -1.025000000000000078e-01 3.552159999999999953e-03 1.042440999999999854e-02 4.124960999999999905e-02 1.225000000000000177e-03 4.858089999999999804e-03 1.959999999999999869e-06 4.665600000000000324e-04 8.526399999999994530e-04 6.051600000000005282e-04 1.317690000000000484e-03 1.909690000000000346e-03 1.050625000000000170e-02 1.850875000000000000e+06 1.774095750000000000e+06
1.000000000000000000e+00 3.389999999999999958e-02 4.200000000000000261e-02 1.665000000000000091e-01 -2.259999999999999856e-02 -5.619999999999999996e-02 -1.619999999999999912e-02 9.349999999999999978e-02 -6.009999999999999371e-02 -3.659999999999999365e-02 1.240000000000000477e-02 1.349999999999999811e-02 -1.759999999999999759e-02 1.149209999999999902e-03 1.764000000000000160e-03 2.772225000000000383e-02 5.107599999999999684e-04 3.158440000000000206e-03 2.624399999999999606e-04 8.742250000000000021e-03 3.612009999999999266e-03 1.339559999999999623e-03 1.537600000000001270e-04 1.822499999999999576e-04 3.097599999999999074e-04 1.850734375000000000e+06 1.776413000000000000e+06
1.000000000000000000e+00 -5.059999999999999915e-02 1.198000000000000037e-01 1.011999999999999983e-01 -3.440000000000000002e-02 -7.119999999999999940e-02 6.439999999999999891e-02 -8.449999999999999178e-02 7.780000000000000804e-02 -6.530000000000001081e-02 -1.180000000000000146e-02 -1.499999999999999944e-02 8.060000000000000497e-02 2.560359999999999806e-03 1.435204000000000167e-02 1.024143999999999922e-02 1.183360000000000054e-03 5.069439999999999710e-03 4.147360000000000109e-03 7.140249999999999028e-03 6.052840000000001171e-03 4.264090000000001629e-03 1.392400000000000289e-04 2.249999999999999938e-04 6.496360000000000502e-03 1.853466375000000000e+06 1.778417750000000000e+06
1.000000000000000000e+00 -8.099999999999999561e-03 1.131999999999999951e-01 1.524000000000000077e-01 -1.559999999999999928e-02 -6.660000000000000642e-02 -9.499999999999999764e-03 4.249999999999999611e-02 -6.600000000000008638e-03 5.120000000000000939e-02 1.880000000000000074e-02 4.599999999999992983e-03 -7.389999999999999347e-02 6.560999999999999016e-05 1.281423999999999931e-02 2.322576000000000154e-02 2.433599999999999739e-04 4.435560000000000717e-03 9.024999999999999819e-05 1.806249999999999696e-03 4.356000000000011149e-05 2.621440000000000922e-03 3.534400000000000042e-04 2.115999999999993632e-05 5.461209999999999329e-03 1.853489500000000000e+06 1.779032750000000000e+06
1.000000000000000000e+00 9.799999999999999684e-03 6.599999999999999964e-03 1.302000000000000102e-01 -1.080000000000000057e-02 -3.039999999999999994e-02 9.499999999999999764e-03 1.789999999999999925e-02 -1.066000000000000003e-01 -2.219999999999999751e-02 4.799999999999998712e-03 3.620000000000000995e-02 1.899999999999999953e-02 9.603999999999999527e-05 4.355999999999999629e-05 1.695204000000000155e-02 1.166400000000000081e-04 9.241600000000000422e-04 9.024999999999999819e-05 3.204099999999999765e-04 1.136355999999999998e-02 4.928399999999999231e-04 2.303999999999998608e-05 1.310440000000000823e-03 3.609999999999999928e-04 1.855128375000000000e+06 1.769522125000000000e+06
1.000000000000000000e+00 1.170000000000000033e-02 1.880000000000000074e-02 2.421000000000000096e-01 -2.440000000000000155e-02 -4.379999999999999866e-02 5.000000000000000104e-04 1.900000000000000647e-03 1.220000000000000077e-02 1.118999999999999995e-01 -1.360000000000000098e-02 -1.339999999999999872e-02 -8.999999999999999320e-03 1.368899999999999989e-04 3.534400000000000042e-04 5.861241000000000367e-02 5.953600000000000732e-04 1.918439999999999989e-03 2.499999999999999887e-07 3.610000000000002282e-06 1.488400000000000183e-04 1.252161000000000073e-02 1.849600000000000181e-04 1.795599999999999681e-04 8.099999999999999019e-05 1.856975875000000000e+06 1.767671375000000000e+06
1.000000000000000000e+00 -5.140000000000000124e-02 8.840000000000000635e-02 2.356000000000000039e-01 -3.169999999999999901e-02 -6.419999999999999318e-02 4.599999999999999922e-03 -6.310000000000000331e-02 6.960000000000000908e-02 -6.500000000000005773e-03 -7.299999999999997463e-03 -2.039999999999999453e-02 4.099999999999999478e-03 2.641960000000000055e-03 7.814560000000001644e-03 5.550735999999999865e-02 1.004890000000000037e-03 4.121639999999999332e-03 2.116000000000000069e-05 3.981610000000000010e-03 4.844160000000001000e-03 4.225000000000007829e-05 5.328999999999996581e-05 4.161599999999997831e-04 1.680999999999999660e-05 1.856436375000000000e+06 1.760230500000000000e+06
1.000000000000000000e+00 -4.410000000000000031e-02 8.599999999999999312e-02 1.139000000000000012e-01 -3.030000000000000054e-02 -5.279999999999999971e-02 -7.799999999999999642e-03 7.300000000000000933e-03 -2.400000000000013234e-03 -1.217000000000000026e-01 1.399999999999998468e-03 1.139999999999999347e-02 -1.239999999999999956e-02 1.944809999999999942e-03 7.395999999999998929e-03 1.297321000000000064e-02 9.180899999999999868e-04 2.787839999999999763e-03 6.083999999999999348e-05 5.329000000000001325e-05 5.760000000000063436e-06 1.481089000000000017e-02 1.959999999999995634e-06 1.299599999999998467e-04 1.537599999999999915e-04 1.855918375000000000e+06 1.754045625000000000e+06
1.000000000000000000e+00 -1.368000000000000049e-01 1.582999999999999963e-01 2.376000000000000056e-01 -1.600000000000000033e-01 2.398000000000000131e-01 -3.099999999999999891e-03 -9.270000000000000462e-02 7.230000000000000315e-02 1.237000000000000044e-01 -1.297000000000000097e-01 2.926000000000000267e-01 4.699999999999999317e-03 1.871424000000000004e-02 2.505889000000000033e-02 5.645376000000000560e-02 2.560000000000000123e-02 5.750404000000000626e-02 9.609999999999999470e-06 8.593290000000001691e-03 5.227290000000000755e-03 1.530169000000000147e-02 1.682209000000000135e-02 8.561476000000001196e-02 2.208999999999999348e-05 1.856058250000000000e+06 1.741735500000000000e+06
1.000000000000000000e+00 -8.849999999999999534e-02 -2.200000000000000133e-03 2.308000000000000052e-01 -1.461999999999999966e-01 3.180999999999999939e-01 -6.379999999999999560e-02 4.830000000000000959e-02 -1.605000000000000038e-01 -6.800000000000000488e-03 1.380000000000000671e-02 7.829999999999998073e-02 -6.069999999999999701e-02 7.832249999999998935e-03 4.840000000000000247e-06 5.326863999999999905e-02 2.137443999999999802e-02 1.011876099999999973e-01 4.070439999999999822e-03 2.332890000000001091e-03 2.576025000000000190e-02 4.624000000000000451e-05 1.904400000000001892e-04 6.130889999999997349e-03 3.684489999999999467e-03 1.853606000000000000e+06 1.737348500000000000e+06
1.000000000000000000e+00 1.699999999999999905e-03 -1.993999999999999939e-01 8.840000000000000635e-02 -2.580000000000000002e-02 1.760000000000000106e-02 -4.209999999999999853e-02 9.019999999999998852e-02 -1.971999999999999864e-01 -1.423999999999999988e-01 1.203999999999999931e-01 -3.004999999999999893e-01 2.169999999999999707e-02 2.889999999999999859e-06 3.976035999999999460e-02 7.814560000000001644e-03 6.656400000000000034e-04 3.097600000000000158e-04 1.772409999999999871e-03 8.136039999999997163e-03 3.888783999999999297e-02 2.027775999999999884e-02 1.449615999999999752e-02 9.030024999999999857e-02 4.708899999999998504e-04 1.852351750000000000e+06 1.736981500000000000e+06
1.000000000000000000e+00 -9.479999999999999538e-02 -7.249999999999999500e-02 8.500000000000000611e-03 3.330000000000000321e-02 -1.237999999999999934e-01 -1.919999999999999832e-02 -9.649999999999998856e-02 1.269000000000000128e-01 -7.989999999999999880e-02 5.909999999999999976e-02 -1.413999999999999979e-01 2.290000000000000022e-02 8.987039999999999959e-03 5.256249999999999638e-03 7.225000000000000790e-05 1.108890000000000179e-03 1.532643999999999847e-02 3.686399999999999400e-04 9.312249999999997613e-03 1.610361000000000431e-02 6.384009999999999858e-03 3.492809999999999838e-03 1.999395999999999812e-02 5.244100000000000020e-04 1.850246125000000000e+06 1.738269125000000000e+06
1.000000000000000000e+00 -9.840000000000000135e-02 7.409999999999999920e-02 -6.469999999999999363e-02 9.260000000000000175e-02 -1.414999999999999869e-01 -7.370000000000000162e-02 -3.600000000000005973e-03 1.466000000000000081e-01 -7.319999999999998730e-02 5.929999999999999855e-02 -1.769999999999999352e-02 -5.450000000000000677e-02 9.682559999999999778e-03 5.490809999999999615e-03 4.186089999999999083e-03 8.574760000000000715e-03 2.002224999999999491e-02 5.431690000000000303e-03 1.296000000000004363e-05 2.149156000000000330e-02 5.358239999999998490e-03 3.516489999999999720e-03 3.132899999999997601e-04 2.970250000000000667e-03 1.850359625000000000e+06 1.738244000000000000e+06
1.000000000000000000e+00 -1.244999999999999996e-01 5.449999999999999983e-02 6.199999999999999782e-03 -1.099999999999999936e-02 -2.424999999999999933e-01 -6.579999999999999738e-02 -2.609999999999999820e-02 -1.959999999999999937e-02 7.089999999999999081e-02 -1.035999999999999976e-01 -1.010000000000000064e-01 7.900000000000004241e-03 1.550025000000000014e-02 2.970249999999999800e-03 3.843999999999999788e-05 1.209999999999999867e-04 5.880624999999999741e-02 4.329640000000000051e-03 6.812099999999999102e-04 3.841599999999999811e-04 5.026809999999998745e-03 1.073295999999999972e-02 1.020100000000000173e-02 6.241000000000006146e-05 1.848253125000000000e+06 1.738869875000000000e+06
1.000000000000000000e+00 -4.150000000000000216e-02 8.930000000000000437e-02 1.028000000000000025e-01 -1.060000000000000005e-02 -1.759999999999999898e-01 -7.929999999999999549e-02 8.299999999999999045e-02 3.480000000000000454e-02 9.660000000000000531e-02 3.999999999999993144e-04 6.650000000000000355e-02 -1.349999999999999811e-02 1.722250000000000256e-03 7.974490000000000745e-03 1.056784000000000022e-02 1.123600000000000016e-04 3.097599999999999659e-02 6.288489999999999011e-03 6.888999999999998423e-03 1.211040000000000250e-03 9.331560000000000896e-03 1.599999999999994475e-07 4.422250000000000833e-03 1.822499999999999576e-04 1.846512625000000000e+06 1.735957000000000000e+06
1.000000000000000000e+00 -5.050000000000000322e-02 1.297000000000000097e-01 1.550999999999999879e-01 9.520000000000000684e-02 -6.419999999999999318e-02 -2.630000000000000046e-02 -9.000000000000001055e-03 4.040000000000000535e-02 5.229999999999998539e-02 1.058000000000000052e-01 1.117999999999999966e-01 5.299999999999999156e-02 2.550250000000000433e-03 1.682209000000000135e-02 2.405600999999999573e-02 9.063040000000001373e-03 4.121639999999999332e-03 6.916900000000000132e-04 8.100000000000001730e-05 1.632160000000000338e-03 2.735289999999998296e-03 1.119364000000000123e-02 1.249924000000000000e-02 2.808999999999998998e-03 1.847345500000000000e+06 1.736719750000000000e+06
1.000000000000000000e+00 -3.989999999999999797e-02 1.300000000000000044e-01 8.100000000000000255e-02 3.960000000000000325e-02 -3.139999999999999736e-02 -2.879999999999999921e-02 1.060000000000000525e-02 2.999999999999947153e-04 -7.409999999999998532e-02 -5.560000000000000359e-02 3.279999999999999583e-02 -2.499999999999998751e-03 1.592009999999999823e-03 1.690000000000000183e-02 6.560999999999999992e-03 1.568160000000000300e-03 9.859599999999999181e-04 8.294399999999999733e-04 1.123600000000001101e-04 8.999999999999683544e-08 5.490809999999997880e-03 3.091360000000000462e-03 1.075839999999999783e-03 6.249999999999993523e-06 1.848504125000000000e+06 1.740871500000000000e+06
1.000000000000000000e+00 -3.830000000000000071e-02 1.343999999999999917e-01 1.608999999999999875e-01 -4.730000000000000177e-02 -7.449999999999999678e-02 -2.769999999999999893e-02 1.599999999999997258e-03 4.399999999999987255e-03 7.989999999999998492e-02 -8.690000000000000502e-02 -4.309999999999999942e-02 1.100000000000000283e-03 1.466889999999999991e-03 1.806335999999999706e-02 2.588880999999999474e-02 2.237290000000000285e-03 5.550249999999999628e-03 7.672899999999998992e-04 2.559999999999991160e-06 1.935999999999988918e-05 6.384009999999997256e-03 7.551610000000001134e-03 1.857609999999999990e-03 1.210000000000000697e-06 1.849928625000000000e+06 1.745430375000000000e+06
1.000000000000000000e+00 -3.690000000000000224e-02 4.780000000000000221e-02 1.477999999999999869e-01 -4.179999999999999688e-02 -2.489999999999999852e-02 -3.219999999999999946e-02 1.399999999999998468e-03 -8.659999999999998255e-02 -1.310000000000000053e-02 5.500000000000004885e-03 4.959999999999999826e-02 -4.500000000000000527e-03 1.361610000000000077e-03 2.284840000000000221e-03 2.184483999999999732e-02 1.747239999999999731e-03 6.200099999999999405e-04 1.036840000000000027e-03 1.959999999999995634e-06 7.499559999999997131e-03 1.716100000000000188e-04 3.025000000000005427e-05 2.460159999999999864e-03 2.025000000000000432e-05 1.848120250000000000e+06 1.747182250000000000e+06
1.000000000000000000e+00 -3.769999999999999740e-02 4.429999999999999910e-02 1.468000000000000138e-01 -4.229999999999999732e-02 -3.109999999999999917e-02 -3.030000000000000054e-02 -7.999999999999951594e-04 -3.500000000000003109e-03 -9.999999999999731326e-04 -5.000000000000004441e-04 -6.200000000000000649e-03 1.899999999999998912e-03 1.421289999999999750e-03 1.962489999999999894e-03 2.155024000000000522e-02 1.789289999999999804e-03 9.672099999999999231e-04 9.180899999999999868e-04 6.399999999999922842e-07 1.225000000000002163e-05 9.999999999999461682e-07 2.500000000000004651e-07 3.844000000000001143e-05 3.609999999999995930e-06 1.848093250000000000e+06 1.747978500000000000e+06
