1.000000000000000000e+00 -0.000000000000000000e+00 -0.000000000000000000e+00 -0.000000000000000000e+00 -0.000000000000000000e+00 0.000000000000000000e+00 0.000000000000000000e+00 0.000000000000000000e+00 0.000000000000000000e+00 0.000000000000000000e+00 0.000000000000000000e+00 0.000000000000000000e+00 0.000000000000000000e+00 0.000000000000000000e+00 0.000000000000000000e+00 0.000000000000000000e+00 0.000000000000000000e+00 0.000000000000000000e+00 0.000000000000000000e+00 0.000000000000000000e+00 0.000000000000000000e+00 0.000000000000000000e+00 0.000000000000000000e+00 0.000000000000000000e+00 0.000000000000000000e+00 1.249064125000000000e+06 1.206710625000000000e+06
1.000000000000000000e+00 1.299999999999999940e-03 2.129000000000000059e-01 1.595000000000000029e-01 -2.160000000000000114e-02 -3.409999999999999837e-02 1.239999999999999956e-02 1.299999999999999940e-03 2.129000000000000059e-01 1.595000000000000029e-01 -2.160000000000000114e-02 -3.409999999999999837e-02 1.239999999999999956e-02 1.689999999999999913e-06 4.532641000000000447e-02 2.544025000000000106e-02 4.665600000000000324e-04 1.162809999999999799e-03 1.537599999999999915e-04 1.689999999999999913e-06 4.532641000000000447e-02 2.544025000000000106e-02 4.665600000000000324e-04 1.162809999999999799e-03 1.537599999999999915e-04 1.247923875000000000e+06 1.202258000000000000e+06
1.000000000000000000e+00 -3.570000000000000256e-02 3.572000000000000175e-01 1.398000000000000076e-01 -3.509999999999999926e-02 -6.019999999999999657e-02 1.849999999999999908e-02 -3.700000000000000511e-02 1.443000000000000116e-01 -1.969999999999999529e-02 -1.349999999999999811e-02 -2.609999999999999820e-02 6.099999999999999520e-03 1.274490000000000085e-03 1.275918400000000119e-01 1.954404000000000211e-02 1.232009999999999963e-03 3.624039999999999380e-03 3.422499999999999436e-04 1.369000000000000425e-03 2.082249000000000252e-02 3.880899999999997893e-04 1.822499999999999576e-04 6.812099999999999102e-04 3.720999999999999102e-05 1.248051000000000000e+06 1.202957750000000000e+06
1.000000000000000000e+00 -3.599999999999999728e-02 3.503999999999999893e-01 1.705000000000000127e-01 -5.979999999999999899e-02 -2.709999999999999909e-02 -1.720000000000000001e-02 -2.999999999999947153e-04 -6.800000000000028244e-03 3.070000000000000506e-02 -2.469999999999999973e-02 3.309999999999999748e-02 -3.569999999999999563e-02 1.295999999999999843e-03 1.227801599999999993e-01 2.907025000000000581e-02 3.576039999999999948e-03 7.344099999999999023e-04 2.958400000000000135e-04 8.999999999999683544e-08 4.624000000000038399e-05 9.424900000000003631e-04 6.100899999999999813e-04 1.095609999999999900e-03 1.274489999999999651e-03 1.249469250000000000e+06 1.201858375000000000e+06
1.000000000000000000e+00 -3.620000000000000301e-02 2.979999999999999871e-01 1.683000000000000052e-01 -9.500000000000000111e-02 -1.000000000000000021e-02 2.799999999999999972e-03 -2.000000000000057288e-04 -5.240000000000000213e-02 -2.200000000000007505e-03 -3.520000000000000212e-02 1.709999999999999715e-02 2.000000000000000042e-02 1.310440000000000172e-03 8.880399999999999405e-02 2.832489000000000187e-02 9.025000000000000036e-03 1.000000000000000048e-04 7.839999999999999476e-06 4.000000000000229047e-08 2.745760000000000301e-03 4.840000000000033281e-06 1.239040000000000063e-03 2.924099999999998922e-04 4.000000000000000192e-04 1.249837625000000000e+06 1.200494625000000000e+06
1.000000000000000000e+00 -3.209999999999999659e-02 3.760000000000000009e-01 1.650000000000000078e-01 -3.009999999999999828e-02 6.350000000000000089e-02 1.859999999999999848e-02 4.100000000000006417e-03 7.800000000000001377e-02 -3.299999999999997380e-03 6.489999999999999936e-02 7.349999999999999589e-02 1.579999999999999807e-02 1.030409999999999833e-03 1.413760000000000017e-01 2.722500000000000267e-02 9.060099999999998450e-04 4.032250000000000244e-03 3.459599999999999199e-04 1.681000000000005420e-05 6.084000000000001733e-03 1.088999999999998213e-05 4.212009999999999539e-03 5.402249999999999067e-03 2.496399999999999206e-04 1.247606000000000000e+06 1.200597750000000000e+06
1.000000000000000000e+00 -3.119999999999999857e-02 3.501000000000000223e-01 1.310000000000000053e-01 -4.349999999999999700e-02 4.970000000000000112e-02 1.930000000000000118e-02 8.999999999999980238e-04 -2.589999999999997859e-02 -3.400000000000000244e-02 -1.339999999999999872e-02 -1.379999999999999977e-02 7.000000000000027034e-04 9.734399999999998956e-04 1.225700100000000209e-01 1.716100000000000264e-02 1.892249999999999835e-03 2.470090000000000306e-03 3.724900000000000606e-04 8.099999999999964799e-07 6.708099999999988985e-04 1.156000000000000126e-03 1.795599999999999681e-04 1.904399999999999995e-04 4.900000000000037789e-07 1.247524500000000000e+06 1.201797375000000000e+06
1.000000000000000000e+00 -7.799999999999999642e-03 4.200999999999999734e-01 1.822000000000000008e-01 -3.769999999999999740e-02 8.659999999999999643e-02 -1.299999999999999940e-02 2.339999999999999719e-02 6.999999999999995115e-02 5.119999999999999551e-02 5.799999999999999600e-03 3.689999999999999530e-02 -3.230000000000000232e-02 6.083999999999999348e-05 1.764840099999999690e-01 3.319683999999999829e-02 1.421289999999999750e-03 7.499559999999999733e-03 1.689999999999999879e-04 5.475599999999998871e-04 4.899999999999992903e-03 2.621439999999999621e-03 3.363999999999999640e-05 1.361609999999999644e-03 1.043290000000000103e-03 1.245912125000000000e+06 1.203037500000000000e+06
1.000000000000000000e+00 -2.139999999999999888e-02 4.682000000000000051e-01 1.479000000000000037e-01 1.760000000000000106e-02 3.690000000000000224e-02 -3.429999999999999716e-02 -1.359999999999999924e-02 4.810000000000003162e-02 -3.429999999999999716e-02 5.530000000000000193e-02 -4.969999999999999418e-02 -2.129999999999999949e-02 4.579599999999999318e-04 2.192112400000000016e-01 2.187441000000000038e-02 3.097600000000000158e-04 1.361610000000000077e-03 1.176489999999999871e-03 1.849599999999999910e-04 2.313610000000002834e-03 1.176489999999999871e-03 3.058090000000000287e-03 2.470089999999999439e-03 4.536899999999999744e-04 1.246605250000000000e+06 1.206440125000000000e+06
1.000000000000000000e+00 7.100000000000000408e-03 4.395999999999999908e-01 1.103999999999999981e-01 -3.899999999999999994e-02 8.669999999999999929e-02 -4.000000000000000083e-03 2.849999999999999756e-02 -2.860000000000001430e-02 -3.750000000000000555e-02 -5.659999999999999754e-02 4.979999999999999705e-02 3.029999999999999707e-02 5.041000000000000694e-05 1.932481600000000022e-01 1.218815999999999997e-02 1.521000000000000000e-03 7.516890000000000030e-03 1.599999999999999928e-05 8.122499999999998211e-04 8.179600000000008218e-04 1.406250000000000382e-03 3.203559999999999828e-03 2.480039999999999762e-03 9.180899999999997700e-04 1.247895125000000000e+06 1.210565875000000000e+06
1.000000000000000000e+00 1.110000000000000049e-02 3.176999999999999824e-01 1.620999999999999941e-01 -1.499999999999999944e-02 7.199999999999999803e-03 -8.399999999999999481e-03 4.000000000000000083e-03 -1.219000000000000083e-01 5.169999999999999596e-02 2.400000000000000050e-02 -7.950000000000000122e-02 -4.399999999999999398e-03 1.232100000000000079e-04 1.009332899999999950e-01 2.627640999999999658e-02 2.249999999999999938e-04 5.183999999999999833e-05 7.055999999999998851e-05 1.599999999999999928e-05 1.485961000000000226e-02 2.672889999999999381e-03 5.760000000000000146e-04 6.320250000000000347e-03 1.935999999999999421e-05 1.246872750000000000e+06 1.212796750000000000e+06
1.000000000000000000e+00 -4.209999999999999853e-02 2.587999999999999745e-01 9.039999999999999425e-02 -8.150000000000000300e-02 -3.670000000000000345e-02 -6.599999999999999964e-03 -5.319999999999999729e-02 -5.890000000000000790e-02 -7.169999999999999984e-02 -6.650000000000000355e-02 -4.390000000000000152e-02 1.799999999999999517e-03 1.772409999999999871e-03 6.697743999999998532e-02 8.172159999999999494e-03 6.642250000000000584e-03 1.346890000000000327e-03 4.355999999999999629e-05 2.830239999999999926e-03 3.469210000000000783e-03 5.140890000000000390e-03 4.422250000000000833e-03 1.927210000000000164e-03 3.239999999999998202e-06 1.247027500000000000e+06 1.213275000000000000e+06
1.000000000000000000e+00 -3.400000000000000244e-02 4.163999999999999924e-01 1.380000000000000115e-01 -4.460000000000000075e-02 6.969999999999999807e-02 1.269999999999999948e-02 8.099999999999996092e-03 1.576000000000000179e-01 4.760000000000001730e-02 3.690000000000000224e-02 1.063999999999999946e-01 1.929999999999999771e-02 1.156000000000000126e-03 1.733889599999999809e-01 1.904400000000000190e-02 1.989160000000000234e-03 4.858089999999999804e-03 1.612899999999999957e-04 6.560999999999993595e-05 2.483776000000000733e-02 2.265760000000001644e-03 1.361610000000000077e-03 1.132095999999999970e-02 3.724899999999998980e-04 1.247941125000000000e+06 1.216163125000000000e+06
1.000000000000000000e+00 -3.320000000000000034e-02 4.163999999999999924e-01 9.460000000000000353e-02 -5.820000000000000173e-02 4.639999999999999680e-02 7.900000000000000772e-03 8.000000000000020983e-04 0.000000000000000000e+00 -4.340000000000000802e-02 -1.360000000000000098e-02 -2.330000000000000127e-02 -4.799999999999998712e-03 1.102239999999999991e-03 1.733889599999999809e-01 8.949160000000001142e-03 3.387240000000000129e-03 2.152959999999999770e-03 6.241000000000000724e-05 6.400000000000034015e-07 0.000000000000000000e+00 1.883560000000000702e-03 1.849600000000000181e-04 5.428900000000000826e-04 2.303999999999998608e-05 1.247555750000000000e+06 1.216408250000000000e+06
1.000000000000000000e+00 -1.559999999999999928e-02 2.519000000000000128e-01 1.200999999999999984e-01 4.100000000000000346e-03 6.419999999999999318e-02 -4.549999999999999878e-02 1.760000000000000106e-02 -1.644999999999999796e-01 2.549999999999999489e-02 6.230000000000000121e-02 1.779999999999999638e-02 -5.340000000000000302e-02 2.433599999999999739e-04 6.345361000000000751e-02 1.442400999999999926e-02 1.681000000000000338e-05 4.121639999999999332e-03 2.070250000000000042e-03 3.097600000000000158e-04 2.706024999999999403e-02 6.502499999999997865e-04 3.881290000000000347e-03 3.168399999999998735e-04 2.851560000000000379e-03 1.249845625000000000e+06 1.213065375000000000e+06
1.000000000000000000e+00 -1.600000000000000033e-02 3.240000000000000102e-01 9.629999999999999671e-02 -2.099999999999999870e-03 8.060000000000000497e-02 -4.839999999999999858e-02 -4.000000000000010492e-04 7.209999999999999742e-02 -2.380000000000000171e-02 -6.200000000000000649e-03 1.640000000000001179e-02 -2.899999999999999800e-03 2.559999999999999884e-04 1.049759999999999999e-01 9.273689999999999364e-03 4.409999999999999282e-06 6.496360000000000502e-03 2.342560000000000042e-03 1.600000000000008504e-07 5.198409999999999663e-03 5.664400000000000858e-04 3.844000000000001143e-05 2.689600000000003793e-04 8.409999999999999101e-06 1.249462125000000000e+06 1.210623875000000000e+06
1.000000000000000000e+00 -1.919999999999999832e-02 3.694999999999999951e-01 1.560999999999999888e-01 -1.190000000000000085e-02 7.090000000000000469e-02 -4.809999999999999692e-02 -3.199999999999997985e-03 4.549999999999998490e-02 5.979999999999999205e-02 -9.800000000000001418e-03 -9.700000000000000289e-03 3.000000000000016542e-04 3.686399999999999400e-04 1.365302499999999919e-01 2.436720999999999679e-02 1.416100000000000214e-04 5.026810000000000479e-03 2.313609999999999799e-03 1.023999999999998666e-05 2.070249999999998741e-03 3.576039999999999081e-03 9.604000000000002238e-05 9.409000000000000208e-05 9.000000000000099119e-08 1.248122625000000000e+06 1.209300375000000000e+06
1.000000000000000000e+00 5.999999999999999474e-04 3.348999999999999755e-01 9.299999999999999933e-02 -1.159999999999999920e-02 2.000000000000000096e-04 -3.830000000000000071e-02 1.979999999999999816e-02 -3.460000000000001963e-02 -6.309999999999998943e-02 3.000000000000016542e-04 -7.069999999999999896e-02 9.799999999999996214e-03 3.599999999999999414e-07 1.121580099999999885e-01 8.649000000000000438e-03 1.345599999999999856e-04 4.000000000000000084e-08 1.466889999999999991e-03 3.920399999999999124e-04 1.197160000000001365e-03 3.981609999999998276e-03 9.000000000000099119e-08 4.998489999999999531e-03 9.603999999999992751e-05 1.247348125000000000e+06 1.207767000000000000e+06
1.000000000000000000e+00 -3.599999999999999901e-03 4.117000000000000104e-01 1.589000000000000135e-01 -8.300000000000000086e-03 1.043000000000000038e-01 -4.549999999999999878e-02 -4.199999999999999740e-03 7.680000000000003491e-02 6.590000000000001412e-02 3.299999999999999115e-03 1.040999999999999981e-01 -7.199999999999998068e-03 1.295999999999999958e-05 1.694968900000000112e-01 2.524921000000000457e-02 6.888999999999999941e-05 1.087849000000000108e-02 2.070250000000000042e-03 1.763999999999999713e-05 5.898240000000005111e-03 4.342810000000001634e-03 1.088999999999999399e-05 1.083680999999999880e-02 5.183999999999997123e-05 1.247263500000000000e+06 1.207524125000000000e+06
1.000000000000000000e+00 -1.590000000000000094e-02 3.551000000000000267e-01 1.074999999999999983e-01 -2.110000000000000070e-02 1.089999999999999997e-02 -5.829999999999999766e-02 -1.230000000000000190e-02 -5.659999999999998366e-02 -5.140000000000001512e-02 -1.280000000000000061e-02 -9.340000000000001079e-02 -1.279999999999999888e-02 2.528100000000000139e-04 1.260960100000000084e-01 1.155624999999999881e-02 4.452100000000000285e-04 1.188099999999999958e-04 3.398889999999999897e-03 1.512900000000000507e-04 3.203559999999998093e-03 2.641960000000001356e-03 1.638400000000000034e-04 8.723560000000001730e-03 1.638399999999999763e-04 1.246645125000000000e+06 1.207428000000000000e+06
1.000000000000000000e+00 -1.500000000000000031e-03 2.949999999999999845e-01 1.678000000000000047e-01 -1.400000000000000029e-02 3.699999999999999817e-02 -5.879999999999999810e-02 1.440000000000000134e-02 -6.010000000000004228e-02 6.030000000000000637e-02 7.100000000000000408e-03 2.609999999999999820e-02 -5.000000000000004441e-04 2.250000000000000057e-06 8.702499999999999125e-02 2.815684000000000242e-02 1.960000000000000208e-04 1.368999999999999774e-03 3.457439999999999992e-03 2.073600000000000475e-04 3.612010000000004904e-03 3.636090000000000676e-03 5.041000000000000694e-05 6.812099999999999102e-04 2.500000000000004651e-07 1.247391750000000000e+06 1.207668750000000000e+06
1.000000000000000000e+00 -8.000000000000000167e-03 4.431999999999999829e-01 1.408000000000000085e-01 -3.289999999999999869e-02 4.000000000000000083e-02 -7.359999999999999876e-02 -6.500000000000000569e-03 1.481999999999999984e-01 -2.699999999999999623e-02 -1.890000000000000013e-02 3.000000000000002665e-03 -1.480000000000000066e-02 6.399999999999999710e-05 1.964262399999999742e-01 1.982464000000000101e-02 1.082410000000000013e-03 1.600000000000000077e-03 5.416960000000000178e-03 4.225000000000001053e-05 2.196323999999999846e-02 7.289999999999998304e-04 3.572100000000000036e-04 9.000000000000015475e-06 2.190400000000000170e-04 1.246677500000000000e+06 1.211497500000000000e+06
1.000000000000000000e+00 -3.729999999999999982e-02 4.350999999999999868e-01 2.494999999999999996e-01 -1.039999999999999952e-01 2.920000000000000026e-02 -9.940000000000000224e-02 -2.929999999999999966e-02 -8.099999999999996092e-03 1.086999999999999911e-01 -7.109999999999999654e-02 -1.080000000000000057e-02 -2.580000000000000349e-02 1.391289999999999888e-03 1.893120099999999750e-01 6.225025000000000003e-02 1.081599999999999923e-02 8.526399999999999951e-04 9.880360000000001225e-03 8.584899999999999476e-04 6.560999999999993595e-05 1.181568999999999849e-02 5.055209999999999218e-03 1.166400000000000081e-04 6.656400000000002202e-04 1.247144625000000000e+06 1.213014125000000000e+06
1.000000000000000000e+00 -3.490000000000000047e-02 2.454000000000000070e-01 1.761000000000000065e-01 -1.171999999999999986e-01 -2.970000000000000070e-02 -8.300000000000000433e-02 2.399999999999999356e-03 -1.896999999999999797e-01 -7.339999999999999303e-02 -1.320000000000000340e-02 -5.890000000000000097e-02 1.639999999999999791e-02 1.218010000000000056e-03 6.022116000000000274e-02 3.101121000000000086e-02 1.373583999999999916e-02 8.820900000000000876e-04 6.889000000000001026e-03 5.759999999999996521e-06 3.598608999999999142e-02 5.387559999999998704e-03 1.742400000000000936e-04 3.469209999999999915e-03 2.689599999999999456e-04 1.246888000000000000e+06 1.214191000000000000e+06
1.000000000000000000e+00 -3.989999999999999797e-02 5.988999999999999879e-01 1.715000000000000135e-01 6.690000000000000113e-02 1.379999999999999977e-02 -7.620000000000000384e-02 -4.999999999999997502e-03 3.534999999999999809e-01 -4.599999999999992983e-03 1.840999999999999859e-01 4.349999999999999700e-02 6.800000000000000488e-03 1.592009999999999823e-03 3.586812099999999726e-01 2.941225000000000436e-02 4.475610000000000525e-03 1.904399999999999995e-04 5.806440000000000386e-03 2.499999999999997409e-05 1.249622499999999831e-01 2.115999999999993632e-05 3.389280999999999544e-02 1.892249999999999835e-03 4.624000000000000451e-05 1.246573000000000000e+06 1.215361375000000000e+06
1.000000000000000000e+00 -2.040000000000000147e-02 5.647999999999999687e-01 2.003000000000000058e-01 6.169999999999999790e-02 5.599999999999999943e-03 -8.890000000000000679e-02 1.949999999999999650e-02 -3.410000000000001918e-02 2.879999999999999227e-02 -5.200000000000003231e-03 -8.199999999999998956e-03 -1.270000000000000295e-02 4.161600000000000542e-04 3.189990399999999560e-01 4.012009000000000408e-02 3.806889999999999840e-03 3.135999999999999790e-05 7.903210000000000790e-03 3.802499999999998373e-04 1.162810000000001317e-03 8.294399999999995396e-04 2.704000000000003249e-05 6.723999999999998641e-05 1.612900000000000770e-04 1.245916375000000000e+06 1.219512500000000000e+06
1.000000000000000000e+00 -4.159999999999999809e-02 3.660000000000000059e-02 1.343000000000000027e-01 -3.219999999999999946e-02 -4.469999999999999668e-02 -3.649999999999999772e-02 -2.119999999999999662e-02 -5.282000000000000028e-01 -6.600000000000000311e-02 -9.389999999999999736e-02 -5.029999999999999749e-02 5.240000000000000907e-02 1.730559999999999911e-03 1.339560000000000056e-03 1.803649000000000224e-02 1.036840000000000027e-03 1.998089999999999675e-03 1.332249999999999884e-03 4.494399999999998440e-04 2.789952399999999777e-01 4.356000000000000497e-03 8.817209999999998937e-03 2.530089999999999596e-03 2.745760000000000735e-03 1.244635000000000000e+06 1.213795250000000000e+06
1.000000000000000000e+00 -3.780000000000000027e-02 1.734999999999999876e-01 1.401999999999999913e-01 -2.610000000000000167e-02 2.029999999999999860e-02 -2.920000000000000026e-02 3.799999999999997824e-03 1.368999999999999939e-01 5.899999999999988587e-03 6.099999999999997785e-03 6.500000000000000222e-02 7.299999999999997463e-03 1.428840000000000015e-03 3.010224999999999707e-02 1.965603999999999615e-02 6.812100000000001271e-04 4.120899999999999390e-04 8.526399999999999951e-04 1.443999999999998372e-05 1.874160999999999883e-02 3.480999999999986492e-05 3.720999999999997069e-05 4.225000000000000457e-03 5.328999999999996581e-05 1.242460875000000000e+06 1.208944500000000000e+06
1.000000000000000000e+00 -1.492999999999999883e-01 2.908999999999999919e-01 6.569999999999999452e-02 5.519999999999999907e-02 -4.370000000000000273e-02 -2.048000000000000098e-01 -1.114999999999999880e-01 1.174000000000000044e-01 -7.449999999999999678e-02 8.129999999999999727e-02 -6.400000000000000133e-02 -1.756000000000000061e-01 2.229048999999999614e-02 8.462280999999999276e-02 4.316489999999999216e-03 3.047039999999999992e-03 1.909690000000000346e-03 4.194304000000000088e-02 1.243224999999999712e-02 1.378276000000000154e-02 5.550249999999999628e-03 6.609689999999999663e-03 4.095999999999999815e-03 3.083536000000000263e-02 1.244032500000000000e+06 1.211844000000000000e+06
1.000000000000000000e+00 -1.063000000000000056e-01 3.257999999999999785e-01 1.233000000000000068e-01 4.739999999999999769e-02 -3.960000000000000325e-02 -1.552000000000000046e-01 4.299999999999998268e-02 3.489999999999998659e-02 5.760000000000001230e-02 -7.800000000000001377e-03 4.099999999999999478e-03 4.960000000000000520e-02 1.129969000000000112e-02 1.061456399999999856e-01 1.520289000000000189e-02 2.246759999999999990e-03 1.568160000000000300e-03 2.408704000000000053e-02 1.848999999999998431e-03 1.218009999999998972e-03 3.317760000000001628e-03 6.084000000000002058e-05 1.680999999999999660e-05 2.460160000000000732e-03 1.245129375000000000e+06 1.209372500000000000e+06
1.000000000000000000e+00 2.570000000000000062e-02 3.416000000000000147e-01 2.076000000000000068e-01 -3.699999999999999817e-02 2.189999999999999933e-02 1.260000000000000009e-02 1.320000000000000062e-01 1.580000000000003624e-02 8.429999999999999993e-02 -8.440000000000000280e-02 6.149999999999999911e-02 1.678000000000000047e-01 6.604900000000000137e-04 1.166905600000000126e-01 4.309776000000000579e-02 1.368999999999999774e-03 4.796099999999999973e-04 1.587600000000000046e-04 1.742400000000000199e-02 2.496400000000011674e-04 7.106490000000000029e-03 7.123360000000000455e-03 3.782250000000000022e-03 2.815684000000000242e-02 1.249210250000000000e+06 1.205169250000000000e+06
1.000000000000000000e+00 4.340000000000000108e-02 3.150999999999999912e-01 1.063999999999999946e-01 -4.000000000000000192e-04 -9.100000000000000450e-03 -1.890000000000000013e-02 1.770000000000000046e-02 -2.650000000000002354e-02 -1.012000000000000122e-01 3.660000000000000059e-02 -3.099999999999999978e-02 -3.150000000000000022e-02 1.883560000000000052e-03 9.928800999999999599e-02 1.132095999999999970e-02 1.600000000000000033e-07 8.281000000000000166e-05 3.572100000000000036e-04 3.132900000000000311e-04 7.022500000000012673e-04 1.024144000000000269e-02 1.339560000000000056e-03 9.609999999999999402e-04 9.922500000000000764e-04 1.246374875000000000e+06 1.203511500000000000e+06
1.000000000000000000e+00 -2.069999999999999965e-02 3.600999999999999757e-01 8.409999999999999420e-02 -5.870000000000000218e-02 2.970000000000000070e-02 -5.400000000000000286e-03 -6.410000000000000420e-02 4.499999999999998446e-02 -2.230000000000000038e-02 -5.830000000000000460e-02 3.880000000000000115e-02 1.349999999999999985e-02 4.284900000000000124e-04 1.296720099999999765e-01 7.072809999999998820e-03 3.445690000000000384e-03 8.820900000000000876e-04 2.916000000000000203e-05 4.108810000000000934e-03 2.024999999999998589e-03 4.972900000000000584e-04 3.398890000000000331e-03 1.505440000000000033e-03 1.822499999999999847e-04 1.245718625000000000e+06 1.205358750000000000e+06
1.000000000000000000e+00 -3.599999999999999901e-03 4.128000000000000003e-01 1.262000000000000066e-01 2.500000000000000052e-03 2.659999999999999865e-02 1.080000000000000057e-02 1.710000000000000062e-02 5.270000000000002460e-02 4.210000000000001241e-02 6.120000000000000440e-02 -3.100000000000002059e-03 1.619999999999999912e-02 1.295999999999999958e-05 1.704038400000000009e-01 1.592644000000000004e-02 6.250000000000000300e-06 7.075599999999999815e-04 1.166400000000000081e-04 2.924100000000000006e-04 2.777290000000002569e-03 1.772410000000000955e-03 3.745440000000000488e-03 9.610000000000013022e-06 2.624399999999999606e-04 1.246142625000000000e+06 1.205273250000000000e+06
1.000000000000000000e+00 1.699999999999999905e-03 3.936999999999999944e-01 1.892000000000000071e-01 3.899999999999999821e-03 2.489999999999999852e-02 2.069999999999999965e-02 5.300000000000000024e-03 -1.910000000000000586e-02 6.300000000000000044e-02 1.399999999999999769e-03 -1.700000000000000122e-03 9.899999999999999079e-03 2.889999999999999859e-06 1.549996899999999955e-01 3.579664000000000457e-02 1.520999999999999837e-05 6.200099999999999405e-04 4.284900000000000124e-04 2.809000000000000041e-05 3.648100000000002426e-04 3.969000000000000306e-03 1.959999999999999445e-06 2.890000000000000282e-06 9.800999999999997811e-05 1.247003875000000000e+06 1.206360625000000000e+06
1.000000000000000000e+00 2.299999999999999961e-02 3.211999999999999855e-01 7.929999999999999549e-02 1.899999999999999996e-03 2.610000000000000167e-02 -1.400000000000000029e-02 2.129999999999999949e-02 -7.250000000000000888e-02 -1.099000000000000116e-01 -2.000000000000000042e-03 1.200000000000003147e-03 -3.470000000000000168e-02 5.289999999999999564e-04 1.031694399999999873e-01 6.288489999999999011e-03 3.610000000000000165e-06 6.812100000000001271e-04 1.960000000000000208e-04 4.536899999999999744e-04 5.256250000000001373e-03 1.207801000000000187e-02 3.999999999999999819e-06 1.440000000000007600e-06 1.204090000000000108e-03 1.248090625000000000e+06 1.207847250000000000e+06
1.000000000000000000e+00 -1.729999999999999941e-02 3.890000000000000124e-01 1.048999999999999932e-01 1.510000000000000057e-02 3.590000000000000135e-02 -4.899999999999999842e-03 -4.030000000000000249e-02 6.780000000000002691e-02 2.559999999999999776e-02 1.319999999999999993e-02 9.799999999999999684e-03 9.100000000000000450e-03 2.992899999999999619e-04 1.513210000000000111e-01 1.100400999999999810e-02 2.280100000000000074e-04 1.288810000000000042e-03 2.400999999999999882e-05 1.624090000000000126e-03 4.596840000000003944e-03 6.553599999999999053e-04 1.742399999999999852e-04 9.603999999999999527e-05 8.281000000000000166e-05 1.249090375000000000e+06 1.209660500000000000e+06
1.000000000000000000e+00 -1.490000000000000005e-02 3.597000000000000197e-01 1.862000000000000044e-01 5.700000000000000205e-03 8.300000000000000086e-03 -2.599999999999999881e-03 2.399999999999999356e-03 -2.929999999999999272e-02 8.130000000000001115e-02 -9.400000000000000369e-03 -2.759999999999999953e-02 2.299999999999999961e-03 2.220099999999999971e-04 1.293840900000000071e-01 3.467044000000000376e-02 3.249000000000000233e-05 6.888999999999999941e-05 6.759999999999999652e-06 5.759999999999996521e-06 8.584899999999996223e-04 6.609690000000001397e-03 8.836000000000000104e-05 7.617599999999999979e-04 5.290000000000000174e-06 1.247402750000000000e+06 1.209754250000000000e+06
1.000000000000000000e+00 -9.799999999999999684e-03 3.121999999999999775e-01 8.469999999999999751e-02 -1.899999999999999953e-02 -3.620000000000000301e-02 1.450000000000000074e-02 5.100000000000000366e-03 -4.750000000000004219e-02 -1.015000000000000069e-01 -2.469999999999999973e-02 -4.450000000000000483e-02 1.710000000000000062e-02 9.603999999999999527e-05 9.746883999999998716e-02 7.174089999999999287e-03 3.609999999999999928e-04 1.310440000000000172e-03 2.102500000000000148e-04 2.601000000000000339e-05 2.256250000000003912e-03 1.030225000000000064e-02 6.100899999999999813e-04 1.980250000000000239e-03 2.924100000000000006e-04 1.245616625000000000e+06 1.210103750000000000e+06
1.000000000000000000e+00 -7.900000000000000772e-03 5.163999999999999702e-01 1.222000000000000031e-01 -1.140000000000000041e-02 4.290000000000000063e-02 3.239999999999999825e-02 1.899999999999998912e-03 2.041999999999999926e-01 3.750000000000000555e-02 7.599999999999999117e-03 7.910000000000000364e-02 1.789999999999999925e-02 6.241000000000000724e-05 2.666689599999999549e-01 1.493284000000000104e-02 1.299600000000000093e-04 1.840410000000000006e-03 1.049759999999999843e-03 3.609999999999995930e-06 4.169763999999999415e-02 1.406250000000000382e-03 5.775999999999998909e-05 6.256810000000000670e-03 3.204099999999999765e-04 1.245441500000000000e+06 1.212279000000000000e+06
1.000000000000000000e+00 -9.400000000000000369e-03 4.951999999999999735e-01 1.953999999999999904e-01 -4.070000000000000007e-02 8.999999999999999667e-02 -1.260000000000000009e-02 -1.499999999999999598e-03 -2.119999999999999662e-02 7.319999999999998730e-02 -2.929999999999999966e-02 4.709999999999999604e-02 -4.499999999999999833e-02 8.836000000000000104e-05 2.452230399999999755e-01 3.818115999999999871e-02 1.656490000000000046e-03 8.099999999999999561e-03 1.587600000000000046e-04 2.249999999999998786e-06 4.494399999999998440e-04 5.358239999999998490e-03 8.584899999999999476e-04 2.218409999999999653e-03 2.024999999999999890e-03 1.245011250000000000e+06 1.215500250000000000e+06
1.000000000000000000e+00 8.000000000000000167e-03 1.841000000000000136e-01 1.117999999999999966e-01 -7.190000000000000557e-02 2.599999999999999881e-03 1.549999999999999989e-02 1.739999999999999880e-02 -3.110999999999999321e-01 -8.359999999999999376e-02 -3.120000000000000551e-02 -8.739999999999999158e-02 2.809999999999999998e-02 6.399999999999999710e-05 3.389281000000000238e-02 1.249924000000000000e-02 5.169610000000000698e-03 6.759999999999999652e-06 2.402499999999999851e-04 3.027599999999999541e-04 9.678320999999995289e-02 6.988959999999998923e-03 9.734400000000003293e-04 7.638759999999998780e-03 7.896100000000000514e-04 1.245005625000000000e+06 1.214878750000000000e+06
1.000000000000000000e+00 -1.980000000000000163e-02 4.084999999999999742e-01 1.680999999999999994e-01 -3.109999999999999917e-02 7.630000000000000671e-02 4.899999999999999842e-03 -2.780000000000000179e-02 2.243999999999999606e-01 5.630000000000000282e-02 4.080000000000000293e-02 7.370000000000000162e-02 -1.060000000000000005e-02 3.920400000000000751e-04 1.668722499999999720e-01 2.825760999999999898e-02 9.672099999999999231e-04 5.821690000000000892e-03 2.400999999999999882e-05 7.728400000000001154e-04 5.035535999999998097e-02 3.169690000000000181e-03 1.664640000000000217e-03 5.431690000000000303e-03 1.123600000000000016e-04 1.246997500000000000e+06 1.215368375000000000e+06
1.000000000000000000e+00 -7.430000000000000493e-02 4.364999999999999991e-01 1.327000000000000124e-01 -5.390000000000000346e-02 4.649999999999999967e-02 -3.889999999999999708e-02 -5.450000000000000677e-02 2.800000000000002487e-02 -3.539999999999998703e-02 -2.280000000000000429e-02 -2.980000000000000704e-02 -4.379999999999999866e-02 5.520490000000001160e-03 1.905322499999999863e-01 1.760929000000000313e-02 2.905210000000000518e-03 2.162250000000000109e-03 1.513209999999999859e-03 2.970250000000000667e-03 7.840000000000013841e-04 1.253159999999999040e-03 5.198400000000001457e-04 8.880400000000004219e-04 1.918439999999999989e-03 1.248397750000000000e+06 1.217919375000000000e+06
1.000000000000000000e+00 -2.730000000000000135e-02 1.517999999999999905e-01 1.441000000000000059e-01 -8.630000000000000171e-02 1.319999999999999993e-02 1.349999999999999985e-02 4.700000000000000011e-02 -2.847000000000000086e-01 1.139999999999999347e-02 -3.239999999999999825e-02 -3.329999999999999627e-02 5.239999999999999519e-02 7.452900000000001234e-04 2.304323999999999609e-02 2.076481000000000160e-02 7.447689999999999866e-03 1.742399999999999852e-04 1.822499999999999847e-04 2.209000000000000026e-03 8.105409000000000919e-02 1.299599999999998467e-04 1.049759999999999843e-03 1.108889999999999746e-03 2.745759999999999434e-03 1.248792625000000000e+06 1.213754500000000000e+06
1.000000000000000000e+00 -9.320000000000000506e-02 2.782000000000000028e-01 1.743999999999999995e-01 -2.319999999999999840e-02 2.529999999999999957e-02 -4.700000000000000011e-02 -6.590000000000000024e-02 1.264000000000000123e-01 3.029999999999999361e-02 6.310000000000000331e-02 1.209999999999999964e-02 -6.049999999999999822e-02 8.686240000000001321e-03 7.739524000000000403e-02 3.041535999999999892e-02 5.382399999999999424e-04 6.400899999999999515e-04 2.209000000000000026e-03 4.342809999999999900e-03 1.597696000000000185e-02 9.180899999999996616e-04 3.981610000000000010e-03 1.464100000000000026e-04 3.660249999999999875e-03 1.247984125000000000e+06 1.209206000000000000e+06
1.000000000000000000e+00 -3.070000000000000159e-02 4.007999999999999896e-01 1.607999999999999985e-01 -1.619999999999999912e-02 -6.499999999999999702e-03 -5.399999999999999939e-02 6.250000000000000000e-02 1.225999999999999868e-01 -1.360000000000000098e-02 6.999999999999999278e-03 -3.180000000000000188e-02 -6.999999999999999278e-03 9.424900000000001462e-04 1.606406400000000012e-01 2.585664000000000018e-02 2.624399999999999606e-04 4.224999999999999698e-05 2.915999999999999755e-03 3.906250000000000000e-03 1.503075999999999718e-02 1.849600000000000181e-04 4.899999999999999164e-05 1.011240000000000056e-03 4.899999999999999164e-05 1.247785500000000000e+06 1.208188750000000000e+06
1.000000000000000000e+00 -9.059999999999999998e-02 3.635999999999999788e-01 1.615000000000000047e-01 5.000000000000000104e-04 1.039999999999999952e-02 -5.630000000000000282e-02 -5.989999999999999492e-02 -3.720000000000001084e-02 7.000000000000061728e-04 1.669999999999999957e-02 1.689999999999999836e-02 -2.300000000000003431e-03 8.208359999999999615e-03 1.322049599999999825e-01 2.608225000000000127e-02 2.499999999999999887e-07 1.081599999999999944e-04 3.169690000000000181e-03 3.588009999999999550e-03 1.383840000000000764e-03 4.900000000000086493e-07 2.788900000000000081e-04 2.856099999999999438e-04 5.290000000000015420e-06 1.250079125000000000e+06 1.205441250000000000e+06
1.000000000000000000e+00 -4.000000000000000083e-03 4.257000000000000228e-01 2.011999999999999900e-01 4.900000000000000189e-02 -9.189999999999999558e-02 -6.779999999999999916e-02 8.659999999999999643e-02 6.210000000000004405e-02 3.969999999999998530e-02 4.850000000000000144e-02 -1.023000000000000020e-01 -1.149999999999999634e-02 1.599999999999999928e-05 1.812204900000000118e-01 4.048143999999999354e-02 2.401000000000000356e-03 8.445609999999999229e-03 4.596839999999999607e-03 7.499559999999999733e-03 3.856410000000005424e-03 1.576089999999998742e-03 2.352250000000000174e-03 1.046529000000000036e-02 1.322499999999999078e-04 1.247747750000000000e+06 1.200461750000000000e+06
1.000000000000000000e+00 -5.949999999999999734e-02 7.378000000000000114e-01 2.497000000000000053e-01 1.126999999999999946e-01 8.459999999999999465e-02 -7.589999999999999525e-02 -5.549999999999999378e-02 3.120999999999999885e-01 4.850000000000001532e-02 6.369999999999999274e-02 1.764999999999999902e-01 -8.099999999999996092e-03 3.540249999999999560e-03 5.443488400000000560e-01 6.235009000000000384e-02 1.270128999999999876e-02 7.157159999999999217e-03 5.760809999999999022e-03 3.080249999999999221e-03 9.740640999999999883e-02 2.352250000000001475e-03 4.057689999999999214e-03 3.115224999999999592e-02 6.560999999999993595e-05 1.244865500000000000e+06 1.201780250000000000e+06
1.000000000000000000e+00 7.290000000000000646e-02 3.650999999999999801e-01 7.249999999999999500e-02 1.132999999999999979e-01 1.111000000000000043e-01 -7.059999999999999609e-02 1.324000000000000177e-01 -3.727000000000000313e-01 -1.772000000000000242e-01 6.000000000000033085e-04 2.650000000000000966e-02 5.299999999999999156e-03 5.314410000000001182e-03 1.332980099999999946e-01 5.256249999999999638e-03 1.283689000000000011e-02 1.234321000000000029e-02 4.984359999999999312e-03 1.752976000000000534e-02 1.389052900000000146e-01 3.139984000000000525e-02 3.600000000000039648e-07 7.022500000000005084e-04 2.808999999999999025e-05 1.247506125000000000e+06 1.207388750000000000e+06
1.000000000000000000e+00 4.479999999999999954e-02 -1.426999999999999935e-01 -4.199999999999999740e-03 -1.349999999999999985e-02 1.810000000000000150e-02 -3.309999999999999748e-02 -2.810000000000000692e-02 -5.078000000000000291e-01 -7.669999999999999041e-02 -1.267999999999999960e-01 -9.299999999999999933e-02 3.749999999999999861e-02 2.007039999999999866e-03 2.036328999999999917e-02 1.763999999999999713e-05 1.822499999999999847e-04 3.276100000000000431e-04 1.095609999999999900e-03 7.896100000000003767e-04 2.578608400000000356e-01 5.882889999999998260e-03 1.607824000000000059e-02 8.649000000000000438e-03 1.406249999999999948e-03 1.244731750000000000e+06 1.201380000000000000e+06
1.000000000000000000e+00 -1.213999999999999940e-01 2.399999999999999911e-01 1.589000000000000135e-01 -1.351999999999999869e-01 -4.989999999999999991e-02 -2.999999999999999889e-02 -1.661999999999999866e-01 3.826999999999999846e-01 1.631000000000000227e-01 -1.216999999999999887e-01 -6.800000000000000488e-02 3.099999999999998590e-03 1.473795999999999787e-02 5.759999999999999842e-02 2.524921000000000457e-02 1.827903999999999640e-02 2.490009999999999966e-03 8.999999999999999754e-04 2.762243999999999464e-02 1.464592899999999920e-01 2.660161000000000817e-02 1.481088999999999670e-02 4.624000000000000506e-03 9.609999999999991000e-06 1.240823875000000000e+06 1.200107625000000000e+06
1.000000000000000000e+00 -1.252999999999999947e-01 3.306999999999999940e-01 1.400000000000000133e-01 -1.567999999999999949e-01 -7.489999999999999436e-02 -3.429999999999999716e-02 -3.900000000000000688e-03 9.070000000000000284e-02 -1.890000000000000013e-02 -2.160000000000000808e-02 -2.499999999999999445e-02 -4.299999999999998268e-03 1.570008999999999988e-02 1.093624899999999928e-01 1.960000000000000284e-02 2.458623999999999879e-02 5.610009999999999476e-03 1.176489999999999871e-03 1.521000000000000515e-05 8.226490000000001232e-03 3.572100000000000036e-04 4.665600000000003577e-04 6.249999999999996877e-04 1.848999999999998391e-05 1.242011000000000000e+06 1.202626125000000000e+06
1.000000000000000000e+00 -6.090000000000000274e-02 3.436000000000000165e-01 1.845999999999999863e-01 -1.000000000000000021e-03 -3.440000000000000002e-02 -3.559999999999999970e-02 6.439999999999998503e-02 1.290000000000002256e-02 4.459999999999997300e-02 1.557999999999999940e-01 4.049999999999999434e-02 -1.300000000000002542e-03 3.708810000000000318e-03 1.180609600000000065e-01 3.407715999999999523e-02 9.999999999999999547e-07 1.183360000000000054e-03 1.267359999999999928e-03 4.147359999999998374e-03 1.664100000000005701e-04 1.989159999999997631e-03 2.427363999999999911e-02 1.640249999999999564e-03 1.690000000000006689e-06 1.242140375000000000e+06 1.201250000000000000e+06
1.000000000000000000e+00 -4.929999999999999660e-02 4.454000000000000181e-01 1.749999999999999889e-01 -1.000000000000000021e-03 -4.959999999999999826e-02 -3.649999999999999772e-02 1.160000000000000614e-02 1.018000000000000016e-01 -9.599999999999997424e-03 0.000000000000000000e+00 -1.519999999999999823e-02 -8.999999999999980238e-04 2.430489999999999561e-03 1.983811600000000286e-01 3.062499999999999598e-02 9.999999999999999547e-07 2.460159999999999864e-03 1.332249999999999884e-03 1.345600000000001482e-04 1.036324000000000099e-02 9.215999999999994433e-05 0.000000000000000000e+00 2.310399999999999563e-04 8.099999999999964799e-07 1.244421625000000000e+06 1.200470750000000000e+06
1.000000000000000000e+00 -4.680000000000000132e-02 3.610999999999999766e-01 1.016999999999999987e-01 -1.469999999999999953e-02 2.899999999999999800e-03 -3.719999999999999696e-02 2.499999999999995282e-03 -8.430000000000004157e-02 -7.329999999999999016e-02 -1.370000000000000037e-02 5.249999999999999806e-02 -6.999999999999992339e-04 2.190239999999999982e-03 1.303932099999999816e-01 1.034289000000000042e-02 2.160899999999999995e-04 8.409999999999999101e-06 1.383839999999999680e-03 6.249999999999976583e-06 7.106490000000006968e-03 5.372889999999998223e-03 1.876900000000000139e-04 2.756249999999999586e-03 4.899999999999989084e-07 1.246113875000000000e+06 1.201919625000000000e+06
1.000000000000000000e+00 -3.880000000000000115e-02 2.954999999999999849e-01 1.811000000000000110e-01 -7.599999999999999985e-03 -8.749999999999999445e-02 -3.700000000000000164e-03 8.000000000000000167e-03 -6.559999999999999165e-02 7.940000000000001223e-02 7.099999999999999541e-03 -9.039999999999999425e-02 3.349999999999999506e-02 1.505440000000000033e-03 8.732024999999998816e-02 3.279721000000000719e-02 5.776000000000000264e-05 7.656249999999998994e-03 1.369000000000000106e-05 6.399999999999999710e-05 4.303359999999999130e-03 6.304360000000001907e-03 5.040999999999999339e-05 8.172159999999999494e-03 1.122249999999999767e-03 1.244360125000000000e+06 1.205258625000000000e+06
1.000000000000000000e+00 -4.220000000000000140e-02 3.794000000000000150e-01 1.850999999999999868e-01 -2.129999999999999949e-02 -2.051999999999999935e-01 2.029999999999999860e-02 -3.400000000000000244e-03 8.390000000000003011e-02 3.999999999999975797e-03 -1.370000000000000037e-02 -1.176999999999999991e-01 2.400000000000000050e-02 1.780840000000000114e-03 1.439443600000000212e-01 3.426200999999999552e-02 4.536899999999999744e-04 4.210703999999999836e-02 4.120899999999999390e-04 1.156000000000000113e-05 7.039210000000004942e-03 1.599999999999980615e-05 1.876900000000000139e-04 1.385328999999999901e-02 5.760000000000000146e-04 1.245213250000000000e+06 1.207839625000000000e+06
1.000000000000000000e+00 -2.989999999999999949e-02 4.662999999999999923e-01 1.913999999999999868e-01 -4.769999999999999934e-02 -6.579999999999999738e-02 6.959999999999999520e-02 1.230000000000000190e-02 8.689999999999997726e-02 6.300000000000000044e-03 -2.639999999999999986e-02 1.393999999999999961e-01 4.929999999999999660e-02 8.940099999999999870e-04 2.174356899999999870e-01 3.663395999999999320e-02 2.275290000000000125e-03 4.329640000000000051e-03 4.844159999999999265e-03 1.512900000000000507e-04 7.551609999999995930e-03 3.969000000000000116e-05 6.969599999999999407e-04 1.943235999999999922e-02 2.430489999999999561e-03 1.245682125000000000e+06 1.213973250000000000e+06
1.000000000000000000e+00 -6.999999999999999929e-04 2.706000000000000072e-01 5.410000000000000225e-02 -7.729999999999999372e-02 1.739999999999999880e-02 1.600000000000000033e-02 2.920000000000000026e-02 -1.956999999999999851e-01 -1.372999999999999776e-01 -2.959999999999999437e-02 8.319999999999999618e-02 -5.359999999999999487e-02 4.899999999999999672e-07 7.322436000000000222e-02 2.926810000000000175e-03 5.975289999999999421e-03 3.027599999999999541e-04 2.559999999999999884e-04 8.526399999999999951e-04 3.829848999999999754e-02 1.885128999999999277e-02 8.761599999999996344e-04 6.922239999999999643e-03 2.872959999999999490e-03 1.246504625000000000e+06 1.217929375000000000e+06
1.000000000000000000e+00 -6.300000000000000044e-03 2.671999999999999931e-01 1.118999999999999995e-01 -3.359999999999999792e-02 1.640000000000000138e-02 -8.000000000000000167e-03 -5.599999999999999943e-03 -3.400000000000014122e-03 5.779999999999999721e-02 4.369999999999999579e-02 -9.999999999999974187e-04 -2.400000000000000050e-02 3.969000000000000116e-05 7.139584000000000208e-02 1.252161000000000073e-02 1.128959999999999816e-03 2.689600000000000541e-04 6.399999999999999710e-05 3.135999999999999790e-05 1.156000000000009600e-05 3.340839999999999869e-03 1.909689999999999695e-03 9.999999999999948726e-07 5.760000000000000146e-04 1.246965500000000000e+06 1.213204500000000000e+06
1.000000000000000000e+00 -1.519999999999999997e-02 3.803000000000000269e-01 2.112999999999999878e-01 -3.070000000000000159e-02 1.000000000000000021e-02 -7.100000000000000408e-03 -8.899999999999999925e-03 1.131000000000000338e-01 9.939999999999998836e-02 2.899999999999996331e-03 -6.400000000000001174e-03 8.999999999999997585e-04 2.310400000000000106e-04 1.446280900000000147e-01 4.464768999999999682e-02 9.424900000000001462e-04 1.000000000000000048e-04 5.041000000000000694e-05 7.920999999999999547e-05 1.279161000000000707e-02 9.880359999999997755e-03 8.409999999999978772e-06 4.096000000000001441e-05 8.099999999999995504e-07 1.245861125000000000e+06 1.213935375000000000e+06
1.000000000000000000e+00 -1.660000000000000017e-02 3.225000000000000089e-01 7.470000000000000251e-02 -6.000000000000000125e-03 2.340000000000000066e-02 -6.100000000000000387e-03 -1.400000000000000203e-03 -5.780000000000001803e-02 -1.365999999999999992e-01 2.469999999999999973e-02 1.340000000000000045e-02 1.000000000000000021e-03 2.755599999999999977e-04 1.040062500000000084e-01 5.580090000000000224e-03 3.600000000000000091e-05 5.475599999999999955e-04 3.721000000000000457e-05 1.960000000000000716e-06 3.340840000000002037e-03 1.865955999999999865e-02 6.100899999999999813e-04 1.795600000000000223e-04 9.999999999999999547e-07 1.246154500000000000e+06 1.215487875000000000e+06
1.000000000000000000e+00 -1.600000000000000033e-02 3.110999999999999877e-01 1.088999999999999968e-01 -1.799999999999999864e-02 -7.300000000000000065e-03 -1.099999999999999936e-02 5.999999999999998390e-04 -1.140000000000002123e-02 3.419999999999999429e-02 -1.199999999999999852e-02 -3.070000000000000159e-02 -4.899999999999998974e-03 2.559999999999999884e-04 9.678320999999999452e-02 1.185920999999999850e-02 3.239999999999999608e-04 5.328999999999999970e-05 1.209999999999999867e-04 3.599999999999997825e-07 1.299600000000004972e-04 1.169639999999999569e-03 1.439999999999999765e-04 9.424900000000001462e-04 2.400999999999998865e-05 1.247721250000000000e+06 1.213912000000000000e+06
1.000000000000000000e+00 -1.720000000000000001e-02 3.444999999999999729e-01 1.748000000000000109e-01 -2.239999999999999977e-02 8.600000000000000006e-03 -8.399999999999999481e-03 -1.199999999999999678e-03 3.339999999999998526e-02 6.590000000000001412e-02 -4.400000000000001132e-03 1.590000000000000094e-02 2.599999999999999881e-03 2.958400000000000135e-04 1.186802499999999871e-01 3.055504000000000553e-02 5.017599999999999665e-04 7.396000000000000339e-05 7.055999999999998851e-05 1.439999999999999130e-06 1.115559999999998948e-03 4.342810000000001634e-03 1.936000000000001115e-05 2.528100000000000139e-04 6.759999999999999652e-06 1.248251250000000000e+06 1.213632500000000000e+06
1.000000000000000000e+00 -1.679999999999999896e-02 3.739999999999999991e-01 1.008000000000000007e-01 -2.860000000000000042e-02 -3.899999999999999821e-03 -1.179999999999999973e-02 4.000000000000010492e-04 2.950000000000002620e-02 -7.400000000000001021e-02 -6.200000000000000649e-03 -1.250000000000000069e-02 -3.400000000000000244e-03 2.822399999999999540e-04 1.398760000000000003e-01 1.016064000000000030e-02 8.179600000000000629e-04 1.520999999999999837e-05 1.392400000000000018e-04 1.600000000000008504e-07 8.702500000000015562e-04 5.476000000000001700e-03 3.844000000000001143e-05 1.562500000000000304e-04 1.156000000000000113e-05 1.247645750000000000e+06 1.214833500000000000e+06
1.000000000000000000e+00 -4.449999999999999789e-02 5.566999999999999726e-01 2.554000000000000159e-01 -3.239999999999999825e-02 1.340000000000000045e-02 -2.929999999999999966e-02 -2.769999999999999893e-02 1.826999999999999735e-01 1.546000000000000152e-01 -3.799999999999997824e-03 1.729999999999999941e-02 -1.750000000000000167e-02 1.980249999999999806e-03 3.099148899999999429e-01 6.522916000000000825e-02 1.049759999999999843e-03 1.795600000000000223e-04 8.584899999999999476e-04 7.672899999999998992e-04 3.337928999999999202e-02 2.390116000000000462e-02 1.443999999999998372e-05 2.992899999999999619e-04 3.062500000000000443e-04 1.245656250000000000e+06 1.213476500000000000e+06
1.000000000000000000e+00 -2.319999999999999840e-02 4.381999999999999784e-01 8.400000000000000522e-02 -1.959999999999999937e-02 4.510000000000000120e-02 -1.669999999999999957e-02 2.129999999999999949e-02 -1.184999999999999942e-01 -1.713999999999999968e-01 1.279999999999999888e-02 3.169999999999999901e-02 1.260000000000000009e-02 5.382399999999999424e-04 1.920192399999999799e-01 7.056000000000000640e-03 3.841599999999999811e-04 2.034010000000000158e-03 2.788900000000000081e-04 4.536899999999999744e-04 1.404224999999999918e-02 2.937795999999999810e-02 1.638399999999999763e-04 1.004890000000000037e-03 1.587600000000000046e-04 1.247942000000000000e+06 1.217078250000000000e+06
1.000000000000000000e+00 -4.200000000000000261e-02 1.562000000000000055e-01 5.269999999999999685e-02 -1.490000000000000005e-02 2.999999999999999737e-04 -5.750000000000000250e-02 -1.880000000000000421e-02 -2.819999999999999729e-01 -3.130000000000000837e-02 4.699999999999999317e-03 -4.479999999999999954e-02 -4.080000000000000293e-02 1.764000000000000160e-03 2.439844000000000040e-02 2.777289999999999533e-03 2.220099999999999971e-04 8.999999999999998534e-08 3.306250000000000161e-03 3.534400000000001668e-04 7.952399999999998359e-02 9.796900000000005083e-04 2.208999999999999348e-05 2.007039999999999866e-03 1.664640000000000217e-03 1.245985625000000000e+06 1.214287875000000000e+06
1.000000000000000000e+00 -5.500000000000000028e-02 3.406000000000000139e-01 2.149999999999999967e-01 6.899999999999999883e-03 5.040000000000000036e-02 -6.130000000000000032e-02 -1.299999999999999767e-02 1.844000000000000083e-01 1.622999999999999998e-01 2.179999999999999993e-02 5.009999999999999870e-02 -3.799999999999997824e-03 3.024999999999999911e-03 1.160083600000000048e-01 4.622499999999999526e-02 4.760999999999999987e-05 2.540160000000000074e-03 3.757690000000000162e-03 1.689999999999999337e-04 3.400336000000000330e-02 2.634128999999999984e-02 4.752399999999999832e-04 2.510010000000000019e-03 1.443999999999998372e-05 1.244348125000000000e+06 1.208147500000000000e+06
1.000000000000000000e+00 -4.669999999999999846e-02 4.753999999999999893e-01 2.079999999999999905e-01 2.949999999999999845e-02 4.780000000000000221e-02 -7.760000000000000231e-02 8.300000000000001821e-03 1.347999999999999754e-01 -7.000000000000006217e-03 2.259999999999999856e-02 -2.599999999999998146e-03 -1.630000000000000199e-02 2.180889999999999999e-03 2.260051599999999827e-01 4.326399999999999690e-02 8.702499999999999299e-04 2.284840000000000221e-03 6.021760000000000133e-03 6.889000000000002652e-05 1.817103999999999248e-02 4.900000000000008651e-05 5.107599999999999684e-04 6.759999999999990334e-06 2.656900000000000667e-04 1.244124375000000000e+06 1.210097375000000000e+06
1.000000000000000000e+00 -5.700000000000000205e-02 3.886000000000000010e-01 1.029000000000000054e-01 3.059999999999999873e-02 5.659999999999999754e-02 -9.729999999999999760e-02 -1.030000000000000360e-02 -8.679999999999998828e-02 -1.050999999999999851e-01 1.100000000000000283e-03 8.799999999999995326e-03 -1.969999999999999529e-02 3.249000000000000152e-03 1.510099599999999986e-01 1.058841000000000122e-02 9.363599999999999051e-04 3.203559999999999828e-03 9.467289999999999733e-03 1.060900000000000769e-04 7.534239999999997606e-03 1.104600999999999673e-02 1.210000000000000697e-06 7.743999999999992263e-05 3.880899999999997893e-04 1.243013750000000000e+06 1.210682375000000000e+06
1.000000000000000000e+00 -6.809999999999999387e-02 3.313999999999999724e-01 1.087999999999999939e-01 4.399999999999999745e-02 5.149999999999999717e-02 -1.044000000000000067e-01 -1.109999999999999182e-02 -5.720000000000002860e-02 5.899999999999988587e-03 1.339999999999999872e-02 -5.100000000000000366e-03 -7.100000000000009082e-03 4.637609999999999476e-03 1.098259599999999864e-01 1.183743999999999942e-02 1.935999999999999787e-03 2.652249999999999660e-03 1.089936000000000203e-02 1.232099999999998181e-04 3.271840000000003287e-03 3.480999999999986492e-05 1.795599999999999681e-04 2.601000000000000339e-05 5.041000000000012891e-05 1.241461625000000000e+06 1.211130625000000000e+06
1.000000000000000000e+00 -8.540000000000000369e-02 3.407999999999999918e-01 1.117999999999999966e-01 2.230000000000000038e-02 5.000000000000000278e-02 -5.480000000000000149e-02 -1.730000000000000981e-02 9.400000000000019451e-03 3.000000000000002665e-03 -2.169999999999999707e-02 -1.499999999999994393e-03 4.960000000000000520e-02 7.293160000000000788e-03 1.161446399999999934e-01 1.249924000000000000e-02 4.972900000000000584e-04 2.500000000000000486e-03 3.003040000000000223e-03 2.992900000000003414e-04 8.836000000000036696e-05 9.000000000000015475e-06 4.708899999999998504e-04 2.249999999999983116e-06 2.460160000000000732e-03 1.242744625000000000e+06 1.214265500000000000e+06
1.000000000000000000e+00 -6.579999999999999738e-02 3.653000000000000136e-01 9.370000000000000551e-02 2.019999999999999921e-02 2.970000000000000070e-02 -5.129999999999999838e-02 1.960000000000000631e-02 2.450000000000002176e-02 -1.809999999999999110e-02 -2.100000000000001171e-03 -2.030000000000000207e-02 3.500000000000003109e-03 4.329640000000000051e-03 1.334440900000000152e-01 8.779690000000001451e-03 4.080399999999999761e-04 8.820900000000000876e-04 2.631689999999999897e-03 3.841600000000002521e-04 6.002500000000010648e-04 3.276099999999996636e-04 4.410000000000005211e-06 4.120900000000001016e-04 1.225000000000002163e-05 1.244017000000000000e+06 1.216937375000000000e+06
1.000000000000000000e+00 -7.539999999999999480e-02 4.047000000000000042e-01 1.149000000000000021e-01 1.909999999999999892e-02 3.899999999999999994e-02 -6.410000000000000420e-02 -9.599999999999997424e-03 3.939999999999999059e-02 2.119999999999999662e-02 -1.100000000000000283e-03 9.299999999999999239e-03 -1.280000000000000582e-02 5.685159999999998999e-03 1.637820899999999913e-01 1.320201000000000013e-02 3.648099999999999715e-04 1.521000000000000000e-03 4.108810000000000934e-03 9.215999999999994433e-05 1.552359999999999157e-03 4.494399999999998440e-04 1.210000000000000697e-06 8.648999999999997998e-05 1.638400000000001390e-04 1.243737000000000000e+06 1.217011125000000000e+06
1.000000000000000000e+00 -8.169999999999999485e-02 3.431000000000000161e-01 7.770000000000000517e-02 9.799999999999999684e-03 5.999999999999999778e-02 -7.510000000000000009e-02 -6.300000000000000044e-03 -6.159999999999998810e-02 -3.719999999999999696e-02 -9.299999999999999239e-03 2.099999999999999784e-02 -1.099999999999999589e-02 6.674889999999999296e-03 1.177176100000000142e-01 6.037290000000000711e-03 9.603999999999999527e-05 3.599999999999999901e-03 5.640009999999999989e-03 3.969000000000000116e-05 3.794559999999998472e-03 1.383839999999999680e-03 8.648999999999997998e-05 4.409999999999999316e-04 1.209999999999999054e-04 1.245292875000000000e+06 1.218725500000000000e+06
1.000000000000000000e+00 -9.239999999999999603e-02 4.077000000000000068e-01 1.312000000000000111e-01 1.660000000000000017e-02 4.540000000000000285e-02 -8.450000000000000566e-02 -1.070000000000000118e-02 6.459999999999999076e-02 5.350000000000000588e-02 6.800000000000000488e-03 -1.459999999999999493e-02 -9.400000000000005573e-03 8.537759999999998406e-03 1.662192899999999918e-01 1.721344000000000346e-02 2.755599999999999977e-04 2.061160000000000249e-03 7.140250000000000763e-03 1.144900000000000236e-04 4.173159999999998676e-03 2.862250000000000644e-03 4.624000000000000451e-05 2.131599999999998633e-04 8.836000000000010946e-05 1.243921500000000000e+06 1.216856750000000000e+06
1.000000000000000000e+00 -1.038000000000000034e-01 3.834000000000000186e-01 1.711999999999999911e-01 3.169999999999999901e-02 2.900000000000000147e-02 -1.038000000000000034e-01 -1.140000000000000735e-02 -2.429999999999998828e-02 3.999999999999998002e-02 1.509999999999999884e-02 -1.640000000000000138e-02 -1.929999999999999771e-02 1.077444000000000145e-02 1.469955600000000251e-01 2.930943999999999564e-02 1.004890000000000037e-03 8.410000000000000591e-04 1.077444000000000145e-02 1.299600000000001720e-04 5.904899999999993964e-04 1.599999999999998342e-03 2.280099999999999532e-04 2.689600000000000541e-04 3.724899999999998980e-04 1.243679250000000000e+06 1.216250125000000000e+06
1.000000000000000000e+00 -6.090000000000000274e-02 3.386000000000000121e-01 8.830000000000000349e-02 3.919999999999999873e-02 5.850000000000000339e-02 -8.350000000000000477e-02 4.290000000000000063e-02 -4.480000000000000648e-02 -8.289999999999998759e-02 7.499999999999999722e-03 2.950000000000000192e-02 2.029999999999999860e-02 3.708810000000000318e-03 1.146499600000000091e-01 7.796890000000000764e-03 1.536639999999999924e-03 3.422250000000000379e-03 6.972250000000001016e-03 1.840410000000000006e-03 2.007040000000000733e-03 6.872409999999998069e-03 5.624999999999999846e-05 8.702500000000001467e-04 4.120899999999999390e-04 1.243377000000000000e+06 1.216946375000000000e+06
1.000000000000000000e+00 -9.470000000000000639e-02 4.516000000000000014e-01 2.048000000000000098e-01 4.610000000000000209e-02 8.699999999999999400e-02 -1.006999999999999978e-01 -3.380000000000000365e-02 1.129999999999999893e-01 1.165000000000000063e-01 6.900000000000003353e-03 2.849999999999999062e-02 -1.719999999999999307e-02 8.968090000000001477e-03 2.039425599999999950e-01 4.194304000000000088e-02 2.125210000000000207e-03 7.568999999999999340e-03 1.014049000000000027e-02 1.142440000000000209e-03 1.276899999999999737e-02 1.357225000000000098e-02 4.761000000000004730e-05 8.122499999999994958e-04 2.958399999999997425e-04 1.241645500000000000e+06 1.217885125000000000e+06
1.000000000000000000e+00 -8.770000000000000018e-02 4.452999999999999736e-01 1.786000000000000087e-01 3.529999999999999805e-02 6.450000000000000178e-02 -8.630000000000000171e-02 7.000000000000006217e-03 -6.300000000000027800e-03 -2.620000000000000107e-02 -1.080000000000000404e-02 -2.249999999999999223e-02 1.439999999999999614e-02 7.691289999999999932e-03 1.982920899999999764e-01 3.189796000000000298e-02 1.246089999999999828e-03 4.160249999999999886e-03 7.447689999999999866e-03 4.900000000000008651e-05 3.969000000000035352e-05 6.864400000000000753e-04 1.166400000000000894e-04 5.062499999999996473e-04 2.073599999999998849e-04 1.242296625000000000e+06 1.220576875000000000e+06
1.000000000000000000e+00 -2.520000000000000018e-02 3.422999999999999932e-01 4.220000000000000140e-02 3.370000000000000079e-02 1.269000000000000128e-01 -3.299999999999999982e-03 6.250000000000000000e-02 -1.029999999999999805e-01 -1.364000000000000212e-01 -1.599999999999997258e-03 6.240000000000001101e-02 8.300000000000000433e-02 6.350400000000000185e-04 1.171692899999999954e-01 1.780840000000000114e-03 1.135689999999999963e-03 1.610361000000000431e-02 1.088999999999999907e-05 3.906250000000000000e-03 1.060899999999999517e-02 1.860496000000000719e-02 2.559999999999991160e-06 3.893760000000001317e-03 6.889000000000001026e-03 1.245080750000000000e+06 1.223583750000000000e+06
1.000000000000000000e+00 -6.690000000000000113e-02 3.720999999999999863e-01 1.811000000000000110e-01 4.120000000000000051e-02 1.645000000000000073e-01 7.700000000000000247e-03 -4.170000000000000095e-02 2.979999999999999316e-02 1.389000000000000234e-01 7.499999999999999722e-03 3.759999999999999454e-02 1.099999999999999936e-02 4.475610000000000525e-03 1.384584099999999762e-01 3.279721000000000719e-02 1.697440000000000147e-03 2.706025000000000097e-02 5.929000000000000324e-05 1.738890000000000097e-03 8.880399999999995546e-04 1.929321000000000508e-02 5.624999999999999846e-05 1.413759999999999583e-03 1.209999999999999867e-04 1.243952500000000000e+06 1.221227375000000000e+06
1.000000000000000000e+00 -2.750000000000000014e-02 3.270000000000000129e-01 1.199000000000000066e-01 1.450000000000000074e-02 -2.350000000000000006e-02 1.230000000000000017e-02 3.940000000000000446e-02 -4.509999999999997344e-02 -6.120000000000000440e-02 -2.670000000000000151e-02 -1.880000000000000004e-01 4.599999999999999922e-03 7.562499999999999778e-04 1.069290000000000102e-01 1.437601000000000157e-02 2.102500000000000148e-04 5.522500000000000065e-04 1.512899999999999965e-04 1.552360000000000458e-03 2.034009999999997556e-03 3.745440000000000488e-03 7.128900000000000948e-04 3.534400000000000042e-02 2.116000000000000069e-05 1.245058625000000000e+06 1.217182875000000000e+06
1.000000000000000000e+00 -7.140000000000000513e-02 5.459000000000000519e-01 9.220000000000000417e-02 3.570000000000000256e-02 4.839999999999999858e-02 -4.189999999999999974e-02 -4.390000000000000846e-02 2.189000000000000390e-01 -2.770000000000000240e-02 2.120000000000000356e-02 7.189999999999999170e-02 -5.419999999999999818e-02 5.097960000000000338e-03 2.980068100000000664e-01 8.500840000000000826e-03 1.274490000000000085e-03 2.342560000000000042e-03 1.755609999999999896e-03 1.927210000000000815e-03 4.791721000000001562e-02 7.672900000000001160e-04 4.494400000000001692e-04 5.169609999999998963e-03 2.937639999999999609e-03 1.244812625000000000e+06 1.215746000000000000e+06
1.000000000000000000e+00 -3.629999999999999893e-02 3.462999999999999967e-01 9.059999999999999998e-02 1.710000000000000062e-02 -1.280000000000000061e-02 -2.610000000000000167e-02 3.510000000000000620e-02 -1.996000000000000552e-01 -1.600000000000004197e-03 -1.860000000000000195e-02 -6.119999999999999746e-02 1.579999999999999807e-02 1.317689999999999834e-03 1.199236899999999995e-01 8.208359999999999615e-03 2.924100000000000006e-04 1.638400000000000034e-04 6.812100000000001271e-04 1.232010000000000396e-03 3.984016000000002028e-02 2.560000000000013606e-06 3.459600000000000826e-04 3.745439999999999620e-03 2.496399999999999206e-04 1.246922000000000000e+06 1.215214125000000000e+06
1.000000000000000000e+00 -4.309999999999999942e-02 9.560000000000000442e-02 8.939999999999999336e-02 1.430000000000000021e-02 -5.559999999999999665e-02 -3.049999999999999933e-02 -6.800000000000000488e-03 -2.506999999999999784e-01 -1.200000000000006617e-03 -2.800000000000000405e-03 -4.279999999999999777e-02 -4.399999999999997663e-03 1.857609999999999990e-03 9.139360000000000886e-03 7.992359999999998701e-03 2.044900000000000157e-04 3.091359999999999594e-03 9.302499999999999788e-04 4.624000000000000451e-05 6.285048999999999497e-02 1.440000000000015859e-06 7.840000000000002864e-06 1.831839999999999727e-03 1.935999999999998066e-05 1.246267875000000000e+06 1.207220875000000000e+06
1.000000000000000000e+00 -4.719999999999999890e-02 3.986999999999999988e-01 1.494000000000000050e-01 4.899999999999999842e-03 -9.059999999999999998e-02 -4.209999999999999853e-02 -4.099999999999999478e-03 3.030999999999999805e-01 6.000000000000001166e-02 -9.400000000000000369e-03 -3.500000000000000333e-02 -1.159999999999999920e-02 2.227840000000000029e-03 1.589616899999999888e-01 2.232036000000000089e-02 2.400999999999999882e-05 8.208359999999999615e-03 1.772409999999999871e-03 1.680999999999999660e-05 9.186960999999999045e-02 3.600000000000001203e-03 8.836000000000000104e-05 1.225000000000000177e-03 1.345599999999999856e-04 1.246693625000000000e+06 1.205173125000000000e+06
1.000000000000000000e+00 -4.719999999999999890e-02 2.303000000000000047e-01 1.101000000000000034e-01 -5.199999999999999761e-03 -3.760000000000000148e-02 -3.740000000000000269e-02 0.000000000000000000e+00 -1.683999999999999941e-01 -3.930000000000000160e-02 -1.009999999999999960e-02 5.299999999999999850e-02 4.699999999999995848e-03 2.227840000000000029e-03 5.303809000000000301e-02 1.212201000000000077e-02 2.703999999999999861e-05 1.413760000000000017e-03 1.398760000000000194e-03 0.000000000000000000e+00 2.835855999999999794e-02 1.544490000000000142e-03 1.020099999999999940e-04 2.808999999999999865e-03 2.208999999999995960e-05 1.247140375000000000e+06 1.202816125000000000e+06
1.000000000000000000e+00 -5.390000000000000346e-02 3.042000000000000259e-01 1.375000000000000111e-01 -1.290000000000000001e-02 -4.610000000000000209e-02 -3.590000000000000135e-02 -6.700000000000004563e-03 7.390000000000002123e-02 2.740000000000000768e-02 -7.700000000000000247e-03 -8.500000000000000611e-03 1.500000000000001332e-03 2.905210000000000518e-03 9.253764000000001821e-02 1.890625000000000291e-02 1.664100000000000008e-04 2.125210000000000207e-03 1.288810000000000042e-03 4.489000000000005979e-05 5.461210000000002798e-03 7.507600000000003810e-04 5.929000000000000324e-05 7.225000000000000790e-05 2.250000000000003869e-06 1.246122000000000000e+06 1.198686750000000000e+06
1.000000000000000000e+00 -5.550000000000000072e-02 4.811000000000000276e-01 1.448000000000000120e-01 -1.699999999999999905e-03 5.689999999999999919e-02 -4.379999999999999866e-02 -1.599999999999997258e-03 1.769000000000000017e-01 7.300000000000000933e-03 1.119999999999999989e-02 1.030000000000000082e-01 -7.899999999999997302e-03 3.080250000000000089e-03 2.314572100000000243e-01 2.096704000000000276e-02 2.889999999999999859e-06 3.237609999999999707e-03 1.918439999999999989e-03 2.559999999999991160e-06 3.129360999999999948e-02 5.329000000000001325e-05 1.254399999999999916e-04 1.060900000000000211e-02 6.240999999999995303e-05 1.246487500000000000e+06 1.198386375000000000e+06
1.000000000000000000e+00 -4.880000000000000310e-02 3.472000000000000086e-01 1.021999999999999992e-01 -1.089999999999999997e-02 4.590000000000000330e-02 -3.280000000000000276e-02 6.699999999999997624e-03 -1.339000000000000190e-01 -4.260000000000001286e-02 -9.199999999999999845e-03 -1.099999999999999589e-02 1.099999999999999589e-02 2.381440000000000293e-03 1.205478400000000033e-01 1.044484000000000037e-02 1.188099999999999958e-04 2.106810000000000193e-03 1.075840000000000216e-03 4.488999999999996492e-05 1.792921000000000445e-02 1.814760000000001199e-03 8.464000000000000278e-05 1.209999999999999054e-04 1.209999999999999054e-04 1.246488875000000000e+06 1.200392125000000000e+06
1.000000000000000000e+00 -4.739999999999999769e-02 3.657000000000000250e-01 1.237000000000000044e-01 6.100000000000000387e-03 7.209999999999999742e-02 -3.860000000000000236e-02 1.400000000000005407e-03 1.850000000000001643e-02 2.150000000000000522e-02 1.700000000000000122e-02 2.619999999999999413e-02 -5.799999999999999600e-03 2.246759999999999990e-03 1.337364900000000134e-01 1.530169000000000147e-02 3.721000000000000457e-05 5.198409999999999663e-03 1.489960000000000243e-03 1.960000000000015116e-06 3.422500000000005941e-04 4.622500000000002041e-04 2.890000000000000316e-04 6.864399999999996416e-04 3.363999999999999640e-05 1.246275250000000000e+06 1.201410250000000000e+06
1.000000000000000000e+00 -4.979999999999999705e-02 4.314999999999999947e-01 9.639999999999999958e-02 -5.300000000000000024e-03 2.889999999999999861e-02 -3.200000000000000067e-02 -2.399999999999999356e-03 6.579999999999996962e-02 -2.730000000000000482e-02 -1.140000000000000041e-02 -4.320000000000000229e-02 6.600000000000001699e-03 2.480039999999999762e-03 1.861922500000000036e-01 9.292959999999999415e-03 2.809000000000000041e-05 8.352099999999999672e-04 1.023999999999999954e-03 5.759999999999996521e-06 4.329639999999995714e-03 7.452900000000002318e-04 1.299600000000000093e-04 1.866240000000000130e-03 4.356000000000002340e-05 1.247828875000000000e+06 1.204141875000000000e+06
1.000000000000000000e+00 -5.380000000000000060e-02 3.106999999999999762e-01 9.039999999999999425e-02 -1.089999999999999997e-02 2.319999999999999840e-02 -3.500000000000000333e-02 -4.000000000000003553e-03 -1.208000000000000185e-01 -6.000000000000005329e-03 -5.599999999999999943e-03 -5.700000000000000205e-03 -3.000000000000002665e-03 2.894439999999999860e-03 9.653448999999998670e-02 8.172159999999999494e-03 1.188099999999999958e-04 5.382399999999999424e-04 1.225000000000000177e-03 1.600000000000002977e-05 1.459264000000000394e-02 3.600000000000006190e-05 3.135999999999999790e-05 3.249000000000000233e-05 9.000000000000015475e-06 1.248598875000000000e+06 1.206951375000000000e+06
1.000000000000000000e+00 -4.889999999999999902e-02 3.600999999999999757e-01 1.004000000000000031e-01 -7.000000000000000146e-03 6.090000000000000274e-02 -3.810000000000000192e-02 4.900000000000001577e-03 4.939999999999999947e-02 1.000000000000000888e-02 3.899999999999999821e-03 3.770000000000000434e-02 -3.099999999999998590e-03 2.391209999999999950e-03 1.296720099999999765e-01 1.008016000000000120e-02 4.900000000000000519e-05 3.708810000000000318e-03 1.451610000000000096e-03 2.401000000000001576e-05 2.440359999999999925e-03 1.000000000000001810e-04 1.520999999999999837e-05 1.421290000000000400e-03 9.609999999999991000e-06 1.248955250000000000e+06 1.210695000000000000e+06
1.000000000000000000e+00 -5.330000000000000016e-02 3.337999999999999856e-01 1.116000000000000048e-01 -8.099999999999999561e-03 5.349999999999999895e-02 -5.600000000000000117e-02 -4.400000000000001132e-03 -2.629999999999999005e-02 1.120000000000000162e-02 -1.099999999999999416e-03 -7.400000000000003797e-03 -1.789999999999999925e-02 2.840889999999999995e-03 1.114224399999999837e-01 1.245456000000000167e-02 6.560999999999999016e-05 2.862249999999999777e-03 3.136000000000000332e-03 1.936000000000001115e-05 6.916899999999994711e-04 1.254400000000000458e-04 1.209999999999998791e-06 5.476000000000005847e-05 3.204099999999999765e-04 1.249761250000000000e+06 1.209413125000000000e+06
1.000000000000000000e+00 -6.410000000000000420e-02 3.151999999999999802e-01 4.320000000000000229e-02 -5.599999999999999943e-03 8.379999999999999949e-02 -7.710000000000000187e-02 -1.080000000000000404e-02 -1.860000000000000542e-02 -6.840000000000000246e-02 2.499999999999999618e-03 3.030000000000000054e-02 -2.110000000000000070e-02 4.108810000000000934e-03 9.935103999999998770e-02 1.866240000000000130e-03 3.135999999999999790e-05 7.022439999999999585e-03 5.944410000000000666e-03 1.166400000000000894e-04 3.459600000000001910e-04 4.678560000000000010e-03 6.249999999999997758e-06 9.180899999999999868e-04 4.452100000000000285e-04 1.247870500000000000e+06 1.206565500000000000e+06
1.000000000000000000e+00 -7.299999999999999545e-02 3.882999999999999785e-01 1.223000000000000059e-01 -1.779999999999999985e-02 2.429999999999999868e-02 -7.499999999999999722e-02 -8.899999999999991251e-03 7.309999999999999831e-02 7.910000000000000364e-02 -1.219999999999999904e-02 -5.949999999999999734e-02 2.100000000000004641e-03 5.328999999999999536e-03 1.507768899999999967e-01 1.495729000000000156e-02 3.168399999999999819e-04 5.904899999999999385e-04 5.624999999999999792e-03 7.920999999999984640e-05 5.343609999999999506e-03 6.256810000000000670e-03 1.488399999999999641e-04 3.540249999999999560e-03 4.410000000000019610e-06 1.246322000000000000e+06 1.205961750000000000e+06
1.000000000000000000e+00 -8.290000000000000147e-02 3.427000000000000046e-01 8.780000000000000304e-02 -2.879999999999999921e-02 2.610000000000000167e-02 -7.649999999999999856e-02 -9.900000000000006017e-03 -4.559999999999997389e-02 -3.450000000000000289e-02 -1.099999999999999936e-02 1.800000000000002986e-03 -1.500000000000001332e-03 6.872410000000000671e-03 1.174432900000000057e-01 7.708840000000000657e-03 8.294399999999999733e-04 6.812100000000001271e-04 5.852249999999999813e-03 9.801000000000011363e-05 2.079359999999997547e-03 1.190250000000000119e-03 1.209999999999999867e-04 3.240000000000010907e-06 2.250000000000003869e-06 1.245046000000000000e+06 1.207781875000000000e+06
1.000000000000000000e+00 -8.740000000000000546e-02 4.101000000000000201e-01 1.188000000000000028e-01 -3.049999999999999933e-02 3.860000000000000236e-02 -6.980000000000000093e-02 -4.500000000000003997e-03 6.740000000000001545e-02 3.099999999999999978e-02 -1.700000000000000122e-03 1.250000000000000069e-02 6.699999999999997624e-03 7.638760000000001382e-03 1.681820100000000207e-01 1.411344000000000140e-02 9.302499999999999788e-04 1.489960000000000243e-03 4.872040000000000225e-03 2.025000000000003482e-05 4.542760000000002456e-03 9.609999999999999402e-04 2.890000000000000282e-06 1.562500000000000304e-04 4.488999999999996492e-05 1.244548500000000000e+06 1.209647250000000000e+06
1.000000000000000000e+00 -8.110000000000000542e-02 4.536999999999999922e-01 1.812999999999999889e-01 -2.999999999999999889e-02 4.440000000000000197e-02 -6.439999999999999891e-02 6.300000000000000044e-03 4.359999999999997211e-02 6.249999999999998612e-02 5.000000000000004441e-04 5.799999999999999600e-03 5.400000000000002021e-03 6.577210000000000868e-03 2.058436899999999958e-01 3.286968999999999308e-02 8.999999999999999754e-04 1.971360000000000126e-03 4.147360000000000109e-03 3.969000000000000116e-05 1.900959999999997548e-03 3.906249999999998265e-03 2.500000000000004651e-07 3.363999999999999640e-05 2.916000000000002236e-05 1.244931000000000000e+06 1.211870125000000000e+06
1.000000000000000000e+00 -9.270000000000000462e-02 3.279000000000000248e-01 8.490000000000000324e-02 -1.660000000000000017e-02 3.200000000000000067e-02 -7.660000000000000142e-02 -1.159999999999999920e-02 -1.257999999999999674e-01 -9.639999999999998570e-02 1.339999999999999872e-02 -1.240000000000000130e-02 -1.220000000000000251e-02 8.593290000000001691e-03 1.075184100000000226e-01 7.208010000000000805e-03 2.755599999999999977e-04 1.023999999999999954e-03 5.867559999999999963e-03 1.345599999999999856e-04 1.582563999999999152e-02 9.292959999999997681e-03 1.795599999999999681e-04 1.537600000000000457e-04 1.488400000000000725e-04 1.245234375000000000e+06 1.213919250000000000e+06
1.000000000000000000e+00 -9.110000000000000042e-02 4.215999999999999748e-01 1.811000000000000110e-01 -1.540000000000000049e-02 8.809999999999999776e-02 -8.619999999999999885e-02 1.600000000000004197e-03 9.369999999999995000e-02 9.620000000000000773e-02 1.199999999999999678e-03 5.609999999999999709e-02 -9.599999999999997424e-03 8.299209999999999574e-03 1.777465599999999701e-01 3.279721000000000719e-02 2.371600000000000129e-04 7.761609999999999517e-03 7.430439999999999962e-03 2.560000000000013606e-06 8.779689999999991043e-03 9.254440000000000929e-03 1.439999999999999130e-06 3.147209999999999678e-03 9.215999999999994433e-05 1.243981500000000000e+06 1.214513000000000000e+06
1.000000000000000000e+00 -5.179999999999999882e-02 4.907000000000000250e-01 1.933999999999999886e-01 -5.300000000000000024e-03 1.222000000000000031e-01 -1.300999999999999934e-01 3.930000000000000160e-02 6.910000000000005027e-02 1.229999999999997762e-02 1.010000000000000134e-02 3.410000000000000531e-02 -4.389999999999999458e-02 2.683239999999999931e-03 2.407864900000000197e-01 3.740355999999999542e-02 2.809000000000000041e-05 1.493284000000000104e-02 1.692600999999999828e-02 1.544490000000000142e-03 4.774810000000006931e-03 1.512899999999994544e-04 1.020100000000000211e-04 1.162810000000000449e-03 1.927209999999999514e-03 1.243460375000000000e+06 1.215592250000000000e+06
1.000000000000000000e+00 -7.340000000000000691e-02 3.512000000000000122e-01 1.647000000000000131e-01 -3.799999999999999992e-03 4.390000000000000152e-02 -1.081000000000000016e-01 -2.160000000000000808e-02 -1.395000000000000129e-01 -2.869999999999997553e-02 1.500000000000000031e-03 -7.830000000000000848e-02 2.199999999999999178e-02 5.387560000000001306e-03 1.233414400000000105e-01 2.712609000000000548e-02 1.444000000000000066e-05 1.927210000000000164e-03 1.168561000000000079e-02 4.665600000000003577e-04 1.946025000000000532e-02 8.236899999999985596e-04 2.250000000000000057e-06 6.130890000000001686e-03 4.839999999999996215e-04 1.244180250000000000e+06 1.216054875000000000e+06
1.000000000000000000e+00 -7.850000000000000033e-02 2.968000000000000083e-01 8.859999999999999820e-02 4.499999999999999660e-03 9.539999999999999869e-02 -1.160000000000000059e-01 -5.099999999999993427e-03 -5.440000000000000391e-02 -7.610000000000001485e-02 8.300000000000000086e-03 5.149999999999999717e-02 -7.900000000000004241e-03 6.162250000000000193e-03 8.809024000000000021e-02 7.849959999999999577e-03 2.024999999999999755e-05 9.101160000000000500e-03 1.345600000000000095e-02 2.600999999999993224e-05 2.959360000000000289e-03 5.791210000000002363e-03 6.888999999999999941e-05 2.652249999999999660e-03 6.241000000000006146e-05 1.243807125000000000e+06 1.214619000000000000e+06
1.000000000000000000e+00 -8.630000000000000171e-02 4.925999999999999823e-01 2.386000000000000065e-01 2.009999999999999981e-02 1.058000000000000052e-01 -8.029999999999999638e-02 -7.800000000000001377e-03 1.957999999999999741e-01 1.500000000000000222e-01 1.559999999999999928e-02 1.040000000000000646e-02 3.570000000000000950e-02 7.447689999999999866e-03 2.426547599999999694e-01 5.692996000000000167e-02 4.040100000000000028e-04 1.119364000000000123e-02 6.448089999999999204e-03 6.084000000000002058e-05 3.833763999999999228e-02 2.250000000000000611e-02 2.433599999999999739e-04 1.081600000000001300e-04 1.274490000000000735e-03 1.241802875000000000e+06 1.212643000000000000e+06
1.000000000000000000e+00 -9.579999999999999627e-02 4.430999999999999939e-01 2.016999999999999904e-01 1.540000000000000049e-02 5.510000000000000314e-02 -1.026999999999999996e-01 -9.499999999999994560e-03 -4.949999999999998845e-02 -3.690000000000001612e-02 -4.699999999999999317e-03 -5.070000000000000201e-02 -2.240000000000000324e-02 9.177639999999999063e-03 1.963376099999999957e-01 4.068288999999999933e-02 2.371600000000000129e-04 3.036010000000000444e-03 1.054728999999999910e-02 9.024999999999990332e-05 2.450249999999998870e-03 1.361610000000001161e-03 2.208999999999999348e-05 2.570490000000000361e-03 5.017600000000001833e-04 1.242449000000000000e+06 1.213476875000000000e+06
1.000000000000000000e+00 -9.470000000000000639e-02 3.437999999999999945e-01 6.049999999999999822e-02 1.859999999999999848e-02 7.910000000000000364e-02 -1.142999999999999988e-01 1.099999999999989875e-03 -9.929999999999999938e-02 -1.411999999999999922e-01 3.199999999999997985e-03 2.400000000000000050e-02 -1.159999999999999920e-02 8.968090000000001477e-03 1.181984400000000018e-01 3.660249999999999875e-03 3.459599999999999199e-04 6.256810000000000670e-03 1.306448999999999978e-02 1.209999999999977827e-06 9.860489999999999533e-03 1.993743999999999725e-02 1.023999999999998666e-05 5.760000000000000146e-04 1.345599999999999856e-04 1.241771000000000000e+06 1.214435500000000000e+06
1.000000000000000000e+00 -4.290000000000000063e-02 4.768999999999999906e-01 6.809999999999999387e-02 2.929999999999999966e-02 2.066000000000000059e-01 -6.400000000000000133e-02 5.180000000000000576e-02 1.330999999999999961e-01 7.599999999999995648e-03 1.070000000000000118e-02 1.275000000000000022e-01 5.029999999999999749e-02 1.840410000000000006e-03 2.274336099999999805e-01 4.637609999999999476e-03 8.584899999999999476e-04 4.268356000000000233e-02 4.095999999999999815e-03 2.683240000000000798e-03 1.771560999999999969e-02 5.775999999999993488e-05 1.144900000000000236e-04 1.625624999999999987e-02 2.530089999999999596e-03 1.244592625000000000e+06 1.216578375000000000e+06
1.000000000000000000e+00 -5.530000000000000193e-02 5.305999999999999606e-01 1.895000000000000018e-01 1.089999999999999997e-02 1.361999999999999877e-01 -6.160000000000000198e-02 -1.240000000000000130e-02 5.369999999999996998e-02 1.214000000000000079e-01 -1.839999999999999969e-02 -7.040000000000001812e-02 2.399999999999999356e-03 3.058090000000000287e-03 2.815363599999999855e-01 3.591024999999999773e-02 1.188099999999999958e-04 1.855043999999999790e-02 3.794560000000000207e-03 1.537600000000000457e-04 2.883689999999996915e-03 1.473796000000000134e-02 3.385600000000000111e-04 4.956160000000002855e-03 5.759999999999996521e-06 1.244962500000000000e+06 1.216037875000000000e+06
1.000000000000000000e+00 -5.670000000000000040e-02 2.164000000000000090e-01 9.270000000000000462e-02 -4.100000000000000346e-03 6.990000000000000380e-02 -6.169999999999999790e-02 -1.399999999999998468e-03 -3.141999999999999238e-01 -9.679999999999999716e-02 -1.499999999999999944e-02 -6.629999999999998395e-02 -9.999999999999592548e-05 3.214890000000000195e-03 4.682896000000000281e-02 8.593290000000001691e-03 1.681000000000000338e-05 4.886010000000000526e-03 3.806889999999999840e-03 1.959999999999995634e-06 9.872163999999995776e-02 9.370240000000000166e-03 2.249999999999999938e-04 4.395689999999998106e-03 9.999999999999184609e-09 1.247389875000000000e+06 1.214748250000000000e+06
1.000000000000000000e+00 -4.979999999999999705e-02 2.842000000000000082e-01 8.000000000000000167e-02 5.400000000000000286e-03 8.400000000000000522e-02 -6.219999999999999835e-02 6.900000000000003353e-03 6.779999999999999916e-02 -1.270000000000000295e-02 9.500000000000001499e-03 1.410000000000000142e-02 -5.000000000000004441e-04 2.480039999999999762e-03 8.076964000000000365e-02 6.400000000000000307e-03 2.916000000000000203e-05 7.056000000000000640e-03 3.868839999999999692e-03 4.761000000000004730e-05 4.596839999999999607e-03 1.612900000000000770e-04 9.025000000000002530e-05 1.988100000000000294e-04 2.500000000000004651e-07 1.247590750000000000e+06 1.213245750000000000e+06
1.000000000000000000e+00 -4.680000000000000132e-02 4.022999999999999909e-01 1.300000000000000044e-01 -9.299999999999999239e-03 1.919999999999999832e-02 -4.479999999999999954e-02 2.999999999999995726e-03 1.180999999999999828e-01 5.000000000000000278e-02 -1.469999999999999953e-02 -6.480000000000001037e-02 1.739999999999999880e-02 2.190239999999999982e-03 1.618452900000000028e-01 1.690000000000000183e-02 8.648999999999997998e-05 3.686399999999999400e-04 2.007039999999999866e-03 8.999999999999974817e-06 1.394760999999999571e-02 2.500000000000000486e-03 2.160899999999999995e-04 4.199040000000001105e-03 3.027599999999999541e-04 1.247813500000000000e+06 1.211016875000000000e+06
1.000000000000000000e+00 -5.120000000000000245e-02 2.310000000000000109e-01 9.049999999999999711e-02 -1.890000000000000013e-02 4.519999999999999712e-02 -2.900000000000000147e-02 -4.400000000000001132e-03 -1.712999999999999801e-01 -3.950000000000000733e-02 -9.600000000000000894e-03 2.599999999999999881e-02 1.579999999999999807e-02 2.621440000000000055e-03 5.336100000000000565e-02 8.190249999999999614e-03 3.572100000000000036e-04 2.043039999999999873e-03 8.410000000000000591e-04 1.936000000000001115e-05 2.934368999999999172e-02 1.560250000000000655e-03 9.216000000000001209e-05 6.759999999999999516e-04 2.496399999999999206e-04 1.248567000000000000e+06 1.209594500000000000e+06
1.000000000000000000e+00 -5.899999999999999689e-02 6.140999999999999792e-01 1.967000000000000137e-01 1.389999999999999916e-02 9.510000000000000397e-02 -4.710000000000000298e-02 -7.799999999999994438e-03 3.830999999999999961e-01 1.062000000000000166e-01 3.279999999999999583e-02 4.990000000000000685e-02 -1.810000000000000150e-02 3.480999999999999719e-03 3.771188099999999710e-01 3.869089000000000556e-02 1.932099999999999746e-04 9.044009999999999896e-03 2.218410000000000087e-03 6.083999999999991216e-05 1.467656099999999908e-01 1.127844000000000416e-02 1.075839999999999783e-03 2.490010000000000834e-03 3.276100000000000431e-04 1.247139750000000000e+06 1.206271125000000000e+06
1.000000000000000000e+00 -8.140000000000000013e-02 7.267000000000000126e-01 1.625999999999999945e-01 -7.700000000000000247e-03 1.658999999999999919e-01 -3.200000000000000067e-02 -2.240000000000000324e-02 1.126000000000000334e-01 -3.410000000000001918e-02 -2.160000000000000114e-02 7.079999999999998794e-02 1.510000000000000231e-02 6.625960000000000183e-03 5.280928900000000370e-01 2.643875999999999865e-02 5.929000000000000324e-05 2.752280999999999825e-02 1.023999999999999954e-03 5.017600000000001833e-04 1.267876000000000766e-02 1.162810000000001317e-03 4.665600000000000324e-04 5.012639999999997896e-03 2.280100000000000616e-04 1.250995750000000000e+06 1.205265625000000000e+06
1.000000000000000000e+00 -1.058999999999999941e-01 -4.580000000000000043e-02 -1.770000000000000046e-02 -5.000000000000000278e-02 -6.100000000000000387e-03 -2.309999999999999901e-02 -2.449999999999999400e-02 -7.724999999999999645e-01 -1.802999999999999881e-01 -4.230000000000000426e-02 -1.719999999999999862e-01 8.900000000000001660e-03 1.121480999999999867e-02 2.097640000000000008e-03 3.132900000000000311e-04 2.500000000000000486e-03 3.721000000000000457e-05 5.336099999999999004e-04 6.002499999999996554e-04 5.967562499999999881e-01 3.250808999999999643e-02 1.789290000000000455e-03 2.958399999999999572e-02 7.921000000000003613e-05 1.250032625000000000e+06 1.202275250000000000e+06
1.000000000000000000e+00 -1.108999999999999986e-01 -1.140000000000000041e-02 1.527999999999999914e-01 -5.240000000000000213e-02 -8.079999999999999682e-02 -1.909999999999999892e-02 -5.000000000000004441e-03 3.440000000000000002e-02 1.704999999999999849e-01 -2.399999999999999356e-03 -7.470000000000000251e-02 4.000000000000000083e-03 1.229881000000000030e-02 1.299600000000000093e-04 2.334783999999999818e-02 2.745760000000000301e-03 6.528639999999999617e-03 3.648099999999999715e-04 2.500000000000004524e-05 1.183360000000000054e-03 2.907024999999999540e-02 5.759999999999996521e-06 5.580090000000000224e-03 1.599999999999999928e-05 1.245411875000000000e+06 1.194925500000000000e+06
1.000000000000000000e+00 -4.109999999999999765e-02 3.961000000000000076e-01 1.267000000000000071e-01 2.069999999999999965e-02 -9.299999999999999239e-03 -2.419999999999999929e-02 6.980000000000000093e-02 4.075000000000000289e-01 -2.609999999999998432e-02 7.309999999999999831e-02 7.149999999999999412e-02 -5.100000000000000366e-03 1.689209999999999800e-03 1.568952100000000072e-01 1.605289000000000021e-02 4.284900000000000124e-04 8.648999999999997998e-05 5.856400000000000104e-04 4.872040000000000225e-03 1.660562500000000163e-01 6.812099999999991513e-04 5.343609999999999506e-03 5.112249999999998740e-03 2.601000000000000339e-05 1.244430125000000000e+06 1.198260500000000000e+06
1.000000000000000000e+00 -3.440000000000000002e-02 4.736000000000000210e-01 1.223999999999999949e-01 3.620000000000000301e-02 -5.300000000000000024e-03 -2.120000000000000009e-02 6.699999999999997624e-03 7.750000000000001332e-02 -4.300000000000012146e-03 1.550000000000000336e-02 3.999999999999999216e-03 2.999999999999999195e-03 1.183360000000000054e-03 2.242969600000000174e-01 1.498175999999999848e-02 1.310440000000000172e-03 2.809000000000000041e-05 4.494400000000000066e-04 4.488999999999996492e-05 6.006250000000002039e-03 1.849000000000010588e-05 2.402500000000000935e-04 1.599999999999999250e-05 8.999999999999995146e-06 1.248315000000000000e+06 1.202909625000000000e+06
1.000000000000000000e+00 -3.370000000000000079e-02 4.010000000000000231e-01 1.307000000000000106e-01 4.229999999999999732e-02 -2.580000000000000002e-02 -3.009999999999999828e-02 6.999999999999992339e-04 -7.259999999999999787e-02 8.300000000000015699e-03 6.099999999999994316e-03 -2.050000000000000086e-02 -8.899999999999998190e-03 1.135689999999999963e-03 1.608010000000000272e-01 1.708249000000000226e-02 1.789289999999999804e-03 6.656400000000000034e-04 9.060099999999998450e-04 4.899999999999989084e-07 5.270759999999999335e-03 6.889000000000025691e-05 3.720999999999993003e-05 4.202500000000000506e-04 7.920999999999996837e-05 1.252216625000000000e+06 1.200061125000000000e+06
1.000000000000000000e+00 -3.980000000000000204e-02 3.281000000000000028e-01 1.058000000000000052e-01 4.760000000000000342e-02 -2.899999999999999800e-03 -3.590000000000000135e-02 -6.100000000000001255e-03 -7.290000000000002034e-02 -2.490000000000000546e-02 5.300000000000006095e-03 2.290000000000000022e-02 -5.800000000000003070e-03 1.584040000000000101e-03 1.076496100000000067e-01 1.119364000000000123e-02 2.265760000000000343e-03 8.409999999999999101e-06 1.288810000000000042e-03 3.721000000000001813e-05 5.314410000000002916e-03 6.200100000000002658e-04 2.809000000000006479e-05 5.244100000000000020e-04 3.364000000000003706e-05 1.250936125000000000e+06 1.199066125000000000e+06
1.000000000000000000e+00 -4.780000000000000221e-02 4.999000000000000110e-01 1.091000000000000025e-01 7.149999999999999412e-02 -1.039999999999999952e-02 -3.830000000000000071e-02 -8.000000000000000167e-03 1.718000000000000083e-01 3.299999999999997380e-03 2.389999999999999070e-02 -7.499999999999999722e-03 -2.399999999999999356e-03 2.284840000000000221e-03 2.499000100000000057e-01 1.190280999999999978e-02 5.112249999999998740e-03 1.081599999999999944e-04 1.466889999999999991e-03 6.399999999999999710e-05 2.951524000000000161e-02 1.088999999999998213e-05 5.712099999999995133e-04 5.624999999999999846e-05 5.759999999999996521e-06 1.247762500000000000e+06 1.197203250000000000e+06
1.000000000000000000e+00 -4.939999999999999947e-02 4.981999999999999762e-01 1.237999999999999934e-01 5.970000000000000306e-02 2.700000000000000143e-03 -1.060000000000000005e-02 -1.599999999999997258e-03 -1.700000000000034817e-03 1.469999999999999085e-02 -1.179999999999999105e-02 1.310000000000000053e-02 2.770000000000000240e-02 2.440359999999999925e-03 2.482032399999999639e-01 1.532643999999999847e-02 3.564090000000000227e-03 7.290000000000000507e-06 1.123600000000000016e-04 2.559999999999991160e-06 2.890000000000118443e-06 2.160899999999997285e-04 1.392399999999997849e-04 1.716100000000000188e-04 7.672900000000001160e-04 1.248247500000000000e+06 1.201544125000000000e+06
1.000000000000000000e+00 -4.719999999999999890e-02 1.386000000000000010e-01 9.130000000000000615e-02 -3.180000000000000188e-02 5.199999999999999761e-03 -1.089999999999999997e-02 2.200000000000000566e-03 -3.595999999999999752e-01 -3.249999999999998723e-02 -9.149999999999999800e-02 2.499999999999999618e-03 -2.999999999999999195e-04 2.227840000000000029e-03 1.920996000000000162e-02 8.335690000000001501e-03 1.011240000000000056e-03 2.703999999999999861e-05 1.188099999999999958e-04 4.840000000000002788e-06 1.293121599999999816e-01 1.056249999999999247e-03 8.372249999999999484e-03 6.249999999999997758e-06 8.999999999999994563e-08 1.247851750000000000e+06 1.207358125000000000e+06
1.000000000000000000e+00 -5.449999999999999983e-02 2.500000000000000000e-01 1.213000000000000050e-01 -3.919999999999999873e-02 -2.149999999999999828e-02 -3.429999999999999716e-02 -7.300000000000000933e-03 1.113999999999999990e-01 2.999999999999999889e-02 -7.399999999999996858e-03 -2.669999999999999804e-02 -2.339999999999999719e-02 2.970249999999999800e-03 6.250000000000000000e-02 1.471369000000000149e-02 1.536639999999999924e-03 4.622499999999999331e-04 1.176489999999999871e-03 5.329000000000001325e-05 1.240995999999999939e-02 8.999999999999999754e-04 5.475999999999995682e-05 7.128899999999998779e-04 5.475599999999998871e-04 1.248078625000000000e+06 1.205836625000000000e+06
1.000000000000000000e+00 -6.069999999999999701e-02 4.600000000000000200e-01 9.919999999999999651e-02 -5.539999999999999786e-02 3.540000000000000091e-02 -5.510000000000000314e-02 -6.199999999999997180e-03 2.100000000000000200e-01 -2.210000000000000853e-02 -1.619999999999999912e-02 5.689999999999999919e-02 -2.080000000000000598e-02 3.684489999999999467e-03 2.116000000000000103e-01 9.840639999999999457e-03 3.069159999999999597e-03 1.253160000000000125e-03 3.036010000000000444e-03 3.843999999999996400e-05 4.410000000000000725e-02 4.884100000000004280e-04 2.624399999999999606e-04 3.237609999999999707e-03 4.326400000000002488e-04 1.248579750000000000e+06 1.210445750000000000e+06
1.000000000000000000e+00 -5.559999999999999665e-02 3.664000000000000035e-01 4.750000000000000056e-02 -7.000000000000000666e-02 3.559999999999999970e-02 -5.809999999999999887e-02 5.100000000000000366e-03 -9.360000000000001652e-02 -5.169999999999999596e-02 -1.460000000000000880e-02 1.999999999999987899e-04 -2.999999999999995726e-03 3.091359999999999594e-03 1.342489600000000005e-01 2.256250000000000009e-03 4.900000000000000709e-03 1.267359999999999928e-03 3.375609999999999809e-03 2.601000000000000339e-05 8.760960000000003398e-03 2.672889999999999381e-03 2.131600000000002698e-04 3.999999999999951776e-08 8.999999999999974817e-06 1.251324750000000000e+06 1.213085875000000000e+06
1.000000000000000000e+00 -6.429999999999999605e-02 3.654000000000000026e-01 5.070000000000000201e-02 1.699999999999999905e-03 6.510000000000000508e-02 -3.540000000000000091e-02 -8.699999999999999400e-03 -1.000000000000000888e-03 3.200000000000001454e-03 7.169999999999999984e-02 2.950000000000000538e-02 2.269999999999999796e-02 4.134489999999999346e-03 1.335171599999999958e-01 2.570490000000000361e-03 2.889999999999999859e-06 4.238010000000000388e-03 1.253160000000000125e-03 7.568999999999998852e-05 1.000000000000001861e-06 1.024000000000000868e-05 5.140890000000000390e-03 8.702500000000003635e-04 5.152899999999999538e-04 1.252667250000000000e+06 1.210685000000000000e+06
1.000000000000000000e+00 -7.309999999999999831e-02 3.200000000000000067e-01 1.242999999999999938e-01 -5.000000000000000104e-03 4.799999999999999580e-03 -3.049999999999999933e-02 -8.800000000000002265e-03 -4.539999999999999591e-02 7.359999999999999876e-02 -6.700000000000000226e-03 -6.030000000000000637e-02 4.900000000000001577e-03 5.343609999999999506e-03 1.024000000000000049e-01 1.545048999999999902e-02 2.500000000000000120e-05 2.303999999999999625e-05 9.302499999999999788e-04 7.744000000000004461e-05 2.061159999999999815e-03 5.416960000000000178e-03 4.489000000000000558e-05 3.636090000000000676e-03 2.401000000000001576e-05 1.250529250000000000e+06 1.208872125000000000e+06
1.000000000000000000e+00 -7.570000000000000340e-02 3.385000000000000231e-01 1.322000000000000119e-01 2.000000000000000096e-04 6.029999999999999943e-02 -3.289999999999999869e-02 -2.600000000000005085e-03 1.850000000000001643e-02 7.900000000000018119e-03 5.199999999999999761e-03 5.550000000000000072e-02 -2.399999999999999356e-03 5.730490000000000410e-03 1.145822500000000105e-01 1.747684000000000390e-02 4.000000000000000084e-08 3.636089999999999808e-03 1.082410000000000013e-03 6.760000000000026757e-06 3.422500000000005941e-04 6.241000000000029185e-05 2.703999999999999861e-05 3.080250000000000089e-03 5.759999999999996521e-06 1.250208125000000000e+06 1.209358750000000000e+06
