1.000000000000000000e+00 0.000000000000000000e+00 -0.000000000000000000e+00 0.000000000000000000e+00 -0.000000000000000000e+00 0.000000000000000000e+00 0.000000000000000000e+00 0.000000000000000000e+00 0.000000000000000000e+00 0.000000000000000000e+00 0.000000000000000000e+00 0.000000000000000000e+00 0.000000000000000000e+00 0.000000000000000000e+00 0.000000000000000000e+00 0.000000000000000000e+00 0.000000000000000000e+00 0.000000000000000000e+00 0.000000000000000000e+00 0.000000000000000000e+00 0.000000000000000000e+00 0.000000000000000000e+00 0.000000000000000000e+00 0.000000000000000000e+00 0.000000000000000000e+00 1.099156000000000000e+06 9.791140000000000000e+05
1.000000000000000000e+00 2.319999999999999840e-02 -1.537000000000000033e-01 -4.540000000000000285e-02 1.699999999999999905e-03 -3.200000000000000067e-02 1.290000000000000001e-02 2.319999999999999840e-02 -1.537000000000000033e-01 -4.540000000000000285e-02 1.699999999999999905e-03 -3.200000000000000067e-02 1.290000000000000001e-02 5.382399999999999424e-04 2.362369000000000274e-02 2.061160000000000249e-03 2.889999999999999859e-06 1.023999999999999954e-03 1.664100000000000008e-04 5.382399999999999424e-04 2.362369000000000274e-02 2.061160000000000249e-03 2.889999999999999859e-06 1.023999999999999954e-03 1.664100000000000008e-04 1.098713000000000000e+06 9.794856875000000000e+05
1.000000000000000000e+00 2.599999999999999881e-03 -7.299999999999999545e-02 5.999999999999999474e-04 9.799999999999999684e-03 -4.540000000000000285e-02 6.400000000000000307e-03 -2.060000000000000026e-02 8.070000000000000784e-02 4.600000000000000616e-02 8.099999999999999561e-03 -1.340000000000000219e-02 -6.499999999999999702e-03 6.759999999999999652e-06 5.328999999999999536e-03 3.599999999999999414e-07 9.603999999999999527e-05 2.061160000000000249e-03 4.096000000000000086e-05 4.243600000000000367e-04 6.512490000000000986e-03 2.116000000000000693e-03 6.560999999999999016e-05 1.795600000000000494e-04 4.224999999999999698e-05 1.097828375000000000e+06 9.788396250000000000e+05
1.000000000000000000e+00 1.600000000000000077e-03 -6.199999999999999956e-02 -1.149999999999999981e-02 -7.900000000000000772e-03 -4.780000000000000221e-02 2.659999999999999865e-02 -9.999999999999998040e-04 1.099999999999999589e-02 -1.209999999999999964e-02 -1.770000000000000046e-02 -2.399999999999999356e-03 2.019999999999999921e-02 2.560000000000000054e-06 3.843999999999999761e-03 1.322499999999999891e-04 6.241000000000000724e-05 2.284840000000000221e-03 7.075599999999999815e-04 9.999999999999995312e-07 1.209999999999999054e-04 1.464100000000000026e-04 3.132900000000000311e-04 5.759999999999996521e-06 4.080399999999999761e-04 1.098668125000000000e+06 9.795271875000000000e+05
1.000000000000000000e+00 1.089999999999999997e-02 -6.959999999999999520e-02 1.919999999999999832e-02 1.859999999999999848e-02 -8.970000000000000195e-02 1.000000000000000021e-03 9.299999999999999239e-03 -7.599999999999995648e-03 3.069999999999999812e-02 2.649999999999999925e-02 -4.189999999999999974e-02 -2.559999999999999776e-02 1.188099999999999958e-04 4.844159999999999265e-03 3.686399999999999400e-04 3.459599999999999199e-04 8.046090000000000533e-03 9.999999999999999547e-07 8.648999999999997998e-05 5.775999999999993488e-05 9.424899999999999294e-04 7.022499999999999663e-04 1.755609999999999896e-03 6.553599999999999053e-04 1.098367625000000000e+06 9.788387500000000000e+05
1.000000000000000000e+00 1.689999999999999836e-02 -6.899999999999999883e-03 1.299999999999999940e-02 1.269999999999999948e-02 -3.099999999999999978e-02 8.999999999999999754e-04 5.999999999999998390e-03 6.269999999999999185e-02 -6.199999999999998915e-03 -5.899999999999998995e-03 5.870000000000000218e-02 -1.000000000000000454e-04 2.856099999999999438e-04 4.760999999999999987e-05 1.689999999999999879e-04 1.612899999999999957e-04 9.609999999999999402e-04 8.099999999999999739e-07 3.599999999999998058e-05 3.931289999999998744e-03 3.843999999999998433e-05 3.480999999999998689e-05 3.445690000000000384e-03 1.000000000000000848e-08 1.098496125000000000e+06 9.796306875000000000e+05
1.000000000000000000e+00 1.739999999999999880e-02 2.270000000000000143e-02 1.810000000000000150e-02 2.280000000000000082e-02 -3.549999999999999684e-02 1.789999999999999925e-02 5.000000000000004441e-04 2.960000000000000131e-02 5.100000000000002101e-03 1.010000000000000134e-02 -4.499999999999997058e-03 1.699999999999999775e-02 3.027599999999999541e-04 5.152900000000000622e-04 3.276100000000000431e-04 5.198400000000000373e-04 1.260249999999999869e-03 3.204099999999999765e-04 2.500000000000004651e-07 8.761600000000000681e-04 2.601000000000002033e-05 1.020100000000000211e-04 2.024999999999997383e-05 2.889999999999999232e-04 1.097209125000000000e+06 9.782508125000000000e+05
1.000000000000000000e+00 2.580000000000000002e-02 -3.889999999999999708e-02 -4.179999999999999688e-02 2.630000000000000046e-02 -8.500000000000000611e-03 6.060000000000000109e-02 8.400000000000001216e-03 -6.160000000000000198e-02 -5.989999999999999492e-02 3.499999999999999639e-03 2.699999999999999623e-02 4.270000000000000184e-02 6.656400000000000034e-04 1.513209999999999859e-03 1.747239999999999731e-03 6.916900000000000132e-04 7.225000000000000790e-05 3.672359999999999947e-03 7.056000000000001561e-05 3.794560000000000207e-03 3.588009999999999550e-03 1.224999999999999791e-05 7.289999999999998304e-04 1.823290000000000197e-03 1.098386375000000000e+06 9.791145625000000000e+05
1.000000000000000000e+00 4.700000000000000185e-03 8.290000000000000147e-02 1.540000000000000049e-02 2.249999999999999917e-02 -1.810000000000000150e-02 8.279999999999999860e-02 -2.110000000000000070e-02 1.217999999999999916e-01 5.720000000000000084e-02 -3.800000000000001293e-03 -9.600000000000000894e-03 2.219999999999999751e-02 2.209000000000000026e-05 6.872410000000000671e-03 2.371600000000000129e-04 5.062499999999999726e-04 3.276100000000000431e-04 6.855840000000000198e-03 4.452100000000000285e-04 1.483523999999999780e-02 3.271840000000000252e-03 1.444000000000000913e-05 9.216000000000001209e-05 4.928399999999999231e-04 1.098486375000000000e+06 9.782934375000000000e+05
1.000000000000000000e+00 2.340000000000000066e-02 9.900000000000000813e-03 5.999999999999999474e-04 4.019999999999999962e-02 -6.410000000000000420e-02 8.890000000000000679e-02 1.870000000000000134e-02 -7.299999999999999545e-02 -1.480000000000000066e-02 1.770000000000000046e-02 -4.599999999999999922e-02 6.100000000000008193e-03 5.475599999999999955e-04 9.801000000000001876e-05 3.599999999999999414e-07 1.616040000000000011e-03 4.108810000000000934e-03 7.903210000000000790e-03 3.496900000000000485e-04 5.328999999999999536e-03 2.190400000000000170e-04 3.132900000000000311e-04 2.115999999999999825e-03 3.721000000000009944e-05 1.098283250000000000e+06 9.786757500000000000e+05
1.000000000000000000e+00 2.570000000000000062e-02 1.126000000000000056e-01 4.080000000000000293e-02 4.830000000000000265e-02 -6.189999999999999669e-02 1.242999999999999938e-01 2.299999999999999961e-03 1.026999999999999996e-01 4.019999999999999962e-02 8.100000000000003031e-03 2.200000000000007505e-03 3.539999999999998703e-02 6.604900000000000137e-04 1.267876000000000072e-02 1.664640000000000217e-03 2.332890000000000224e-03 3.831609999999999617e-03 1.545048999999999902e-02 5.290000000000000174e-06 1.054728999999999910e-02 1.616040000000000011e-03 6.561000000000004437e-05 4.840000000000033281e-06 1.253159999999999040e-03 1.097562000000000000e+06 9.782486875000000000e+05
1.000000000000000000e+00 2.970000000000000070e-02 9.239999999999999603e-02 7.510000000000000009e-02 5.650000000000000161e-02 -1.174000000000000044e-01 1.443000000000000116e-01 4.000000000000000083e-03 -2.020000000000000961e-02 3.429999999999999716e-02 8.199999999999998956e-03 -5.550000000000000766e-02 2.000000000000001776e-02 8.820900000000000876e-04 8.537759999999998406e-03 5.640009999999999989e-03 3.192250000000000209e-03 1.378276000000000154e-02 2.082249000000000252e-02 1.599999999999999928e-05 4.080400000000004098e-04 1.176489999999999871e-03 6.723999999999998641e-05 3.080250000000000956e-03 4.000000000000007239e-04 1.096621375000000000e+06 9.775802500000000000e+05
1.000000000000000000e+00 1.310000000000000053e-02 -1.744999999999999885e-01 1.524000000000000077e-01 5.369999999999999774e-02 -1.509999999999999953e-01 1.584000000000000130e-01 -1.660000000000000017e-02 -2.668999999999999706e-01 7.730000000000000759e-02 -2.800000000000003875e-03 -3.359999999999999098e-02 1.410000000000000142e-02 1.716100000000000188e-04 3.045024999999999468e-02 2.322576000000000154e-02 2.883689999999999951e-03 2.280099999999999835e-02 2.509056000000000480e-02 2.755599999999999977e-04 7.123560999999999088e-02 5.975290000000001156e-03 7.840000000000021499e-06 1.128959999999999382e-03 1.988100000000000294e-04 1.097047375000000000e+06 9.767384375000000000e+05
1.000000000000000000e+00 1.980000000000000163e-02 -7.700000000000000247e-03 9.110000000000000042e-02 5.460000000000000270e-02 -1.852000000000000035e-01 1.459000000000000019e-01 6.700000000000001094e-03 1.667999999999999761e-01 -6.130000000000000726e-02 9.000000000000049627e-04 -3.420000000000000817e-02 -1.250000000000001110e-02 3.920400000000000751e-04 5.929000000000000324e-05 8.299209999999999574e-03 2.981160000000000494e-03 3.429904000000000286e-02 2.128680999999999976e-02 4.489000000000001236e-05 2.782223999999999114e-02 3.757690000000001029e-03 8.100000000000089737e-07 1.169640000000000653e-03 1.562500000000002743e-04 1.098019375000000000e+06 9.762896875000000000e+05
1.000000000000000000e+00 2.359999999999999945e-02 -1.642000000000000126e-01 2.006000000000000005e-01 5.970000000000000306e-02 -1.925000000000000044e-01 1.082999999999999935e-01 3.799999999999997824e-03 -1.565000000000000002e-01 1.095000000000000001e-01 5.100000000000000366e-03 -7.300000000000000933e-03 -3.760000000000000842e-02 5.569600000000000072e-04 2.696164000000000546e-02 4.024036000000000279e-02 3.564090000000000227e-03 3.705624999999999891e-02 1.172888999999999876e-02 1.443999999999998372e-05 2.449225000000000013e-02 1.199024999999999917e-02 2.601000000000000339e-05 5.329000000000001325e-05 1.413760000000000667e-03 1.097664500000000000e+06 9.774878125000000000e+05
1.000000000000000000e+00 7.330000000000000404e-02 8.300000000000000086e-03 2.620000000000000107e-02 1.125000000000000028e-01 -1.509000000000000064e-01 1.097999999999999948e-01 4.970000000000000806e-02 1.725000000000000144e-01 -1.743999999999999995e-01 5.279999999999999971e-02 4.159999999999999809e-02 1.500000000000001332e-03 5.372890000000000825e-03 6.888999999999999941e-05 6.864400000000000753e-04 1.265625000000000083e-02 2.277081000000000244e-02 1.205603999999999877e-02 2.470090000000000740e-03 2.975625000000000492e-02 3.041535999999999892e-02 2.787839999999999763e-03 1.730559999999999911e-03 2.250000000000003869e-06 1.097932375000000000e+06 9.785299375000000000e+05
1.000000000000000000e+00 7.739999999999999658e-02 3.160000000000000309e-02 -1.057000000000000023e-01 9.990000000000000269e-02 -1.446000000000000063e-01 1.303999999999999881e-01 4.099999999999992539e-03 2.330000000000000127e-02 -1.319000000000000172e-01 -1.260000000000000009e-02 6.300000000000000044e-03 2.059999999999999332e-02 5.990759999999999488e-03 9.985600000000001159e-04 1.117249000000000020e-02 9.980010000000000964e-03 2.090916000000000302e-02 1.700415999999999733e-02 1.680999999999993900e-05 5.428900000000000826e-04 1.739761000000000432e-02 1.587600000000000046e-04 3.969000000000000116e-05 4.243599999999997114e-04 1.097028250000000000e+06 9.765866875000000000e+05
1.000000000000000000e+00 7.240000000000000602e-02 1.272999999999999965e-01 1.786000000000000087e-01 1.078000000000000069e-01 -1.958999999999999908e-01 6.719999999999999585e-02 -4.999999999999990563e-03 9.569999999999999341e-02 2.842999999999999972e-01 7.900000000000004241e-03 -5.129999999999998450e-02 -6.319999999999999230e-02 5.241760000000000690e-03 1.620529000000000067e-02 3.189796000000000298e-02 1.162084000000000207e-02 3.837680999999999731e-02 4.515839999999999264e-03 2.499999999999990633e-05 9.158489999999998299e-03 8.082649000000000084e-02 6.241000000000006146e-05 2.631689999999998596e-03 3.994239999999998729e-03 1.097048625000000000e+06 9.774023750000000000e+05
1.000000000000000000e+00 4.939999999999999947e-02 -1.990000000000000102e-02 -1.875000000000000000e-01 7.900000000000000078e-02 -1.801999999999999991e-01 3.039999999999999994e-02 -2.300000000000000655e-02 -1.471999999999999975e-01 -3.660999999999999810e-01 -2.880000000000000615e-02 1.569999999999999174e-02 -3.679999999999999938e-02 2.440359999999999925e-03 3.960100000000000252e-04 3.515625000000000000e-02 6.241000000000000020e-03 3.247204000000000063e-02 9.241600000000000422e-04 5.290000000000002816e-04 2.166784000000000071e-02 1.340292099999999820e-01 8.294400000000004070e-04 2.464899999999997627e-04 1.354240000000000044e-03 1.095711875000000000e+06 9.772321875000000000e+05
1.000000000000000000e+00 4.900000000000000189e-02 8.680000000000000215e-02 -2.888999999999999901e-01 1.040999999999999981e-01 -1.359999999999999924e-02 8.359999999999999376e-02 -3.999999999999975797e-04 1.067000000000000032e-01 -1.013999999999999901e-01 2.509999999999999731e-02 1.665999999999999981e-01 5.319999999999999729e-02 2.401000000000000356e-03 7.534240000000000208e-03 8.346320999999999601e-02 1.083680999999999880e-02 1.849599999999999910e-04 6.988959999999998923e-03 1.599999999999980711e-07 1.138488999999999994e-02 1.028195999999999798e-02 6.300099999999998583e-04 2.775555999999999857e-02 2.830239999999999926e-03 1.096387000000000000e+06 9.772556875000000000e+05
1.000000000000000000e+00 5.940000000000000141e-02 1.135000000000000037e-01 -2.316999999999999893e-01 1.208000000000000046e-01 -1.058999999999999941e-01 4.329999999999999821e-02 1.039999999999999952e-02 2.670000000000000151e-02 5.720000000000000084e-02 1.670000000000000651e-02 -9.229999999999999316e-02 -4.029999999999999555e-02 3.528360000000000350e-03 1.288225000000000134e-02 5.368488999999999206e-02 1.459264000000000047e-02 1.121480999999999867e-02 1.874889999999999933e-03 1.081599999999999944e-04 7.128900000000000948e-04 3.271840000000000252e-03 2.788900000000002250e-04 8.519289999999998808e-03 1.624089999999999692e-03 1.095721125000000000e+06 9.766801250000000000e+05
1.000000000000000000e+00 4.240000000000000019e-02 3.135999999999999899e-01 6.890000000000000291e-02 1.315000000000000058e-01 -9.110000000000000042e-02 2.999999999999999737e-04 -1.700000000000000122e-02 2.001000000000000001e-01 3.005999999999999783e-01 1.070000000000000118e-02 1.479999999999999372e-02 -4.299999999999999656e-02 1.797760000000000026e-03 9.834495999999999516e-02 4.747209999999999971e-03 1.729225000000000206e-02 8.299209999999999574e-03 8.999999999999998534e-08 2.890000000000000316e-04 4.004001000000000088e-02 9.036035999999998680e-02 1.144900000000000236e-04 2.190399999999998273e-04 1.848999999999999732e-03 1.098102500000000000e+06 9.788051250000000000e+05
1.000000000000000000e+00 6.189999999999999669e-02 -8.770000000000000018e-02 7.610000000000000098e-02 1.423000000000000098e-01 -1.215999999999999998e-01 -9.799999999999999684e-03 1.949999999999999650e-02 -4.012999999999999901e-01 7.199999999999998068e-03 1.080000000000000404e-02 -3.049999999999999933e-02 -1.009999999999999960e-02 3.831609999999999617e-03 7.691289999999999932e-03 5.791209999999999761e-03 2.024929000000000312e-02 1.478656000000000068e-02 9.603999999999999527e-05 3.802499999999998373e-04 1.610416899999999873e-01 5.183999999999997123e-05 1.166400000000000894e-04 9.302499999999999788e-04 1.020099999999999940e-04 1.096145000000000000e+06 9.777186875000000000e+05
1.000000000000000000e+00 6.510000000000000508e-02 -9.450000000000000067e-02 5.000000000000000104e-03 1.439000000000000001e-01 -6.740000000000000158e-02 -2.759999999999999953e-02 3.200000000000008393e-03 -6.800000000000000488e-03 -7.109999999999999654e-02 1.599999999999990319e-03 5.419999999999999818e-02 -1.779999999999999985e-02 4.238010000000000388e-03 8.930250000000000687e-03 2.500000000000000120e-05 2.070721000000000020e-02 4.542759999999999854e-03 7.617599999999999979e-04 1.024000000000005442e-05 4.624000000000000451e-05 5.055209999999999218e-03 2.559999999999969137e-06 2.937639999999999609e-03 3.168399999999999819e-04 1.095707750000000000e+06 9.775910000000000000e+05
1.000000000000000000e+00 5.249999999999999806e-02 -5.100000000000000366e-03 2.200000000000000133e-03 1.346999999999999864e-01 -6.930000000000000049e-02 -3.919999999999999873e-02 -1.260000000000000703e-02 8.940000000000000724e-02 -2.799999999999999972e-03 -9.200000000000013722e-03 -1.899999999999998912e-03 -1.159999999999999920e-02 2.756249999999999586e-03 2.601000000000000339e-05 4.840000000000000247e-06 1.814408999999999467e-02 4.802490000000000404e-03 1.536639999999999924e-03 1.587600000000001673e-04 7.992360000000000436e-03 7.839999999999999476e-06 8.464000000000024672e-05 3.609999999999995930e-06 1.345599999999999856e-04 1.096793000000000000e+06 9.776396875000000000e+05
1.000000000000000000e+00 6.180000000000000077e-02 -8.079999999999999682e-02 -6.029999999999999943e-02 1.385000000000000120e-01 -5.129999999999999838e-02 -5.160000000000000003e-02 9.300000000000002709e-03 -7.569999999999998952e-02 -6.250000000000000000e-02 3.800000000000025580e-03 1.800000000000000211e-02 -1.240000000000000130e-02 3.819240000000000222e-03 6.528639999999999617e-03 3.636089999999999808e-03 1.918225000000000485e-02 2.631689999999999897e-03 2.662560000000000014e-03 8.649000000000004774e-05 5.730489999999998675e-03 3.906250000000000000e-03 1.444000000000019378e-05 3.240000000000000692e-04 1.537600000000000457e-04 1.097719500000000000e+06 9.789862500000000000e+05
1.000000000000000000e+00 2.000000000000000042e-02 2.288000000000000034e-01 5.659999999999999754e-02 1.252000000000000057e-01 -1.549999999999999989e-02 -2.589999999999999941e-02 -4.180000000000000382e-02 3.095999999999999863e-01 1.169000000000000039e-01 -1.330000000000000626e-02 3.579999999999999849e-02 2.570000000000000062e-02 4.000000000000000192e-04 5.234944000000000403e-02 3.203559999999999828e-03 1.567504000000000119e-02 2.402499999999999851e-04 6.708099999999999827e-04 1.747240000000000381e-03 9.585215999999999181e-02 1.366561000000000164e-02 1.768900000000001580e-04 1.281639999999999906e-03 6.604900000000000137e-04 1.098045250000000000e+06 9.786324375000000000e+05
1.000000000000000000e+00 5.290000000000000258e-02 1.559999999999999928e-02 -4.529999999999999999e-02 1.213999999999999940e-01 -6.230000000000000121e-02 -2.469999999999999973e-02 3.289999999999999869e-02 -2.132000000000000006e-01 -1.018999999999999906e-01 -3.800000000000011702e-03 -4.680000000000000132e-02 1.199999999999999678e-03 2.798410000000000307e-03 2.433599999999999739e-04 2.052089999999999904e-03 1.473795999999999787e-02 3.881290000000000347e-03 6.100899999999999813e-04 1.082410000000000013e-03 4.545423999999999992e-02 1.038360999999999798e-02 1.444000000000008875e-05 2.190239999999999982e-03 1.439999999999999130e-06 1.098932125000000000e+06 9.798399375000000000e+05
1.000000000000000000e+00 6.669999999999999540e-02 -2.252000000000000113e-01 5.659999999999999754e-02 1.668000000000000038e-01 -6.460000000000000464e-02 -2.259999999999999856e-02 1.379999999999999283e-02 -2.408000000000000140e-01 1.018999999999999906e-01 4.540000000000000979e-02 -2.300000000000003431e-03 2.100000000000001171e-03 4.448889999999999616e-03 5.071504000000000290e-02 3.203559999999999828e-03 2.782224000000000155e-02 4.173160000000000411e-03 5.107599999999999684e-04 1.904399999999998097e-04 5.798464000000000396e-02 1.038360999999999798e-02 2.061160000000000683e-03 5.290000000000015420e-06 4.410000000000005211e-06 1.097418250000000000e+06 9.803999375000000000e+05
1.000000000000000000e+00 5.979999999999999899e-02 2.543000000000000260e-01 1.990000000000000102e-02 1.912000000000000088e-01 -2.000000000000000096e-04 -5.799999999999999600e-03 -6.899999999999996414e-03 4.795000000000000373e-01 -3.669999999999999651e-02 2.440000000000000502e-02 6.439999999999999891e-02 1.679999999999999896e-02 3.576039999999999948e-03 6.466849000000000902e-02 3.960100000000000252e-04 3.655744000000000354e-02 4.000000000000000084e-08 3.363999999999999640e-05 4.760999999999995243e-05 2.299202500000000482e-01 1.346889999999999676e-03 5.953600000000002900e-04 4.147360000000000109e-03 2.822399999999999540e-04 1.100036750000000000e+06 9.822466250000000000e+05
1.000000000000000000e+00 6.489999999999999936e-02 -2.442000000000000004e-01 5.160000000000000003e-02 1.807999999999999885e-01 -5.589999999999999830e-02 -1.590000000000000094e-02 5.100000000000000366e-03 -4.985000000000000542e-01 3.169999999999999901e-02 -1.040000000000002034e-02 -5.569999999999999951e-02 -1.010000000000000134e-02 4.212009999999999539e-03 5.963364000000000165e-02 2.662560000000000014e-03 3.268863999999999798e-02 3.124810000000000001e-03 2.528100000000000139e-04 2.601000000000000339e-05 2.485022500000000634e-01 1.004890000000000037e-03 1.081600000000004281e-04 3.102489999999999849e-03 1.020100000000000211e-04 1.097295750000000000e+06 9.794951250000000000e+05
1.000000000000000000e+00 7.449999999999999678e-02 -2.265999999999999959e-01 2.790000000000000119e-02 -1.060000000000000005e-02 -2.239999999999999977e-02 5.499999999999999681e-03 9.599999999999997424e-03 1.760000000000000453e-02 -2.369999999999999885e-02 -1.913999999999999868e-01 3.350000000000000200e-02 2.140000000000000235e-02 5.550249999999999628e-03 5.134756000000000042e-02 7.784100000000001044e-04 1.123600000000000016e-04 5.017599999999999665e-04 3.024999999999999667e-05 9.215999999999994433e-05 3.097600000000001784e-04 5.616899999999999974e-04 3.663395999999999320e-02 1.122250000000000201e-03 4.579600000000000944e-04 1.097238250000000000e+06 9.794761875000000000e+05
1.000000000000000000e+00 3.849999999999999950e-02 -5.720000000000000084e-02 8.669999999999999929e-02 1.912999999999999978e-01 1.119999999999999989e-02 -4.499999999999999660e-03 -3.599999999999999728e-02 1.693999999999999950e-01 5.879999999999999810e-02 2.018999999999999961e-01 3.359999999999999792e-02 -9.999999999999998473e-03 1.482250000000000061e-03 3.271840000000000252e-03 7.516890000000000030e-03 3.659569000000000016e-02 1.254399999999999916e-04 2.024999999999999755e-05 1.295999999999999843e-03 2.869635999999999715e-02 3.457439999999999992e-03 4.076360999999999873e-02 1.128959999999999816e-03 9.999999999999996413e-05 1.097967750000000000e+06 9.795203750000000000e+05
1.000000000000000000e+00 6.539999999999999980e-02 -2.343000000000000083e-01 -6.999999999999999929e-04 -1.319999999999999993e-02 -6.899999999999999883e-03 -2.899999999999999800e-03 2.690000000000000030e-02 -1.771000000000000074e-01 -8.740000000000000546e-02 -2.044999999999999873e-01 -1.809999999999999803e-02 1.599999999999999860e-03 4.277160000000000337e-03 5.489649000000000612e-02 4.899999999999999672e-07 1.742399999999999852e-04 4.760999999999999987e-05 8.409999999999999101e-06 7.236099999999999650e-04 3.136441000000000229e-02 7.638760000000001382e-03 4.182024999999999632e-02 3.276099999999999347e-04 2.559999999999999630e-06 1.097948750000000000e+06 9.802085625000000000e+05
1.000000000000000000e+00 4.789999999999999813e-02 -9.160000000000000087e-02 6.510000000000000508e-02 4.599999999999999922e-03 -8.500000000000000611e-03 4.899999999999999842e-03 -1.750000000000000167e-02 1.426999999999999935e-01 6.580000000000001126e-02 1.779999999999999985e-02 -1.600000000000000727e-03 7.799999999999999642e-03 2.294409999999999766e-03 8.390560000000000032e-03 4.238010000000000388e-03 2.116000000000000069e-05 7.225000000000000790e-05 2.400999999999999882e-05 3.062500000000000443e-04 2.036328999999999917e-02 4.329640000000001786e-03 3.168399999999999819e-04 2.560000000000002171e-06 6.083999999999999348e-05 1.098426250000000000e+06 9.798911250000000000e+05
1.000000000000000000e+00 5.639999999999999875e-02 -1.001999999999999974e-01 6.140000000000000319e-02 2.050000000000000086e-02 -3.119999999999999857e-02 -6.400000000000000307e-03 8.500000000000000611e-03 -8.599999999999996536e-03 -3.700000000000001898e-03 1.590000000000000094e-02 -2.269999999999999796e-02 -1.130000000000000102e-02 3.180960000000000037e-03 1.004004000000000008e-02 3.769960000000000585e-03 4.202500000000000506e-04 9.734399999999998956e-04 4.096000000000000086e-05 7.225000000000000790e-05 7.395999999999993562e-05 1.369000000000001462e-05 2.528100000000000139e-04 5.152899999999999538e-04 1.276900000000000192e-04 1.097402250000000000e+06 9.803899375000000000e+05
1.000000000000000000e+00 4.540000000000000285e-02 -1.015999999999999959e-01 7.259999999999999787e-02 1.260000000000000009e-02 -4.719999999999999890e-02 -1.810000000000000150e-02 -1.099999999999999589e-02 -1.399999999999998468e-03 1.119999999999999468e-02 -7.900000000000000772e-03 -1.600000000000000033e-02 -1.170000000000000207e-02 2.061160000000000249e-03 1.032255999999999972e-02 5.270759999999999335e-03 1.587600000000000046e-04 2.227840000000000029e-03 3.276100000000000431e-04 1.209999999999999054e-04 1.959999999999995634e-06 1.254399999999998832e-04 6.241000000000000724e-05 2.559999999999999884e-04 1.368900000000000531e-04 1.097231125000000000e+06 9.797583750000000000e+05
1.000000000000000000e+00 1.739999999999999880e-02 -1.237000000000000044e-01 6.990000000000000380e-02 -5.100000000000000366e-03 -5.449999999999999983e-02 -8.999999999999999320e-03 -2.800000000000000405e-02 -2.210000000000000853e-02 -2.699999999999994071e-03 -1.770000000000000046e-02 -7.300000000000000933e-03 9.100000000000002184e-03 3.027599999999999541e-04 1.530169000000000147e-02 4.886010000000000526e-03 2.601000000000000339e-05 2.970249999999999800e-03 8.099999999999999019e-05 7.840000000000001915e-04 4.884100000000004280e-04 7.289999999999968319e-06 3.132900000000000311e-04 5.329000000000001325e-05 8.281000000000004232e-05 1.096970375000000000e+06 9.792852500000000000e+05
1.000000000000000000e+00 2.939999999999999905e-02 -2.056000000000000050e-01 3.379999999999999671e-02 -2.230000000000000038e-02 -6.419999999999999318e-02 -7.100000000000000408e-03 1.200000000000000025e-02 -8.190000000000000058e-02 -3.610000000000000708e-02 -1.720000000000000001e-02 -9.699999999999993350e-03 1.899999999999998912e-03 8.643599999999999981e-04 4.227136000000000088e-02 1.142439999999999775e-03 4.972900000000000584e-04 4.121639999999999332e-03 5.041000000000000694e-05 1.440000000000000036e-04 6.707610000000000135e-03 1.303210000000000609e-03 2.958400000000000135e-04 9.408999999999986656e-05 3.609999999999995930e-06 1.097313125000000000e+06 9.791242500000000000e+05
1.000000000000000000e+00 4.460000000000000075e-02 -1.057000000000000023e-01 4.789999999999999813e-02 8.999999999999999320e-03 -4.379999999999999866e-02 1.110000000000000049e-02 1.520000000000000170e-02 9.990000000000000269e-02 1.410000000000000142e-02 3.130000000000000143e-02 2.039999999999999453e-02 1.820000000000000090e-02 1.989160000000000234e-03 1.117249000000000020e-02 2.294409999999999766e-03 8.099999999999999019e-05 1.918439999999999989e-03 1.232100000000000079e-04 2.310400000000000648e-04 9.980010000000000964e-03 1.988100000000000294e-04 9.796900000000000747e-04 4.161599999999997831e-04 3.312400000000000067e-04 1.097733375000000000e+06 9.804088125000000000e+05
1.000000000000000000e+00 3.980000000000000204e-02 -4.599999999999999922e-03 8.550000000000000655e-02 2.589999999999999941e-02 -5.779999999999999721e-02 9.900000000000000813e-03 -4.799999999999998712e-03 1.010999999999999954e-01 3.760000000000000842e-02 1.689999999999999836e-02 -1.399999999999999856e-02 -1.199999999999999678e-03 1.584040000000000101e-03 2.116000000000000069e-05 7.310250000000000775e-03 6.708099999999999827e-04 3.340839999999999869e-03 9.801000000000001876e-05 2.303999999999998608e-05 1.022120999999999967e-02 1.413760000000000667e-03 2.856099999999999438e-04 1.959999999999999666e-04 1.439999999999999130e-06 1.098381500000000000e+06 9.813298125000000000e+05
1.000000000000000000e+00 5.140000000000000124e-02 -4.850000000000000144e-02 6.090000000000000274e-02 4.030000000000000249e-02 -6.539999999999999980e-02 -1.540000000000000049e-02 1.159999999999999920e-02 -4.390000000000000152e-02 -2.460000000000000381e-02 1.440000000000000308e-02 -7.600000000000002587e-03 -2.530000000000000304e-02 2.641960000000000055e-03 2.352250000000000174e-03 3.708810000000000318e-03 1.624090000000000126e-03 4.277160000000000337e-03 2.371600000000000129e-04 1.345599999999999856e-04 1.927210000000000164e-03 6.051600000000002030e-04 2.073600000000001017e-04 5.776000000000003652e-05 6.400900000000001684e-04 1.097918000000000000e+06 9.815554375000000000e+05
1.000000000000000000e+00 5.469999999999999862e-02 -1.519999999999999997e-02 5.589999999999999830e-02 5.090000000000000080e-02 -5.340000000000000302e-02 -1.149999999999999981e-02 3.299999999999997380e-03 3.330000000000000321e-02 -5.000000000000004441e-03 1.059999999999999831e-02 1.199999999999999678e-02 3.900000000000000688e-03 2.992089999999999767e-03 2.310400000000000106e-04 3.124810000000000001e-03 2.590810000000000248e-03 2.851560000000000379e-03 1.322499999999999891e-04 1.088999999999998213e-05 1.108890000000000179e-03 2.500000000000004524e-05 1.123599999999999610e-04 1.439999999999999223e-04 1.521000000000000515e-05 1.096760500000000000e+06 9.801791250000000000e+05
1.000000000000000000e+00 4.700000000000000011e-02 -2.750000000000000014e-02 2.390000000000000110e-02 3.429999999999999716e-02 -5.430000000000000104e-02 9.299999999999999239e-03 -7.699999999999998512e-03 -1.230000000000000017e-02 -3.200000000000000067e-02 -1.660000000000000364e-02 -8.999999999999980238e-04 2.079999999999999905e-02 2.209000000000000026e-03 7.562499999999999778e-04 5.712100000000000554e-04 1.176489999999999871e-03 2.948490000000000225e-03 8.648999999999997998e-05 5.928999999999997613e-05 1.512899999999999965e-04 1.023999999999999954e-03 2.755600000000001061e-04 8.099999999999964799e-07 4.326399999999999777e-04 1.096104500000000000e+06 9.793868125000000000e+05
1.000000000000000000e+00 4.320000000000000229e-02 -9.089999999999999469e-02 1.089999999999999997e-02 1.629999999999999852e-02 -9.279999999999999361e-02 1.720000000000000001e-02 -3.799999999999997824e-03 -6.339999999999999802e-02 -1.300000000000000114e-02 -1.799999999999999864e-02 -3.849999999999999256e-02 7.900000000000000772e-03 1.866240000000000130e-03 8.262809999999998906e-03 1.188099999999999958e-04 2.656899999999999583e-04 8.611839999999999079e-03 2.958400000000000135e-04 1.443999999999998372e-05 4.019560000000000147e-03 1.690000000000000421e-04 3.239999999999999608e-04 1.482249999999999410e-03 6.241000000000000724e-05 1.097012750000000000e+06 9.785731875000000000e+05
1.000000000000000000e+00 3.679999999999999938e-02 -4.390000000000000152e-02 6.360000000000000375e-02 2.680000000000000090e-02 -9.909999999999999365e-02 4.789999999999999813e-02 -6.400000000000002909e-03 4.699999999999999317e-02 5.270000000000000379e-02 1.050000000000000239e-02 -6.300000000000000044e-03 3.069999999999999812e-02 1.354240000000000044e-03 1.927210000000000164e-03 4.044960000000000222e-03 7.182400000000000893e-04 9.820809999999999262e-03 2.294409999999999766e-03 4.096000000000003474e-05 2.208999999999999159e-03 2.777290000000000401e-03 1.102500000000000507e-04 3.969000000000000116e-05 9.424899999999999294e-04 1.097326250000000000e+06 9.788930625000000000e+05
1.000000000000000000e+00 2.630000000000000046e-02 -1.940000000000000058e-02 9.089999999999999469e-02 2.129999999999999949e-02 -1.260000000000000009e-01 5.890000000000000097e-02 -1.049999999999999892e-02 2.450000000000000094e-02 2.729999999999999094e-02 -5.500000000000001416e-03 -2.690000000000000724e-02 1.100000000000000283e-02 6.916900000000000132e-04 3.763600000000000083e-04 8.262809999999998906e-03 4.536899999999999744e-04 1.587600000000000122e-02 3.469209999999999915e-03 1.102499999999999829e-04 6.002500000000000890e-04 7.452899999999994729e-04 3.025000000000001700e-05 7.236100000000003987e-04 1.210000000000000680e-04 1.098550875000000000e+06 9.795543750000000000e+05
1.000000000000000000e+00 5.890000000000000097e-02 1.009999999999999960e-02 9.460000000000000353e-02 4.830000000000000265e-02 -1.607000000000000095e-01 4.819999999999999979e-02 3.260000000000000397e-02 2.949999999999999845e-02 3.700000000000008837e-03 2.700000000000000316e-02 -3.470000000000000862e-02 -1.070000000000000118e-02 3.469209999999999915e-03 1.020099999999999940e-04 8.949160000000001142e-03 2.332890000000000224e-03 2.582449000000000203e-02 2.323239999999999854e-03 1.062760000000000267e-03 8.702499999999999299e-04 1.369000000000006544e-05 7.290000000000001557e-04 1.204090000000000542e-03 1.144900000000000236e-04 1.098388000000000000e+06 9.815108750000000000e+05
1.000000000000000000e+00 6.560000000000000553e-02 3.729999999999999982e-02 7.670000000000000429e-02 4.569999999999999757e-02 -1.287999999999999978e-01 5.820000000000000173e-02 6.700000000000004563e-03 2.720000000000000195e-02 -1.789999999999999925e-02 -2.600000000000005085e-03 3.190000000000001168e-02 1.000000000000000194e-02 4.303360000000000865e-03 1.391289999999999888e-03 5.882890000000000862e-03 2.088489999999999704e-03 1.658944000000000044e-02 3.387240000000000129e-03 4.489000000000005979e-05 7.398400000000000722e-04 3.204099999999999765e-04 6.760000000000026757e-06 1.017610000000000823e-03 1.000000000000000454e-04 1.098384500000000000e+06 9.824346250000000000e+05
1.000000000000000000e+00 5.519999999999999907e-02 1.370000000000000107e-01 1.107000000000000067e-01 4.909999999999999781e-02 -1.217000000000000026e-01 6.669999999999999540e-02 -1.040000000000000646e-02 9.970000000000001084e-02 3.400000000000000244e-02 3.400000000000000244e-03 7.099999999999995204e-03 8.499999999999993672e-03 3.047039999999999992e-03 1.876900000000000443e-02 1.225449000000000156e-02 2.410809999999999776e-03 1.481089000000000017e-02 4.448889999999999616e-03 1.081600000000001300e-04 9.940090000000002118e-03 1.156000000000000126e-03 1.156000000000000113e-05 5.040999999999993240e-05 7.224999999999988593e-05 1.097147375000000000e+06 9.802955625000000000e+05
1.000000000000000000e+00 6.819999999999999674e-02 1.034999999999999948e-01 1.210999999999999993e-01 6.360000000000000375e-02 -1.859999999999999987e-01 6.869999999999999718e-02 1.299999999999999767e-02 -3.350000000000001588e-02 1.039999999999999258e-02 1.450000000000000594e-02 -6.429999999999999605e-02 2.000000000000001776e-03 4.651239999999999195e-03 1.071224999999999955e-02 1.466520999999999970e-02 4.044960000000000222e-03 3.459600000000000175e-02 4.719689999999999476e-03 1.689999999999999337e-04 1.122250000000001068e-03 1.081599999999998454e-04 2.102500000000001774e-04 4.134489999999999346e-03 4.000000000000007442e-06 1.094873375000000000e+06 9.777171250000000000e+05
1.000000000000000000e+00 5.109999999999999959e-02 -1.567999999999999949e-01 1.063000000000000056e-01 2.179999999999999993e-02 -1.686999999999999889e-01 1.689999999999999836e-02 -1.709999999999999715e-02 -2.602999999999999758e-01 -1.479999999999999372e-02 -4.180000000000000382e-02 1.730000000000000981e-02 -5.179999999999999882e-02 2.611210000000000094e-03 2.458623999999999879e-02 1.129969000000000112e-02 4.752399999999999832e-04 2.845968999999999582e-02 2.856099999999999438e-04 2.924099999999998922e-04 6.775608999999999105e-02 2.190399999999998273e-04 1.747240000000000381e-03 2.992900000000003414e-04 2.683239999999999931e-03 1.095651750000000000e+06 9.756910000000000000e+05
1.000000000000000000e+00 2.829999999999999877e-02 -1.786000000000000087e-01 1.042000000000000010e-01 2.769999999999999893e-02 -1.942000000000000115e-01 3.459999999999999881e-02 -2.280000000000000082e-02 -2.180000000000001381e-02 -2.100000000000004641e-03 5.899999999999998995e-03 -2.550000000000002265e-02 1.770000000000000046e-02 8.008899999999999570e-04 3.189796000000000298e-02 1.085764000000000000e-02 7.672899999999998992e-04 3.771364000000000660e-02 1.197159999999999848e-03 5.198400000000000373e-04 4.752400000000005795e-04 4.410000000000019610e-06 3.480999999999998689e-05 6.502500000000011960e-04 3.132900000000000311e-04 1.095992625000000000e+06 9.770645625000000000e+05
1.000000000000000000e+00 2.649999999999999925e-02 -1.327000000000000124e-01 1.983999999999999930e-01 3.620000000000000301e-02 -2.535000000000000031e-01 -7.799999999999999642e-03 -1.799999999999999517e-03 4.589999999999999636e-02 9.419999999999999207e-02 8.500000000000004080e-03 -5.929999999999999161e-02 -4.240000000000000019e-02 7.022499999999999663e-04 1.760929000000000313e-02 3.936255999999999783e-02 1.310440000000000172e-03 6.426225000000000687e-02 6.083999999999999348e-05 3.239999999999998202e-06 2.106809999999999759e-03 8.873639999999998612e-03 7.225000000000007566e-05 3.516489999999998853e-03 1.797760000000000026e-03 1.095719250000000000e+06 9.780497500000000000e+05
1.000000000000000000e+00 2.570000000000000062e-02 -1.025999999999999968e-01 1.834999999999999964e-01 3.009999999999999828e-02 -2.600999999999999979e-01 -4.189999999999999974e-02 -7.999999999999986289e-04 3.010000000000001563e-02 -1.489999999999999658e-02 -6.100000000000004724e-03 -6.599999999999994760e-03 -3.409999999999999837e-02 6.604900000000000137e-04 1.052675999999999959e-02 3.367225000000000079e-02 9.060099999999998450e-04 6.765200999999999854e-02 1.755609999999999896e-03 6.399999999999977899e-07 9.060100000000009292e-04 2.220099999999998886e-04 3.721000000000005878e-05 4.355999999999992853e-05 1.162809999999999799e-03 1.096705625000000000e+06 9.791480000000000000e+05
1.000000000000000000e+00 1.260000000000000009e-02 -6.569999999999999452e-02 7.430000000000000493e-02 1.499999999999999944e-02 -1.388999999999999957e-01 -4.830000000000000265e-02 -1.310000000000000053e-02 3.690000000000000224e-02 -1.091999999999999915e-01 -1.509999999999999884e-02 1.212000000000000022e-01 -6.400000000000002909e-03 1.587600000000000046e-04 4.316489999999999216e-03 5.520490000000001160e-03 2.249999999999999938e-04 1.929320999999999814e-02 2.332890000000000224e-03 1.716100000000000188e-04 1.361610000000000077e-03 1.192463999999999850e-02 2.280099999999999532e-04 1.468943999999999979e-02 4.096000000000003474e-05 1.098236375000000000e+06 9.806020625000000000e+05
1.000000000000000000e+00 6.350000000000000089e-02 -1.424999999999999878e-01 -1.270000000000000018e-01 2.970000000000000070e-02 -2.750000000000000014e-02 -3.389999999999999958e-02 5.090000000000000080e-02 -7.679999999999999327e-02 -2.013000000000000067e-01 1.470000000000000126e-02 1.113999999999999990e-01 1.440000000000000308e-02 4.032250000000000244e-03 2.030624999999999791e-02 1.612900000000000097e-02 8.820900000000000876e-04 7.562499999999999778e-04 1.149209999999999902e-03 2.590810000000000248e-03 5.898239999999999039e-03 4.052169000000000604e-02 2.160900000000000266e-04 1.240995999999999939e-02 2.073600000000001017e-04 1.096616750000000000e+06 9.790124375000000000e+05
1.000000000000000000e+00 7.620000000000000384e-02 -2.467999999999999916e-01 -2.752000000000000002e-01 1.839999999999999969e-02 3.769999999999999740e-02 -2.549999999999999836e-02 1.270000000000000295e-02 -1.043000000000000038e-01 -1.481999999999999984e-01 -1.130000000000000102e-02 6.519999999999999407e-02 8.400000000000001216e-03 5.806440000000000386e-03 6.091023999999999744e-02 7.573504000000000347e-02 3.385600000000000111e-04 1.421289999999999750e-03 6.502499999999998949e-04 1.612900000000000770e-04 1.087849000000000108e-02 2.196323999999999846e-02 1.276900000000000192e-04 4.251039999999999333e-03 7.056000000000001561e-05 1.095067875000000000e+06 9.787264375000000000e+05
1.000000000000000000e+00 6.250000000000000000e-02 -1.680000000000000104e-01 -2.079999999999999905e-01 2.599999999999999881e-02 2.330000000000000127e-02 -2.690000000000000030e-02 -1.370000000000000384e-02 7.879999999999998117e-02 6.720000000000000973e-02 7.599999999999999117e-03 -1.439999999999999614e-02 -1.400000000000001937e-03 3.906250000000000000e-03 2.822400000000000256e-02 4.326399999999999690e-02 6.759999999999999516e-04 5.428900000000000826e-04 7.236099999999999650e-04 1.876900000000000953e-04 6.209439999999996629e-03 4.515840000000000999e-03 5.775999999999998909e-05 2.073599999999998849e-04 1.960000000000005375e-06 1.097062125000000000e+06 9.776572500000000000e+05
1.000000000000000000e+00 6.809999999999999387e-02 -1.260000000000000009e-01 -3.020000000000000115e-02 3.620000000000000301e-02 6.769999999999999629e-02 -2.139999999999999888e-02 5.599999999999993872e-03 4.200000000000000955e-02 1.777999999999999858e-01 1.020000000000000420e-02 4.439999999999999503e-02 5.500000000000001416e-03 4.637609999999999476e-03 1.587600000000000122e-02 9.120400000000000295e-04 1.310440000000000172e-03 4.583289999999999413e-03 4.579599999999999318e-04 3.135999999999993014e-05 1.764000000000000810e-03 3.161283999999999622e-02 1.040400000000000813e-04 1.971359999999999692e-03 3.025000000000001700e-05 1.097393875000000000e+06 9.786776875000000000e+05
1.000000000000000000e+00 4.399999999999999745e-02 1.160000000000000059e-01 -1.490000000000000005e-02 3.969999999999999918e-02 -1.529999999999999936e-02 -3.350000000000000200e-02 -2.409999999999999643e-02 2.419999999999999929e-01 1.530000000000000110e-02 3.499999999999996170e-03 -8.299999999999999045e-02 -1.210000000000000311e-02 1.935999999999999787e-03 1.345600000000000095e-02 2.220099999999999971e-04 1.576090000000000043e-03 2.340899999999999763e-04 1.122250000000000201e-03 5.808099999999998550e-04 5.856399999999999800e-02 2.340900000000000305e-04 1.224999999999997250e-05 6.888999999999998423e-03 1.464100000000000839e-04 1.097741500000000000e+06 9.783888750000000000e+05
1.000000000000000000e+00 7.520000000000000295e-02 4.519999999999999712e-02 8.390000000000000235e-02 4.850000000000000144e-02 2.599999999999999881e-03 7.900000000000000772e-03 3.120000000000000551e-02 -7.080000000000000182e-02 9.879999999999999893e-02 8.800000000000002265e-03 1.789999999999999925e-02 4.140000000000000624e-02 5.655040000000000067e-03 2.043039999999999873e-03 7.039210000000000605e-03 2.352250000000000174e-03 6.759999999999999652e-06 6.241000000000000724e-05 9.734400000000003293e-04 5.012640000000000498e-03 9.761439999999999700e-03 7.744000000000004461e-05 3.204099999999999765e-04 1.713960000000000483e-03 1.097497125000000000e+06 9.788532500000000000e+05
1.000000000000000000e+00 9.030000000000000526e-02 -2.958999999999999964e-01 -3.089999999999999969e-01 1.089999999999999997e-02 7.249999999999999500e-02 2.949999999999999845e-02 1.510000000000000231e-02 -3.411000000000000143e-01 -3.929000000000000270e-01 -3.760000000000000148e-02 6.989999999999998992e-02 2.159999999999999767e-02 8.154090000000000990e-03 8.755680999999999881e-02 9.548099999999999643e-02 1.188099999999999958e-04 5.256249999999999638e-03 8.702499999999999299e-04 2.280100000000000616e-04 1.163492100000000085e-01 1.543704100000000135e-01 1.413760000000000017e-03 4.886009999999998792e-03 4.665599999999999240e-04 1.093838125000000000e+06 9.757096250000000000e+05
1.000000000000000000e+00 7.620000000000000384e-02 -2.709999999999999909e-02 -1.210999999999999993e-01 1.230000000000000017e-02 1.171999999999999986e-01 2.690000000000000030e-02 -1.410000000000000142e-02 2.687999999999999834e-01 1.879000000000000115e-01 1.400000000000000203e-03 4.470000000000000362e-02 -2.599999999999998146e-03 5.806440000000000386e-03 7.344099999999999023e-04 1.466520999999999970e-02 1.512899999999999965e-04 1.373583999999999916e-02 7.236099999999999650e-04 1.988100000000000294e-04 7.225343999999998823e-02 3.530641000000000335e-02 1.960000000000000716e-06 1.998090000000000109e-03 6.759999999999990334e-06 1.096518750000000000e+06 9.767088125000000000e+05
1.000000000000000000e+00 7.230000000000000315e-02 1.460000000000000013e-02 -7.510000000000000009e-02 1.379999999999999977e-02 1.125000000000000028e-01 2.199999999999999872e-02 -3.900000000000000688e-03 4.170000000000000095e-02 4.599999999999999922e-02 1.499999999999999598e-03 -4.699999999999995848e-03 -4.900000000000001577e-03 5.227290000000000755e-03 2.131599999999999988e-04 5.640009999999999989e-03 1.904399999999999995e-04 1.265625000000000083e-02 4.839999999999999468e-04 1.521000000000000515e-05 1.738890000000000097e-03 2.115999999999999825e-03 2.249999999999998786e-06 2.208999999999995960e-05 2.401000000000001576e-05 1.096175875000000000e+06 9.756641250000000000e+05
1.000000000000000000e+00 8.190000000000000058e-02 1.257000000000000062e-01 3.189999999999999780e-02 5.399999999999999939e-02 7.499999999999999722e-02 2.319999999999999840e-02 9.599999999999997424e-03 1.111000000000000043e-01 1.069999999999999979e-01 4.019999999999999962e-02 -3.750000000000000555e-02 1.199999999999999678e-03 6.707610000000000135e-03 1.580049000000000037e-02 1.017609999999999956e-03 2.915999999999999755e-03 5.624999999999999792e-03 5.382399999999999424e-04 9.215999999999994433e-05 1.234321000000000029e-02 1.144899999999999911e-02 1.616040000000000011e-03 1.406250000000000382e-03 1.439999999999999130e-06 1.097625125000000000e+06 9.764128125000000000e+05
1.000000000000000000e+00 6.239999999999999714e-02 1.841000000000000136e-01 -1.720000000000000001e-02 3.969999999999999918e-02 9.080000000000000571e-02 4.499999999999999833e-02 -1.950000000000000344e-02 5.840000000000000746e-02 -4.909999999999999781e-02 -1.430000000000000021e-02 1.580000000000000848e-02 2.179999999999999993e-02 3.893759999999999583e-03 3.389281000000000238e-02 2.958400000000000135e-04 1.576090000000000043e-03 8.244640000000000996e-03 2.024999999999999890e-03 3.802500000000001083e-04 3.410560000000000848e-03 2.410809999999999776e-03 2.044900000000000157e-04 2.496400000000002458e-04 4.752399999999999832e-04 1.097990000000000000e+06 9.762164375000000000e+05
1.000000000000000000e+00 7.580000000000000626e-02 -1.365000000000000102e-01 -6.119999999999999746e-02 2.869999999999999982e-02 1.113999999999999990e-01 2.409999999999999989e-02 1.340000000000000913e-02 -3.205999999999999961e-01 -4.399999999999999745e-02 -1.099999999999999936e-02 2.059999999999999332e-02 -2.089999999999999844e-02 5.745640000000000643e-03 1.863225000000000298e-02 3.745439999999999620e-03 8.236899999999999691e-04 1.240995999999999939e-02 5.808099999999999635e-04 1.795600000000002392e-04 1.027843599999999913e-01 1.935999999999999787e-03 1.209999999999999867e-04 4.243599999999997114e-04 4.368099999999999327e-04 1.096735125000000000e+06 9.780750625000000000e+05
1.000000000000000000e+00 7.989999999999999880e-02 -1.836000000000000132e-01 -1.338999999999999913e-01 3.320000000000000034e-02 1.527000000000000024e-01 1.580000000000000154e-02 4.099999999999992539e-03 -4.710000000000000298e-02 -7.269999999999998685e-02 4.500000000000000527e-03 4.130000000000000338e-02 -8.299999999999998351e-03 6.384009999999999858e-03 3.370896000000000309e-02 1.792920999999999751e-02 1.102239999999999991e-03 2.331729000000000093e-02 2.496400000000000290e-04 1.680999999999993900e-05 2.218410000000000087e-03 5.285289999999998045e-03 2.025000000000000432e-05 1.705690000000000374e-03 6.888999999999997231e-05 1.098258250000000000e+06 9.801660000000000000e+05
1.000000000000000000e+00 6.060000000000000109e-02 -3.020000000000000115e-02 1.231000000000000011e-01 5.330000000000000016e-02 7.920000000000000651e-02 1.519999999999999997e-02 -1.929999999999999771e-02 1.534000000000000086e-01 2.570000000000000062e-01 2.009999999999999981e-02 -7.349999999999999589e-02 -6.000000000000015737e-04 3.672359999999999947e-03 9.120400000000000295e-04 1.515360999999999965e-02 2.840889999999999995e-03 6.272640000000001201e-03 2.310400000000000106e-04 3.724899999999998980e-04 2.353156000000000345e-02 6.604899999999999660e-02 4.040100000000000028e-04 5.402249999999999067e-03 3.600000000000019001e-07 1.097734750000000000e+06 9.780260000000000000e+05
1.000000000000000000e+00 8.250000000000000389e-02 -7.280000000000000360e-02 -2.980000000000000010e-02 4.089999999999999886e-02 8.949999999999999623e-02 1.089999999999999997e-02 2.190000000000000280e-02 -4.259999999999999898e-02 -1.529000000000000081e-01 -1.240000000000000130e-02 1.029999999999998972e-02 -4.300000000000000003e-03 6.806250000000000668e-03 5.299840000000000106e-03 8.880399999999999882e-04 1.672809999999999835e-03 8.010250000000000009e-03 1.188099999999999958e-04 4.796100000000001057e-04 1.814759999999999898e-03 2.337841000000000224e-02 1.537600000000000457e-04 1.060899999999997923e-04 1.849000000000000085e-05 1.098203125000000000e+06 9.787073125000000000e+05
1.000000000000000000e+00 8.749999999999999445e-02 -1.482999999999999874e-01 -1.194999999999999951e-01 2.949999999999999845e-02 1.189000000000000057e-01 3.039999999999999994e-02 4.999999999999990563e-03 -7.549999999999998379e-02 -8.970000000000000195e-02 -1.140000000000000041e-02 2.940000000000000946e-02 1.949999999999999997e-02 7.656249999999998994e-03 2.199288999999999758e-02 1.428024999999999954e-02 8.702499999999999299e-04 1.413721000000000075e-02 9.241600000000000422e-04 2.499999999999990633e-05 5.700249999999997853e-03 8.046090000000000533e-03 1.299600000000000093e-04 8.643600000000005402e-04 3.802499999999999999e-04 1.097657000000000000e+06 9.779960625000000000e+05
1.000000000000000000e+00 7.169999999999999984e-02 -5.840000000000000052e-02 -1.178000000000000019e-01 2.009999999999999981e-02 1.438000000000000111e-01 4.669999999999999846e-02 -1.579999999999999460e-02 8.989999999999997993e-02 1.699999999999993183e-03 -9.399999999999998634e-03 2.490000000000000546e-02 1.629999999999999852e-02 5.140890000000000390e-03 3.410559999999999981e-03 1.387683999999999966e-02 4.040100000000000028e-04 2.067844000000000279e-02 2.180889999999999999e-03 2.496399999999998121e-04 8.082009999999997113e-03 2.889999999999976989e-06 8.835999999999997394e-05 6.200100000000002658e-04 2.656899999999999583e-04 1.097506125000000000e+06 9.775918125000000000e+05
1.000000000000000000e+00 7.760000000000000231e-02 -2.469999999999999973e-02 -8.590000000000000413e-02 1.569999999999999868e-02 1.378999999999999948e-01 3.839999999999999664e-02 5.900000000000002465e-03 3.370000000000000079e-02 3.189999999999999780e-02 -4.400000000000001132e-03 -5.900000000000016342e-03 -8.300000000000001821e-03 6.021760000000000133e-03 6.100899999999999813e-04 7.378810000000000403e-03 2.464899999999999795e-04 1.901640999999999748e-02 1.474559999999999760e-03 3.481000000000002755e-05 1.135689999999999963e-03 1.017609999999999956e-03 1.936000000000001115e-05 3.481000000000019018e-05 6.889000000000002652e-05 1.096736000000000000e+06 9.773157500000000000e+05
1.000000000000000000e+00 7.430000000000000493e-02 -8.669999999999999929e-02 -1.418999999999999984e-01 1.190000000000000085e-02 1.345999999999999974e-01 3.479999999999999760e-02 -3.299999999999997380e-03 -6.199999999999999956e-02 -5.599999999999999423e-02 -3.799999999999997824e-03 -3.299999999999997380e-03 -3.599999999999999034e-03 5.520490000000001160e-03 7.516890000000000030e-03 2.013560999999999823e-02 1.416100000000000214e-04 1.811716000000000021e-02 1.211039999999999816e-03 1.088999999999998213e-05 3.843999999999999761e-03 3.135999999999999465e-03 1.443999999999998372e-05 1.088999999999998213e-05 1.295999999999999281e-05 1.096180625000000000e+06 9.761706875000000000e+05
1.000000000000000000e+00 7.320000000000000118e-02 -5.480000000000000149e-02 -1.652000000000000135e-01 1.140000000000000041e-02 1.671999999999999875e-01 4.580000000000000043e-02 -1.100000000000003753e-03 3.189999999999999780e-02 -2.330000000000001514e-02 -5.000000000000004441e-04 3.259999999999999010e-02 1.100000000000000283e-02 5.358240000000000225e-03 3.003040000000000223e-03 2.729104000000000599e-02 1.299600000000000093e-04 2.795583999999999569e-02 2.097640000000000008e-03 1.210000000000008320e-06 1.017609999999999956e-03 5.428900000000007331e-04 2.500000000000004651e-07 1.062759999999999400e-03 1.210000000000000680e-04 1.097405500000000000e+06 9.779721875000000000e+05
1.000000000000000000e+00 6.690000000000000113e-02 1.640000000000000138e-02 -1.218999999999999945e-01 1.149999999999999981e-02 1.458000000000000129e-01 4.349999999999999700e-02 -6.300000000000000044e-03 7.119999999999999940e-02 4.330000000000001903e-02 9.999999999999939493e-05 -2.139999999999997460e-02 -2.300000000000003431e-03 4.475610000000000525e-03 2.689600000000000541e-04 1.485960999999999879e-02 1.322499999999999891e-04 2.125764000000000473e-02 1.892249999999999835e-03 3.969000000000000116e-05 5.069439999999999710e-03 1.874890000000001668e-03 9.999999999999879441e-09 4.579599999999989018e-04 5.290000000000015420e-06 1.096747500000000000e+06 9.778346875000000000e+05
1.000000000000000000e+00 6.769999999999999629e-02 9.610000000000000486e-02 -9.339999999999999691e-02 2.000000000000000042e-02 1.593999999999999861e-01 4.739999999999999769e-02 7.999999999999951594e-04 7.970000000000000695e-02 2.849999999999999756e-02 8.500000000000000611e-03 1.359999999999997322e-02 3.900000000000000688e-03 4.583289999999999413e-03 9.235210000000000641e-03 8.723559999999999995e-03 4.000000000000000192e-04 2.540835999999999442e-02 2.246759999999999990e-03 6.399999999999922842e-07 6.352090000000001208e-03 8.122499999999998211e-04 7.225000000000000790e-05 1.849599999999992591e-04 1.521000000000000515e-05 1.098568000000000000e+06 9.785468125000000000e+05
1.000000000000000000e+00 7.399999999999999634e-02 9.990000000000000269e-02 -1.373000000000000054e-01 1.990000000000000102e-02 1.491000000000000103e-01 4.340000000000000108e-02 6.300000000000000044e-03 3.799999999999997824e-03 -4.390000000000000846e-02 -9.999999999999939493e-05 -1.029999999999997584e-02 -3.999999999999996614e-03 5.475999999999999097e-03 9.980010000000000964e-03 1.885129000000000318e-02 3.960100000000000252e-04 2.223081000000000362e-02 1.883560000000000052e-03 3.969000000000000116e-05 1.443999999999998372e-05 1.927210000000000815e-03 9.999999999999879441e-09 1.060899999999995077e-04 1.599999999999997217e-05 1.096140625000000000e+06 9.770131250000000000e+05
1.000000000000000000e+00 7.630000000000000671e-02 1.098999999999999977e-01 -1.223999999999999949e-01 1.890000000000000013e-02 1.454000000000000015e-01 3.960000000000000325e-02 2.300000000000010369e-03 9.999999999999995004e-03 1.490000000000001046e-02 -1.000000000000000888e-03 -3.700000000000008837e-03 -3.799999999999997824e-03 5.821690000000000892e-03 1.207801000000000013e-02 1.498175999999999848e-02 3.572100000000000036e-04 2.114115999999999912e-02 1.568160000000000300e-03 5.290000000000047607e-06 9.999999999999989637e-05 2.220100000000003223e-04 1.000000000000001861e-06 1.369000000000006544e-05 1.443999999999998372e-05 1.097063125000000000e+06 9.784695625000000000e+05
1.000000000000000000e+00 7.480000000000000537e-02 5.129999999999999838e-02 -1.806000000000000105e-01 1.149999999999999981e-02 1.660999999999999976e-01 4.519999999999999712e-02 -1.500000000000001332e-03 -5.859999999999999931e-02 -5.820000000000001561e-02 -7.400000000000000328e-03 2.069999999999999618e-02 5.599999999999993872e-03 5.595040000000000777e-03 2.631689999999999897e-03 3.261636000000000396e-02 1.322499999999999891e-04 2.758920999999999943e-02 2.043039999999999873e-03 2.250000000000003869e-06 3.433959999999999790e-03 3.387240000000001864e-03 5.476000000000000426e-05 4.284899999999998497e-04 3.135999999999993014e-05 1.098752625000000000e+06 9.798603750000000000e+05
1.000000000000000000e+00 8.930000000000000437e-02 -1.108999999999999986e-01 -1.746000000000000052e-01 1.310000000000000053e-02 2.079999999999999905e-01 4.880000000000000310e-02 1.449999999999999900e-02 -1.622000000000000108e-01 6.000000000000005329e-03 1.600000000000000727e-03 4.189999999999999281e-02 3.600000000000005973e-03 7.974490000000000745e-03 1.229881000000000030e-02 3.048516000000000073e-02 1.716100000000000188e-04 4.326399999999999690e-02 2.381440000000000293e-03 2.102499999999999606e-04 2.630884000000000347e-02 3.600000000000006190e-05 2.560000000000002171e-06 1.755609999999999463e-03 1.296000000000004363e-05 1.098391500000000000e+06 9.805726250000000000e+05
1.000000000000000000e+00 6.679999999999999827e-02 2.028000000000000080e-01 -9.990000000000000269e-02 1.359999999999999924e-02 1.575999999999999901e-01 6.419999999999999318e-02 -2.250000000000000611e-02 3.136999999999999789e-01 7.470000000000000251e-02 4.999999999999987094e-04 -5.040000000000000036e-02 1.539999999999999009e-02 4.462240000000000130e-03 4.112784000000000578e-02 9.980010000000000964e-03 1.849599999999999910e-04 2.483775999999999692e-02 4.121639999999999332e-03 5.062500000000002979e-04 9.840768999999999211e-02 5.580090000000000224e-03 2.499999999999987181e-07 2.540160000000000074e-03 2.371599999999996877e-04 1.097978625000000000e+06 9.783283125000000000e+05
1.000000000000000000e+00 8.930000000000000437e-02 -7.889999999999999791e-02 -1.476999999999999980e-01 3.020000000000000115e-02 -2.019999999999999921e-02 5.419999999999999818e-02 2.250000000000000611e-02 -2.817000000000000060e-01 -4.779999999999999527e-02 1.660000000000000364e-02 -1.777999999999999858e-01 -9.999999999999995004e-03 7.974490000000000745e-03 6.225209999999999251e-03 2.181529000000000107e-02 9.120400000000000295e-04 4.080399999999999761e-04 2.937639999999999609e-03 5.062500000000002979e-04 7.935488999999999737e-02 2.284839999999999354e-03 2.755600000000001061e-04 3.161283999999999622e-02 9.999999999999989637e-05 1.099137375000000000e+06 9.784880625000000000e+05
1.000000000000000000e+00 9.710000000000000575e-02 -8.069999999999999396e-02 -2.018000000000000071e-01 1.149999999999999981e-02 1.801000000000000101e-01 3.950000000000000039e-02 7.800000000000001377e-03 -1.799999999999996048e-03 -5.410000000000000919e-02 -1.870000000000000134e-02 2.003000000000000058e-01 -1.469999999999999779e-02 9.428410000000001651e-03 6.512489999999999252e-03 4.072324000000000083e-02 1.322499999999999891e-04 3.243601000000000123e-02 1.560250000000000005e-03 6.084000000000002058e-05 3.239999999999985920e-06 2.926810000000001043e-03 3.496900000000000485e-04 4.012009000000000408e-02 2.160899999999999453e-04 1.097383625000000000e+06 9.779819375000000000e+05
1.000000000000000000e+00 7.760000000000000231e-02 -2.200000000000000133e-03 -1.592999999999999972e-01 1.689999999999999836e-02 8.800000000000000530e-03 9.950000000000000511e-02 -1.950000000000000344e-02 7.850000000000000033e-02 4.250000000000000999e-02 5.399999999999998551e-03 -1.713000000000000078e-01 6.000000000000000472e-02 6.021760000000000133e-03 4.840000000000000247e-06 2.537648999999999808e-02 2.856099999999999438e-04 7.744000000000000395e-05 9.900250000000001063e-03 3.802500000000001083e-04 6.162250000000000193e-03 1.806250000000000780e-03 2.915999999999998509e-05 2.934369000000000213e-02 3.600000000000000769e-03 1.098838250000000000e+06 9.788066250000000000e+05
1.000000000000000000e+00 8.559999999999999554e-02 6.640000000000000069e-02 -1.054999999999999966e-01 1.540000000000000049e-02 1.809000000000000052e-01 5.979999999999999899e-02 7.999999999999993228e-03 6.859999999999999432e-02 5.380000000000000060e-02 -1.499999999999997863e-03 1.721000000000000030e-01 -3.970000000000000612e-02 7.327359999999998909e-03 4.408959999999999962e-03 1.113024999999999952e-02 2.371600000000000129e-04 3.272481000000000001e-02 3.576039999999999948e-03 6.399999999999988868e-05 4.705959999999999484e-03 2.894439999999999860e-03 2.249999999999993704e-06 2.961841000000000126e-02 1.576090000000000477e-03 1.098080750000000000e+06 9.783627500000000000e+05
1.000000000000000000e+00 9.819999999999999563e-02 -5.609999999999999709e-02 -2.051999999999999935e-01 2.699999999999999969e-02 -1.100000000000000066e-03 5.510000000000000314e-02 1.260000000000000009e-02 -1.224999999999999978e-01 -9.969999999999999696e-02 1.159999999999999920e-02 -1.819999999999999951e-01 -4.699999999999995848e-03 9.643239999999999104e-03 3.147209999999999678e-03 4.210703999999999836e-02 7.289999999999999388e-04 1.210000000000000062e-06 3.036010000000000444e-03 1.587600000000000046e-04 1.500624999999999876e-02 9.940089999999998649e-03 1.345599999999999856e-04 3.312400000000000067e-02 2.208999999999995960e-05 1.096348750000000000e+06 9.770808125000000000e+05
1.000000000000000000e+00 9.429999999999999494e-02 -1.669999999999999957e-02 -1.970000000000000084e-01 2.709999999999999909e-02 3.099999999999999978e-02 6.650000000000000355e-02 -3.900000000000000688e-03 3.939999999999999752e-02 8.199999999999985079e-03 9.999999999999939493e-05 3.209999999999999659e-02 1.140000000000000041e-02 8.892489999999999423e-03 2.788900000000000081e-04 3.880900000000000322e-02 7.344099999999999023e-04 9.609999999999999402e-04 4.422250000000000833e-03 1.521000000000000515e-05 1.552359999999999808e-03 6.723999999999975602e-05 9.999999999999879441e-09 1.030409999999999833e-03 1.299600000000000093e-04 1.098185625000000000e+06 9.780659375000000000e+05
1.000000000000000000e+00 8.830000000000000349e-02 4.830000000000000265e-02 -1.829000000000000070e-01 2.970000000000000070e-02 1.420000000000000082e-02 6.850000000000000533e-02 -5.999999999999991451e-03 6.500000000000000222e-02 1.410000000000000142e-02 2.600000000000001615e-03 -1.679999999999999896e-02 2.000000000000001776e-03 7.796890000000000764e-03 2.332890000000000224e-03 3.345241000000000187e-02 8.820900000000000876e-04 2.016400000000000278e-04 4.692250000000001108e-03 3.599999999999989927e-05 4.225000000000000457e-03 1.988100000000000294e-04 6.760000000000008122e-06 2.822399999999999540e-04 4.000000000000007442e-06 1.097591750000000000e+06 9.779990000000000000e+05
1.000000000000000000e+00 8.719999999999999973e-02 7.140000000000000513e-02 -1.448000000000000120e-01 2.580000000000000002e-02 4.100000000000000346e-03 6.779999999999999916e-02 -1.100000000000003753e-03 2.310000000000000248e-02 3.809999999999999498e-02 -3.900000000000000688e-03 -1.010000000000000134e-02 -7.000000000000061728e-04 7.603839999999999731e-03 5.097960000000000338e-03 2.096704000000000276e-02 6.656400000000000034e-04 1.681000000000000338e-05 4.596839999999999607e-03 1.210000000000008320e-06 5.336100000000001172e-04 1.451609999999999663e-03 1.521000000000000515e-05 1.020100000000000211e-04 4.900000000000086493e-07 1.097850375000000000e+06 9.787087500000000000e+05
1.000000000000000000e+00 9.400000000000000022e-02 9.529999999999999583e-02 -1.650999999999999968e-01 3.130000000000000143e-02 -6.999999999999999929e-04 5.580000000000000238e-02 6.800000000000000488e-03 2.389999999999999070e-02 -2.029999999999998472e-02 5.500000000000001416e-03 -4.800000000000000447e-03 -1.199999999999999678e-02 8.836000000000000104e-03 9.082089999999999261e-03 2.725800999999999918e-02 9.796900000000000747e-04 4.899999999999999672e-07 3.113640000000000418e-03 4.624000000000000451e-05 5.712099999999995133e-04 4.120899999999993969e-04 3.025000000000001700e-05 2.304000000000000302e-05 1.439999999999999223e-04 1.098362125000000000e+06 9.776228750000000000e+05
1.000000000000000000e+00 9.450000000000000067e-02 1.006999999999999978e-01 -2.207000000000000073e-01 2.309999999999999901e-02 1.099999999999999936e-02 6.180000000000000077e-02 5.000000000000004441e-04 5.400000000000002021e-03 -5.560000000000001052e-02 -8.200000000000002426e-03 1.169999999999999860e-02 5.999999999999998390e-03 8.930250000000000687e-03 1.014049000000000027e-02 4.870849000000000012e-02 5.336099999999999004e-04 1.209999999999999867e-04 3.819240000000000222e-03 2.500000000000004651e-07 2.916000000000002236e-05 3.091360000000001329e-03 6.724000000000004062e-05 1.368899999999999718e-04 3.599999999999998058e-05 1.097032500000000000e+06 9.764496875000000000e+05
1.000000000000000000e+00 5.319999999999999729e-02 7.480999999999999872e-01 3.277999999999999803e-01 6.560000000000000553e-02 -1.469999999999999953e-02 2.366999999999999937e-01 -4.130000000000000338e-02 6.473999999999999755e-01 5.484999999999999876e-01 4.250000000000000999e-02 -2.570000000000000062e-02 1.748999999999999999e-01 2.830239999999999926e-03 5.596536100000000236e-01 1.074528399999999939e-01 4.303360000000000865e-03 2.160899999999999995e-04 5.602688999999999586e-02 1.705690000000000374e-03 4.191267599999999871e-01 3.008522499999999877e-01 1.806250000000000780e-03 6.604900000000000137e-04 3.059001000000000081e-02 1.098571375000000000e+06 9.731140625000000000e+05
1.000000000000000000e+00 1.859000000000000097e-01 1.700000000000000122e-01 2.258000000000000007e-01 1.077000000000000041e-01 -2.268999999999999906e-01 2.723999999999999755e-01 1.327000000000000124e-01 -5.780999999999999472e-01 -1.019999999999999796e-01 4.209999999999999853e-02 -2.121999999999999997e-01 3.569999999999998175e-02 3.455881000000000230e-02 2.890000000000000555e-02 5.098563999999999874e-02 1.159929000000000168e-02 5.148360999999999910e-02 7.420175999999999161e-02 1.760929000000000313e-02 3.341996099999999248e-01 1.040399999999999658e-02 1.772409999999999871e-03 4.502884000000000053e-02 1.274489999999998784e-03 1.100002750000000000e+06 9.781485625000000000e+05
1.000000000000000000e+00 2.823999999999999844e-01 -4.687000000000000055e-01 -1.756999999999999951e-01 1.728000000000000091e-01 -3.392999999999999905e-01 2.467000000000000026e-01 9.649999999999997469e-02 -6.387000000000000455e-01 -4.014999999999999680e-01 6.510000000000000508e-02 -1.123999999999999999e-01 -2.569999999999997287e-02 7.974975999999998899e-02 2.196796900000000108e-01 3.087048999999999696e-02 2.985984000000000207e-02 1.151244899999999960e-01 6.086089000000000082e-02 9.312249999999995878e-03 4.079376900000000750e-01 1.612022499999999636e-01 4.238010000000000388e-03 1.263376000000000082e-02 6.604899999999986043e-04 1.097290000000000000e+06 9.777980000000000000e+05
1.000000000000000000e+00 2.998000000000000109e-01 -1.257000000000000062e-01 -2.399999999999999790e-03 1.754999999999999893e-01 -1.778000000000000136e-01 2.444999999999999951e-01 1.740000000000002656e-02 3.429999999999999716e-01 1.732999999999999818e-01 2.699999999999980194e-03 1.614999999999999769e-01 -2.200000000000007505e-03 8.988004000000000826e-02 1.580049000000000037e-02 5.759999999999999062e-06 3.080024999999999777e-02 3.161284000000000316e-02 5.978025000000000005e-02 3.027600000000009299e-04 1.176489999999999758e-01 3.003288999999999265e-02 7.289999999999892933e-06 2.608224999999999086e-02 4.840000000000033281e-06 1.098695250000000000e+06 9.800235000000000000e+05
1.000000000000000000e+00 6.119999999999999746e-02 -5.340000000000000302e-02 4.599999999999999922e-03 1.789000000000000035e-01 -1.441000000000000059e-01 8.820000000000000062e-02 -2.386000000000000065e-01 7.230000000000000315e-02 6.999999999999999278e-03 3.400000000000014122e-03 3.370000000000000773e-02 -1.562999999999999945e-01 3.745439999999999620e-03 2.851560000000000379e-03 2.116000000000000069e-05 3.200520999999999922e-02 2.076481000000000160e-02 7.779239999999999766e-03 5.692996000000000167e-02 5.227290000000000755e-03 4.899999999999999164e-05 1.156000000000009600e-05 1.135690000000000614e-03 2.442968999999999696e-02 1.098473625000000000e+06 9.793751250000000000e+05
1.000000000000000000e+00 7.610000000000000098e-02 1.050000000000000065e-02 2.179999999999999993e-02 1.981999999999999873e-01 -1.564000000000000112e-01 5.800000000000000294e-02 1.490000000000000352e-02 6.389999999999999847e-02 1.720000000000000001e-02 1.929999999999998384e-02 -1.230000000000000537e-02 -3.019999999999999768e-02 5.791209999999999761e-03 1.102500000000000100e-04 4.752399999999999832e-04 3.928323999999999705e-02 2.446096000000000381e-02 3.364000000000000237e-03 2.220100000000001055e-04 4.083209999999999444e-03 2.958400000000000135e-04 3.724899999999993559e-04 1.512900000000001321e-04 9.120399999999998127e-04 1.096745750000000000e+06 9.782301250000000000e+05
1.000000000000000000e+00 8.899999999999999578e-02 -1.909999999999999892e-02 -2.899999999999999800e-03 2.073000000000000120e-01 -1.527999999999999914e-01 4.639999999999999680e-02 1.289999999999999480e-02 -2.960000000000000131e-02 -2.469999999999999973e-02 9.100000000000024736e-03 3.600000000000019851e-03 -1.160000000000000614e-02 7.920999999999999222e-03 3.648099999999999715e-04 8.409999999999999101e-06 4.297329000000000426e-02 2.334783999999999818e-02 2.152959999999999770e-03 1.664099999999998653e-04 8.761600000000000681e-04 6.100899999999999813e-04 8.281000000000044890e-05 1.296000000000014358e-05 1.345600000000001482e-04 1.097808125000000000e+06 9.801420625000000000e+05
1.000000000000000000e+00 7.710000000000000187e-02 1.393999999999999961e-01 5.330000000000000016e-02 2.500000000000000052e-03 -1.383999999999999952e-01 3.400000000000000244e-02 -1.189999999999999392e-02 1.585000000000000020e-01 5.619999999999999996e-02 -2.048000000000000098e-01 1.439999999999999614e-02 -1.239999999999999436e-02 5.944410000000000666e-03 1.943235999999999922e-02 2.840889999999999995e-03 6.250000000000000300e-06 1.915455999999999756e-02 1.156000000000000126e-03 1.416099999999998588e-04 2.512225000000000222e-02 3.158440000000000206e-03 4.194304000000000088e-02 2.073599999999998849e-04 1.537599999999998560e-04 1.099409625000000000e+06 9.808303750000000000e+05
1.000000000000000000e+00 9.120000000000000329e-02 5.099999999999999672e-02 1.400000000000000029e-02 1.779999999999999985e-02 -1.603999999999999870e-01 5.739999999999999963e-02 1.410000000000000142e-02 -8.840000000000000635e-02 -3.930000000000000160e-02 1.529999999999999936e-02 -2.199999999999999178e-02 2.339999999999999719e-02 8.317440000000000597e-03 2.600999999999999580e-03 1.960000000000000208e-04 3.168399999999999819e-04 2.572815999999999645e-02 3.294759999999999876e-03 1.988100000000000294e-04 7.814560000000001644e-03 1.544490000000000142e-03 2.340899999999999763e-04 4.839999999999996215e-04 5.475599999999998871e-04 1.099077875000000000e+06 9.821386250000000000e+05
1.000000000000000000e+00 5.349999999999999895e-02 -2.361000000000000043e-01 -5.430000000000000104e-02 -2.730000000000000135e-02 -1.280000000000000061e-02 -4.179999999999999688e-02 -3.770000000000000434e-02 -2.871000000000000218e-01 -6.829999999999999960e-02 -4.510000000000000120e-02 1.475999999999999812e-01 -9.919999999999999651e-02 2.862249999999999777e-03 5.574321000000000137e-02 2.948490000000000225e-03 7.452900000000001234e-04 1.638400000000000034e-04 1.747239999999999731e-03 1.421290000000000400e-03 8.242641000000001938e-02 4.664889999999999662e-03 2.034010000000000158e-03 2.178575999999999430e-02 9.840639999999999457e-03 1.098891375000000000e+06 9.821930000000000000e+05
1.000000000000000000e+00 2.340000000000000066e-02 1.333000000000000018e-01 -5.859999999999999931e-02 -4.080000000000000293e-02 -2.000000000000000042e-02 -5.480000000000000149e-02 -3.009999999999999828e-02 3.694000000000000061e-01 -4.299999999999998268e-03 -1.350000000000000158e-02 -7.199999999999999803e-03 -1.300000000000000461e-02 5.475599999999999955e-04 1.776888999999999899e-02 3.433959999999999790e-03 1.664640000000000217e-03 4.000000000000000192e-04 3.003040000000000223e-03 9.060099999999998450e-04 1.364563599999999988e-01 1.848999999999998391e-05 1.822500000000000389e-04 5.183999999999999833e-05 1.690000000000001234e-04 1.099614125000000000e+06 9.822375625000000000e+05
1.000000000000000000e+00 2.800000000000000058e-02 -1.189000000000000057e-01 -4.549999999999999878e-02 -4.100000000000000172e-02 8.999999999999999754e-04 -5.360000000000000181e-02 4.599999999999999922e-03 -2.521999999999999797e-01 1.310000000000000053e-02 -1.999999999999987899e-04 2.090000000000000191e-02 1.199999999999999678e-03 7.840000000000000831e-04 1.413721000000000075e-02 2.070250000000000042e-03 1.681000000000000202e-03 8.099999999999999739e-07 2.872960000000000357e-03 2.116000000000000069e-05 6.360483999999999583e-02 1.716100000000000188e-04 3.999999999999951776e-08 4.368100000000000953e-04 1.439999999999999130e-06 1.099841625000000000e+06 9.825190000000000000e+05
1.000000000000000000e+00 2.340000000000000066e-02 -1.691000000000000003e-01 -9.009999999999999953e-02 -4.109999999999999765e-02 1.510000000000000057e-02 -6.230000000000000121e-02 -4.599999999999999922e-03 -5.019999999999999463e-02 -4.460000000000000075e-02 -9.999999999999592548e-05 1.420000000000000082e-02 -8.699999999999999400e-03 5.475599999999999955e-04 2.859481000000000175e-02 8.118010000000000156e-03 1.689209999999999800e-03 2.280100000000000074e-04 3.881290000000000347e-03 2.116000000000000069e-05 2.520039999999999433e-03 1.989160000000000234e-03 9.999999999999184609e-09 2.016400000000000278e-04 7.568999999999998852e-05 1.100162875000000000e+06 9.832480625000000000e+05
1.000000000000000000e+00 2.099999999999999870e-03 2.290000000000000022e-02 5.999999999999999474e-04 -4.309999999999999942e-02 6.999999999999999929e-04 -6.199999999999999956e-02 -2.129999999999999949e-02 1.920000000000000040e-01 9.070000000000000284e-02 -2.000000000000001776e-03 -1.440000000000000134e-02 3.000000000000016542e-04 4.409999999999999282e-06 5.244100000000000020e-04 3.599999999999999414e-07 1.857609999999999990e-03 4.899999999999999672e-07 3.843999999999999761e-03 4.536899999999999744e-04 3.686400000000000093e-02 8.226490000000001232e-03 4.000000000000007442e-06 2.073600000000000475e-04 9.000000000000099119e-08 1.100237125000000000e+06 9.820054375000000000e+05
1.000000000000000000e+00 3.200000000000000153e-03 2.100000000000000130e-02 1.439999999999999961e-02 -1.230000000000000017e-02 -2.779999999999999832e-02 -3.699999999999999817e-02 1.100000000000000283e-03 -1.899999999999998912e-03 1.379999999999999977e-02 3.080000000000000099e-02 -2.849999999999999756e-02 2.500000000000000139e-02 1.024000000000000021e-05 4.410000000000000400e-04 2.073599999999999933e-04 1.512899999999999965e-04 7.728399999999998986e-04 1.368999999999999774e-03 1.210000000000000697e-06 3.609999999999995930e-06 1.904399999999999995e-04 9.486400000000000518e-04 8.122499999999998211e-04 6.250000000000001214e-04 1.099217625000000000e+06 9.822190625000000000e+05
1.000000000000000000e+00 -8.600000000000000006e-03 5.430000000000000104e-02 4.150000000000000216e-02 -1.220000000000000077e-02 -4.510000000000000120e-02 -8.399999999999999481e-03 -1.179999999999999973e-02 3.329999999999999627e-02 2.710000000000000256e-02 9.999999999999939493e-05 -1.730000000000000288e-02 2.860000000000000042e-02 7.396000000000000339e-05 2.948490000000000225e-03 1.722250000000000256e-03 1.488400000000000183e-04 2.034010000000000158e-03 7.055999999999998851e-05 1.392400000000000018e-04 1.108889999999999746e-03 7.344100000000001191e-04 9.999999999999879441e-09 2.992900000000001245e-04 8.179600000000000629e-04 1.099215125000000000e+06 9.822990625000000000e+05
1.000000000000000000e+00 -1.899999999999999953e-02 1.006999999999999978e-01 1.376999999999999891e-01 -1.039999999999999952e-02 -1.428999999999999992e-01 3.269999999999999990e-02 -1.039999999999999952e-02 4.639999999999999680e-02 9.619999999999997997e-02 1.800000000000001252e-03 -9.779999999999999805e-02 4.109999999999999765e-02 3.609999999999999928e-04 1.014049000000000027e-02 1.896128999999999870e-02 1.081599999999999944e-04 2.042040999999999995e-02 1.069290000000000084e-03 1.081599999999999944e-04 2.152959999999999770e-03 9.254439999999995725e-03 3.240000000000004554e-06 9.564839999999999801e-03 1.689209999999999800e-03 1.099724000000000000e+06 9.814031250000000000e+05
1.000000000000000000e+00 -3.710000000000000103e-02 4.240000000000000019e-02 1.799000000000000044e-01 -4.649999999999999967e-02 -2.232999999999999985e-01 2.210000000000000159e-02 -1.810000000000000150e-02 -5.829999999999999766e-02 4.220000000000001528e-02 -3.610000000000000014e-02 -8.039999999999999925e-02 -1.059999999999999831e-02 1.376410000000000003e-03 1.797760000000000026e-03 3.236400999999999861e-02 2.162250000000000109e-03 4.986288999999999999e-02 4.884100000000001027e-04 3.276100000000000431e-04 3.398889999999999897e-03 1.780840000000001198e-03 1.303209999999999959e-03 6.464160000000000045e-03 1.123599999999999610e-04 1.098949625000000000e+06 9.815163750000000000e+05
1.000000000000000000e+00 -2.120000000000000009e-02 2.137999999999999901e-01 1.801000000000000101e-01 -2.709999999999999909e-02 -1.923999999999999877e-01 4.639999999999999680e-02 1.590000000000000094e-02 1.713999999999999968e-01 2.000000000000057288e-04 1.940000000000000058e-02 3.090000000000001079e-02 2.429999999999999521e-02 4.494400000000000066e-04 4.571043999999999802e-02 3.243601000000000123e-02 7.344099999999999023e-04 3.701775999999999678e-02 2.152959999999999770e-03 2.528100000000000139e-04 2.937795999999999810e-02 4.000000000000229047e-08 3.763600000000000083e-04 9.548100000000007059e-04 5.904899999999997217e-04 1.098313500000000000e+06 9.811445000000000000e+05
1.000000000000000000e+00 -2.019999999999999921e-02 1.549000000000000099e-01 -2.400000000000000050e-02 -3.090000000000000038e-02 -7.820000000000000562e-02 4.390000000000000152e-02 1.000000000000000888e-03 -5.889999999999998015e-02 -2.041000000000000036e-01 -3.800000000000001293e-03 1.141999999999999821e-01 -2.499999999999995282e-03 4.080399999999999761e-04 2.399401000000000311e-02 5.760000000000000146e-04 9.548100000000000554e-04 6.115240000000000953e-03 1.927210000000000164e-03 1.000000000000001861e-06 3.469209999999997747e-03 4.165681000000000245e-02 1.444000000000000913e-05 1.304163999999999671e-02 6.249999999999976583e-06 1.096321375000000000e+06 9.814176875000000000e+05
1.000000000000000000e+00 -1.299999999999999940e-03 -1.912999999999999978e-01 3.180000000000000188e-02 -2.100000000000000130e-02 -2.467999999999999916e-01 8.590000000000000413e-02 1.890000000000000013e-02 -3.462000000000000077e-01 5.580000000000000238e-02 9.899999999999999079e-03 -1.685999999999999721e-01 4.200000000000000261e-02 1.689999999999999913e-06 3.659569000000000016e-02 1.011240000000000056e-03 4.410000000000000400e-04 6.091023999999999744e-02 7.378810000000000403e-03 3.572100000000000036e-04 1.198544400000000065e-01 3.113640000000000418e-03 9.800999999999997811e-05 2.842595999999998971e-02 1.764000000000000160e-03 1.096566125000000000e+06 9.805357500000000000e+05
1.000000000000000000e+00 1.009999999999999960e-02 -1.617000000000000104e-01 2.960000000000000131e-02 -4.939999999999999947e-02 -6.510000000000000508e-02 5.779999999999999721e-02 1.140000000000000041e-02 2.959999999999998743e-02 -2.200000000000000566e-03 -2.839999999999999816e-02 1.816999999999999726e-01 -2.810000000000000692e-02 1.020099999999999940e-04 2.614689000000000249e-02 8.761600000000000681e-04 2.440359999999999925e-03 4.238010000000000388e-03 3.340839999999999869e-03 1.299600000000000093e-04 8.761599999999993092e-04 4.840000000000002788e-06 8.065599999999998942e-04 3.301488999999999119e-02 7.896100000000003767e-04 1.096088375000000000e+06 9.790893125000000000e+05
1.000000000000000000e+00 -1.629999999999999852e-02 -1.213000000000000050e-01 3.599999999999999728e-02 -7.770000000000000517e-02 -9.439999999999999780e-02 2.920000000000000026e-02 -2.639999999999999986e-02 4.040000000000000535e-02 6.399999999999995970e-03 -2.830000000000000571e-02 -2.929999999999999272e-02 -2.859999999999999695e-02 2.656899999999999583e-04 1.471369000000000149e-02 1.295999999999999843e-03 6.037290000000000711e-03 8.911360000000000114e-03 8.526399999999999951e-04 6.969599999999999407e-04 1.632160000000000338e-03 4.095999999999994665e-05 8.008900000000002822e-04 8.584899999999996223e-04 8.179599999999998461e-04 1.096984125000000000e+06 9.793562500000000000e+05
1.000000000000000000e+00 -2.769999999999999893e-02 -7.920000000000000651e-02 1.033000000000000029e-01 -8.050000000000000211e-02 -1.307999999999999996e-01 3.440000000000000002e-02 -1.140000000000000041e-02 4.209999999999999853e-02 6.729999999999999871e-02 -2.799999999999996936e-03 -3.640000000000000180e-02 5.199999999999999761e-03 7.672899999999998992e-04 6.272640000000001201e-03 1.067089000000000058e-02 6.480250000000000767e-03 1.710864000000000135e-02 1.183360000000000054e-03 1.299600000000000093e-04 1.772409999999999871e-03 4.529290000000000052e-03 7.839999999999982535e-06 1.324960000000000027e-03 2.703999999999999861e-05 1.097279625000000000e+06 9.785927500000000000e+05
1.000000000000000000e+00 -3.330000000000000321e-02 -1.310000000000000053e-02 1.696999999999999897e-01 -7.499999999999999722e-02 -1.847000000000000031e-01 1.080000000000000057e-02 -5.600000000000004280e-03 6.610000000000000597e-02 6.639999999999998681e-02 5.500000000000004885e-03 -5.390000000000000346e-02 -2.359999999999999945e-02 1.108890000000000179e-03 1.716100000000000188e-04 2.879808999999999494e-02 5.624999999999999792e-03 3.411408999999999969e-02 1.166400000000000081e-04 3.136000000000004534e-05 4.369210000000000975e-03 4.408959999999998228e-03 3.025000000000005427e-05 2.905210000000000518e-03 5.569600000000000072e-04 1.097829750000000000e+06 9.790288125000000000e+05
1.000000000000000000e+00 -3.160000000000000309e-02 -1.569999999999999868e-02 1.203999999999999931e-01 -7.599999999999999811e-02 -1.814000000000000057e-01 -6.499999999999999702e-03 1.700000000000000122e-03 -2.599999999999998146e-03 -4.929999999999999660e-02 -1.000000000000000888e-03 3.299999999999997380e-03 -1.729999999999999941e-02 9.985600000000001159e-04 2.464899999999999795e-04 1.449615999999999752e-02 5.775999999999999884e-03 3.290596000000000493e-02 4.224999999999999698e-05 2.890000000000000282e-06 6.759999999999990334e-06 2.430489999999999561e-03 1.000000000000001861e-06 1.088999999999998213e-05 2.992899999999999619e-04 1.097475750000000000e+06 9.788908125000000000e+05
1.000000000000000000e+00 -1.349999999999999985e-02 -1.451000000000000068e-01 -2.786000000000000143e-01 -8.949999999999999623e-02 -7.920000000000000651e-02 -1.403000000000000080e-01 1.810000000000000497e-02 -1.294000000000000150e-01 -3.990000000000000213e-01 -1.349999999999999811e-02 1.021999999999999992e-01 -1.338000000000000023e-01 1.822499999999999847e-04 2.105401000000000147e-02 7.761796000000001361e-02 8.010250000000000009e-03 6.272640000000001201e-03 1.968409000000000131e-02 3.276100000000002057e-04 1.674436000000000327e-02 1.592010000000000092e-01 1.822499999999999576e-04 1.044484000000000037e-02 1.790244000000000210e-02 1.093217375000000000e+06 9.769247500000000000e+05
1.000000000000000000e+00 -1.379999999999999977e-02 -1.140000000000000041e-01 -1.371999999999999886e-01 -8.690000000000000502e-02 5.599999999999999943e-03 -1.173000000000000015e-01 -2.999999999999999195e-04 3.110000000000000264e-02 1.414000000000000257e-01 2.599999999999991207e-03 8.480000000000000038e-02 2.300000000000000655e-02 1.904399999999999995e-04 1.299600000000000061e-02 1.882383999999999794e-02 7.551610000000001134e-03 3.135999999999999790e-05 1.375929000000000041e-02 8.999999999999994563e-08 9.672100000000001399e-04 1.999396000000000853e-02 6.759999999999953912e-06 7.191040000000000106e-03 5.290000000000002816e-04 1.096646375000000000e+06 9.780395625000000000e+05
1.000000000000000000e+00 -1.940000000000000058e-02 -6.759999999999999343e-02 -1.701000000000000012e-01 -9.969999999999999696e-02 1.640000000000000138e-02 -1.083999999999999964e-01 -5.600000000000000810e-03 4.640000000000001068e-02 -3.290000000000001257e-02 -1.279999999999999194e-02 1.080000000000000057e-02 8.900000000000005129e-03 3.763600000000000083e-04 4.569759999999999101e-03 2.893400999999999959e-02 9.940089999999998649e-03 2.689600000000000541e-04 1.175055999999999844e-02 3.136000000000001146e-05 2.152960000000001071e-03 1.082410000000000880e-03 1.638399999999997866e-04 1.166400000000000081e-04 7.921000000000009034e-05 1.095400875000000000e+06 9.778005000000000000e+05
1.000000000000000000e+00 -1.519999999999999997e-02 -7.560000000000000053e-02 -2.341999999999999915e-01 -9.329999999999999405e-02 6.360000000000000375e-02 -1.016999999999999987e-01 4.200000000000000608e-03 -8.000000000000007105e-03 -6.409999999999999032e-02 6.400000000000002909e-03 4.720000000000000584e-02 6.699999999999997624e-03 2.310400000000000106e-04 5.715360000000000058e-03 5.484963999999999812e-02 8.704889999999998115e-03 4.044960000000000222e-03 1.034289000000000042e-02 1.764000000000000390e-05 6.400000000000011908e-05 4.108809999999998332e-03 4.096000000000003474e-05 2.227840000000000462e-03 4.488999999999996492e-05 1.096945875000000000e+06 9.787870625000000000e+05
1.000000000000000000e+00 -1.409999999999999969e-02 -9.819999999999999563e-02 -3.106999999999999762e-01 -9.700000000000000289e-02 9.020000000000000240e-02 -7.689999999999999614e-02 1.100000000000000283e-03 -2.259999999999999509e-02 -7.649999999999998468e-02 -3.700000000000008837e-03 2.659999999999999865e-02 2.480000000000000260e-02 1.988100000000000023e-04 9.643239999999999104e-03 9.653448999999998670e-02 9.409000000000000696e-03 8.136040000000000633e-03 5.913609999999999700e-03 1.210000000000000697e-06 5.107599999999997515e-04 5.852249999999998079e-03 1.369000000000006544e-05 7.075599999999999815e-04 6.150400000000001829e-04 1.097101250000000000e+06 9.779890000000000000e+05
1.000000000000000000e+00 -1.700000000000000122e-02 3.059999999999999873e-02 -5.929999999999999855e-02 -1.003000000000000003e-01 9.360000000000000264e-02 -5.609999999999999709e-02 -2.900000000000001535e-03 1.287999999999999978e-01 2.513999999999999568e-01 -3.299999999999997380e-03 3.400000000000000244e-03 2.079999999999999905e-02 2.890000000000000316e-04 9.363599999999999051e-04 3.516489999999999720e-03 1.006009000000000070e-02 8.760959999999999928e-03 3.147209999999999678e-03 8.410000000000009265e-06 1.658944000000000044e-02 6.320195999999997372e-02 1.088999999999998213e-05 1.156000000000000113e-05 4.326399999999999777e-04 1.098214375000000000e+06 9.788262500000000000e+05
1.000000000000000000e+00 -2.500000000000000139e-02 6.750000000000000444e-02 -9.859999999999999321e-02 -1.073000000000000065e-01 1.082000000000000045e-01 -9.669999999999999429e-02 -8.000000000000000167e-03 3.690000000000000224e-02 -3.929999999999999466e-02 -7.000000000000006217e-03 1.460000000000000187e-02 -4.059999999999999720e-02 6.250000000000001214e-04 4.556250000000000404e-03 9.721959999999998242e-03 1.151329000000000068e-02 1.170724000000000070e-02 9.350889999999998856e-03 6.399999999999999710e-05 1.361610000000000077e-03 1.544489999999999492e-03 4.900000000000008651e-05 2.131600000000000530e-04 1.648359999999999756e-03 1.097807125000000000e+06 9.793263750000000000e+05
1.000000000000000000e+00 -1.949999999999999997e-02 2.389999999999999902e-01 4.700000000000000011e-02 -7.739999999999999658e-02 8.029999999999999638e-02 -7.299999999999999545e-02 5.500000000000001416e-03 1.714999999999999858e-01 1.456000000000000072e-01 2.990000000000000990e-02 -2.790000000000000813e-02 2.369999999999999885e-02 3.802499999999999999e-04 5.712099999999999816e-02 2.209000000000000026e-03 5.990759999999999488e-03 6.448089999999999204e-03 5.328999999999999536e-03 3.025000000000001700e-05 2.941224999999999395e-02 2.119936000000000043e-02 8.940100000000006375e-04 7.784100000000004297e-04 5.616899999999999974e-04 1.096861625000000000e+06 9.776133125000000000e+05
1.000000000000000000e+00 -1.990000000000000102e-02 1.514999999999999958e-01 -4.929999999999999660e-02 -7.779999999999999416e-02 8.809999999999999776e-02 -8.619999999999999885e-02 -4.000000000000010492e-04 -8.749999999999999445e-02 -9.629999999999999671e-02 -3.999999999999975797e-04 7.800000000000001377e-03 -1.320000000000000340e-02 3.960100000000000252e-04 2.295225000000000043e-02 2.430489999999999561e-03 6.052839999999999436e-03 7.761609999999999517e-03 7.430439999999999962e-03 1.600000000000008504e-07 7.656249999999998994e-03 9.273689999999999364e-03 1.599999999999980711e-07 6.084000000000002058e-05 1.742400000000000936e-04 1.097439500000000000e+06 9.775540625000000000e+05
1.000000000000000000e+00 -1.329999999999999932e-02 -2.272000000000000131e-01 -5.510000000000000314e-02 -9.890000000000000180e-02 1.140999999999999931e-01 -1.023000000000000020e-01 6.600000000000001699e-03 -3.787000000000000366e-01 -5.800000000000006539e-03 -2.110000000000000764e-02 2.599999999999999534e-02 -1.610000000000000320e-02 1.768899999999999954e-04 5.161984000000000711e-02 3.036010000000000444e-03 9.781210000000000251e-03 1.301880999999999872e-02 1.046529000000000036e-02 4.356000000000002340e-05 1.434136900000000381e-01 3.364000000000007772e-05 4.452100000000002995e-04 6.759999999999997348e-04 2.592100000000001152e-04 1.096316500000000000e+06 9.757695000000000000e+05
1.000000000000000000e+00 -2.239999999999999977e-02 -2.136000000000000121e-01 -1.029000000000000054e-01 -1.045999999999999985e-01 1.424999999999999878e-01 -7.190000000000000557e-02 -9.100000000000000450e-03 1.360000000000000098e-02 -4.780000000000000221e-02 -5.699999999999996736e-03 2.839999999999999469e-02 3.039999999999999647e-02 5.017599999999999665e-04 4.562496000000000607e-02 1.058841000000000122e-02 1.094116000000000012e-02 2.030624999999999791e-02 5.169610000000000698e-03 8.281000000000000166e-05 1.849600000000000181e-04 2.284840000000000221e-03 3.248999999999996167e-05 8.065599999999996774e-04 9.241599999999998254e-04 1.096198750000000000e+06 9.759081875000000000e+05
1.000000000000000000e+00 -2.730000000000000135e-02 -1.360000000000000098e-01 -1.118999999999999995e-01 -1.140000000000000041e-01 1.728000000000000091e-01 -8.200000000000000344e-02 -4.900000000000001577e-03 7.760000000000000231e-02 -8.999999999999994116e-03 -9.400000000000005573e-03 3.030000000000002136e-02 -1.009999999999999787e-02 7.452900000000001234e-04 1.849600000000000202e-02 1.252161000000000073e-02 1.299600000000000061e-02 2.985984000000000207e-02 6.724000000000000810e-03 2.401000000000001576e-05 6.021760000000000133e-03 8.099999999999989533e-05 8.836000000000010946e-05 9.180900000000012879e-04 1.020099999999999534e-04 1.096704875000000000e+06 9.765420000000000000e+05
1.000000000000000000e+00 -3.769999999999999740e-02 -1.107000000000000067e-01 -6.060000000000000109e-02 -1.126999999999999946e-01 1.443000000000000116e-01 -8.450000000000000566e-02 -1.039999999999999605e-02 2.530000000000000304e-02 5.129999999999999838e-02 1.300000000000009481e-03 -2.849999999999999756e-02 -2.500000000000002220e-03 1.421289999999999750e-03 1.225449000000000156e-02 3.672359999999999947e-03 1.270128999999999876e-02 2.082249000000000252e-02 7.140250000000000763e-03 1.081599999999999131e-04 6.400900000000001684e-04 2.631689999999999897e-03 1.690000000000024689e-06 8.122499999999998211e-04 6.250000000000011311e-06 1.096246625000000000e+06 9.755597500000000000e+05
1.000000000000000000e+00 -2.639999999999999986e-02 -1.269000000000000128e-01 -1.087000000000000050e-01 -1.129000000000000004e-01 1.516000000000000125e-01 -1.000999999999999945e-01 1.129999999999999755e-02 -1.620000000000000606e-02 -4.810000000000000386e-02 -2.000000000000057288e-04 7.300000000000000933e-03 -1.559999999999998888e-02 6.969599999999999407e-04 1.610361000000000431e-02 1.181569000000000022e-02 1.274640999999999968e-02 2.298256000000000257e-02 1.002000999999999933e-02 1.276899999999999379e-04 2.624400000000001775e-04 2.313610000000000232e-03 4.000000000000229047e-08 5.329000000000001325e-05 2.433599999999996486e-04 1.096547250000000000e+06 9.752164375000000000e+05
1.000000000000000000e+00 -2.549999999999999836e-02 -1.313000000000000000e-01 -1.612000000000000099e-01 -1.190999999999999975e-01 1.598999999999999866e-01 -1.063000000000000056e-01 9.000000000000014932e-04 -4.399999999999987255e-03 -5.250000000000000500e-02 -6.199999999999997180e-03 8.299999999999974065e-03 -6.200000000000011058e-03 6.502499999999998949e-04 1.723968999999999849e-02 2.598544000000000201e-02 1.418480999999999909e-02 2.556800999999999519e-02 1.129969000000000112e-02 8.100000000000027268e-07 1.935999999999988918e-05 2.756250000000000453e-03 3.843999999999996400e-05 6.888999999999956573e-05 3.844000000000014018e-05 1.096934875000000000e+06 9.763713750000000000e+05
1.000000000000000000e+00 -4.189999999999999974e-02 -5.960000000000000020e-02 -1.522000000000000020e-01 -1.213999999999999940e-01 2.044999999999999873e-01 -5.530000000000000193e-02 -1.640000000000000138e-02 7.169999999999999984e-02 9.000000000000007994e-03 -2.299999999999996492e-03 4.460000000000000075e-02 5.100000000000000366e-02 1.755609999999999896e-03 3.552159999999999953e-03 2.316483999999999904e-02 1.473795999999999787e-02 4.182024999999999632e-02 3.058090000000000287e-03 2.689600000000000541e-04 5.140890000000000390e-03 8.100000000000013927e-05 5.289999999999984080e-06 1.989160000000000234e-03 2.601000000000000447e-03 1.098204750000000000e+06 9.781901875000000000e+05
