1.000000000000000000e+00 0.000000000000000000e+00 0.000000000000000000e+00 0.000000000000000000e+00 0.000000000000000000e+00 0.000000000000000000e+00 -0.000000000000000000e+00 0.000000000000000000e+00 0.000000000000000000e+00 0.000000000000000000e+00 0.000000000000000000e+00 0.000000000000000000e+00 0.000000000000000000e+00 0.000000000000000000e+00 0.000000000000000000e+00 0.000000000000000000e+00 0.000000000000000000e+00 0.000000000000000000e+00 0.000000000000000000e+00 0.000000000000000000e+00 0.000000000000000000e+00 0.000000000000000000e+00 0.000000000000000000e+00 0.000000000000000000e+00 0.000000000000000000e+00 1.539398625000000000e+06 1.643017500000000000e+06
1.000000000000000000e+00 -1.359999999999999924e-02 -7.430000000000000493e-02 -8.859999999999999820e-02 -1.580000000000000154e-02 -8.290000000000000147e-02 -2.680000000000000090e-02 -1.359999999999999924e-02 -7.430000000000000493e-02 -8.859999999999999820e-02 -1.580000000000000154e-02 -8.290000000000000147e-02 -2.680000000000000090e-02 1.849599999999999910e-04 5.520490000000001160e-03 7.849959999999999577e-03 2.496400000000000290e-04 6.872410000000000671e-03 7.182400000000000893e-04 1.849599999999999910e-04 5.520490000000001160e-03 7.849959999999999577e-03 2.496400000000000290e-04 6.872410000000000671e-03 7.182400000000000893e-04 1.539706000000000000e+06 1.643622000000000000e+06
1.000000000000000000e+00 -1.650000000000000078e-02 -1.436999999999999944e-01 7.180000000000000271e-02 -9.520000000000000684e-02 -1.959999999999999937e-02 -3.679999999999999938e-02 -2.900000000000001535e-03 -6.939999999999998948e-02 1.603999999999999870e-01 -7.939999999999999836e-02 6.329999999999999516e-02 -9.999999999999998473e-03 2.722500000000000310e-04 2.064968999999999832e-02 5.155240000000000170e-03 9.063040000000001373e-03 3.841599999999999811e-04 1.354240000000000044e-03 8.410000000000009265e-06 4.816359999999998698e-03 2.572815999999999645e-02 6.304360000000000172e-03 4.006889999999999064e-03 9.999999999999996413e-05 1.536846125000000000e+06 1.641289375000000000e+06
1.000000000000000000e+00 -6.499999999999999702e-03 2.790000000000000119e-02 -9.110000000000000042e-02 -6.370000000000000662e-02 3.189999999999999780e-02 -1.789999999999999925e-02 1.000000000000000194e-02 1.716000000000000025e-01 -1.628999999999999893e-01 3.150000000000000022e-02 5.149999999999999717e-02 1.890000000000000013e-02 4.224999999999999698e-05 7.784100000000001044e-04 8.299209999999999574e-03 4.057690000000000949e-03 1.017609999999999956e-03 3.204099999999999765e-04 1.000000000000000454e-04 2.944656000000000010e-02 2.653640999999999639e-02 9.922500000000000764e-04 2.652249999999999660e-03 3.572100000000000036e-04 1.539266125000000000e+06 1.643765875000000000e+06
1.000000000000000000e+00 -2.129999999999999949e-02 -1.824000000000000066e-01 -6.040000000000000230e-02 -7.409999999999999920e-02 -7.000000000000000666e-02 -1.839999999999999969e-02 -1.480000000000000066e-02 -2.103000000000000147e-01 3.069999999999999812e-02 -1.039999999999999258e-02 -1.019000000000000045e-01 -5.000000000000004441e-04 4.536899999999999744e-04 3.326976000000000239e-02 3.648160000000000118e-03 5.490809999999999615e-03 4.900000000000000709e-03 3.385600000000000111e-04 2.190400000000000170e-04 4.422609000000000956e-02 9.424899999999999294e-04 1.081599999999998454e-04 1.038361000000000145e-02 2.500000000000004651e-07 1.538438500000000000e+06 1.643404500000000000e+06
1.000000000000000000e+00 -1.089999999999999997e-02 -1.302999999999999992e-01 1.443000000000000116e-01 -3.339999999999999913e-02 8.160000000000000586e-02 -1.619999999999999912e-02 1.039999999999999952e-02 5.210000000000000742e-02 2.047000000000000208e-01 4.070000000000000007e-02 1.516000000000000125e-01 2.200000000000000566e-03 1.188099999999999958e-04 1.697809000000000124e-02 2.082249000000000252e-02 1.115560000000000032e-03 6.658560000000000867e-03 2.624399999999999606e-04 1.081599999999999944e-04 2.714410000000000867e-03 4.190209000000000988e-02 1.656490000000000046e-03 2.298256000000000257e-02 4.840000000000002788e-06 1.538450250000000000e+06 1.641853875000000000e+06
1.000000000000000000e+00 -3.239999999999999825e-02 -3.399999999999999811e-03 3.000000000000000062e-03 -4.680000000000000132e-02 4.199999999999999740e-03 -2.290000000000000022e-02 -2.149999999999999828e-02 1.269000000000000128e-01 -1.413000000000000089e-01 -1.340000000000000219e-02 -7.740000000000001046e-02 -6.700000000000001094e-03 1.049759999999999843e-03 1.155999999999999943e-05 9.000000000000000228e-06 2.190239999999999982e-03 1.763999999999999713e-05 5.244100000000000020e-04 4.622499999999999331e-04 1.610361000000000431e-02 1.996569000000000121e-02 1.795600000000000494e-04 5.990760000000001223e-03 4.489000000000001236e-05 1.539070750000000000e+06 1.642107250000000000e+06
1.000000000000000000e+00 -3.930000000000000160e-02 -1.207000000000000017e-01 6.090000000000000274e-02 -1.000999999999999945e-01 -3.379999999999999671e-02 -3.400000000000000244e-02 -6.900000000000003353e-03 -1.173000000000000015e-01 5.790000000000000008e-02 -5.329999999999999322e-02 -3.799999999999999906e-02 -1.110000000000000223e-02 1.544490000000000142e-03 1.456848999999999991e-02 3.708810000000000318e-03 1.002000999999999933e-02 1.142439999999999775e-03 1.156000000000000126e-03 4.761000000000004730e-05 1.375929000000000041e-02 3.352410000000000112e-03 2.840889999999999128e-03 1.443999999999999971e-03 1.232100000000000621e-04 1.538000250000000000e+06 1.643685000000000000e+06
1.000000000000000000e+00 -3.200000000000000067e-02 -1.145999999999999935e-01 4.569999999999999757e-02 -4.370000000000000273e-02 2.299999999999999961e-02 -4.370000000000000273e-02 7.300000000000000933e-03 6.100000000000008193e-03 -1.520000000000000517e-02 5.639999999999999181e-02 5.679999999999999633e-02 -9.700000000000000289e-03 1.023999999999999954e-03 1.313315999999999789e-02 2.088489999999999704e-03 1.909690000000000346e-03 5.289999999999999564e-04 1.909690000000000346e-03 5.329000000000001325e-05 3.721000000000009944e-05 2.310400000000001461e-04 3.180959999999999170e-03 3.226239999999999577e-03 9.409000000000000208e-05 1.538920500000000000e+06 1.641417125000000000e+06
1.000000000000000000e+00 -6.110000000000000153e-02 -7.910000000000000364e-02 5.120000000000000245e-02 -1.174999999999999933e-01 -2.510000000000000078e-02 -2.399999999999999790e-03 -2.910000000000000087e-02 3.549999999999998990e-02 5.500000000000004885e-03 -7.379999999999999061e-02 -4.810000000000000386e-02 4.130000000000000338e-02 3.733210000000000261e-03 6.256810000000000670e-03 2.621440000000000055e-03 1.380624999999999908e-02 6.300100000000000752e-04 5.759999999999999062e-06 8.468100000000000323e-04 1.260249999999999218e-03 3.025000000000005427e-05 5.446439999999998574e-03 2.313610000000000232e-03 1.705690000000000374e-03 1.538051000000000000e+06 1.643456500000000000e+06
1.000000000000000000e+00 -2.089999999999999844e-02 2.041000000000000036e-01 -9.110000000000000042e-02 2.429999999999999868e-02 2.886000000000000232e-01 -2.249999999999999917e-02 4.019999999999999962e-02 2.832000000000000073e-01 -1.423000000000000098e-01 1.417999999999999816e-01 3.137000000000000344e-01 -2.009999999999999981e-02 4.368099999999999327e-04 4.165681000000000245e-02 8.299209999999999574e-03 5.904899999999999385e-04 8.328996000000001010e-02 5.062499999999999726e-04 1.616040000000000011e-03 8.020224000000000797e-02 2.024929000000000312e-02 2.010723999999999498e-02 9.840769000000001987e-02 4.040100000000000028e-04 1.540367375000000000e+06 1.644741250000000000e+06
1.000000000000000000e+00 -3.810000000000000192e-02 5.619999999999999996e-02 -1.608999999999999875e-01 -6.569999999999999452e-02 7.109999999999999654e-02 -3.250000000000000111e-02 -1.720000000000000348e-02 -1.479000000000000037e-01 -6.979999999999998705e-02 -8.999999999999999667e-02 -2.175000000000000266e-01 -1.000000000000000194e-02 1.451610000000000096e-03 3.158440000000000206e-03 2.588880999999999474e-02 4.316489999999999216e-03 5.055209999999999218e-03 1.056250000000000114e-03 2.958400000000001220e-04 2.187441000000000038e-02 4.872039999999998490e-03 8.099999999999999561e-03 4.730625000000001495e-02 1.000000000000000454e-04 1.541740500000000000e+06 1.647732500000000000e+06
1.000000000000000000e+00 -8.530000000000000082e-02 -3.919000000000000261e-01 1.373999999999999944e-01 -1.882999999999999952e-01 -1.645999999999999963e-01 -2.450000000000000094e-02 -4.719999999999999890e-02 -4.481000000000000538e-01 2.983000000000000096e-01 -1.226000000000000006e-01 -2.356999999999999929e-01 8.000000000000000167e-03 7.276089999999999815e-03 1.535856100000000113e-01 1.887875999999999790e-02 3.545688999999999785e-02 2.709315999999999808e-02 6.002500000000000890e-04 2.227840000000000029e-03 2.007936100000000390e-01 8.898289000000000892e-02 1.503076000000000065e-02 5.555448999999999804e-02 6.399999999999999710e-05 1.540935750000000000e+06 1.650080250000000000e+06
1.000000000000000000e+00 -9.859999999999999321e-02 -1.303999999999999881e-01 1.787999999999999867e-01 -1.181999999999999995e-01 1.799999999999999951e-03 2.079999999999999905e-02 -1.329999999999999238e-02 2.615000000000000657e-01 4.139999999999999236e-02 7.009999999999999565e-02 1.663999999999999924e-01 4.529999999999999999e-02 9.721959999999998242e-03 1.700415999999999733e-02 3.196943999999999481e-02 1.397123999999999935e-02 3.239999999999999896e-06 4.326399999999999777e-04 1.768899999999998056e-04 6.838225000000003329e-02 1.713959999999999399e-03 4.914009999999999039e-03 2.768895999999999857e-02 2.052089999999999904e-03 1.537089625000000000e+06 1.644372625000000000e+06
1.000000000000000000e+00 -2.149999999999999828e-02 4.100000000000000172e-02 -2.549999999999999836e-02 -5.589999999999999830e-02 -4.989999999999999991e-02 -3.299999999999999982e-03 7.710000000000000187e-02 1.713999999999999968e-01 -2.042999999999999816e-01 6.230000000000000121e-02 -5.170000000000000290e-02 -2.409999999999999989e-02 4.622499999999999331e-04 1.681000000000000202e-03 6.502499999999998949e-04 3.124810000000000001e-03 2.490009999999999966e-03 1.088999999999999907e-05 5.944410000000000666e-03 2.937795999999999810e-02 4.173848999999998921e-02 3.881290000000000347e-03 2.672890000000000248e-03 5.808099999999999635e-04 1.536350125000000000e+06 1.640187500000000000e+06
1.000000000000000000e+00 -5.859999999999999931e-02 -7.910000000000000364e-02 7.299999999999999545e-02 -1.290000000000000036e-01 -2.549999999999999836e-02 4.309999999999999942e-02 -3.710000000000000103e-02 -1.201000000000000123e-01 9.849999999999999034e-02 -7.309999999999999831e-02 2.440000000000000155e-02 4.639999999999999680e-02 3.433959999999999790e-03 6.256810000000000670e-03 5.328999999999999536e-03 1.664099999999999954e-02 6.502499999999998949e-04 1.857609999999999990e-03 1.376410000000000003e-03 1.442401000000000273e-02 9.702249999999997335e-03 5.343609999999999506e-03 5.953600000000000732e-04 2.152959999999999770e-03 1.532647750000000000e+06 1.633518625000000000e+06
1.000000000000000000e+00 -4.870000000000000023e-02 -6.029999999999999943e-02 7.320000000000000118e-02 -7.920000000000000651e-02 -1.830000000000000029e-02 -1.329999999999999932e-02 9.899999999999999079e-03 1.880000000000000421e-02 2.000000000000057288e-04 4.979999999999999705e-02 7.199999999999998068e-03 -5.639999999999999875e-02 2.371690000000000083e-03 3.636089999999999808e-03 5.358240000000000225e-03 6.272640000000001201e-03 3.348900000000000141e-04 1.768899999999999954e-04 9.800999999999997811e-05 3.534400000000001668e-04 4.000000000000229047e-08 2.480039999999999762e-03 5.183999999999997123e-05 3.180960000000000037e-03 1.531795875000000000e+06 1.632226375000000000e+06
1.000000000000000000e+00 -8.390000000000000235e-02 -1.519999999999999997e-02 -4.970000000000000112e-02 -8.179999999999999771e-02 -2.309999999999999901e-02 3.649999999999999772e-02 -3.520000000000000212e-02 4.510000000000000120e-02 -1.229000000000000092e-01 -2.599999999999991207e-03 -4.799999999999998712e-03 4.979999999999999705e-02 7.039210000000000605e-03 2.310400000000000106e-04 2.470090000000000306e-03 6.691239999999999341e-03 5.336099999999999004e-04 1.332249999999999884e-03 1.239040000000000063e-03 2.034010000000000158e-03 1.510441000000000214e-02 6.759999999999953912e-06 2.303999999999998608e-05 2.480039999999999762e-03 1.533234250000000000e+06 1.636482625000000000e+06
1.000000000000000000e+00 -8.359999999999999376e-02 -9.460000000000000353e-02 2.659999999999999865e-02 -1.180999999999999966e-01 5.999999999999999474e-04 -2.680000000000000090e-02 3.000000000000085931e-04 -7.939999999999999836e-02 7.630000000000000671e-02 -3.629999999999999893e-02 2.369999999999999885e-02 -6.329999999999999516e-02 6.988959999999998923e-03 8.949160000000001142e-03 7.075599999999999815e-04 1.394760999999999918e-02 3.599999999999999414e-07 7.182400000000000893e-04 9.000000000000516018e-08 6.304360000000000172e-03 5.821690000000000892e-03 1.317689999999999834e-03 5.616899999999999974e-04 4.006889999999999064e-03 1.534384500000000000e+06 1.637751125000000000e+06
1.000000000000000000e+00 -5.129999999999999838e-02 -1.021999999999999992e-01 8.160000000000000586e-02 -1.315999999999999948e-01 -4.300000000000000003e-03 1.700000000000000122e-02 3.229999999999999538e-02 -7.599999999999995648e-03 5.500000000000000722e-02 -1.349999999999999811e-02 -4.899999999999999842e-03 4.380000000000000560e-02 2.631689999999999897e-03 1.044484000000000037e-02 6.658560000000000867e-03 1.731856000000000020e-02 1.849000000000000085e-05 2.890000000000000316e-04 1.043289999999999669e-03 5.775999999999993488e-05 3.025000000000000779e-03 1.822499999999999576e-04 2.400999999999999882e-05 1.918440000000000423e-03 1.533880250000000000e+06 1.638086750000000000e+06
1.000000000000000000e+00 -3.099999999999999978e-02 9.700000000000000289e-03 8.930000000000000437e-02 -1.282999999999999974e-01 -2.000000000000000042e-03 -2.920000000000000026e-02 2.029999999999999860e-02 1.118999999999999995e-01 7.699999999999998512e-03 3.299999999999997380e-03 2.299999999999999961e-03 -4.620000000000000495e-02 9.609999999999999402e-04 9.409000000000000208e-05 7.974490000000000745e-03 1.646088999999999886e-02 3.999999999999999819e-06 8.526399999999999951e-04 4.120899999999999390e-04 1.252161000000000073e-02 5.928999999999997613e-05 1.088999999999998213e-05 5.290000000000000174e-06 2.134440000000000469e-03 1.534394500000000000e+06 1.635171125000000000e+06
1.000000000000000000e+00 -5.829999999999999766e-02 -5.349999999999999895e-02 -6.499999999999999702e-03 -8.019999999999999352e-02 -2.120000000000000009e-02 2.210000000000000159e-02 -2.729999999999999788e-02 -6.320000000000000617e-02 -9.580000000000001015e-02 4.810000000000000386e-02 -1.920000000000000179e-02 5.129999999999999838e-02 3.398889999999999897e-03 2.862249999999999777e-03 4.224999999999999698e-05 6.432039999999999112e-03 4.494400000000000066e-04 4.884100000000001027e-04 7.452899999999999065e-04 3.994240000000000464e-03 9.177640000000002532e-03 2.313610000000000232e-03 3.686400000000000484e-04 2.631689999999999897e-03 1.534725500000000000e+06 1.639088625000000000e+06
1.000000000000000000e+00 -4.109999999999999765e-02 -9.769999999999999518e-02 2.599999999999999881e-02 -1.454000000000000015e-01 -3.299999999999999982e-03 1.760000000000000106e-02 1.720000000000000001e-02 -4.419999999999999624e-02 3.250000000000000111e-02 -6.520000000000000795e-02 1.789999999999999925e-02 -4.500000000000000527e-03 1.689209999999999800e-03 9.545289999999999678e-03 6.759999999999999516e-04 2.114115999999999912e-02 1.088999999999999907e-05 3.097600000000000158e-04 2.958400000000000135e-04 1.953639999999999544e-03 1.056250000000000114e-03 4.251040000000001068e-03 3.204099999999999765e-04 2.025000000000000432e-05 1.534300750000000000e+06 1.636330750000000000e+06
1.000000000000000000e+00 -6.300000000000000044e-02 -5.229999999999999927e-02 4.989999999999999991e-02 -8.260000000000000675e-02 -1.669999999999999957e-02 3.250000000000000111e-02 -2.190000000000000280e-02 4.539999999999999591e-02 2.390000000000000110e-02 6.279999999999999472e-02 -1.339999999999999872e-02 1.490000000000000005e-02 3.969000000000000306e-03 2.735290000000000030e-03 2.490009999999999966e-03 6.822760000000001497e-03 2.788900000000000081e-04 1.056250000000000114e-03 4.796100000000001057e-04 2.061159999999999815e-03 5.712100000000000554e-04 3.943839999999999672e-03 1.795599999999999681e-04 2.220099999999999971e-04 1.533033125000000000e+06 1.638265125000000000e+06
1.000000000000000000e+00 -4.070000000000000007e-02 -3.000000000000000062e-03 2.939999999999999905e-02 -7.119999999999999940e-02 -5.400000000000000286e-03 2.840000000000000163e-02 2.230000000000000038e-02 4.929999999999999660e-02 -2.050000000000000086e-02 1.140000000000000735e-02 1.129999999999999928e-02 -4.099999999999999478e-03 1.656490000000000046e-03 9.000000000000000228e-06 8.643599999999999981e-04 5.069439999999999710e-03 2.916000000000000203e-05 8.065600000000001111e-04 4.972900000000000584e-04 2.430489999999999561e-03 4.202500000000000506e-04 1.299600000000001720e-04 1.276899999999999921e-04 1.680999999999999660e-05 1.535083625000000000e+06 1.637634250000000000e+06
1.000000000000000000e+00 -6.450000000000000178e-02 -1.454999999999999905e-01 1.760000000000000106e-02 -8.309999999999999332e-02 -6.149999999999999911e-02 4.370000000000000273e-02 -2.380000000000000171e-02 -1.424999999999999878e-01 -1.179999999999999799e-02 -1.189999999999999392e-02 -5.609999999999999709e-02 1.530000000000000110e-02 4.160249999999999886e-03 2.117024999999999810e-02 3.097600000000000158e-04 6.905609999999998659e-03 3.782250000000000022e-03 1.909690000000000346e-03 5.664400000000000858e-04 2.030624999999999791e-02 1.392399999999999476e-04 1.416099999999998588e-04 3.147209999999999678e-03 2.340900000000000305e-04 1.533300750000000000e+06 1.637953250000000000e+06
1.000000000000000000e+00 -3.300000000000000155e-02 -9.210000000000000131e-02 4.420000000000000318e-02 -4.120000000000000051e-02 -2.120000000000000009e-02 6.629999999999999782e-02 3.150000000000000022e-02 5.339999999999998914e-02 2.660000000000000211e-02 4.189999999999999281e-02 4.030000000000000249e-02 2.259999999999999509e-02 1.089000000000000124e-03 8.482410000000000991e-03 1.953640000000000411e-03 1.697440000000000147e-03 4.494400000000000066e-04 4.395689999999999840e-03 9.922500000000000764e-04 2.851559999999998644e-03 7.075600000000000899e-04 1.755609999999999463e-03 1.624090000000000126e-03 5.107599999999997515e-04 1.533550750000000000e+06 1.638165625000000000e+06
1.000000000000000000e+00 -5.009999999999999870e-02 -8.000000000000000167e-03 5.840000000000000052e-02 -4.510000000000000120e-02 -2.589999999999999941e-02 8.959999999999999909e-02 -1.709999999999999715e-02 8.410000000000000808e-02 1.419999999999999735e-02 -3.900000000000000688e-03 -4.699999999999999317e-03 2.330000000000000127e-02 2.510010000000000019e-03 6.399999999999999710e-05 3.410559999999999981e-03 2.034010000000000158e-03 6.708099999999999827e-04 8.028159999999999463e-03 2.924099999999998922e-04 7.072810000000001422e-03 2.016399999999999193e-04 1.521000000000000515e-05 2.208999999999999348e-05 5.428900000000000826e-04 1.532221125000000000e+06 1.638261125000000000e+06
1.000000000000000000e+00 -6.499999999999999702e-03 -2.500000000000000052e-03 -2.639999999999999986e-02 -8.999999999999999320e-03 -8.899999999999999925e-03 9.120000000000000329e-02 4.359999999999999987e-02 5.499999999999999681e-03 -8.480000000000000038e-02 3.610000000000000014e-02 1.700000000000000122e-02 1.600000000000004197e-03 4.224999999999999698e-05 6.250000000000000300e-06 6.969599999999999407e-04 8.099999999999999019e-05 7.920999999999999547e-05 8.317440000000000597e-03 1.900959999999999933e-03 3.024999999999999667e-05 7.191040000000000106e-03 1.303209999999999959e-03 2.890000000000000316e-04 2.560000000000013606e-06 1.533706875000000000e+06 1.640141625000000000e+06
1.000000000000000000e+00 6.999999999999999929e-04 -1.438000000000000111e-01 -3.080000000000000099e-02 -2.129999999999999949e-02 1.149999999999999981e-02 1.310000000000000053e-01 7.199999999999999803e-03 -1.413000000000000089e-01 -4.400000000000001132e-03 -1.230000000000000017e-02 2.040000000000000147e-02 3.980000000000000204e-02 4.899999999999999672e-07 2.067844000000000279e-02 9.486400000000000518e-04 4.536899999999999744e-04 1.322499999999999891e-04 1.716100000000000264e-02 5.183999999999999833e-05 1.996569000000000121e-02 1.936000000000001115e-05 1.512899999999999965e-04 4.161600000000000542e-04 1.584040000000000101e-03 1.533996875000000000e+06 1.638320625000000000e+06
1.000000000000000000e+00 1.930000000000000118e-02 -1.529999999999999936e-02 6.510000000000000508e-02 -6.779999999999999916e-02 2.809999999999999998e-02 1.136000000000000065e-01 1.860000000000000195e-02 1.285000000000000031e-01 9.590000000000001301e-02 -4.649999999999999967e-02 1.660000000000000017e-02 -1.739999999999999880e-02 3.724900000000000606e-04 2.340899999999999763e-04 4.238010000000000388e-03 4.596839999999999607e-03 7.896100000000000514e-04 1.290496000000000178e-02 3.459600000000000826e-04 1.651224999999999915e-02 9.196810000000003177e-03 2.162250000000000109e-03 2.755599999999999977e-04 3.027599999999999541e-04 1.534333375000000000e+06 1.641423250000000000e+06
1.000000000000000000e+00 4.660000000000000253e-02 -1.003000000000000003e-01 -2.900000000000000147e-02 -5.929999999999999855e-02 -2.309999999999999901e-02 1.429999999999999882e-01 2.730000000000000135e-02 -8.500000000000000611e-02 -9.410000000000000309e-02 8.500000000000000611e-03 -5.119999999999999551e-02 2.939999999999998170e-02 2.171560000000000330e-03 1.006009000000000070e-02 8.410000000000000591e-04 3.516489999999999720e-03 5.336099999999999004e-04 2.044899999999999496e-02 7.452900000000001234e-04 7.225000000000001386e-03 8.854810000000001152e-03 7.225000000000000790e-05 2.621439999999999621e-03 8.643599999999989139e-04 1.534697875000000000e+06 1.639774375000000000e+06
1.000000000000000000e+00 1.549999999999999989e-02 -8.480000000000000038e-02 7.280000000000000360e-02 -2.949999999999999845e-02 -2.029999999999999860e-02 1.246000000000000024e-01 -3.110000000000000264e-02 1.549999999999999989e-02 1.018000000000000016e-01 2.980000000000000010e-02 2.800000000000000405e-03 -1.839999999999998581e-02 2.402499999999999851e-04 7.191040000000000106e-03 5.299840000000000106e-03 8.702499999999999299e-04 4.120899999999999390e-04 1.552516000000000139e-02 9.672100000000001399e-04 2.402499999999999851e-04 1.036324000000000099e-02 8.880399999999999882e-04 7.840000000000002864e-06 3.385599999999994690e-04 1.533504500000000000e+06 1.640644000000000000e+06
1.000000000000000000e+00 4.359999999999999987e-02 -2.699999999999999969e-02 1.629999999999999852e-02 -1.299999999999999940e-02 -9.499999999999999764e-03 1.603999999999999870e-01 2.809999999999999998e-02 5.780000000000000415e-02 -5.650000000000000855e-02 1.650000000000000078e-02 1.079999999999999884e-02 3.579999999999998461e-02 1.900959999999999933e-03 7.289999999999999388e-04 2.656899999999999583e-04 1.689999999999999879e-04 9.024999999999999819e-05 2.572815999999999645e-02 7.896100000000000514e-04 3.340840000000000302e-03 3.192250000000001076e-03 2.722500000000000310e-04 1.166399999999999810e-04 1.281639999999998822e-03 1.533723500000000000e+06 1.639130000000000000e+06
1.000000000000000000e+00 5.899999999999999689e-02 -8.409999999999999420e-02 -2.479999999999999913e-02 -6.719999999999999585e-02 2.450000000000000094e-02 1.241000000000000020e-01 1.539999999999999702e-02 -5.709999999999999798e-02 -4.109999999999999765e-02 -5.419999999999999818e-02 3.400000000000000244e-02 -3.629999999999998506e-02 3.480999999999999719e-03 7.072809999999998820e-03 6.150399999999999661e-04 4.515839999999999264e-03 6.002500000000000890e-04 1.540081000000000089e-02 2.371599999999999045e-04 3.260409999999999611e-03 1.689209999999999800e-03 2.937639999999999609e-03 1.156000000000000126e-03 1.317689999999998966e-03 1.533533000000000000e+06 1.638687125000000000e+06
1.000000000000000000e+00 -6.000000000000000125e-03 -1.949999999999999997e-02 -1.699999999999999905e-03 -4.780000000000000221e-02 2.000000000000000042e-03 1.325999999999999956e-01 -6.500000000000000222e-02 6.459999999999999076e-02 2.309999999999999901e-02 1.939999999999999364e-02 -2.249999999999999917e-02 8.499999999999993672e-03 3.600000000000000091e-05 3.802499999999999999e-04 2.889999999999999859e-06 2.284840000000000221e-03 3.999999999999999819e-06 1.758275999999999936e-02 4.225000000000000457e-03 4.173159999999998676e-03 5.336099999999999004e-04 3.763599999999997373e-04 5.062499999999999726e-04 7.224999999999988593e-05 1.532890500000000000e+06 1.639402250000000000e+06
1.000000000000000000e+00 2.259999999999999856e-02 -4.379999999999999866e-02 -6.289999999999999758e-02 -2.460000000000000034e-02 2.809999999999999998e-02 7.109999999999999654e-02 2.860000000000000042e-02 -2.429999999999999868e-02 -6.119999999999999746e-02 2.320000000000000187e-02 2.609999999999999820e-02 -6.149999999999999911e-02 5.107599999999999684e-04 1.918439999999999989e-03 3.956409999999999615e-03 6.051599999999999861e-04 7.896100000000000514e-04 5.055209999999999218e-03 8.179600000000000629e-04 5.904899999999999385e-04 3.745439999999999620e-03 5.382400000000000509e-04 6.812099999999999102e-04 3.782250000000000022e-03 1.534262375000000000e+06 1.639605875000000000e+06
1.000000000000000000e+00 2.690000000000000030e-02 -1.267000000000000071e-01 2.599999999999999881e-02 -3.579999999999999849e-02 3.549999999999999684e-02 6.769999999999999629e-02 4.300000000000001737e-03 -8.290000000000000147e-02 8.889999999999999292e-02 -1.119999999999999815e-02 7.399999999999996858e-03 -3.400000000000000244e-03 7.236099999999999650e-04 1.605289000000000021e-02 6.759999999999999516e-04 1.281639999999999906e-03 1.260249999999999869e-03 4.583289999999999413e-03 1.849000000000001440e-05 6.872410000000000671e-03 7.903209999999999055e-03 1.254399999999999645e-04 5.475999999999995682e-05 1.156000000000000113e-05 1.532542375000000000e+06 1.639457125000000000e+06
1.000000000000000000e+00 -4.680000000000000132e-02 -7.910000000000000364e-02 7.290000000000000646e-02 -9.890000000000000180e-02 6.370000000000000662e-02 4.170000000000000095e-02 -7.370000000000000162e-02 4.760000000000000342e-02 4.690000000000001112e-02 -6.310000000000000331e-02 2.820000000000000978e-02 -2.599999999999999534e-02 2.190239999999999982e-03 6.256810000000000670e-03 5.314410000000001182e-03 9.781210000000000251e-03 4.057690000000000949e-03 1.738890000000000097e-03 5.431690000000000303e-03 2.265760000000000343e-03 2.199610000000001148e-03 3.981610000000000010e-03 7.952400000000005515e-04 6.759999999999997348e-04 1.533062375000000000e+06 1.640553125000000000e+06
1.000000000000000000e+00 -3.099999999999999978e-02 -6.360000000000000375e-02 -9.299999999999999239e-03 -3.039999999999999994e-02 3.780000000000000027e-02 6.650000000000000355e-02 1.580000000000000154e-02 1.549999999999999989e-02 -8.220000000000000917e-02 6.850000000000000533e-02 -2.590000000000000635e-02 2.480000000000000260e-02 9.609999999999999402e-04 4.044960000000000222e-03 8.648999999999997998e-05 9.241600000000000422e-04 1.428840000000000015e-03 4.422250000000000833e-03 2.496400000000000290e-04 2.402499999999999851e-04 6.756840000000001803e-03 4.692250000000001108e-03 6.708100000000003079e-04 6.150400000000001829e-04 1.534740125000000000e+06 1.640600750000000000e+06
1.000000000000000000e+00 -5.539999999999999786e-02 -1.246000000000000024e-01 -1.930000000000000118e-02 -1.087999999999999939e-01 8.099999999999999561e-03 2.929999999999999966e-02 -2.439999999999999808e-02 -6.099999999999999867e-02 -1.000000000000000194e-02 -7.839999999999999747e-02 -2.970000000000000070e-02 -3.720000000000000390e-02 3.069159999999999597e-03 1.552516000000000139e-02 3.724900000000000606e-04 1.183743999999999942e-02 6.560999999999999016e-05 8.584899999999999476e-04 5.953599999999998563e-04 3.720999999999999915e-03 1.000000000000000454e-04 6.146559999999999697e-03 8.820900000000000876e-04 1.383840000000000330e-03 1.533759500000000000e+06 1.641394375000000000e+06
1.000000000000000000e+00 -4.490000000000000241e-02 -4.900000000000000189e-02 -5.899999999999999863e-03 -9.700000000000000289e-02 3.799999999999999906e-02 3.810000000000000192e-02 1.049999999999999545e-02 7.560000000000000053e-02 1.340000000000000219e-02 1.179999999999999105e-02 2.989999999999999949e-02 8.800000000000002265e-03 2.016010000000000371e-03 2.401000000000000356e-03 3.481000000000000045e-05 9.409000000000000696e-03 1.443999999999999971e-03 1.451610000000000096e-03 1.102499999999999016e-04 5.715360000000000058e-03 1.795600000000000494e-04 1.392399999999997849e-04 8.940099999999999870e-04 7.744000000000004461e-05 1.532902500000000000e+06 1.638316125000000000e+06
1.000000000000000000e+00 -6.350000000000000089e-02 -1.239999999999999956e-02 -6.599999999999999964e-03 -9.560000000000000442e-02 -1.899999999999999953e-02 -9.199999999999999845e-03 -1.859999999999999848e-02 3.660000000000000059e-02 -7.000000000000001013e-04 1.399999999999998468e-03 -5.699999999999999512e-02 -4.730000000000000177e-02 4.032250000000000244e-03 1.537599999999999915e-04 4.355999999999999629e-05 9.139360000000000886e-03 3.609999999999999928e-04 8.464000000000000278e-05 3.459599999999999199e-04 1.339560000000000056e-03 4.900000000000001790e-07 1.959999999999995634e-06 3.248999999999999284e-03 2.237290000000000285e-03 1.532703250000000000e+06 1.640229875000000000e+06
1.000000000000000000e+00 -5.920000000000000262e-02 -3.370000000000000079e-02 2.299999999999999961e-03 -9.389999999999999736e-02 1.640000000000000138e-02 -1.080000000000000057e-02 4.299999999999998268e-03 -2.129999999999999949e-02 8.899999999999999925e-03 1.700000000000007061e-03 3.540000000000000091e-02 -1.600000000000000727e-03 3.504640000000000272e-03 1.135689999999999963e-03 5.290000000000000174e-06 8.817209999999998937e-03 2.689600000000000541e-04 1.166400000000000081e-04 1.848999999999998391e-05 4.536899999999999744e-04 7.920999999999999547e-05 2.890000000000023999e-06 1.253160000000000125e-03 2.560000000000002171e-06 1.535250375000000000e+06 1.643498625000000000e+06
1.000000000000000000e+00 -6.629999999999999782e-02 -8.569999999999999840e-02 -2.589999999999999941e-02 -8.899999999999999578e-02 -1.420000000000000082e-02 -4.080000000000000293e-02 -7.099999999999995204e-03 -5.199999999999999761e-02 -2.819999999999999937e-02 4.900000000000001577e-03 -3.060000000000000220e-02 -3.000000000000000236e-02 4.395689999999999840e-03 7.344489999999999526e-03 6.708099999999999827e-04 7.920999999999999222e-03 2.016400000000000278e-04 1.664640000000000217e-03 5.040999999999993240e-05 2.703999999999999806e-03 7.952400000000000094e-04 2.401000000000001576e-05 9.363600000000001219e-04 9.000000000000001922e-04 1.534068250000000000e+06 1.641245500000000000e+06
1.000000000000000000e+00 -6.230000000000000121e-02 -1.318000000000000005e-01 5.920000000000000262e-02 -1.023000000000000020e-01 1.909999999999999892e-02 -1.990000000000000102e-02 3.999999999999996614e-03 -4.610000000000000209e-02 8.510000000000000897e-02 -1.330000000000000626e-02 3.329999999999999627e-02 2.090000000000000191e-02 3.881290000000000347e-03 1.737123999999999960e-02 3.504640000000000272e-03 1.046529000000000036e-02 3.648099999999999715e-04 3.960100000000000252e-04 1.599999999999997217e-05 2.125210000000000207e-03 7.242010000000001849e-03 1.768900000000001580e-04 1.108889999999999746e-03 4.368100000000000953e-04 1.533976625000000000e+06 1.638504250000000000e+06
1.000000000000000000e+00 -9.030000000000000526e-02 -9.410000000000000309e-02 -2.099999999999999870e-03 -9.869999999999999607e-02 1.559999999999999928e-02 -1.700000000000000122e-02 -2.800000000000000405e-02 3.769999999999999740e-02 -6.130000000000000032e-02 3.600000000000005973e-03 -3.499999999999999639e-03 2.899999999999999800e-03 8.154090000000000990e-03 8.854810000000001152e-03 4.409999999999999282e-06 9.741689999999999031e-03 2.433599999999999739e-04 2.890000000000000316e-04 7.840000000000001915e-04 1.421289999999999750e-03 3.757690000000000162e-03 1.296000000000004363e-05 1.224999999999999791e-05 8.409999999999999101e-06 1.533261500000000000e+06 1.638891875000000000e+06
1.000000000000000000e+00 -5.870000000000000218e-02 -1.044999999999999957e-01 2.249999999999999917e-02 -1.018000000000000016e-01 5.700000000000000205e-02 -2.259999999999999856e-02 3.160000000000000309e-02 -1.039999999999999258e-02 2.460000000000000034e-02 -3.100000000000005529e-03 4.140000000000000624e-02 -5.599999999999997341e-03 3.445690000000000384e-03 1.092024999999999940e-02 5.062499999999999726e-04 1.036324000000000099e-02 3.249000000000000152e-03 5.107599999999999684e-04 9.985600000000001159e-04 1.081599999999998454e-04 6.051599999999999861e-04 9.610000000000035045e-06 1.713960000000000483e-03 3.135999999999997080e-05 1.531708625000000000e+06 1.634880750000000000e+06
1.000000000000000000e+00 -4.240000000000000019e-02 -6.000000000000000125e-03 7.689999999999999614e-02 -1.165000000000000063e-01 1.820000000000000090e-02 -2.869999999999999982e-02 1.630000000000000199e-02 9.849999999999999034e-02 5.439999999999999697e-02 -1.470000000000000473e-02 -3.880000000000000115e-02 -6.100000000000001255e-03 1.797760000000000026e-03 3.600000000000000091e-05 5.913609999999999700e-03 1.357225000000000098e-02 3.312400000000000067e-04 8.236899999999999691e-04 2.656900000000000667e-04 9.702249999999997335e-03 2.959359999999999855e-03 2.160900000000001351e-04 1.505440000000000033e-03 3.721000000000001813e-05 1.530816000000000000e+06 1.634392750000000000e+06
1.000000000000000000e+00 -8.970000000000000195e-02 -1.080000000000000057e-02 1.909999999999999892e-02 -1.048000000000000043e-01 1.359999999999999924e-02 -1.729999999999999941e-02 -4.730000000000000177e-02 -4.800000000000000447e-03 -5.779999999999999721e-02 1.170000000000000207e-02 -4.600000000000001657e-03 1.140000000000000041e-02 8.046090000000000533e-03 1.166400000000000081e-04 3.648099999999999715e-04 1.098304000000000120e-02 1.849599999999999910e-04 2.992899999999999619e-04 2.237290000000000285e-03 2.304000000000000302e-05 3.340839999999999869e-03 1.368900000000000531e-04 2.116000000000001425e-05 1.299600000000000093e-04 1.531387750000000000e+06 1.635030000000000000e+06
1.000000000000000000e+00 -4.479999999999999954e-02 -9.610000000000000486e-02 4.300000000000000003e-03 -1.129000000000000004e-01 3.529999999999999805e-02 2.460000000000000034e-02 4.490000000000000241e-02 -8.530000000000000082e-02 -1.479999999999999892e-02 -8.099999999999996092e-03 2.169999999999999707e-02 4.189999999999999974e-02 2.007039999999999866e-03 9.235210000000000641e-03 1.849000000000000085e-05 1.274640999999999968e-02 1.246089999999999828e-03 6.051599999999999861e-04 2.016010000000000371e-03 7.276089999999999815e-03 2.190399999999999628e-04 6.560999999999993595e-05 4.708899999999998504e-04 1.755609999999999896e-03 1.530215750000000000e+06 1.634100125000000000e+06
1.000000000000000000e+00 -2.690000000000000030e-02 4.460000000000000075e-02 8.699999999999999400e-03 -9.589999999999999913e-02 5.340000000000000302e-02 -2.409999999999999989e-02 1.789999999999999925e-02 1.406999999999999917e-01 4.399999999999999398e-03 1.700000000000000122e-02 1.810000000000000497e-02 -4.870000000000000023e-02 7.236099999999999650e-04 1.989160000000000234e-03 7.568999999999998852e-05 9.196809999999999707e-03 2.851560000000000379e-03 5.808099999999999635e-04 3.204099999999999765e-04 1.979648999999999645e-02 1.935999999999999421e-05 2.890000000000000316e-04 3.276100000000002057e-04 2.371690000000000083e-03 1.530849375000000000e+06 1.638230000000000000e+06
1.000000000000000000e+00 -2.050000000000000086e-02 -1.229999999999999982e-01 -9.610000000000000486e-02 -1.042000000000000010e-01 3.080000000000000099e-02 1.609999999999999973e-02 6.399999999999999439e-03 -1.675999999999999990e-01 -1.048000000000000043e-01 -8.300000000000001821e-03 -2.260000000000000203e-02 4.019999999999999962e-02 4.202500000000000506e-04 1.512900000000000009e-02 9.235210000000000641e-03 1.085764000000000000e-02 9.486400000000000518e-04 2.592100000000000068e-04 4.095999999999999408e-05 2.808975999999999834e-02 1.098304000000000120e-02 6.889000000000002652e-05 5.107600000000000768e-04 1.616040000000000011e-03 1.532627625000000000e+06 1.638559500000000000e+06
1.000000000000000000e+00 -4.599999999999999922e-02 -1.562000000000000055e-01 8.659999999999999643e-02 -1.129000000000000004e-01 2.429999999999999868e-02 2.630000000000000046e-02 -2.549999999999999836e-02 -3.320000000000000728e-02 1.827000000000000013e-01 -8.699999999999999400e-03 -6.500000000000002304e-03 1.020000000000000073e-02 2.115999999999999825e-03 2.439844000000000040e-02 7.499559999999999733e-03 1.274640999999999968e-02 5.904899999999999385e-04 6.916900000000000132e-04 6.502499999999998949e-04 1.102240000000000424e-03 3.337928999999999896e-02 7.568999999999998852e-05 4.225000000000003086e-05 1.040400000000000135e-04 1.531143750000000000e+06 1.636640250000000000e+06
1.000000000000000000e+00 -3.339999999999999913e-02 -3.960000000000000325e-02 1.199999999999999895e-03 -1.079999999999999988e-01 6.360000000000000375e-02 3.200000000000000067e-02 1.260000000000000009e-02 1.166000000000000092e-01 -8.539999999999998981e-02 4.900000000000001577e-03 3.930000000000000160e-02 5.700000000000000205e-03 1.115560000000000032e-03 1.568160000000000300e-03 1.439999999999999765e-06 1.166399999999999902e-02 4.044960000000000222e-03 1.023999999999999954e-03 1.587600000000000046e-04 1.359556000000000132e-02 7.293159999999998186e-03 2.401000000000001576e-05 1.544490000000000142e-03 3.249000000000000233e-05 1.531536875000000000e+06 1.638796000000000000e+06
1.000000000000000000e+00 -5.129999999999999838e-02 -9.130000000000000615e-02 -4.440000000000000197e-02 -1.154000000000000026e-01 3.379999999999999671e-02 3.740000000000000269e-02 -1.789999999999999925e-02 -5.170000000000000290e-02 -4.560000000000000164e-02 -7.400000000000003797e-03 -2.980000000000000704e-02 5.400000000000002021e-03 2.631689999999999897e-03 8.335690000000001501e-03 1.971360000000000126e-03 1.331715999999999976e-02 1.142439999999999775e-03 1.398760000000000194e-03 3.204099999999999765e-04 2.672890000000000248e-03 2.079360000000000149e-03 5.476000000000005847e-05 8.880400000000004219e-04 2.916000000000002236e-05 1.531611125000000000e+06 1.636365750000000000e+06
1.000000000000000000e+00 -4.390000000000000152e-02 -1.345999999999999974e-01 2.189999999999999933e-02 -1.120000000000000023e-01 4.410000000000000031e-02 4.039999999999999841e-02 7.399999999999996858e-03 -4.329999999999999127e-02 6.629999999999999782e-02 3.400000000000000244e-03 1.030000000000000360e-02 2.999999999999995726e-03 1.927210000000000164e-03 1.811716000000000021e-02 4.796099999999999973e-04 1.254400000000000133e-02 1.944809999999999942e-03 1.632159999999999904e-03 5.475999999999995682e-05 1.874889999999999283e-03 4.395689999999999840e-03 1.156000000000000113e-05 1.060900000000000769e-04 8.999999999999974817e-06 1.532213375000000000e+06 1.636914000000000000e+06
1.000000000000000000e+00 -7.090000000000000469e-02 -5.390000000000000346e-02 2.000000000000000096e-04 -1.320999999999999952e-01 6.300000000000000044e-02 4.410000000000000031e-02 -2.700000000000000316e-02 8.069999999999999396e-02 -2.170000000000000054e-02 -2.009999999999999287e-02 1.890000000000000013e-02 3.700000000000001898e-03 5.026810000000000479e-03 2.905210000000000518e-03 4.000000000000000084e-08 1.745040999999999953e-02 3.969000000000000306e-03 1.944809999999999942e-03 7.290000000000001557e-04 6.512489999999999252e-03 4.708900000000000130e-04 4.040099999999997317e-04 3.572100000000000036e-04 1.369000000000001462e-05 1.533055125000000000e+06 1.637293000000000000e+06
1.000000000000000000e+00 -5.559999999999999665e-02 -3.889999999999999708e-02 4.039999999999999841e-02 -1.222000000000000031e-01 6.710000000000000686e-02 3.139999999999999736e-02 1.530000000000000804e-02 1.500000000000000638e-02 4.019999999999999962e-02 9.899999999999992140e-03 4.100000000000006417e-03 -1.270000000000000295e-02 3.091359999999999594e-03 1.513209999999999859e-03 1.632159999999999904e-03 1.493284000000000104e-02 4.502410000000000960e-03 9.859599999999999181e-04 2.340900000000002473e-04 2.250000000000001836e-04 1.616040000000000011e-03 9.800999999999984258e-05 1.681000000000005420e-05 1.612900000000000770e-04 1.532807125000000000e+06 1.636868250000000000e+06
1.000000000000000000e+00 -7.290000000000000646e-02 -7.539999999999999480e-02 -1.580000000000000154e-02 -7.979999999999999594e-02 1.050000000000000065e-02 2.350000000000000006e-02 -1.730000000000000981e-02 -3.649999999999999772e-02 -5.619999999999999996e-02 4.240000000000000713e-02 -5.660000000000000447e-02 -7.899999999999997302e-03 5.314410000000001182e-03 5.685159999999998999e-03 2.496400000000000290e-04 6.368039999999999291e-03 1.102500000000000100e-04 5.522500000000000065e-04 2.992900000000003414e-04 1.332249999999999884e-03 3.158440000000000206e-03 1.797760000000000677e-03 3.203560000000000695e-03 6.240999999999995303e-05 1.532725750000000000e+06 1.639797875000000000e+06
1.000000000000000000e+00 -5.469999999999999862e-02 -9.229999999999999316e-02 -8.340000000000000191e-02 -1.189999999999999947e-01 1.789999999999999925e-02 7.199999999999999803e-03 1.820000000000000784e-02 -1.689999999999999836e-02 -6.759999999999999343e-02 -3.919999999999999873e-02 7.399999999999998593e-03 -1.630000000000000199e-02 2.992089999999999767e-03 8.519289999999998808e-03 6.955560000000000388e-03 1.416099999999999824e-02 3.204099999999999765e-04 5.183999999999999833e-05 3.312400000000002777e-04 2.856099999999999438e-04 4.569759999999999101e-03 1.536639999999999924e-03 5.475999999999997715e-05 2.656900000000000667e-04 1.533098125000000000e+06 1.638954500000000000e+06
1.000000000000000000e+00 -7.910000000000000364e-02 -9.729999999999999760e-02 -4.599999999999999922e-03 -7.679999999999999327e-02 5.460000000000000270e-02 6.000000000000000125e-03 -2.440000000000000502e-02 -5.000000000000004441e-03 7.880000000000000893e-02 4.220000000000000140e-02 3.670000000000000345e-02 -1.199999999999999678e-03 6.256810000000000670e-03 9.467289999999999733e-03 2.116000000000000069e-05 5.898239999999999039e-03 2.981160000000000494e-03 3.600000000000000091e-05 5.953600000000002900e-04 2.500000000000004524e-05 6.209440000000001833e-03 1.780840000000000114e-03 1.346890000000000327e-03 1.439999999999999130e-06 1.532093875000000000e+06 1.638389000000000000e+06
1.000000000000000000e+00 -5.480000000000000149e-02 -6.800000000000000488e-02 9.189999999999999558e-02 -1.264000000000000123e-01 1.125000000000000028e-01 -2.220000000000000098e-02 2.430000000000000215e-02 2.929999999999999272e-02 9.650000000000000244e-02 -4.960000000000001907e-02 5.790000000000000008e-02 -2.820000000000000284e-02 3.003040000000000223e-03 4.624000000000000506e-03 8.445609999999999229e-03 1.597696000000000185e-02 1.265625000000000083e-02 4.928400000000000315e-04 5.904900000000001554e-04 8.584899999999996223e-04 9.312250000000001082e-03 2.460160000000002033e-03 3.352410000000000112e-03 7.952400000000001178e-04 1.531435500000000000e+06 1.637747250000000000e+06
1.000000000000000000e+00 -3.590000000000000135e-02 -6.199999999999999782e-03 8.609999999999999598e-02 -9.070000000000000284e-02 9.969999999999999696e-02 -7.100000000000000408e-03 1.890000000000000013e-02 6.180000000000000770e-02 -5.799999999999999600e-03 3.570000000000000950e-02 -1.280000000000000582e-02 1.510000000000000057e-02 1.288810000000000042e-03 3.843999999999999788e-05 7.413209999999999071e-03 8.226490000000001232e-03 9.940089999999998649e-03 5.041000000000000694e-05 3.572100000000000036e-04 3.819240000000001089e-03 3.363999999999999640e-05 1.274490000000000735e-03 1.638400000000001390e-04 2.280100000000000074e-04 1.532510625000000000e+06 1.635393125000000000e+06
1.000000000000000000e+00 -8.840000000000000635e-02 6.000000000000000125e-03 1.149999999999999981e-02 -1.237999999999999934e-01 4.019999999999999962e-02 -1.779999999999999985e-02 -5.250000000000000500e-02 1.219999999999999904e-02 -7.459999999999999964e-02 -3.309999999999999054e-02 -5.949999999999999734e-02 -1.069999999999999944e-02 7.814560000000001644e-03 3.600000000000000091e-05 1.322499999999999891e-04 1.532643999999999847e-02 1.616040000000000011e-03 3.168399999999999819e-04 2.756250000000000453e-03 1.488399999999999641e-04 5.565159999999999552e-03 1.095609999999999466e-03 3.540249999999999560e-03 1.144899999999999830e-04 1.532684125000000000e+06 1.635130125000000000e+06
1.000000000000000000e+00 -3.570000000000000256e-02 -1.708000000000000074e-01 -3.579999999999999849e-02 -8.060000000000000497e-02 3.649999999999999772e-02 -2.040000000000000147e-02 5.270000000000000379e-02 -1.768000000000000127e-01 -4.729999999999999483e-02 4.319999999999998841e-02 -3.700000000000001898e-03 -2.600000000000001615e-03 1.274490000000000085e-03 2.917264000000000315e-02 1.281639999999999906e-03 6.496360000000000502e-03 1.332249999999999884e-03 4.161600000000000542e-04 2.777290000000000401e-03 3.125824000000000658e-02 2.237289999999999418e-03 1.866239999999999045e-03 1.369000000000001462e-05 6.760000000000008122e-06 1.531846000000000000e+06 1.637999750000000000e+06
1.000000000000000000e+00 -3.490000000000000047e-02 -3.299999999999999982e-03 9.950000000000000511e-02 -1.213999999999999940e-01 9.710000000000000575e-02 -1.870000000000000134e-02 8.000000000000020983e-04 1.675000000000000100e-01 1.353000000000000036e-01 -4.079999999999998905e-02 6.060000000000000803e-02 1.700000000000000122e-03 1.218010000000000056e-03 1.088999999999999907e-05 9.900250000000001063e-03 1.473795999999999787e-02 9.428410000000001651e-03 3.496900000000000485e-04 6.400000000000034015e-07 2.805625000000000480e-02 1.830609000000000056e-02 1.664639999999999133e-03 3.672360000000000815e-03 2.890000000000000282e-06 1.532796375000000000e+06 1.638931750000000000e+06
1.000000000000000000e+00 -3.610000000000000014e-02 -8.390000000000000235e-02 -4.630000000000000088e-02 -6.130000000000000032e-02 4.769999999999999934e-02 -3.790000000000000313e-02 -1.199999999999999678e-03 -8.060000000000000497e-02 -1.458000000000000129e-01 6.009999999999999371e-02 -4.940000000000000641e-02 -1.920000000000000179e-02 1.303209999999999959e-03 7.039210000000000605e-03 2.143690000000000179e-03 3.757690000000000162e-03 2.275290000000000125e-03 1.436410000000000161e-03 1.439999999999999130e-06 6.496360000000000502e-03 2.125764000000000473e-02 3.612009999999999266e-03 2.440360000000000792e-03 3.686400000000000484e-04 1.532430875000000000e+06 1.638595875000000000e+06
1.000000000000000000e+00 -3.930000000000000160e-02 -2.026000000000000023e-01 5.040000000000000036e-02 -1.164000000000000035e-01 -3.239999999999999825e-02 -5.659999999999999754e-02 -3.200000000000001454e-03 -1.187000000000000000e-01 9.670000000000000817e-02 -5.510000000000000314e-02 -8.010000000000000453e-02 -1.869999999999999440e-02 1.544490000000000142e-03 4.104676000000000158e-02 2.540160000000000074e-03 1.354896000000000052e-02 1.049759999999999843e-03 3.203559999999999828e-03 1.024000000000000868e-05 1.408969000000000020e-02 9.350890000000002325e-03 3.036010000000000444e-03 6.416010000000000636e-03 3.496899999999997775e-04 1.533054375000000000e+06 1.639371875000000000e+06
1.000000000000000000e+00 -5.240000000000000213e-02 4.189999999999999974e-02 1.739999999999999880e-02 -3.860000000000000236e-02 7.340000000000000691e-02 -3.320000000000000034e-02 -1.310000000000000053e-02 2.444999999999999951e-01 -3.300000000000000155e-02 7.780000000000000804e-02 1.058000000000000052e-01 2.339999999999999719e-02 2.745760000000000301e-03 1.755609999999999896e-03 3.027599999999999541e-04 1.489960000000000243e-03 5.387560000000001306e-03 1.102239999999999991e-03 1.716100000000000188e-04 5.978025000000000005e-02 1.089000000000000124e-03 6.052840000000001171e-03 1.119364000000000123e-02 5.475599999999998871e-04 1.532720875000000000e+06 1.639432375000000000e+06
1.000000000000000000e+00 -2.790000000000000119e-02 -6.990000000000000380e-02 -5.990000000000000185e-02 -9.099999999999999756e-02 -6.829999999999999960e-02 -1.499999999999999944e-02 2.450000000000000094e-02 -1.118000000000000105e-01 -7.730000000000000759e-02 -5.239999999999999519e-02 -1.416999999999999926e-01 1.820000000000000090e-02 7.784100000000001044e-04 4.886010000000000526e-03 3.588010000000000418e-03 8.281000000000000166e-03 4.664889999999999662e-03 2.249999999999999938e-04 6.002500000000000890e-04 1.249924000000000174e-02 5.975290000000001156e-03 2.745759999999999434e-03 2.007888999999999854e-02 3.312400000000000067e-04 1.533552750000000000e+06 1.639375625000000000e+06
1.000000000000000000e+00 -6.119999999999999746e-02 -8.859999999999999820e-02 1.147999999999999993e-01 -2.680000000000000090e-02 -3.799999999999999906e-02 1.799999999999999864e-02 -3.329999999999999627e-02 -1.869999999999999440e-02 1.746999999999999942e-01 6.419999999999999318e-02 3.030000000000000054e-02 3.300000000000000155e-02 3.745439999999999620e-03 7.849959999999999577e-03 1.317903999999999951e-02 7.182400000000000893e-04 1.443999999999999971e-03 3.239999999999999608e-04 1.108889999999999746e-03 3.496899999999997775e-04 3.052008999999999625e-02 4.121639999999999332e-03 9.180899999999999868e-04 1.089000000000000124e-03 1.531682750000000000e+06 1.636308000000000000e+06
1.000000000000000000e+00 -2.429999999999999868e-02 8.169999999999999485e-02 -4.900000000000000189e-02 -5.430000000000000104e-02 3.869999999999999829e-02 -3.579999999999999849e-02 3.690000000000000224e-02 1.703000000000000069e-01 -1.638000000000000012e-01 -2.750000000000000014e-02 7.669999999999999041e-02 -5.380000000000000060e-02 5.904899999999999385e-04 6.674889999999999296e-03 2.401000000000000356e-03 2.948490000000000225e-03 1.497689999999999872e-03 1.281639999999999906e-03 1.361610000000000077e-03 2.900209000000000120e-02 2.683044000000000054e-02 7.562499999999999778e-04 5.882889999999998260e-03 2.894439999999999860e-03 1.533571125000000000e+06 1.637439750000000000e+06
1.000000000000000000e+00 -2.910000000000000087e-02 -1.764999999999999902e-01 -1.005000000000000060e-01 -7.090000000000000469e-02 -3.740000000000000269e-02 1.469999999999999953e-02 -4.800000000000002182e-03 -2.581999999999999851e-01 -5.150000000000000411e-02 -1.660000000000000364e-02 -7.610000000000000098e-02 5.049999999999999628e-02 8.468100000000000323e-04 3.115224999999999592e-02 1.010025000000000159e-02 5.026810000000000479e-03 1.398760000000000194e-03 2.160899999999999995e-04 2.304000000000001996e-05 6.666723999999998873e-02 2.652250000000000527e-03 2.755600000000001061e-04 5.791209999999999761e-03 2.550249999999999566e-03 1.532479500000000000e+06 1.639912500000000000e+06
1.000000000000000000e+00 -2.419999999999999929e-02 -8.100000000000000255e-02 3.080000000000000099e-02 -5.109999999999999959e-02 1.280999999999999917e-01 -1.299999999999999940e-03 4.900000000000001577e-03 9.549999999999998768e-02 1.313000000000000000e-01 1.980000000000000510e-02 1.654999999999999805e-01 -1.600000000000000033e-02 5.856400000000000104e-04 6.560999999999999992e-03 9.486400000000000518e-04 2.611210000000000094e-03 1.640960999999999809e-02 1.689999999999999913e-06 2.401000000000001576e-05 9.120249999999998150e-03 1.723968999999999849e-02 3.920400000000001835e-04 2.739024999999999446e-02 2.559999999999999884e-04 1.532065500000000000e+06 1.638975375000000000e+06
1.000000000000000000e+00 -1.679999999999999896e-02 -1.480000000000000066e-02 -7.989999999999999880e-02 -4.150000000000000216e-02 -5.799999999999999600e-03 -1.830000000000000029e-02 7.400000000000000328e-03 6.620000000000000884e-02 -1.106999999999999929e-01 9.599999999999997424e-03 -1.338999999999999913e-01 -1.700000000000000122e-02 2.822399999999999540e-04 2.190400000000000170e-04 6.384009999999999858e-03 1.722250000000000256e-03 3.363999999999999640e-05 3.348900000000000141e-04 5.476000000000000426e-05 4.382440000000001334e-03 1.225448999999999809e-02 9.215999999999994433e-05 1.792920999999999751e-02 2.890000000000000316e-04 1.534054000000000000e+06 1.641316500000000000e+06
1.000000000000000000e+00 -3.690000000000000224e-02 -1.386999999999999900e-01 -1.000000000000000048e-04 -5.360000000000000181e-02 3.839999999999999664e-02 -3.599999999999999728e-02 -2.010000000000000328e-02 -1.238999999999999824e-01 7.979999999999999594e-02 -1.209999999999999964e-02 4.419999999999999624e-02 -1.769999999999999699e-02 1.361610000000000077e-03 1.923768999999999826e-02 1.000000000000000021e-08 2.872960000000000357e-03 1.474559999999999760e-03 1.295999999999999843e-03 4.040100000000001112e-04 1.535120999999999535e-02 6.368039999999999291e-03 1.464100000000000026e-04 1.953639999999999544e-03 3.132899999999998685e-04 1.534399000000000000e+06 1.642103625000000000e+06
1.000000000000000000e+00 -3.339999999999999913e-02 -6.610000000000000597e-02 1.529999999999999936e-02 -5.310000000000000137e-02 9.439999999999999780e-02 -7.530000000000000582e-02 3.500000000000003109e-03 7.259999999999998399e-02 1.539999999999999876e-02 5.000000000000004441e-04 5.600000000000000117e-02 -3.930000000000000854e-02 1.115560000000000032e-03 4.369210000000000975e-03 2.340899999999999763e-04 2.819610000000000172e-03 8.911360000000000114e-03 5.670090000000000893e-03 1.225000000000002163e-05 5.270759999999997600e-03 2.371599999999999587e-04 2.500000000000004651e-07 3.136000000000000332e-03 1.544490000000000576e-03 1.534611375000000000e+06 1.640659875000000000e+06
1.000000000000000000e+00 -6.819999999999999674e-02 -1.401000000000000023e-01 3.389999999999999958e-02 -8.790000000000000591e-02 2.319999999999999840e-02 -6.660000000000000642e-02 -3.479999999999999760e-02 -7.399999999999999634e-02 1.859999999999999848e-02 -3.480000000000000454e-02 -7.119999999999999940e-02 8.699999999999999400e-03 4.651239999999999195e-03 1.962801000000000129e-02 1.149209999999999902e-03 7.726410000000001263e-03 5.382399999999999424e-04 4.435560000000000717e-03 1.211039999999999816e-03 5.475999999999999097e-03 3.459599999999999199e-04 1.211040000000000250e-03 5.069439999999999710e-03 7.568999999999998852e-05 1.532646250000000000e+06 1.638243875000000000e+06
1.000000000000000000e+00 -8.319999999999999618e-02 -3.799999999999999992e-03 6.469999999999999363e-02 -8.540000000000000369e-02 7.580000000000000626e-02 -1.185999999999999971e-01 -1.499999999999999944e-02 1.363000000000000045e-01 3.079999999999999405e-02 2.500000000000002220e-03 5.260000000000000786e-02 -5.199999999999999067e-02 6.922239999999999643e-03 1.444000000000000066e-05 4.186089999999999083e-03 7.293160000000000788e-03 5.745640000000000643e-03 1.406595999999999888e-02 2.249999999999999938e-04 1.857769000000000087e-02 9.486399999999996181e-04 6.250000000000011311e-06 2.766760000000000920e-03 2.703999999999998939e-03 1.533010625000000000e+06 1.638733625000000000e+06
1.000000000000000000e+00 -1.100000000000000006e-01 -8.519999999999999796e-02 -6.419999999999999318e-02 -1.021999999999999992e-01 2.469999999999999973e-02 -7.879999999999999505e-02 -2.680000000000000437e-02 -8.140000000000000013e-02 -1.288999999999999868e-01 -1.679999999999999549e-02 -5.110000000000000653e-02 3.980000000000000204e-02 1.209999999999999964e-02 7.259039999999999590e-03 4.121639999999999332e-03 1.044484000000000037e-02 6.100899999999999813e-04 6.209439999999999231e-03 7.182400000000001977e-04 6.625960000000000183e-03 1.661520999999999831e-02 2.822399999999998456e-04 2.611210000000000527e-03 1.584040000000000101e-03 1.533245250000000000e+06 1.638133625000000000e+06
1.000000000000000000e+00 -8.329999999999999905e-02 -1.250000000000000000e-01 5.179999999999999882e-02 -1.242000000000000048e-01 -9.199999999999999845e-03 -6.169999999999999790e-02 2.670000000000000151e-02 -3.980000000000000204e-02 1.159999999999999920e-01 -2.200000000000000566e-02 -3.389999999999999958e-02 1.709999999999999715e-02 6.938889999999999642e-03 1.562500000000000000e-02 2.683239999999999931e-03 1.542564000000000088e-02 8.464000000000000278e-05 3.806889999999999840e-03 7.128900000000000948e-04 1.584040000000000101e-03 1.345599999999999748e-02 4.840000000000002720e-04 1.149209999999999902e-03 2.924099999999998922e-04 1.531041500000000000e+06 1.633205750000000000e+06
1.000000000000000000e+00 -5.319999999999999729e-02 3.119999999999999996e-01 -7.399999999999999634e-02 -9.769999999999999518e-02 1.960000000000000075e-01 -1.468000000000000138e-01 3.010000000000000175e-02 4.369999999999999996e-01 -1.257999999999999952e-01 2.650000000000000966e-02 2.051999999999999935e-01 -8.510000000000000897e-02 2.830239999999999926e-03 9.734399999999999997e-02 5.475999999999999097e-03 9.545289999999999678e-03 3.841600000000000570e-02 2.155024000000000522e-02 9.060100000000000618e-04 1.909689999999999999e-01 1.582563999999999846e-02 7.022500000000005084e-04 4.210703999999999836e-02 7.242010000000001849e-03 1.535432000000000000e+06 1.635993000000000000e+06
1.000000000000000000e+00 -4.200000000000000261e-02 3.160000000000000309e-02 -1.419999999999999873e-01 -1.396000000000000019e-01 -4.719999999999999890e-02 -1.822000000000000008e-01 1.119999999999999468e-02 -2.803999999999999826e-01 -6.799999999999999101e-02 -4.190000000000000668e-02 -2.431999999999999995e-01 -3.539999999999998703e-02 1.764000000000000160e-03 9.985600000000001159e-04 2.016399999999999790e-02 1.948816000000000090e-02 2.227840000000000029e-03 3.319683999999999829e-02 1.254399999999998832e-04 7.862415999999998462e-02 4.623999999999998771e-03 1.755610000000000547e-03 5.914624000000000270e-02 1.253159999999999040e-03 1.534103500000000000e+06 1.640730625000000000e+06
1.000000000000000000e+00 -1.146999999999999964e-01 -4.662000000000000033e-01 1.040999999999999981e-01 -1.605000000000000038e-01 -1.436999999999999944e-01 -1.453000000000000125e-01 -7.269999999999998685e-02 -4.978000000000000203e-01 2.460999999999999854e-01 -2.090000000000000191e-02 -9.650000000000000244e-02 3.689999999999998836e-02 1.315608999999999876e-02 2.173424399999999979e-01 1.083680999999999880e-02 2.576025000000000190e-02 2.064968999999999832e-02 2.111209000000000349e-02 5.285289999999998045e-03 2.478048400000000262e-01 6.056520999999999433e-02 4.368100000000000953e-04 9.312250000000001082e-03 1.361609999999999210e-03 1.534643375000000000e+06 1.636747000000000000e+06
1.000000000000000000e+00 -1.173000000000000015e-01 -3.950000000000000039e-02 1.123999999999999999e-01 -1.325000000000000067e-01 1.388999999999999957e-01 -1.312000000000000111e-01 -2.600000000000005085e-03 4.267000000000000237e-01 8.300000000000001821e-03 2.799999999999999711e-02 2.825999999999999623e-01 1.410000000000000142e-02 1.375929000000000041e-02 1.560250000000000005e-03 1.263376000000000082e-02 1.755625000000000241e-02 1.929320999999999814e-02 1.721344000000000346e-02 6.760000000000026757e-06 1.820728900000000150e-01 6.889000000000002652e-05 7.839999999999998663e-04 7.986275999999997710e-02 1.988100000000000294e-04 1.534422375000000000e+06 1.636252875000000000e+06
1.000000000000000000e+00 -1.005000000000000060e-01 1.194999999999999951e-01 -2.939999999999999905e-02 -1.260999999999999899e-01 8.509999999999999509e-02 -1.207000000000000017e-01 1.679999999999999549e-02 1.590000000000000024e-01 -1.418000000000000094e-01 6.400000000000016787e-03 -5.380000000000000060e-02 1.050000000000000933e-02 1.010025000000000159e-02 1.428024999999999954e-02 8.643599999999999981e-04 1.590120999999999896e-02 7.242009999999999247e-03 1.456848999999999991e-02 2.822399999999998456e-04 2.528100000000000139e-02 2.010724000000000192e-02 4.096000000000021770e-05 2.894439999999999860e-03 1.102500000000001997e-04 1.534235000000000000e+06 1.636429000000000000e+06
1.000000000000000000e+00 -4.340000000000000108e-02 -2.106000000000000094e-01 -7.100000000000000408e-03 -8.550000000000000655e-02 -3.679999999999999938e-02 2.399999999999999790e-03 5.710000000000000492e-02 -3.301000000000000045e-01 2.230000000000000038e-02 4.059999999999998332e-02 -1.218999999999999945e-01 1.231000000000000011e-01 1.883560000000000052e-03 4.435236000000000733e-02 5.041000000000000694e-05 7.310250000000000775e-03 1.354240000000000044e-03 5.759999999999999062e-06 3.260410000000000478e-03 1.089660100000000020e-01 4.972900000000000584e-04 1.648359999999998672e-03 1.485960999999999879e-02 1.515360999999999965e-02 1.530634125000000000e+06 1.628861125000000000e+06
1.000000000000000000e+00 -1.959999999999999937e-02 -1.302000000000000102e-01 1.099999999999999936e-02 -1.195999999999999980e-01 2.000000000000000042e-02 -3.289999999999999869e-02 2.380000000000000171e-02 8.039999999999999925e-02 1.809999999999999803e-02 -3.409999999999999143e-02 5.680000000000000326e-02 -3.529999999999999805e-02 3.841599999999999811e-04 1.695204000000000155e-02 1.209999999999999867e-04 1.430415999999999979e-02 4.000000000000000192e-04 1.082410000000000013e-03 5.664400000000000858e-04 6.464160000000000045e-03 3.276099999999999347e-04 1.162809999999999365e-03 3.226240000000000444e-03 1.246089999999999828e-03 1.529464375000000000e+06 1.623768500000000000e+06
1.000000000000000000e+00 -4.000000000000000192e-04 -1.393000000000000071e-01 -2.520000000000000018e-02 -5.390000000000000346e-02 -5.269999999999999685e-02 6.400000000000000307e-03 1.919999999999999832e-02 -9.099999999999996980e-03 -3.619999999999999607e-02 6.569999999999999452e-02 -7.270000000000000073e-02 3.930000000000000160e-02 1.600000000000000033e-07 1.940449000000000340e-02 6.350400000000000185e-04 2.905210000000000518e-03 2.777289999999999533e-03 4.096000000000000086e-05 3.686399999999999400e-04 8.280999999999994745e-05 1.310439999999999739e-03 4.316489999999999216e-03 5.285289999999999780e-03 1.544490000000000142e-03 1.528482125000000000e+06 1.627877125000000000e+06
1.000000000000000000e+00 -3.620000000000000301e-02 -1.034999999999999948e-01 8.999999999999999667e-02 -1.315000000000000058e-01 -1.689999999999999836e-02 -2.440000000000000155e-02 -3.580000000000000543e-02 3.580000000000001237e-02 1.151999999999999968e-01 -7.760000000000000231e-02 3.579999999999999849e-02 -3.080000000000000099e-02 1.310440000000000172e-03 1.071224999999999955e-02 8.099999999999999561e-03 1.729225000000000206e-02 2.856099999999999438e-04 5.953600000000000732e-04 1.281640000000000340e-03 1.281640000000000990e-03 1.327103999999999957e-02 6.021760000000000133e-03 1.281639999999999906e-03 9.486400000000000518e-04 1.528057125000000000e+06 1.624700750000000000e+06
1.000000000000000000e+00 -3.299999999999999982e-03 -6.140000000000000319e-02 1.129999999999999928e-02 -5.249999999999999806e-02 -8.899999999999999925e-03 -1.490000000000000005e-02 3.290000000000000563e-02 4.209999999999999160e-02 -7.869999999999999218e-02 7.900000000000001465e-02 7.999999999999998432e-03 9.500000000000001499e-03 1.088999999999999907e-05 3.769960000000000585e-03 1.276899999999999921e-04 2.756249999999999586e-03 7.920999999999999547e-05 2.220099999999999971e-04 1.082410000000000446e-03 1.772409999999999220e-03 6.193689999999999092e-03 6.241000000000002622e-03 6.399999999999997000e-05 9.025000000000002530e-05 1.528415375000000000e+06 1.627349500000000000e+06
1.000000000000000000e+00 -4.529999999999999999e-02 -8.899999999999999925e-03 3.339999999999999913e-02 -7.459999999999999964e-02 -8.600000000000000006e-03 -1.969999999999999876e-02 -4.200000000000000261e-02 5.250000000000000500e-02 2.210000000000000159e-02 -2.210000000000000159e-02 2.999999999999999195e-04 -4.799999999999998712e-03 2.052089999999999904e-03 7.920999999999999547e-05 1.115560000000000032e-03 5.565159999999999552e-03 7.396000000000000339e-05 3.880899999999999519e-04 1.764000000000000160e-03 2.756250000000000453e-03 4.884100000000001027e-04 4.884100000000001027e-04 8.999999999999994563e-08 2.303999999999998608e-05 1.530489250000000000e+06 1.628324375000000000e+06
1.000000000000000000e+00 4.000000000000000192e-04 -7.199999999999999456e-02 -1.119999999999999989e-02 -4.780000000000000221e-02 2.000000000000000096e-04 -1.100000000000000066e-03 4.569999999999999757e-02 -6.309999999999998943e-02 -4.460000000000000075e-02 2.679999999999999744e-02 8.800000000000000530e-03 1.859999999999999848e-02 1.600000000000000033e-07 5.183999999999999372e-03 1.254399999999999916e-04 2.284840000000000221e-03 4.000000000000000084e-08 1.210000000000000062e-06 2.088489999999999704e-03 3.981609999999998276e-03 1.989160000000000234e-03 7.182399999999998725e-04 7.744000000000000395e-05 3.459599999999999199e-04 1.531424625000000000e+06 1.632852750000000000e+06
1.000000000000000000e+00 -2.089999999999999844e-02 -1.368999999999999939e-01 -2.129999999999999949e-02 -6.990000000000000380e-02 4.400000000000000265e-03 -2.079999999999999905e-02 -2.129999999999999949e-02 -6.489999999999999936e-02 -1.009999999999999960e-02 -2.210000000000000159e-02 4.200000000000000608e-03 -1.969999999999999876e-02 4.368099999999999327e-04 1.874160999999999883e-02 4.536899999999999744e-04 4.886010000000000526e-03 1.936000000000000099e-05 4.326399999999999777e-04 4.536899999999999744e-04 4.212009999999999539e-03 1.020099999999999940e-04 4.884100000000001027e-04 1.764000000000000390e-05 3.880899999999999519e-04 1.533446875000000000e+06 1.635687250000000000e+06
1.000000000000000000e+00 -1.899999999999999996e-03 -5.909999999999999976e-02 -1.009999999999999960e-02 -5.739999999999999963e-02 2.050000000000000086e-02 -1.220000000000000077e-02 1.899999999999999953e-02 7.779999999999999416e-02 1.119999999999999989e-02 1.250000000000000416e-02 1.609999999999999973e-02 8.599999999999998271e-03 3.610000000000000165e-06 3.492809999999999838e-03 1.020099999999999940e-04 3.294759999999999876e-03 4.202500000000000506e-04 1.488400000000000183e-04 3.609999999999999928e-04 6.052839999999999436e-03 1.254399999999999916e-04 1.562500000000001117e-04 2.592100000000000068e-04 7.395999999999997628e-05 1.534471000000000000e+06 1.637234750000000000e+06
1.000000000000000000e+00 -1.980000000000000163e-02 -7.820000000000000562e-02 -5.000000000000000278e-02 -7.520000000000000295e-02 -6.799999999999999621e-03 2.099999999999999870e-03 -1.790000000000000271e-02 -1.910000000000000586e-02 -3.990000000000000491e-02 -1.780000000000000332e-02 -2.730000000000000135e-02 1.430000000000000021e-02 3.920400000000000751e-04 6.115240000000000953e-03 2.500000000000000486e-03 5.655040000000000067e-03 4.623999999999999774e-05 4.409999999999999282e-06 3.204100000000000849e-04 3.648100000000002426e-04 1.592010000000000473e-03 3.168400000000001445e-04 7.452900000000001234e-04 2.044900000000000157e-04 1.535431375000000000e+06 1.641411375000000000e+06
1.000000000000000000e+00 -1.569999999999999868e-02 -8.200000000000000691e-03 -3.849999999999999950e-02 -6.429999999999999605e-02 -1.089999999999999997e-02 -3.520000000000000212e-02 4.100000000000002948e-03 7.000000000000000666e-02 1.150000000000000328e-02 1.090000000000000691e-02 -4.100000000000000346e-03 -3.729999999999999982e-02 2.464899999999999795e-04 6.724000000000001352e-05 1.482250000000000061e-03 4.134489999999999346e-03 1.188099999999999958e-04 1.239040000000000063e-03 1.681000000000002371e-05 4.900000000000000709e-03 1.322500000000000704e-04 1.188100000000001449e-04 1.681000000000000338e-05 1.391289999999999888e-03 1.535487125000000000e+06 1.638214625000000000e+06
1.000000000000000000e+00 -3.629999999999999893e-02 -7.000000000000000146e-03 -2.479999999999999913e-02 -8.730000000000000260e-02 2.740000000000000074e-02 -4.739999999999999769e-02 -2.060000000000000026e-02 1.200000000000000545e-03 1.370000000000000037e-02 -2.300000000000000655e-02 3.830000000000000071e-02 -1.219999999999999557e-02 1.317689999999999834e-03 4.900000000000000519e-05 6.150399999999999661e-04 7.621290000000000182e-03 7.507600000000000558e-04 2.246759999999999990e-03 4.243600000000000367e-04 1.440000000000001248e-06 1.876900000000000139e-04 5.290000000000002816e-04 1.466889999999999991e-03 1.488399999999998828e-04 1.536609375000000000e+06 1.642110875000000000e+06
1.000000000000000000e+00 -6.149999999999999911e-02 -3.300000000000000155e-02 -3.660000000000000059e-02 -8.899999999999999578e-02 7.030000000000000138e-02 -4.299999999999999656e-02 -2.520000000000000018e-02 -2.600000000000000228e-02 -1.180000000000000146e-02 -1.699999999999993183e-03 4.290000000000000063e-02 4.400000000000001132e-03 3.782250000000000022e-03 1.089000000000000124e-03 1.339560000000000056e-03 7.920999999999999222e-03 4.942090000000000545e-03 1.848999999999999732e-03 6.350400000000000185e-04 6.760000000000001685e-04 1.392400000000000289e-04 2.889999999999976989e-06 1.840410000000000006e-03 1.936000000000001115e-05 1.537574500000000000e+06 1.645925125000000000e+06
1.000000000000000000e+00 -6.489999999999999936e-02 -8.959999999999999909e-02 -1.609999999999999973e-02 -1.015999999999999959e-01 4.819999999999999979e-02 -3.919999999999999873e-02 -3.400000000000000244e-03 -5.659999999999999754e-02 2.050000000000000086e-02 -1.260000000000000009e-02 -2.210000000000000159e-02 3.799999999999997824e-03 4.212009999999999539e-03 8.028159999999999463e-03 2.592100000000000068e-04 1.032255999999999972e-02 2.323239999999999854e-03 1.536639999999999924e-03 1.156000000000000113e-05 3.203559999999999828e-03 4.202500000000000506e-04 1.587600000000000046e-04 4.884100000000001027e-04 1.443999999999998372e-05 1.537011625000000000e+06 1.642796000000000000e+06
1.000000000000000000e+00 -1.023000000000000020e-01 -5.899999999999999863e-03 -2.599999999999999881e-03 -1.106000000000000039e-01 -4.229999999999999732e-02 -9.799999999999999684e-03 -3.740000000000000269e-02 8.369999999999999662e-02 1.349999999999999985e-02 -9.000000000000007994e-03 -9.049999999999999711e-02 2.939999999999999905e-02 1.046529000000000036e-02 3.481000000000000045e-05 6.759999999999999652e-06 1.223236000000000115e-02 1.789289999999999804e-03 9.603999999999999527e-05 1.398760000000000194e-03 7.005689999999999314e-03 1.822499999999999847e-04 8.100000000000013927e-05 8.190249999999999614e-03 8.643599999999999981e-04 1.535545000000000000e+06 1.642339000000000000e+06
1.000000000000000000e+00 -7.749999999999999944e-02 6.900000000000000577e-02 -6.279999999999999472e-02 -1.052000000000000018e-01 2.960000000000000131e-02 -5.480000000000000149e-02 2.480000000000000260e-02 7.490000000000000824e-02 -6.019999999999999657e-02 5.400000000000002021e-03 7.189999999999999170e-02 -4.499999999999999833e-02 6.006250000000000304e-03 4.761000000000000475e-03 3.943839999999999672e-03 1.106704000000000021e-02 8.761600000000000681e-04 3.003040000000000223e-03 6.150400000000001829e-04 5.610010000000001211e-03 3.624039999999999380e-03 2.916000000000002236e-05 5.169609999999998963e-03 2.024999999999999890e-03 1.537320125000000000e+06 1.643740625000000000e+06
1.000000000000000000e+00 -2.989999999999999949e-02 -9.379999999999999449e-02 6.959999999999999520e-02 -1.395000000000000129e-01 4.839999999999999858e-02 -2.769999999999999893e-02 4.760000000000000342e-02 -1.628000000000000003e-01 1.323999999999999899e-01 -3.430000000000001104e-02 1.879999999999999727e-02 2.710000000000000256e-02 8.940099999999999870e-04 8.798439999999999386e-03 4.844159999999999265e-03 1.946025000000000532e-02 2.342560000000000042e-03 7.672899999999998992e-04 2.265760000000000343e-03 2.650384000000000073e-02 1.752975999999999840e-02 1.176490000000000738e-03 3.534399999999998957e-04 7.344100000000001191e-04 1.535393875000000000e+06 1.644075875000000000e+06
1.000000000000000000e+00 -8.000000000000000167e-03 -8.550000000000000655e-02 -9.679999999999999716e-02 -1.174000000000000044e-01 5.469999999999999862e-02 -2.759999999999999953e-02 2.189999999999999933e-02 8.299999999999987943e-03 -1.663999999999999924e-01 2.210000000000000853e-02 6.300000000000000044e-03 9.999999999999939493e-05 6.399999999999999710e-05 7.310250000000000775e-03 9.370240000000000166e-03 1.378276000000000154e-02 2.992089999999999767e-03 7.617599999999999979e-04 4.796099999999999973e-04 6.888999999999979613e-05 2.768895999999999857e-02 4.884100000000004280e-04 3.969000000000000116e-05 9.999999999999879441e-09 1.536425625000000000e+06 1.643497500000000000e+06
1.000000000000000000e+00 -2.670000000000000151e-02 2.359999999999999945e-02 -2.220000000000000098e-02 -7.320000000000000118e-02 5.979999999999999899e-02 -2.949999999999999845e-02 -1.870000000000000134e-02 1.091000000000000025e-01 7.459999999999999964e-02 4.420000000000000318e-02 5.100000000000000366e-03 -1.899999999999998912e-03 7.128900000000000948e-04 5.569600000000000072e-04 4.928400000000000315e-04 5.358240000000000225e-03 3.576039999999999948e-03 8.702499999999999299e-04 3.496900000000000485e-04 1.190280999999999978e-02 5.565159999999999552e-03 1.953640000000000411e-03 2.601000000000000339e-05 3.609999999999995930e-06 1.536491125000000000e+06 1.646256875000000000e+06
1.000000000000000000e+00 3.200000000000000153e-03 5.499999999999999681e-03 -5.319999999999999729e-02 -1.050999999999999990e-01 -8.680000000000000215e-02 -1.940000000000000058e-02 2.990000000000000296e-02 -1.809999999999999803e-02 -3.099999999999999631e-02 -3.189999999999999780e-02 -1.466000000000000081e-01 1.009999999999999787e-02 1.024000000000000021e-05 3.024999999999999667e-05 2.830239999999999926e-03 1.104601000000000020e-02 7.534240000000000208e-03 3.763600000000000083e-04 8.940100000000002038e-04 3.276099999999999347e-04 9.609999999999997234e-04 1.017609999999999956e-03 2.149156000000000330e-02 1.020099999999999534e-04 1.537263625000000000e+06 1.645987000000000000e+06
1.000000000000000000e+00 -3.980000000000000204e-02 -7.149999999999999412e-02 -8.930000000000000437e-02 -6.600000000000000311e-02 -2.759999999999999953e-02 -2.500000000000000139e-02 -4.300000000000000350e-02 -7.699999999999999900e-02 -3.610000000000000708e-02 3.909999999999999587e-02 5.920000000000000262e-02 -5.600000000000000810e-03 1.584040000000000101e-03 5.112249999999998740e-03 7.974490000000000745e-03 4.356000000000000497e-03 7.617599999999999979e-04 6.250000000000001214e-04 1.849000000000000383e-03 5.929000000000000242e-03 1.303210000000000609e-03 1.528809999999999588e-03 3.504640000000000272e-03 3.136000000000001146e-05 1.537132375000000000e+06 1.645537750000000000e+06
1.000000000000000000e+00 -2.210000000000000159e-02 -5.390000000000000346e-02 -7.000000000000000146e-03 -1.234999999999999987e-01 1.213999999999999940e-01 -4.950000000000000233e-02 1.770000000000000046e-02 1.759999999999999065e-02 8.229999999999999816e-02 -5.749999999999999556e-02 1.489999999999999936e-01 -2.450000000000000094e-02 4.884100000000001027e-04 2.905210000000000518e-03 4.900000000000000519e-05 1.525225000000000018e-02 1.473795999999999787e-02 2.450250000000000171e-03 3.132900000000000311e-04 3.097599999999996905e-04 6.773289999999999519e-03 3.306249999999999294e-03 2.220099999999999851e-02 6.002500000000000890e-04 1.538401125000000000e+06 1.647512125000000000e+06
1.000000000000000000e+00 -5.059999999999999915e-02 -6.710000000000000686e-02 4.259999999999999898e-02 -8.569999999999999840e-02 1.460000000000000013e-02 -5.319999999999999729e-02 -2.849999999999999756e-02 -1.320000000000000340e-02 4.959999999999999826e-02 3.780000000000000027e-02 -1.067999999999999922e-01 -3.699999999999994960e-03 2.560359999999999806e-03 4.502410000000000960e-03 1.814759999999999898e-03 7.344489999999999526e-03 2.131599999999999988e-04 2.830239999999999926e-03 8.122499999999998211e-04 1.742400000000000936e-04 2.460159999999999864e-03 1.428840000000000015e-03 1.140623999999999805e-02 1.368999999999996210e-05 1.538287750000000000e+06 1.644852375000000000e+06
1.000000000000000000e+00 -7.370000000000000162e-02 -8.340000000000000191e-02 1.679999999999999896e-02 -1.658000000000000029e-01 2.659999999999999865e-02 -3.269999999999999990e-02 -2.310000000000000248e-02 -1.629999999999999505e-02 -2.580000000000000002e-02 -8.010000000000000453e-02 1.199999999999999852e-02 2.049999999999999739e-02 5.431690000000000303e-03 6.955560000000000388e-03 2.822399999999999540e-04 2.748964000000000268e-02 7.075599999999999815e-04 1.069290000000000084e-03 5.336100000000001172e-04 2.656899999999998499e-04 6.656400000000000034e-04 6.416010000000000636e-03 1.439999999999999765e-04 4.202499999999998880e-04 1.537933250000000000e+06 1.641905375000000000e+06
1.000000000000000000e+00 -9.850000000000000422e-02 -9.840000000000000135e-02 5.190000000000000169e-02 -1.189000000000000057e-01 3.160000000000000309e-02 -3.389999999999999958e-02 -2.480000000000000260e-02 -1.499999999999999944e-02 3.510000000000000620e-02 4.689999999999999725e-02 5.000000000000004441e-03 -1.199999999999999678e-03 9.702250000000000804e-03 9.682559999999999778e-03 2.693610000000000362e-03 1.413721000000000075e-02 9.985600000000001159e-04 1.149209999999999902e-03 6.150400000000001829e-04 2.249999999999999938e-04 1.232010000000000396e-03 2.199609999999999847e-03 2.500000000000004524e-05 1.439999999999999130e-06 1.535156625000000000e+06 1.640429125000000000e+06
1.000000000000000000e+00 -3.239999999999999825e-02 1.710000000000000062e-02 2.429999999999999868e-02 -1.082000000000000045e-01 4.320000000000000229e-02 -2.539999999999999897e-02 6.610000000000000597e-02 1.155000000000000054e-01 -2.760000000000000300e-02 1.070000000000000118e-02 1.159999999999999920e-02 8.500000000000000611e-03 1.049759999999999843e-03 2.924100000000000006e-04 5.904899999999999385e-04 1.170724000000000070e-02 1.866240000000000130e-03 6.451599999999999826e-04 4.369210000000000975e-03 1.334025000000000141e-02 7.617600000000002147e-04 1.144900000000000236e-04 1.345599999999999856e-04 7.225000000000000790e-05 1.535899500000000000e+06 1.641154000000000000e+06
1.000000000000000000e+00 -3.559999999999999970e-02 -6.260000000000000286e-02 -5.909999999999999976e-02 -1.197000000000000008e-01 3.090000000000000038e-02 -1.290000000000000001e-02 -3.200000000000001454e-03 -7.970000000000000695e-02 -8.340000000000000191e-02 -1.149999999999999634e-02 -1.230000000000000190e-02 1.249999999999999896e-02 1.267359999999999928e-03 3.918760000000000299e-03 3.492809999999999838e-03 1.432808999999999992e-02 9.548100000000000554e-04 1.664100000000000008e-04 1.024000000000000868e-05 6.352090000000001208e-03 6.955560000000000388e-03 1.322499999999999078e-04 1.512900000000000507e-04 1.562499999999999761e-04 1.535727125000000000e+06 1.638148875000000000e+06
1.000000000000000000e+00 -2.390000000000000110e-02 -1.171999999999999986e-01 4.630000000000000088e-02 -1.123999999999999999e-01 5.029999999999999749e-02 -2.210000000000000159e-02 1.169999999999999860e-02 -5.459999999999999576e-02 1.053999999999999937e-01 7.300000000000000933e-03 1.939999999999999711e-02 -9.200000000000001579e-03 5.712100000000000554e-04 1.373583999999999916e-02 2.143690000000000179e-03 1.263376000000000082e-02 2.530089999999999596e-03 4.884100000000001027e-04 1.368899999999999718e-04 2.981159999999999626e-03 1.110915999999999813e-02 5.329000000000001325e-05 3.763599999999998999e-04 8.464000000000002988e-05 1.534444625000000000e+06 1.637226625000000000e+06
1.000000000000000000e+00 -4.519999999999999712e-02 -5.809999999999999887e-02 -5.419999999999999818e-02 -1.287999999999999978e-01 3.579999999999999849e-02 -2.819999999999999937e-02 -2.129999999999999602e-02 5.909999999999999976e-02 -1.005000000000000060e-01 -1.639999999999999791e-02 -1.449999999999999900e-02 -6.099999999999997785e-03 2.043039999999999873e-03 3.375609999999999809e-03 2.937639999999999609e-03 1.658944000000000044e-02 1.281639999999999906e-03 7.952400000000000094e-04 4.536899999999998117e-04 3.492809999999999838e-03 1.010025000000000159e-02 2.689599999999999456e-04 2.102499999999999606e-04 3.720999999999997069e-05 1.533958875000000000e+06 1.639008375000000000e+06
1.000000000000000000e+00 -3.259999999999999704e-02 -4.830000000000000265e-02 -4.830000000000000265e-02 -1.082999999999999935e-01 3.799999999999999906e-02 -1.050000000000000065e-02 1.260000000000000009e-02 9.799999999999996214e-03 5.899999999999995526e-03 2.050000000000000433e-02 2.200000000000000566e-03 1.770000000000000046e-02 1.062759999999999833e-03 2.332890000000000224e-03 2.332890000000000224e-03 1.172888999999999876e-02 1.443999999999999971e-03 1.102500000000000100e-04 1.587600000000000046e-04 9.603999999999992751e-05 3.480999999999994624e-05 4.202500000000001590e-04 4.840000000000002788e-06 3.132900000000000311e-04 1.535614375000000000e+06 1.640809625000000000e+06
1.000000000000000000e+00 -5.709999999999999798e-02 -2.040000000000000147e-02 -3.919999999999999873e-02 -1.233000000000000068e-01 3.899999999999999821e-03 -1.899999999999999996e-03 -2.450000000000000094e-02 2.790000000000000119e-02 9.100000000000003919e-03 -1.500000000000001332e-02 -3.409999999999999837e-02 8.600000000000000006e-03 3.260409999999999611e-03 4.161600000000000542e-04 1.536639999999999924e-03 1.520289000000000189e-02 1.520999999999999837e-05 3.610000000000000165e-06 6.002500000000000890e-04 7.784100000000001044e-04 8.281000000000006943e-05 2.250000000000004004e-04 1.162809999999999799e-03 7.396000000000000339e-05 1.534938000000000000e+06 1.641173625000000000e+06
1.000000000000000000e+00 -2.960000000000000131e-02 -3.910000000000000281e-02 -4.270000000000000184e-02 -9.950000000000000511e-02 4.700000000000000185e-03 -1.299999999999999940e-03 2.749999999999999667e-02 -1.870000000000000134e-02 -3.500000000000003109e-03 2.380000000000000171e-02 8.000000000000003636e-04 6.000000000000000559e-04 8.761600000000000681e-04 1.528810000000000238e-03 1.823290000000000197e-03 9.900250000000001063e-03 2.209000000000000026e-05 1.689999999999999913e-06 7.562499999999998694e-04 3.496900000000000485e-04 1.225000000000002163e-05 5.664400000000000858e-04 6.400000000000005428e-07 3.600000000000000472e-07 1.536800250000000000e+06 1.642470875000000000e+06
1.000000000000000000e+00 -4.819999999999999979e-02 -4.780000000000000221e-02 -3.370000000000000079e-02 -1.083999999999999964e-01 -2.730000000000000135e-02 -3.500000000000000073e-03 -1.859999999999999848e-02 -8.699999999999999400e-03 9.000000000000001055e-03 -8.899999999999991251e-03 -3.200000000000000067e-02 -2.200000000000000133e-03 2.323239999999999854e-03 2.284840000000000221e-03 1.135689999999999963e-03 1.175055999999999844e-02 7.452900000000001234e-04 1.225000000000000130e-05 3.459599999999999199e-04 7.568999999999998852e-05 8.100000000000001730e-05 7.920999999999984640e-05 1.023999999999999954e-03 4.840000000000000247e-06 1.535595875000000000e+06 1.643330375000000000e+06
1.000000000000000000e+00 -2.350000000000000006e-02 -7.699999999999999900e-02 5.400000000000000286e-03 -6.579999999999999738e-02 -6.610000000000000597e-02 8.999999999999999754e-04 2.469999999999999973e-02 -2.919999999999999679e-02 3.910000000000000281e-02 4.259999999999999898e-02 -3.880000000000000115e-02 4.400000000000000265e-03 5.522500000000000065e-04 5.929000000000000242e-03 2.916000000000000203e-05 4.329640000000000051e-03 4.369210000000000975e-03 8.099999999999999739e-07 6.100899999999999813e-04 8.526399999999997783e-04 1.528810000000000238e-03 1.814759999999999898e-03 1.505440000000000033e-03 1.936000000000000099e-05 1.536606250000000000e+06 1.640323000000000000e+06
1.000000000000000000e+00 -3.370000000000000079e-02 -9.460000000000000353e-02 4.199999999999999740e-03 -7.520000000000000295e-02 -7.499999999999999722e-02 -1.969999999999999876e-02 -1.020000000000000073e-02 -1.760000000000000453e-02 -1.200000000000000545e-03 -9.400000000000005573e-03 -8.899999999999991251e-03 -2.060000000000000026e-02 1.135689999999999963e-03 8.949160000000001142e-03 1.763999999999999713e-05 5.655040000000000067e-03 5.624999999999999792e-03 3.880899999999999519e-04 1.040400000000000135e-04 3.097600000000001784e-04 1.440000000000001248e-06 8.836000000000010946e-05 7.920999999999984640e-05 4.243600000000000367e-04 1.535933250000000000e+06 1.642639125000000000e+06
1.000000000000000000e+00 -1.319999999999999993e-02 -8.309999999999999332e-02 4.789999999999999813e-02 -5.970000000000000306e-02 -1.600000000000000033e-02 -9.900000000000000813e-03 2.050000000000000086e-02 1.150000000000001021e-02 4.369999999999999579e-02 1.549999999999999989e-02 5.899999999999999689e-02 9.799999999999997949e-03 1.742399999999999852e-04 6.905609999999998659e-03 2.294409999999999766e-03 3.564090000000000227e-03 2.559999999999999884e-04 9.801000000000001876e-05 4.202500000000000506e-04 1.322500000000002330e-04 1.909689999999999695e-03 2.402499999999999851e-04 3.480999999999999719e-03 9.603999999999995462e-05 1.536275500000000000e+06 1.640986125000000000e+06
1.000000000000000000e+00 8.600000000000000006e-03 -4.819999999999999979e-02 -7.810000000000000275e-02 -4.059999999999999720e-02 1.689999999999999836e-02 -1.140000000000000041e-02 2.179999999999999993e-02 3.489999999999999353e-02 -1.260000000000000009e-01 1.910000000000000586e-02 3.289999999999999869e-02 -1.499999999999999598e-03 7.396000000000000339e-05 2.323239999999999854e-03 6.099610000000000101e-03 1.648359999999999756e-03 2.856099999999999438e-04 1.299600000000000093e-04 4.752399999999999832e-04 1.218009999999999622e-03 1.587600000000000122e-02 3.648100000000002426e-04 1.082410000000000013e-03 2.249999999999998786e-06 1.535698750000000000e+06 1.639592250000000000e+06
1.000000000000000000e+00 -6.899999999999999883e-03 7.090000000000000469e-02 -3.479999999999999760e-02 -4.819999999999999979e-02 1.239999999999999956e-02 3.899999999999999821e-03 -1.549999999999999989e-02 1.191000000000000114e-01 4.330000000000000515e-02 -7.600000000000002587e-03 -4.499999999999998793e-03 1.530000000000000110e-02 4.760999999999999987e-05 5.026810000000000479e-03 1.211039999999999816e-03 2.323239999999999854e-03 1.537599999999999915e-04 1.520999999999999837e-05 2.402499999999999851e-04 1.418481000000000256e-02 1.874890000000000367e-03 5.776000000000003652e-05 2.024999999999999077e-05 2.340900000000000305e-04 1.534499500000000000e+06 1.641086000000000000e+06
1.000000000000000000e+00 5.149999999999999717e-02 6.010000000000000064e-02 -1.363999999999999935e-01 1.710000000000000062e-02 5.700000000000000205e-02 6.160000000000000198e-02 5.839999999999999358e-02 -1.080000000000000404e-02 -1.015999999999999959e-01 6.529999999999999694e-02 4.460000000000000075e-02 5.770000000000000129e-02 2.652249999999999660e-03 3.612010000000000134e-03 1.860495999999999678e-02 2.924100000000000006e-04 3.249000000000000152e-03 3.794560000000000207e-03 3.410559999999999113e-03 1.166400000000000894e-04 1.032255999999999972e-02 4.264089999999999894e-03 1.989160000000000234e-03 3.329289999999999940e-03 1.536790125000000000e+06 1.642210375000000000e+06
1.000000000000000000e+00 2.019999999999999921e-02 -9.120000000000000329e-02 -8.970000000000000195e-02 -8.999999999999999320e-03 1.183000000000000024e-01 3.200000000000000153e-03 -3.129999999999999449e-02 -1.512999999999999901e-01 4.669999999999999152e-02 -2.609999999999999820e-02 6.130000000000000032e-02 -5.840000000000000052e-02 4.080399999999999761e-04 8.317440000000000597e-03 8.046090000000000533e-03 8.099999999999999019e-05 1.399489000000000115e-02 1.024000000000000021e-05 9.796899999999996410e-04 2.289168999999999579e-02 2.180889999999999131e-03 6.812099999999999102e-04 3.757690000000000162e-03 3.410559999999999981e-03 1.536260500000000000e+06 1.642328250000000000e+06
1.000000000000000000e+00 -3.309999999999999748e-02 -8.219999999999999529e-02 5.040000000000000036e-02 -1.013000000000000012e-01 2.044999999999999873e-01 -7.030000000000000138e-02 -5.330000000000000016e-02 9.000000000000007994e-03 1.401000000000000023e-01 -9.230000000000000704e-02 8.619999999999998497e-02 -7.349999999999999589e-02 1.095609999999999900e-03 6.756839999999999201e-03 2.540160000000000074e-03 1.026169000000000039e-02 4.182024999999999632e-02 4.942090000000000545e-03 2.840889999999999995e-03 8.100000000000013927e-05 1.962801000000000129e-02 8.519290000000000543e-03 7.430439999999997359e-03 5.402249999999999067e-03 1.537513250000000000e+06 1.643995000000000000e+06
1.000000000000000000e+00 2.160000000000000114e-02 -4.299999999999999656e-02 -2.700000000000000143e-03 -1.210999999999999993e-01 8.509999999999999509e-02 -3.440000000000000002e-02 5.469999999999999862e-02 3.919999999999999873e-02 -5.310000000000000137e-02 -1.979999999999999816e-02 -1.193999999999999923e-01 3.590000000000000135e-02 4.665600000000000324e-04 1.848999999999999732e-03 7.290000000000000507e-06 1.466520999999999970e-02 7.242009999999999247e-03 1.183360000000000054e-03 2.992089999999999767e-03 1.536639999999999924e-03 2.819610000000000172e-03 3.920399999999999124e-04 1.425635999999999744e-02 1.288810000000000042e-03 1.538545875000000000e+06 1.644191250000000000e+06
1.000000000000000000e+00 -4.120000000000000051e-02 -9.639999999999999958e-02 -1.293999999999999873e-01 -7.240000000000000602e-02 -7.570000000000000340e-02 -3.610000000000000014e-02 -6.279999999999999472e-02 -5.340000000000000302e-02 -1.266999999999999793e-01 4.869999999999999329e-02 -1.607999999999999985e-01 -1.700000000000000122e-03 1.697440000000000147e-03 9.292959999999999415e-03 1.674435999999999633e-02 5.241760000000000690e-03 5.730490000000000410e-03 1.303209999999999959e-03 3.943839999999999672e-03 2.851560000000000379e-03 1.605288999999999328e-02 2.371689999999999215e-03 2.585664000000000018e-02 2.890000000000000282e-06 1.536777375000000000e+06 1.642286625000000000e+06
1.000000000000000000e+00 2.249999999999999917e-02 -7.799999999999999642e-03 5.499999999999999681e-03 -1.111999999999999933e-01 1.899999999999999953e-02 -9.080000000000000571e-02 6.370000000000000662e-02 8.859999999999999820e-02 1.348999999999999921e-01 -3.879999999999998728e-02 9.470000000000000639e-02 -5.470000000000000556e-02 5.062499999999999726e-04 6.083999999999999348e-05 3.024999999999999667e-05 1.236543999999999838e-02 3.609999999999999928e-04 8.244640000000000996e-03 4.057690000000000949e-03 7.849959999999999577e-03 1.819800999999999710e-02 1.505439999999998949e-03 8.968090000000001477e-03 2.992090000000000635e-03 1.536878500000000000e+06 1.641127250000000000e+06
1.000000000000000000e+00 -8.160000000000000586e-02 -3.799999999999999992e-03 1.069999999999999979e-01 -1.111999999999999933e-01 1.078000000000000069e-01 -6.199999999999999956e-02 -1.040999999999999981e-01 4.000000000000000083e-03 1.014999999999999930e-01 0.000000000000000000e+00 8.880000000000000393e-02 2.880000000000000615e-02 6.658560000000000867e-03 1.444000000000000066e-05 1.144899999999999911e-02 1.236543999999999838e-02 1.162084000000000207e-02 3.843999999999999761e-03 1.083680999999999880e-02 1.599999999999999928e-05 1.030224999999999891e-02 0.000000000000000000e+00 7.885440000000000504e-03 8.294400000000004070e-04 1.537182250000000000e+06 1.640217750000000000e+06
1.000000000000000000e+00 -3.910000000000000281e-02 -7.820000000000000562e-02 3.830000000000000071e-02 -1.353000000000000036e-01 -1.299999999999999940e-03 -3.529999999999999805e-02 4.250000000000000305e-02 -7.440000000000000779e-02 -6.869999999999999718e-02 -2.410000000000001030e-02 -1.091000000000000025e-01 2.670000000000000151e-02 1.528810000000000238e-03 6.115240000000000953e-03 1.466889999999999991e-03 1.830609000000000056e-02 1.689999999999999913e-06 1.246089999999999828e-03 1.806250000000000347e-03 5.535360000000001321e-03 4.719689999999999476e-03 5.808100000000005056e-04 1.190280999999999978e-02 7.128900000000000948e-04 1.537477500000000000e+06 1.639736625000000000e+06
1.000000000000000000e+00 -4.700000000000000185e-03 2.220000000000000098e-02 -5.009999999999999870e-02 -9.149999999999999800e-02 -1.350000000000000089e-01 -3.760000000000000148e-02 3.440000000000000002e-02 1.004000000000000031e-01 -8.840000000000000635e-02 4.380000000000000560e-02 -1.337000000000000133e-01 -2.300000000000003431e-03 2.209000000000000026e-05 4.928400000000000315e-04 2.510010000000000019e-03 8.372249999999999484e-03 1.822500000000000162e-02 1.413760000000000017e-03 1.183360000000000054e-03 1.008016000000000120e-02 7.814560000000001644e-03 1.918440000000000423e-03 1.787569000000000310e-02 5.290000000000015420e-06 1.535094000000000000e+06 1.636315000000000000e+06
1.000000000000000000e+00 -4.229999999999999732e-02 1.810000000000000150e-02 -9.049999999999999711e-02 1.000000000000000021e-02 -4.990999999999999881e-01 -2.299999999999999961e-03 -3.759999999999999454e-02 -4.099999999999999478e-03 -4.039999999999999841e-02 1.014999999999999930e-01 -3.640999999999999792e-01 3.529999999999999805e-02 1.789289999999999804e-03 3.276100000000000431e-04 8.190249999999999614e-03 1.000000000000000048e-04 2.491008099999999781e-01 5.290000000000000174e-06 1.413759999999999583e-03 1.680999999999999660e-05 1.632159999999999904e-03 1.030224999999999891e-02 1.325688099999999814e-01 1.246089999999999828e-03 1.533399250000000000e+06 1.637082250000000000e+06
