1.000000000000000000e+00 0.000000000000000000e+00 0.000000000000000000e+00 -0.000000000000000000e+00 0.000000000000000000e+00 0.000000000000000000e+00 -0.000000000000000000e+00 0.000000000000000000e+00 0.000000000000000000e+00 0.000000000000000000e+00 0.000000000000000000e+00 0.000000000000000000e+00 0.000000000000000000e+00 0.000000000000000000e+00 0.000000000000000000e+00 0.000000000000000000e+00 0.000000000000000000e+00 0.000000000000000000e+00 0.000000000000000000e+00 0.000000000000000000e+00 0.000000000000000000e+00 0.000000000000000000e+00 0.000000000000000000e+00 0.000000000000000000e+00 0.000000000000000000e+00 1.893626250000000000e+06 1.889949125000000000e+06
1.000000000000000000e+00 1.019999999999999934e-01 7.839999999999999747e-02 -1.255000000000000004e-01 -1.640000000000000138e-02 -1.433999999999999997e-01 6.300000000000000044e-03 1.019999999999999934e-01 7.839999999999999747e-02 -1.255000000000000004e-01 -1.640000000000000138e-02 -1.433999999999999997e-01 6.300000000000000044e-03 1.040399999999999832e-02 6.146559999999999697e-03 1.575025000000000036e-02 2.689600000000000541e-04 2.056356000000000156e-02 3.969000000000000116e-05 1.040399999999999832e-02 6.146559999999999697e-03 1.575025000000000036e-02 2.689600000000000541e-04 2.056356000000000156e-02 3.969000000000000116e-05 1.895888250000000000e+06 1.888616875000000000e+06
1.000000000000000000e+00 9.299999999999999239e-03 -1.280000000000000027e-01 -3.356999999999999984e-01 -3.320000000000000034e-02 -2.335000000000000131e-01 -2.970000000000000070e-02 -9.269999999999999074e-02 -2.064000000000000001e-01 -2.101999999999999980e-01 -1.679999999999999896e-02 -9.010000000000001341e-02 -3.600000000000000422e-02 8.648999999999997998e-05 1.638399999999999926e-02 1.126944899999999944e-01 1.102239999999999991e-03 5.452225000000000821e-02 8.820900000000000876e-04 8.593289999999998222e-03 4.260096000000000022e-02 4.418404000000000081e-02 2.822399999999999540e-04 8.118010000000001891e-03 1.296000000000000277e-03 1.894644125000000000e+06 1.887051500000000000e+06
1.000000000000000000e+00 -1.500000000000000031e-03 -1.673000000000000043e-01 -4.694999999999999729e-01 -4.479999999999999954e-02 -2.677999999999999825e-01 -3.309999999999999748e-02 -1.079999999999999884e-02 -3.930000000000000160e-02 -1.337999999999999745e-01 -1.159999999999999920e-02 -3.429999999999996940e-02 -3.399999999999996775e-03 2.250000000000000057e-06 2.798929000000000000e-02 2.204302499999999665e-01 2.007039999999999866e-03 7.171683999999999004e-02 1.095609999999999900e-03 1.166399999999999810e-04 1.544490000000000142e-03 1.790243999999999169e-02 1.345599999999999856e-04 1.176489999999997919e-03 1.155999999999997741e-05 1.896551625000000000e+06 1.887556375000000000e+06
1.000000000000000000e+00 -2.139999999999999888e-02 -5.600000000000000117e-02 -5.444999999999999840e-01 -1.063000000000000056e-01 6.100000000000000387e-03 6.329999999999999516e-02 -1.989999999999999755e-02 1.113000000000000100e-01 -7.500000000000001110e-02 -6.150000000000000605e-02 2.738999999999999768e-01 9.639999999999998570e-02 4.579599999999999318e-04 3.136000000000000332e-03 2.964802500000000007e-01 1.129969000000000112e-02 3.721000000000000457e-05 4.006889999999999064e-03 3.960099999999999168e-04 1.238769000000000155e-02 5.625000000000001527e-03 3.782250000000000889e-03 7.502120999999999096e-02 9.292959999999997681e-03 1.897573625000000000e+06 1.889947625000000000e+06
1.000000000000000000e+00 -1.779999999999999985e-02 -5.330000000000000016e-02 -3.049000000000000044e-01 -8.809999999999999776e-02 -1.048999999999999932e-01 1.050000000000000065e-02 3.599999999999999034e-03 2.700000000000001010e-03 2.395999999999999797e-01 1.820000000000000784e-02 -1.109999999999999876e-01 -5.279999999999999277e-02 3.168399999999999819e-04 2.840889999999999995e-03 9.296400999999999970e-02 7.761609999999999517e-03 1.100400999999999810e-02 1.102500000000000100e-04 1.295999999999999281e-05 7.290000000000005589e-06 5.740815999999999281e-02 3.312400000000002777e-04 1.232099999999999689e-02 2.787839999999999329e-03 1.896855125000000000e+06 1.891796625000000000e+06
1.000000000000000000e+00 -1.750000000000000167e-02 -1.123999999999999999e-01 -2.129999999999999949e-02 1.000000000000000021e-03 -1.915000000000000036e-01 -8.210000000000000631e-02 2.999999999999981848e-04 -5.909999999999999976e-02 2.836000000000000187e-01 8.909999999999999865e-02 -8.660000000000001030e-02 -9.260000000000000175e-02 3.062500000000000443e-04 1.263376000000000082e-02 4.536899999999999744e-04 9.999999999999999547e-07 3.667225000000000346e-02 6.740410000000001366e-03 8.999999999999891331e-08 3.492809999999999838e-03 8.042896000000000767e-02 7.938809999999999270e-03 7.499560000000001468e-03 8.574760000000000715e-03 1.893516375000000000e+06 1.886208625000000000e+06
1.000000000000000000e+00 -2.570000000000000062e-02 -1.584000000000000130e-01 -3.630999999999999783e-01 1.640000000000000138e-02 -2.333000000000000074e-01 -5.310000000000000137e-02 -8.199999999999998956e-03 -4.600000000000001310e-02 -3.417999999999999927e-01 1.540000000000000049e-02 -4.180000000000000382e-02 2.900000000000000494e-02 6.604900000000000137e-04 2.509056000000000480e-02 1.318416099999999980e-01 2.689600000000000541e-04 5.442889000000000060e-02 2.819610000000000172e-03 6.723999999999998641e-05 2.116000000000001127e-03 1.168272399999999989e-01 2.371600000000000129e-04 1.747240000000000381e-03 8.410000000000002760e-04 1.891489250000000000e+06 1.883379125000000000e+06
1.000000000000000000e+00 -2.709999999999999909e-02 4.700000000000000185e-03 -1.804000000000000048e-01 3.880000000000000115e-02 -1.839000000000000079e-01 -1.170000000000000033e-02 -1.399999999999998468e-03 1.631000000000000227e-01 1.826999999999999735e-01 2.239999999999999977e-02 4.939999999999999947e-02 4.139999999999999930e-02 7.344099999999999023e-04 2.209000000000000026e-05 3.254416000000000253e-02 1.505440000000000033e-03 3.381921000000000233e-02 1.368899999999999989e-04 1.959999999999995634e-06 2.660161000000000817e-02 3.337928999999999202e-02 5.017599999999999665e-04 2.440359999999999925e-03 1.713960000000000049e-03 1.894707625000000000e+06 1.885624750000000000e+06
1.000000000000000000e+00 -1.080000000000000057e-02 -7.510000000000000009e-02 -2.046999999999999931e-01 4.560000000000000164e-02 -2.144000000000000072e-01 -5.380000000000000060e-02 1.629999999999999852e-02 -7.979999999999999594e-02 -2.429999999999998828e-02 6.800000000000000488e-03 -3.049999999999999933e-02 -4.209999999999999853e-02 1.166400000000000081e-04 5.640009999999999989e-03 4.190208999999999601e-02 2.079360000000000149e-03 4.596736000000000572e-02 2.894439999999999860e-03 2.656899999999999583e-04 6.368039999999999291e-03 5.904899999999993964e-04 4.624000000000000451e-05 9.302499999999999788e-04 1.772409999999999871e-03 1.895036000000000000e+06 1.889698750000000000e+06
1.000000000000000000e+00 4.889999999999999902e-02 -1.380000000000000115e-01 -3.891000000000000014e-01 5.580000000000000238e-02 -2.495999999999999885e-01 -6.940000000000000335e-02 5.970000000000000306e-02 -6.290000000000001146e-02 -1.844000000000000083e-01 1.020000000000000073e-02 -3.519999999999998130e-02 -1.560000000000000275e-02 2.391209999999999950e-03 1.904400000000000190e-02 1.513988099999999948e-01 3.113640000000000418e-03 6.230015999999999332e-02 4.816360000000000433e-03 3.564090000000000227e-03 3.956410000000001349e-03 3.400336000000000330e-02 1.040400000000000135e-04 1.239039999999998762e-03 2.433600000000000823e-04 1.896116625000000000e+06 1.890938625000000000e+06
1.000000000000000000e+00 -1.460000000000000013e-02 6.610000000000000597e-02 -1.358000000000000040e-01 -1.699999999999999905e-03 -1.103999999999999981e-01 -3.590000000000000135e-02 -6.350000000000000089e-02 2.041000000000000036e-01 2.532999999999999696e-01 -5.750000000000000250e-02 1.391999999999999904e-01 3.350000000000000200e-02 2.131599999999999988e-04 4.369210000000000975e-03 1.844164000000000220e-02 2.889999999999999859e-06 1.218815999999999997e-02 1.288810000000000042e-03 4.032250000000000244e-03 4.165681000000000245e-02 6.416088999999998432e-02 3.306250000000000161e-03 1.937663999999999706e-02 1.122250000000000201e-03 1.894985875000000000e+06 1.891190625000000000e+06
1.000000000000000000e+00 4.639999999999999680e-02 -9.710000000000000575e-02 -1.995999999999999996e-01 6.999999999999999929e-04 -2.132999999999999896e-01 -4.689999999999999725e-02 6.099999999999999867e-02 -1.632000000000000117e-01 -6.379999999999999560e-02 2.399999999999999790e-03 -1.028999999999999915e-01 -1.099999999999999589e-02 2.152959999999999770e-03 9.428410000000001651e-03 3.984015999999999946e-02 4.899999999999999672e-07 4.549688999999999817e-02 2.199609999999999847e-03 3.720999999999999915e-03 2.663424000000000347e-02 4.070439999999999822e-03 5.759999999999999062e-06 1.058840999999999775e-02 1.209999999999999054e-04 1.893743125000000000e+06 1.890186625000000000e+06
1.000000000000000000e+00 5.419999999999999818e-02 -1.259000000000000119e-01 -4.325999999999999845e-01 2.299999999999999961e-03 -1.023000000000000020e-01 -5.709999999999999798e-02 7.800000000000001377e-03 -2.880000000000000615e-02 -2.329999999999999849e-01 1.599999999999999860e-03 1.109999999999999876e-01 -1.020000000000000073e-02 2.937639999999999609e-03 1.585081000000000337e-02 1.871427599999999913e-01 5.290000000000000174e-06 1.046529000000000036e-02 3.260409999999999611e-03 6.084000000000002058e-05 8.294400000000004070e-04 5.428899999999999004e-02 2.559999999999999630e-06 1.232099999999999689e-02 1.040400000000000135e-04 1.895775500000000000e+06 1.896273125000000000e+06
1.000000000000000000e+00 4.560000000000000164e-02 1.870000000000000134e-02 -2.582999999999999741e-01 2.799999999999999972e-03 -1.514000000000000068e-01 -2.580000000000000002e-02 -8.599999999999996536e-03 1.446000000000000063e-01 1.743000000000000105e-01 5.000000000000000104e-04 -4.910000000000000475e-02 3.129999999999999449e-02 2.079360000000000149e-03 3.496900000000000485e-04 6.671888999999998904e-02 7.839999999999999476e-06 2.292196000000000164e-02 6.656400000000000034e-04 7.395999999999993562e-05 2.090916000000000302e-02 3.038049000000000305e-02 2.499999999999999887e-07 2.410810000000000643e-03 9.796899999999996410e-04 1.893758875000000000e+06 1.891948500000000000e+06
1.000000000000000000e+00 5.279999999999999971e-02 -1.052000000000000018e-01 -2.867000000000000104e-01 -3.299999999999999982e-03 -2.715000000000000191e-01 -6.419999999999999318e-02 7.199999999999998068e-03 -1.239000000000000101e-01 -2.840000000000003633e-02 -6.099999999999999520e-03 -1.201000000000000123e-01 -3.839999999999998970e-02 2.787839999999999763e-03 1.106704000000000021e-02 8.219689000000000856e-02 1.088999999999999907e-05 7.371225000000000693e-02 4.121639999999999332e-03 5.183999999999997123e-05 1.535121000000000228e-02 8.065600000000020626e-04 3.720999999999999102e-05 1.442401000000000273e-02 1.474559999999999109e-03 1.894895750000000000e+06 1.893517375000000000e+06
1.000000000000000000e+00 3.740000000000000269e-02 -4.809999999999999692e-02 -2.142999999999999905e-01 2.899999999999999800e-03 -1.464000000000000024e-01 -1.619999999999999912e-02 -1.539999999999999702e-02 5.710000000000000492e-02 7.240000000000001990e-02 6.199999999999999782e-03 1.251000000000000167e-01 4.799999999999999406e-02 1.398760000000000194e-03 2.313609999999999799e-03 4.592448999999999837e-02 8.409999999999999101e-06 2.143296000000000090e-02 2.624399999999999606e-04 2.371599999999999045e-04 3.260410000000000478e-03 5.241760000000003292e-03 3.843999999999999788e-05 1.565001000000000586e-02 2.303999999999999625e-03 1.891955500000000000e+06 1.889990125000000000e+06
1.000000000000000000e+00 4.100000000000000172e-02 -3.939999999999999752e-02 -2.482999999999999929e-01 -6.300000000000000044e-03 -1.393000000000000071e-01 -1.820000000000000090e-02 3.599999999999999034e-03 8.699999999999999400e-03 -3.400000000000000244e-02 -9.199999999999999845e-03 7.099999999999995204e-03 -2.000000000000001776e-03 1.681000000000000202e-03 1.552359999999999808e-03 6.165288999999999492e-02 3.969000000000000116e-05 1.940449000000000340e-02 3.312400000000000067e-04 1.295999999999999281e-05 7.568999999999998852e-05 1.156000000000000126e-03 8.464000000000000278e-05 5.040999999999993240e-05 4.000000000000007442e-06 1.894451000000000000e+06 1.892894125000000000e+06
1.000000000000000000e+00 3.440000000000000002e-02 -3.790000000000000313e-02 -3.355000000000000204e-01 3.399999999999999811e-03 -1.463000000000000134e-01 -3.899999999999999821e-03 -6.600000000000001699e-03 1.499999999999994393e-03 -8.720000000000002749e-02 9.700000000000000289e-03 -7.000000000000006217e-03 1.430000000000000021e-02 1.183360000000000054e-03 1.436410000000000161e-03 1.125602500000000145e-01 1.155999999999999943e-05 2.140369000000000299e-02 1.520999999999999837e-05 4.356000000000002340e-05 2.249999999999983116e-06 7.603840000000004935e-03 9.409000000000000208e-05 4.900000000000008651e-05 2.044900000000000157e-04 1.894619750000000000e+06 1.895880875000000000e+06
1.000000000000000000e+00 4.540000000000000285e-02 -5.500000000000000028e-02 -2.666000000000000036e-01 4.799999999999999580e-03 -1.802999999999999881e-01 -2.280000000000000082e-02 1.100000000000000283e-02 -1.709999999999999715e-02 6.890000000000001679e-02 1.399999999999999769e-03 -3.399999999999997469e-02 -1.890000000000000013e-02 2.061160000000000249e-03 3.024999999999999911e-03 7.107555999999999596e-02 2.303999999999999625e-05 3.250808999999999643e-02 5.198400000000000373e-04 1.210000000000000680e-04 2.924099999999998922e-04 4.747210000000002574e-03 1.959999999999999445e-06 1.155999999999998175e-03 3.572100000000000036e-04 1.893290250000000000e+06 1.895285250000000000e+06
1.000000000000000000e+00 3.719999999999999696e-02 -1.190999999999999975e-01 -3.482999999999999985e-01 7.599999999999999985e-03 -1.688000000000000056e-01 -4.100000000000000346e-03 -8.200000000000005895e-03 -6.409999999999999032e-02 -8.169999999999999485e-02 2.800000000000000405e-03 1.149999999999998246e-02 1.870000000000000134e-02 1.383839999999999680e-03 1.418480999999999909e-02 1.213128899999999927e-01 5.776000000000000264e-05 2.849344000000000182e-02 1.681000000000000338e-05 6.724000000000009483e-05 4.108809999999998332e-03 6.674889999999999296e-03 7.840000000000002864e-06 1.322499999999996096e-04 3.496900000000000485e-04 1.894556375000000000e+06 1.897654125000000000e+06
1.000000000000000000e+00 3.059999999999999873e-02 -4.599999999999999922e-03 -1.436999999999999944e-01 1.760000000000000106e-02 -1.068999999999999950e-01 1.460000000000000013e-02 -6.599999999999998229e-03 1.144999999999999907e-01 2.046000000000000041e-01 1.000000000000000194e-02 6.190000000000001057e-02 1.870000000000000134e-02 9.363599999999999051e-04 2.116000000000000069e-05 2.064968999999999832e-02 3.097600000000000158e-04 1.142760999999999950e-02 2.131599999999999988e-04 4.355999999999997596e-05 1.311024999999999864e-02 4.186116000000000142e-02 1.000000000000000454e-04 3.831610000000001352e-03 3.496900000000000485e-04 1.893445750000000000e+06 1.897874000000000000e+06
1.000000000000000000e+00 4.410000000000000031e-02 -1.325999999999999956e-01 -3.533999999999999919e-01 1.359999999999999924e-02 -1.980999999999999983e-01 -1.089999999999999997e-02 1.350000000000000158e-02 -1.280000000000000027e-01 -2.096999999999999975e-01 -4.000000000000001818e-03 -9.120000000000000329e-02 -2.550000000000000183e-02 1.944809999999999942e-03 1.758275999999999936e-02 1.248915599999999987e-01 1.849599999999999910e-04 3.924360999999999822e-02 1.188099999999999958e-04 1.822500000000000389e-04 1.638399999999999926e-02 4.397409000000000040e-02 1.600000000000001622e-05 8.317440000000000597e-03 6.502500000000001118e-04 1.893529250000000000e+06 1.896698375000000000e+06
1.000000000000000000e+00 2.939999999999999905e-02 4.209999999999999853e-02 -2.796000000000000152e-01 3.269999999999999990e-02 -1.118999999999999995e-01 3.280000000000000276e-02 -1.470000000000000126e-02 1.746999999999999942e-01 7.379999999999997673e-02 1.909999999999999892e-02 8.619999999999999885e-02 4.370000000000000273e-02 8.643599999999999981e-04 1.772409999999999871e-03 7.817616000000000842e-02 1.069290000000000084e-03 1.252161000000000073e-02 1.075840000000000216e-03 2.160900000000000266e-04 3.052008999999999625e-02 5.446439999999996839e-03 3.648099999999999715e-04 7.430439999999999962e-03 1.909690000000000346e-03 1.893862875000000000e+06 1.900203000000000000e+06
1.000000000000000000e+00 -3.500000000000000073e-03 1.418999999999999984e-01 -4.057000000000000051e-01 -6.479999999999999649e-02 7.049999999999999323e-02 1.262000000000000066e-01 -3.289999999999999869e-02 9.979999999999999982e-02 -1.260999999999999899e-01 -9.750000000000000333e-02 1.824000000000000066e-01 9.340000000000001079e-02 1.225000000000000130e-05 2.013560999999999823e-02 1.645924900000000080e-01 4.199039999999999370e-03 4.970249999999998974e-03 1.592644000000000004e-02 1.082410000000000013e-03 9.960039999999999866e-03 1.590120999999999896e-02 9.506250000000000810e-03 3.326976000000000239e-02 8.723560000000001730e-03 1.892889250000000000e+06 1.899430750000000000e+06
1.000000000000000000e+00 1.500000000000000031e-03 -1.491000000000000103e-01 -7.589000000000000190e-01 -8.459999999999999465e-02 -3.330000000000000321e-02 7.530000000000000582e-02 5.000000000000000104e-03 -2.910000000000000364e-01 -3.532000000000000139e-01 -1.979999999999999816e-02 -1.038000000000000034e-01 -5.090000000000000080e-02 2.250000000000000057e-06 2.223081000000000362e-02 5.759292100000000802e-01 7.157159999999999217e-03 1.108890000000000179e-03 5.670090000000000893e-03 2.500000000000000120e-05 8.468100000000002014e-02 1.247502400000000122e-01 3.920399999999999124e-04 1.077444000000000145e-02 2.590810000000000248e-03 1.898275000000000000e+06 1.915372125000000000e+06
1.000000000000000000e+00 2.479999999999999913e-02 -2.716000000000000081e-01 -2.982000000000000206e-01 8.000000000000000167e-03 -2.526999999999999802e-01 4.400000000000000265e-03 2.329999999999999780e-02 -1.224999999999999978e-01 4.606999999999999984e-01 9.259999999999998788e-02 -2.193999999999999839e-01 -7.090000000000000469e-02 6.150399999999999661e-04 7.376656000000000879e-02 8.892324000000001449e-02 6.399999999999999710e-05 6.385728999999998323e-02 1.936000000000000099e-05 5.428899999999998657e-04 1.500624999999999876e-02 2.122444900000000079e-01 8.574759999999997245e-03 4.813635999999999610e-02 5.026810000000000479e-03 1.893286250000000000e+06 1.907352875000000000e+06
1.000000000000000000e+00 3.699999999999999817e-02 -1.395000000000000129e-01 -2.740000000000000074e-02 2.829999999999999877e-02 -1.454000000000000015e-01 -1.069999999999999944e-02 1.219999999999999904e-02 1.320999999999999952e-01 2.708000000000000407e-01 2.029999999999999860e-02 1.072999999999999787e-01 -1.509999999999999884e-02 1.368999999999999774e-03 1.946025000000000532e-02 7.507600000000000558e-04 8.008899999999999570e-04 2.114115999999999912e-02 1.144899999999999830e-04 1.488399999999999641e-04 1.745040999999999953e-02 7.333264000000001837e-02 4.120899999999999390e-04 1.151328999999999547e-02 2.280099999999999532e-04 1.893038125000000000e+06 1.903820250000000000e+06
1.000000000000000000e+00 1.909999999999999892e-02 2.209000000000000130e-01 -1.328999999999999904e-01 4.080000000000000293e-02 -4.900000000000000189e-02 4.279999999999999777e-02 -1.789999999999999925e-02 3.604000000000000536e-01 -1.054999999999999827e-01 1.250000000000000416e-02 9.639999999999999958e-02 5.349999999999999895e-02 3.648099999999999715e-04 4.879681000000000296e-02 1.766240999999999645e-02 1.664640000000000217e-03 2.401000000000000356e-03 1.831839999999999727e-03 3.204099999999999765e-04 1.298881600000000303e-01 1.113024999999999605e-02 1.562500000000001117e-04 9.292959999999999415e-03 2.862249999999999777e-03 1.895594500000000000e+06 1.903407125000000000e+06
1.000000000000000000e+00 1.389999999999999916e-02 2.692999999999999838e-01 -1.554999999999999993e-01 -8.500000000000000611e-03 1.454000000000000015e-01 1.097999999999999948e-01 -5.199999999999999761e-03 4.839999999999997082e-02 -2.260000000000000897e-02 -4.930000000000000354e-02 1.944000000000000172e-01 6.700000000000000400e-02 1.932099999999999746e-04 7.252248999999999501e-02 2.418025000000000035e-02 7.225000000000000790e-05 2.114115999999999912e-02 1.205603999999999877e-02 2.703999999999999861e-05 2.342559999999997006e-03 5.107600000000004021e-04 2.430490000000000428e-03 3.779136000000000994e-02 4.489000000000000802e-03 1.899731625000000000e+06 1.906486250000000000e+06
1.000000000000000000e+00 1.399999999999999986e-03 -3.059999999999999873e-02 -3.689000000000000057e-01 -6.329999999999999516e-02 1.507000000000000006e-01 5.140000000000000124e-02 -1.249999999999999896e-02 -2.998999999999999999e-01 -2.134000000000000064e-01 -5.479999999999999455e-02 5.299999999999999156e-03 -5.839999999999999358e-02 1.959999999999999869e-06 9.363599999999999051e-04 1.360872100000000140e-01 4.006889999999999064e-03 2.271048999999999984e-02 2.641960000000000055e-03 1.562499999999999761e-04 8.994001000000000079e-02 4.553955999999999976e-02 3.003039999999999356e-03 2.808999999999999025e-05 3.410559999999999113e-03 1.895181000000000000e+06 1.896266250000000000e+06
1.000000000000000000e+00 1.480000000000000066e-02 -2.114999999999999936e-01 -7.280999999999999694e-01 -7.499999999999999722e-02 3.610000000000000014e-02 8.500000000000000611e-02 1.340000000000000045e-02 -1.809000000000000052e-01 -3.591999999999999638e-01 -1.170000000000000207e-02 -1.146000000000000074e-01 3.360000000000000486e-02 2.190400000000000170e-04 4.473224999999999424e-02 5.301296099999999178e-01 5.624999999999999792e-03 1.303209999999999959e-03 7.225000000000001386e-03 1.795600000000000223e-04 3.272481000000000001e-02 1.290246399999999682e-01 1.368900000000000531e-04 1.313316000000000136e-02 1.128960000000000250e-03 1.899845000000000000e+06 1.902810000000000000e+06
1.000000000000000000e+00 2.399999999999999790e-03 -4.474000000000000199e-01 -6.024000000000000465e-01 -5.809999999999999887e-02 -3.057000000000000273e-01 -1.940000000000000058e-02 -1.240000000000000130e-02 -2.359000000000000263e-01 1.256999999999999229e-01 1.689999999999999836e-02 -3.418000000000000482e-01 -1.044000000000000067e-01 5.759999999999999062e-06 2.001667600000000269e-01 3.628857600000000572e-01 3.375609999999999809e-03 9.345249000000001305e-02 3.763600000000000083e-04 1.537600000000000457e-04 5.564881000000001382e-02 1.580048999999997955e-02 2.856099999999999438e-04 1.168272400000000266e-01 1.089936000000000203e-02 1.892548000000000000e+06 1.895801000000000000e+06
1.000000000000000000e+00 2.369999999999999885e-02 -1.658000000000000029e-01 -7.499999999999999722e-03 5.240000000000000213e-02 -3.274000000000000243e-01 -3.910000000000000281e-02 2.129999999999999949e-02 2.816000000000000170e-01 5.949000000000000954e-01 1.105000000000000010e-01 -2.169999999999999707e-02 -1.970000000000000223e-02 5.616899999999999974e-04 2.748964000000000268e-02 5.624999999999999846e-05 2.745760000000000301e-03 1.071907600000000099e-01 1.528810000000000238e-03 4.536899999999999744e-04 7.929856000000000404e-02 3.539060100000001041e-01 1.221025000000000062e-02 4.708899999999998504e-04 3.880900000000001146e-04 1.887983750000000000e+06 1.883863625000000000e+06
1.000000000000000000e+00 2.120000000000000009e-02 -7.400000000000000328e-03 -8.909999999999999865e-02 5.970000000000000306e-02 -2.167999999999999927e-01 -3.989999999999999797e-02 -2.499999999999998751e-03 1.584000000000000130e-01 -8.160000000000000586e-02 7.300000000000000933e-03 1.106000000000000316e-01 -7.999999999999951594e-04 4.494400000000000066e-04 5.476000000000000426e-05 7.938809999999999270e-03 3.564090000000000227e-03 4.700223999999999375e-02 1.592009999999999823e-03 6.249999999999993523e-06 2.509056000000000480e-02 6.658560000000000867e-03 5.329000000000001325e-05 1.223236000000000635e-02 6.399999999999922842e-07 1.888935625000000000e+06 1.882884250000000000e+06
1.000000000000000000e+00 4.739999999999999769e-02 -6.049999999999999822e-02 -3.057000000000000273e-01 7.100000000000000408e-03 -2.903999999999999915e-01 -9.009999999999999953e-02 2.619999999999999760e-02 -5.309999999999999443e-02 -2.166000000000000147e-01 -5.260000000000000092e-02 -7.359999999999999876e-02 -5.020000000000000157e-02 2.246759999999999990e-03 3.660249999999999875e-03 9.345249000000001305e-02 5.041000000000000694e-05 8.433215999999998935e-02 8.118010000000000156e-03 6.864399999999998584e-04 2.819609999999999304e-03 4.691556000000000892e-02 2.766760000000000053e-03 5.416960000000000178e-03 2.520040000000000301e-03 1.888967750000000000e+06 1.881692875000000000e+06
1.000000000000000000e+00 6.279999999999999472e-02 -1.221000000000000002e-01 -2.894999999999999796e-01 2.270000000000000143e-02 -3.578000000000000069e-01 -8.419999999999999707e-02 1.539999999999999702e-02 -6.160000000000000198e-02 1.620000000000004770e-02 1.560000000000000102e-02 -6.740000000000001545e-02 5.900000000000002465e-03 3.943839999999999672e-03 1.490841000000000041e-02 8.381024999999998892e-02 5.152900000000000622e-04 1.280208399999999969e-01 7.089639999999999484e-03 2.371599999999999045e-04 3.794560000000000207e-03 2.624400000000015327e-04 2.433600000000000281e-04 4.542760000000002456e-03 3.481000000000002755e-05 1.890936500000000000e+06 1.887450000000000000e+06
1.000000000000000000e+00 1.810000000000000150e-02 3.610000000000000014e-02 -4.052000000000000046e-01 -3.740000000000000269e-02 -1.179999999999999938e-01 3.399999999999999811e-03 -4.469999999999998974e-02 1.582000000000000073e-01 -1.157000000000000250e-01 -6.010000000000000064e-02 2.398000000000000131e-01 8.759999999999999731e-02 3.276100000000000431e-04 1.303209999999999959e-03 1.641870400000000063e-01 1.398760000000000194e-03 1.392399999999999888e-02 1.155999999999999943e-05 1.998089999999999242e-03 2.502724000000000268e-02 1.338649000000000609e-02 3.612010000000000134e-03 5.750404000000000626e-02 7.673759999999999956e-03 1.894307625000000000e+06 1.894731500000000000e+06
1.000000000000000000e+00 1.199999999999999895e-03 9.410000000000000309e-02 -3.390000000000000235e-01 -3.300000000000000155e-02 -1.300999999999999934e-01 4.750000000000000056e-02 -1.690000000000000183e-02 5.800000000000000294e-02 6.619999999999998108e-02 4.400000000000001132e-03 -1.209999999999999964e-02 4.410000000000000031e-02 1.439999999999999765e-06 8.854810000000001152e-03 1.149210000000000093e-01 1.089000000000000124e-03 1.692600999999999828e-02 2.256250000000000009e-03 2.856100000000000522e-04 3.364000000000000237e-03 4.382439999999997865e-03 1.936000000000001115e-05 1.464100000000000026e-04 1.944809999999999942e-03 1.892047875000000000e+06 1.895963500000000000e+06
1.000000000000000000e+00 3.269999999999999990e-02 -6.389999999999999847e-02 -2.036000000000000032e-01 1.600000000000000077e-03 -2.970999999999999752e-01 -3.389999999999999958e-02 3.150000000000000022e-02 -1.580000000000000016e-01 1.354000000000000203e-01 3.459999999999999881e-02 -1.669999999999999818e-01 -8.140000000000000013e-02 1.069290000000000084e-03 4.083209999999999444e-03 4.145296000000000397e-02 2.560000000000000054e-06 8.826840999999999160e-02 1.149209999999999902e-03 9.922500000000000764e-04 2.496400000000000008e-02 1.833316000000000459e-02 1.197159999999999848e-03 2.788899999999999366e-02 6.625960000000000183e-03 1.891939375000000000e+06 1.895899500000000000e+06
1.000000000000000000e+00 3.070000000000000159e-02 -2.100000000000000130e-02 -1.073000000000000065e-01 1.699999999999999905e-03 -1.806999999999999995e-01 -3.339999999999999913e-02 -1.999999999999998307e-03 4.289999999999999369e-02 9.629999999999999671e-02 9.999999999999982861e-05 1.163999999999999757e-01 5.000000000000004441e-04 9.424900000000001462e-04 4.410000000000000400e-04 1.151329000000000068e-02 2.889999999999999859e-06 3.265248999999999929e-02 1.115560000000000032e-03 3.999999999999993043e-06 1.840409999999999355e-03 9.273689999999999364e-03 9.999999999999965468e-09 1.354895999999999358e-02 2.500000000000004651e-07 1.890915625000000000e+06 1.896280625000000000e+06
1.000000000000000000e+00 3.889999999999999708e-02 -1.293999999999999873e-01 -3.060999999999999832e-01 2.759999999999999953e-02 -1.675000000000000100e-01 -5.210000000000000048e-02 8.199999999999995487e-03 -1.083999999999999825e-01 -1.987999999999999767e-01 2.589999999999999941e-02 1.319999999999998952e-02 -1.870000000000000134e-02 1.513209999999999859e-03 1.674435999999999633e-02 9.369720999999998912e-02 7.617599999999999979e-04 2.805625000000000480e-02 2.714410000000000000e-03 6.723999999999993220e-05 1.175055999999999670e-02 3.952143999999999102e-02 6.708099999999999827e-04 1.742399999999997141e-04 3.496900000000000485e-04 1.892247500000000000e+06 1.896249625000000000e+06
1.000000000000000000e+00 2.809999999999999998e-02 -6.239999999999999714e-02 -2.288000000000000034e-01 2.829999999999999877e-02 -1.640000000000000069e-01 -4.070000000000000007e-02 -1.079999999999999710e-02 6.699999999999999012e-02 7.729999999999997984e-02 6.999999999999992339e-04 3.500000000000003109e-03 1.140000000000000041e-02 7.896100000000000514e-04 3.893759999999999583e-03 5.234944000000000403e-02 8.008899999999999570e-04 2.689600000000000324e-02 1.656490000000000046e-03 1.166399999999999403e-04 4.488999999999999067e-03 5.975289999999996819e-03 4.899999999999989084e-07 1.225000000000002163e-05 1.299600000000000093e-04 1.890385125000000000e+06 1.893320625000000000e+06
1.000000000000000000e+00 4.870000000000000023e-02 -1.140000000000000041e-01 -3.019999999999999907e-01 3.529999999999999805e-02 -2.174999999999999989e-01 -6.160000000000000198e-02 2.060000000000000026e-02 -5.160000000000000697e-02 -7.319999999999998730e-02 6.999999999999999278e-03 -5.349999999999999201e-02 -2.090000000000000191e-02 2.371690000000000083e-03 1.299600000000000061e-02 9.120399999999999341e-02 1.246089999999999828e-03 4.730625000000000108e-02 3.794560000000000207e-03 4.243600000000000367e-04 2.662560000000000881e-03 5.358239999999998490e-03 4.899999999999999164e-05 2.862249999999999343e-03 4.368100000000000953e-04 1.891306250000000000e+06 1.894409125000000000e+06
1.000000000000000000e+00 3.109999999999999917e-02 -2.409999999999999989e-02 -2.584000000000000186e-01 3.490000000000000047e-02 -1.479999999999999927e-01 -2.419999999999999929e-02 -1.760000000000000106e-02 8.990000000000000768e-02 4.359999999999997211e-02 -3.999999999999975797e-04 6.950000000000000622e-02 3.740000000000000269e-02 9.672099999999999231e-04 5.808099999999999635e-04 6.677056000000000657e-02 1.218010000000000056e-03 2.190399999999999639e-02 5.856400000000000104e-04 3.097600000000000158e-04 8.082010000000000582e-03 1.900959999999997548e-03 1.599999999999980711e-07 4.830250000000001209e-03 1.398760000000000194e-03 1.891235375000000000e+06 1.891805250000000000e+06
1.000000000000000000e+00 5.630000000000000282e-02 -5.829999999999999766e-02 -3.551000000000000267e-01 2.900000000000000147e-02 -2.137000000000000011e-01 -5.970000000000000306e-02 2.520000000000000365e-02 -3.419999999999999429e-02 -9.670000000000000817e-02 -5.899999999999998995e-03 -6.570000000000000839e-02 -3.550000000000000377e-02 3.169690000000000181e-03 3.398889999999999897e-03 1.260960100000000084e-01 8.410000000000000591e-04 4.566769000000000384e-02 3.564090000000000227e-03 6.350400000000002354e-04 1.169639999999999569e-03 9.350890000000002325e-03 3.480999999999998689e-05 4.316490000000000951e-03 1.260250000000000302e-03 1.889750625000000000e+06 1.891507125000000000e+06
1.000000000000000000e+00 2.249999999999999917e-02 4.179999999999999688e-02 -2.257000000000000117e-01 2.450000000000000094e-02 -9.740000000000000047e-02 -5.400000000000000286e-03 -3.380000000000000365e-02 1.000999999999999945e-01 1.294000000000000150e-01 -4.500000000000000527e-03 1.163000000000000006e-01 5.430000000000000104e-02 5.062499999999999726e-04 1.747239999999999731e-03 5.094049000000000493e-02 6.002500000000000890e-04 9.486760000000000331e-03 2.916000000000000203e-05 1.142440000000000209e-03 1.002000999999999933e-02 1.674436000000000327e-02 2.025000000000000432e-05 1.352568999999999994e-02 2.948490000000000225e-03 1.890953625000000000e+06 1.890369375000000000e+06
1.000000000000000000e+00 3.280000000000000276e-02 -3.939999999999999752e-02 -2.908000000000000029e-01 8.000000000000000383e-04 -6.669999999999999540e-02 -5.840000000000000052e-02 1.030000000000000360e-02 -8.119999999999999440e-02 -6.509999999999999121e-02 -2.370000000000000231e-02 3.070000000000000506e-02 -5.299999999999999850e-02 1.075840000000000216e-03 1.552359999999999808e-03 8.456463999999999648e-02 6.400000000000000134e-07 4.448889999999999616e-03 3.410559999999999981e-03 1.060900000000000769e-04 6.593439999999999024e-03 4.238009999999998653e-03 5.616900000000001059e-04 9.424900000000003631e-04 2.808999999999999865e-03 1.891165875000000000e+06 1.893019375000000000e+06
1.000000000000000000e+00 2.980000000000000010e-02 -2.615999999999999992e-01 -4.188000000000000056e-01 1.209999999999999964e-02 -9.229999999999999316e-02 -3.160000000000000309e-02 -3.000000000000002665e-03 -2.222000000000000086e-01 -1.280000000000000027e-01 1.129999999999999928e-02 -2.559999999999999776e-02 2.679999999999999744e-02 8.880399999999999882e-04 6.843456000000000539e-02 1.753934400000000116e-01 1.464100000000000026e-04 8.519289999999998808e-03 9.985600000000001159e-04 9.000000000000015475e-06 4.937284000000000117e-02 1.638399999999999926e-02 1.276899999999999921e-04 6.553599999999999053e-04 7.182399999999998725e-04 1.890798875000000000e+06 1.893117625000000000e+06
1.000000000000000000e+00 1.959999999999999937e-02 -6.590000000000000024e-02 -2.228999999999999870e-01 7.900000000000000772e-03 -7.560000000000000053e-02 -3.860000000000000236e-02 -1.020000000000000073e-02 1.956999999999999851e-01 1.959000000000000186e-01 -4.199999999999998873e-03 1.669999999999999263e-02 -6.999999999999999278e-03 3.841599999999999811e-04 4.342809999999999900e-03 4.968440999999999136e-02 6.241000000000000724e-05 5.715360000000000058e-03 1.489960000000000243e-03 1.040400000000000135e-04 3.829848999999999754e-02 3.837681000000000425e-02 1.763999999999999035e-05 2.788899999999997371e-04 4.899999999999999164e-05 1.889102750000000000e+06 1.893314500000000000e+06
1.000000000000000000e+00 2.630000000000000046e-02 -6.210000000000000242e-02 -3.556000000000000272e-01 1.640000000000000138e-02 -8.959999999999999909e-02 -4.150000000000000216e-02 6.700000000000001094e-03 3.799999999999997824e-03 -1.327000000000000401e-01 8.500000000000000611e-03 -1.399999999999999856e-02 -2.899999999999999800e-03 6.916900000000000132e-04 3.856410000000000220e-03 1.264513600000000126e-01 2.689600000000000541e-04 8.028159999999999463e-03 1.722250000000000256e-03 4.489000000000001236e-05 1.443999999999998372e-05 1.760929000000001007e-02 7.225000000000000790e-05 1.959999999999999666e-04 8.409999999999999101e-06 1.891142125000000000e+06 1.895062375000000000e+06
1.000000000000000000e+00 1.799999999999999864e-02 -4.599999999999999922e-03 -3.225000000000000089e-01 1.319999999999999993e-02 -7.850000000000000033e-02 -2.719999999999999848e-02 -8.300000000000001821e-03 5.750000000000000250e-02 3.310000000000001830e-02 -3.200000000000001454e-03 1.109999999999999876e-02 1.430000000000000368e-02 3.239999999999999608e-04 2.116000000000000069e-05 1.040062500000000084e-01 1.742399999999999852e-04 6.162250000000000193e-03 7.398399999999999638e-04 6.889000000000002652e-05 3.306250000000000161e-03 1.095610000000001201e-03 1.024000000000000868e-05 1.232099999999999808e-04 2.044900000000000970e-04 1.890446500000000000e+06 1.892599000000000000e+06
1.000000000000000000e+00 2.680000000000000090e-02 -4.639999999999999680e-02 -3.402999999999999914e-01 1.319999999999999993e-02 -1.252000000000000057e-01 -5.729999999999999677e-02 8.800000000000002265e-03 -4.179999999999999688e-02 -1.779999999999998250e-02 0.000000000000000000e+00 -4.670000000000000540e-02 -3.009999999999999828e-02 7.182400000000000893e-04 2.152959999999999770e-03 1.158040899999999984e-01 1.742399999999999852e-04 1.567504000000000119e-02 3.283289999999999473e-03 7.744000000000004461e-05 1.747239999999999731e-03 3.168399999999993856e-04 0.000000000000000000e+00 2.180890000000000432e-03 9.060099999999998450e-04 1.892190125000000000e+06 1.897970375000000000e+06
1.000000000000000000e+00 1.510000000000000057e-02 -1.054999999999999966e-01 -3.991000000000000103e-01 1.420000000000000082e-02 -9.020000000000000240e-02 -3.749999999999999861e-02 -1.170000000000000033e-02 -5.909999999999999976e-02 -5.880000000000001892e-02 1.000000000000000888e-03 3.500000000000000333e-02 1.979999999999999816e-02 2.280100000000000074e-04 1.113024999999999952e-02 1.592808099999999949e-01 2.016400000000000278e-04 8.136040000000000633e-03 1.406249999999999948e-03 1.368899999999999989e-04 3.492809999999999838e-03 3.457440000000002161e-03 1.000000000000001861e-06 1.225000000000000177e-03 3.920399999999999124e-04 1.893464875000000000e+06 1.900352000000000000e+06
1.000000000000000000e+00 1.969999999999999876e-02 -1.111999999999999933e-01 -3.169000000000000150e-01 2.299999999999999961e-02 -6.379999999999999560e-02 -5.859999999999999931e-02 4.599999999999998188e-03 -5.699999999999996736e-03 8.219999999999999529e-02 8.799999999999998795e-03 2.640000000000000679e-02 -2.110000000000000070e-02 3.880899999999999519e-04 1.236543999999999838e-02 1.004256100000000124e-01 5.289999999999999564e-04 4.070439999999999822e-03 3.433959999999999790e-03 2.115999999999998375e-05 3.248999999999996167e-05 6.756839999999999201e-03 7.743999999999997684e-05 6.969600000000003744e-04 4.452100000000000285e-04 1.895722875000000000e+06 1.906064375000000000e+06
1.000000000000000000e+00 1.519999999999999997e-02 -1.072000000000000036e-01 -4.119999999999999774e-01 1.789999999999999925e-02 -1.814999999999999947e-01 -6.439999999999999891e-02 -4.499999999999998793e-03 3.999999999999989675e-03 -9.509999999999996234e-02 -5.100000000000000366e-03 -1.176999999999999991e-01 -5.799999999999999600e-03 2.310400000000000106e-04 1.149184000000000143e-02 1.697439999999999782e-01 3.204099999999999765e-04 3.294224999999999931e-02 4.147360000000000109e-03 2.024999999999999077e-05 1.599999999999991796e-05 9.044009999999992958e-03 2.601000000000000339e-05 1.385328999999999901e-02 3.363999999999999640e-05 1.895754500000000000e+06 1.906891250000000000e+06
1.000000000000000000e+00 -1.319999999999999993e-02 1.580000000000000154e-02 -6.061999999999999611e-01 -9.420000000000000595e-02 2.990999999999999770e-01 9.760000000000000620e-02 -2.840000000000000163e-02 1.229999999999999982e-01 -1.941999999999999837e-01 -1.121000000000000052e-01 4.805999999999999717e-01 1.620000000000000051e-01 1.742399999999999852e-04 2.496400000000000290e-04 3.674784399999999618e-01 8.873640000000000347e-03 8.946080999999998784e-02 9.525760000000001171e-03 8.065600000000001111e-04 1.512900000000000009e-02 3.771363999999999272e-02 1.256641000000000181e-02 2.309763599999999639e-01 2.624399999999999997e-02 1.901034875000000000e+06 1.911308125000000000e+06
1.000000000000000000e+00 -4.599999999999999922e-02 -4.510000000000000120e-02 -3.921999999999999931e-01 -1.333999999999999908e-01 1.620000000000000051e-01 1.666999999999999871e-01 -3.279999999999999583e-02 -6.090000000000000274e-02 2.139999999999999680e-01 -3.919999999999998486e-02 -1.370999999999999719e-01 6.909999999999998088e-02 2.115999999999999825e-03 2.034010000000000158e-03 1.538208399999999865e-01 1.779555999999999846e-02 2.624399999999999997e-02 2.778888999999999665e-02 1.075839999999999783e-03 3.708810000000000318e-03 4.579599999999998949e-02 1.536639999999998840e-03 1.879640999999999257e-02 4.774809999999997390e-03 1.898697875000000000e+06 1.915578625000000000e+06
1.000000000000000000e+00 8.999999999999999754e-04 -2.192000000000000060e-01 -1.328999999999999904e-01 1.200000000000000025e-02 -1.809999999999999942e-01 1.179999999999999973e-02 4.689999999999999725e-02 -1.741000000000000048e-01 2.592999999999999750e-01 1.454000000000000015e-01 -3.429999999999999716e-01 -1.548999999999999821e-01 8.099999999999999739e-07 4.804864000000000357e-02 1.766240999999999645e-02 1.440000000000000036e-04 3.276099999999999846e-02 1.392400000000000018e-04 2.199609999999999847e-03 3.031081000000000053e-02 6.723648999999998210e-02 2.114115999999999912e-02 1.176489999999999758e-01 2.399400999999999617e-02 1.899772875000000000e+06 1.914424375000000000e+06
1.000000000000000000e+00 8.300000000000000433e-02 -4.359999999999999987e-02 -1.221000000000000002e-01 3.710000000000000103e-02 -2.779999999999999832e-02 4.100000000000000172e-02 8.210000000000000631e-02 1.756000000000000061e-01 1.079999999999999016e-02 2.510000000000000078e-02 1.532000000000000028e-01 2.920000000000000373e-02 6.889000000000001026e-03 1.900959999999999933e-03 1.490841000000000041e-02 1.376410000000000003e-03 7.728399999999998986e-04 1.681000000000000202e-03 6.740410000000001366e-03 3.083536000000000263e-02 1.166399999999997913e-04 6.300100000000000752e-04 2.347023999999999985e-02 8.526400000000002120e-04 1.898655250000000000e+06 1.910766875000000000e+06
1.000000000000000000e+00 1.969999999999999876e-02 8.200000000000000691e-03 -2.912000000000000144e-01 3.910000000000000281e-02 -2.679000000000000270e-01 1.089999999999999997e-02 -6.330000000000000904e-02 5.179999999999999882e-02 -1.691000000000000281e-01 2.000000000000001776e-03 -2.401000000000000356e-01 -3.010000000000000175e-02 3.880899999999999519e-04 6.724000000000001352e-05 8.479744000000000170e-02 1.528810000000000238e-03 7.177041000000002058e-02 1.188099999999999958e-04 4.006890000000000798e-03 2.683239999999999931e-03 2.859481000000000869e-02 4.000000000000007442e-06 5.764801000000002035e-02 9.060100000000000618e-04 1.899138375000000000e+06 1.914448625000000000e+06
1.000000000000000000e+00 2.139999999999999888e-02 1.669999999999999957e-02 -3.385000000000000231e-01 5.220000000000000334e-02 -2.025000000000000133e-01 -8.200000000000000691e-03 1.700000000000000122e-03 8.499999999999998876e-03 -4.730000000000000870e-02 1.310000000000000053e-02 6.540000000000001368e-02 -1.909999999999999892e-02 4.579599999999999318e-04 2.788900000000000081e-04 1.145822500000000105e-01 2.724840000000000508e-03 4.100625000000000797e-02 6.724000000000001352e-05 2.890000000000000282e-06 7.224999999999998080e-05 2.237290000000000719e-03 1.716100000000000188e-04 4.277160000000002071e-03 3.648099999999999715e-04 1.899615500000000000e+06 1.910998875000000000e+06
1.000000000000000000e+00 -6.100000000000000387e-03 1.272000000000000075e-01 -3.630999999999999783e-01 -6.980000000000000093e-02 1.562999999999999945e-01 1.019000000000000045e-01 -2.750000000000000014e-02 1.105000000000000149e-01 -2.459999999999995524e-02 -1.219999999999999973e-01 3.588000000000000078e-01 1.101000000000000034e-01 3.721000000000000457e-05 1.617984000000000089e-02 1.318416099999999980e-01 4.872040000000000225e-03 2.442968999999999696e-02 1.038361000000000145e-02 7.562499999999999778e-04 1.221025000000000409e-02 6.051599999999978177e-04 1.488399999999999966e-02 1.287374400000000085e-01 1.212201000000000077e-02 1.902219875000000000e+06 1.913715500000000000e+06
1.000000000000000000e+00 2.399999999999999790e-03 9.669999999999999429e-02 -4.450999999999999956e-01 -5.070000000000000201e-02 5.499999999999999681e-03 6.320000000000000617e-02 8.500000000000000611e-03 -3.050000000000001321e-02 -8.200000000000001732e-02 1.909999999999999892e-02 -1.507999999999999896e-01 -3.869999999999999829e-02 5.759999999999999062e-06 9.350889999999998856e-03 1.981140100000000071e-01 2.570490000000000361e-03 3.024999999999999667e-05 3.994240000000000464e-03 7.225000000000000790e-05 9.302500000000008462e-04 6.724000000000002544e-03 3.648099999999999715e-04 2.274063999999999600e-02 1.497689999999999872e-03 1.901158250000000000e+06 1.911768375000000000e+06
1.000000000000000000e+00 1.060000000000000005e-02 -7.080000000000000182e-02 -4.440000000000000058e-01 9.199999999999999845e-03 -1.969999999999999876e-02 9.379999999999999449e-02 8.200000000000000691e-03 -1.674999999999999822e-01 1.099999999999989875e-03 5.990000000000000185e-02 -2.520000000000000018e-02 3.059999999999998832e-02 1.123600000000000016e-04 5.012640000000000498e-03 1.971360000000000057e-01 8.464000000000000278e-05 3.880899999999999519e-04 8.798439999999999386e-03 6.724000000000001352e-05 2.805624999999999439e-02 1.209999999999977827e-06 3.588010000000000418e-03 6.350400000000000185e-04 9.363599999999992545e-04 1.899409875000000000e+06 1.908589000000000000e+06
1.000000000000000000e+00 1.370000000000000037e-02 -3.200999999999999956e-01 -4.239999999999999880e-01 -4.850000000000000144e-02 -1.759999999999999898e-01 -1.460000000000000013e-02 3.100000000000000325e-03 -2.492999999999999938e-01 2.000000000000001776e-02 -5.770000000000000129e-02 -1.562999999999999945e-01 -1.083999999999999964e-01 1.876900000000000139e-04 1.024640099999999943e-01 1.797759999999999914e-01 2.352250000000000174e-03 3.097599999999999659e-02 2.131599999999999988e-04 9.610000000000002858e-06 6.215048999999999574e-02 4.000000000000007239e-04 3.329289999999999940e-03 2.442968999999999696e-02 1.175055999999999844e-02 1.896920875000000000e+06 1.899456625000000000e+06
1.000000000000000000e+00 2.319999999999999840e-02 -8.379999999999999949e-02 -9.100000000000000450e-03 1.830000000000000029e-02 -3.237999999999999767e-01 -2.390000000000000110e-02 9.499999999999998029e-03 2.363000000000000100e-01 4.148999999999999910e-01 6.679999999999999827e-02 -1.477999999999999869e-01 -9.300000000000000974e-03 5.382399999999999424e-04 7.022439999999999585e-03 8.281000000000000166e-05 3.348900000000000141e-04 1.048464399999999852e-01 5.712100000000000554e-04 9.024999999999995753e-05 5.583769000000000232e-02 1.721420099999999842e-01 4.462240000000000130e-03 2.184483999999999732e-02 8.649000000000002064e-05 1.889899125000000000e+06 1.887857125000000000e+06
1.000000000000000000e+00 2.910000000000000087e-02 -3.200000000000000153e-03 -1.053999999999999937e-01 -3.450000000000000289e-02 -1.811000000000000110e-01 -3.189999999999999780e-02 5.900000000000002465e-03 8.060000000000000497e-02 -9.629999999999999671e-02 -5.279999999999999971e-02 1.426999999999999658e-01 -7.999999999999996697e-03 8.468100000000000323e-04 1.024000000000000021e-05 1.110915999999999813e-02 1.190250000000000119e-03 3.279721000000000719e-02 1.017609999999999956e-03 3.481000000000002755e-05 6.496360000000000502e-03 9.273689999999999364e-03 2.787839999999999763e-03 2.036328999999998876e-02 6.399999999999994289e-05 1.893617000000000000e+06 1.888410250000000000e+06
1.000000000000000000e+00 3.500000000000000333e-02 5.410000000000000225e-02 -2.273000000000000020e-01 3.219999999999999946e-02 -1.185999999999999971e-01 -4.179999999999999688e-02 5.900000000000002465e-03 5.730000000000000371e-02 -1.219000000000000083e-01 6.670000000000000928e-02 6.250000000000001388e-02 -9.899999999999999079e-03 1.225000000000000177e-03 2.926810000000000175e-03 5.166529000000000260e-02 1.036840000000000027e-03 1.406595999999999888e-02 1.747239999999999731e-03 3.481000000000002755e-05 3.283290000000000340e-03 1.485961000000000226e-02 4.448890000000001350e-03 3.906250000000001735e-03 9.800999999999997811e-05 1.892792250000000000e+06 1.887008125000000000e+06
1.000000000000000000e+00 2.879999999999999921e-02 -9.810000000000000664e-02 -3.348999999999999755e-01 -3.599999999999999728e-02 -2.273999999999999910e-01 -3.389999999999999958e-02 -6.200000000000004119e-03 -1.522000000000000020e-01 -1.075999999999999734e-01 -6.819999999999999674e-02 -1.087999999999999939e-01 7.899999999999997302e-03 8.294399999999999733e-04 9.623610000000001191e-03 1.121580099999999885e-01 1.295999999999999843e-03 5.171075999999999451e-02 1.149209999999999902e-03 3.844000000000005209e-05 2.316483999999999904e-02 1.157775999999999424e-02 4.651239999999999195e-03 1.183743999999999942e-02 6.240999999999995303e-05 1.895602375000000000e+06 1.894780375000000000e+06
1.000000000000000000e+00 3.239999999999999825e-02 -9.929999999999999938e-02 -3.534999999999999809e-01 3.780000000000000027e-02 -1.645000000000000073e-01 -5.149999999999999717e-02 3.599999999999999034e-03 -1.199999999999992739e-03 -1.860000000000000542e-02 7.380000000000000449e-02 6.289999999999998370e-02 -1.759999999999999759e-02 1.049759999999999843e-03 9.860489999999999533e-03 1.249622499999999831e-01 1.428840000000000015e-03 2.706025000000000097e-02 2.652249999999999660e-03 1.295999999999999281e-05 1.439999999999982613e-06 3.459600000000001910e-04 5.446440000000000309e-03 3.956409999999997880e-03 3.097599999999999074e-04 1.895662125000000000e+06 1.896494875000000000e+06
1.000000000000000000e+00 3.980000000000000204e-02 -1.899999999999999953e-02 -3.519999999999999796e-01 -2.400000000000000050e-02 -1.814999999999999947e-01 -2.949999999999999845e-02 7.400000000000003797e-03 8.029999999999999638e-02 1.500000000000001332e-03 -6.180000000000000077e-02 -1.699999999999998734e-02 2.199999999999999872e-02 1.584040000000000101e-03 3.609999999999999928e-04 1.239039999999999864e-01 5.760000000000000146e-04 3.294224999999999931e-02 8.702499999999999299e-04 5.476000000000005847e-05 6.448089999999999204e-03 2.250000000000003869e-06 3.819240000000000222e-03 2.889999999999995437e-04 4.839999999999999468e-04 1.895904375000000000e+06 1.898328250000000000e+06
1.000000000000000000e+00 3.919999999999999873e-02 -8.450000000000000566e-02 -3.154000000000000137e-01 4.089999999999999886e-02 -1.819999999999999951e-01 -6.719999999999999585e-02 -6.000000000000033085e-04 -6.550000000000000266e-02 3.659999999999996589e-02 6.489999999999999936e-02 -5.000000000000004441e-04 -3.769999999999999740e-02 1.536639999999999924e-03 7.140250000000000763e-03 9.947716000000000891e-02 1.672809999999999835e-03 3.312400000000000067e-02 4.515839999999999264e-03 3.600000000000039648e-07 4.290250000000000660e-03 1.339559999999997454e-03 4.212009999999999539e-03 2.500000000000004651e-07 1.421289999999999750e-03 1.893848375000000000e+06 1.890590250000000000e+06
1.000000000000000000e+00 1.909999999999999892e-02 1.329999999999999932e-02 -1.824999999999999956e-01 -3.189999999999999780e-02 -1.132999999999999979e-01 1.099999999999999936e-02 -2.009999999999999981e-02 9.779999999999999805e-02 1.329000000000000181e-01 -7.280000000000000360e-02 6.869999999999999718e-02 7.819999999999999174e-02 3.648099999999999715e-04 1.768899999999999954e-04 3.330624999999999558e-02 1.017609999999999956e-03 1.283689000000000011e-02 1.209999999999999867e-04 4.040100000000000028e-04 9.564839999999999801e-03 1.766241000000000338e-02 5.299840000000000106e-03 4.719689999999999476e-03 6.115239999999998351e-03 1.893848000000000000e+06 1.893947250000000000e+06
1.000000000000000000e+00 5.070000000000000201e-02 -1.068999999999999950e-01 -3.921999999999999931e-01 4.499999999999999833e-02 -1.933999999999999886e-01 -7.870000000000000606e-02 3.160000000000000309e-02 -1.202000000000000013e-01 -2.096999999999999975e-01 7.689999999999999614e-02 -8.009999999999999065e-02 -8.970000000000000195e-02 2.570490000000000361e-03 1.142760999999999950e-02 1.538208399999999865e-01 2.024999999999999890e-03 3.740355999999999542e-02 6.193690000000000827e-03 9.985600000000001159e-04 1.444804000000000054e-02 4.397409000000000040e-02 5.913609999999999700e-03 6.416009999999998901e-03 8.046090000000000533e-03 1.894528500000000000e+06 1.893352375000000000e+06
1.000000000000000000e+00 1.129999999999999928e-02 8.640000000000000457e-02 -2.487000000000000044e-01 -3.889999999999999708e-02 -1.239999999999999956e-02 2.170000000000000054e-02 -3.940000000000000446e-02 1.932999999999999996e-01 1.434999999999999887e-01 -8.390000000000000235e-02 1.809999999999999942e-01 1.004000000000000031e-01 1.276899999999999921e-04 7.464960000000000519e-03 6.185169000000000084e-02 1.513209999999999859e-03 1.537599999999999915e-04 4.708900000000000130e-04 1.552360000000000458e-03 3.736488999999999783e-02 2.059224999999999597e-02 7.039210000000000605e-03 3.276099999999999846e-02 1.008016000000000120e-02 1.894343875000000000e+06 1.895069125000000000e+06
1.000000000000000000e+00 -1.559999999999999928e-02 -2.390000000000000110e-02 -5.564999999999999947e-01 -1.559999999999999998e-01 2.580000000000000002e-02 4.460000000000000075e-02 -2.690000000000000030e-02 -1.103000000000000091e-01 -3.077999999999999625e-01 -1.171000000000000096e-01 3.819999999999999785e-02 2.290000000000000022e-02 2.433599999999999739e-04 5.712100000000000554e-04 3.096922500000000023e-01 2.433599999999999999e-02 6.656400000000000034e-04 1.989160000000000234e-03 7.236099999999999650e-04 1.216609000000000267e-02 9.474083999999997896e-02 1.371241000000000300e-02 1.459239999999999886e-03 5.244100000000000020e-04 1.896050625000000000e+06 1.902818500000000000e+06
1.000000000000000000e+00 -2.520000000000000018e-02 -4.809999999999999692e-02 -6.612999999999999989e-01 -1.796999999999999986e-01 -8.890000000000000679e-02 4.510000000000000120e-02 -9.600000000000000894e-03 -2.419999999999999582e-02 -1.048000000000000043e-01 -2.369999999999999885e-02 -1.147000000000000103e-01 5.000000000000004441e-04 6.350400000000000185e-04 2.313609999999999799e-03 4.373176899999999812e-01 3.229209000000000246e-02 7.903210000000000790e-03 2.034010000000000158e-03 9.216000000000001209e-05 5.856399999999997935e-04 1.098304000000000120e-02 5.616899999999999974e-04 1.315609000000000223e-02 2.500000000000004651e-07 1.893787500000000000e+06 1.899299625000000000e+06
1.000000000000000000e+00 -2.000000000000000096e-04 3.108000000000000207e-01 -7.430000000000000493e-02 1.799999999999999864e-02 -1.771999999999999964e-01 -2.970000000000000070e-02 2.500000000000000139e-02 3.588999999999999968e-01 5.869999999999999662e-01 1.976999999999999869e-01 -8.829999999999998961e-02 -7.480000000000000537e-02 4.000000000000000084e-08 9.659664000000001138e-02 5.520490000000001160e-03 3.239999999999999608e-04 3.139983999999999831e-02 8.820900000000000876e-04 6.250000000000001214e-04 1.288092100000000073e-01 3.445689999999999586e-01 3.908528999999999476e-02 7.796889999999998162e-03 5.595040000000000777e-03 1.899530375000000000e+06 1.910355125000000000e+06
1.000000000000000000e+00 -1.510000000000000057e-02 -1.305000000000000049e-01 -2.217999999999999972e-01 6.300000000000000044e-03 -6.610000000000000597e-02 -6.239999999999999714e-02 -1.490000000000000005e-02 -4.413000000000000256e-01 -1.474999999999999922e-01 -1.169999999999999860e-02 1.110999999999999904e-01 -3.269999999999999296e-02 2.280100000000000074e-04 1.703025000000000025e-02 4.919524000000000119e-02 3.969000000000000116e-05 4.369210000000000975e-03 3.893759999999999583e-03 2.220099999999999971e-04 1.947456900000000268e-01 2.175624999999999781e-02 1.368899999999999718e-04 1.234320999999999856e-02 1.069289999999999434e-03 1.898737250000000000e+06 1.905154250000000000e+06
1.000000000000000000e+00 9.400000000000000369e-03 -1.155000000000000054e-01 -4.767000000000000126e-01 2.249999999999999917e-02 5.589999999999999830e-02 9.249999999999999889e-02 2.450000000000000094e-02 1.499999999999999944e-02 -2.549000000000000155e-01 1.619999999999999912e-02 1.219999999999999973e-01 1.548999999999999821e-01 8.836000000000000104e-05 1.334025000000000141e-02 2.272428900000000029e-01 5.062499999999999726e-04 3.124810000000000001e-03 8.556249999999999620e-03 6.002500000000000890e-04 2.249999999999999938e-04 6.497401000000001259e-02 2.624399999999999606e-04 1.488399999999999966e-02 2.399400999999999617e-02 1.898627250000000000e+06 1.901262250000000000e+06
1.000000000000000000e+00 -1.949999999999999997e-02 -5.040000000000000036e-02 -3.214000000000000190e-01 4.549999999999999878e-02 -1.749999999999999889e-01 7.989999999999999880e-02 -2.890000000000000208e-02 6.510000000000000508e-02 1.552999999999999936e-01 2.299999999999999961e-02 -2.308999999999999941e-01 -1.260000000000000009e-02 3.802499999999999999e-04 2.540160000000000074e-03 1.032979600000000081e-01 2.070250000000000042e-03 3.062499999999999598e-02 6.384009999999999858e-03 8.352100000000000756e-04 4.238010000000000388e-03 2.411808999999999828e-02 5.289999999999999564e-04 5.331480999999999720e-02 1.587600000000000046e-04 1.893800000000000000e+06 1.897251500000000000e+06
1.000000000000000000e+00 2.230000000000000038e-02 -2.708999999999999742e-01 -3.141999999999999793e-01 5.809999999999999887e-02 -2.901000000000000245e-01 -1.789999999999999925e-02 4.180000000000000382e-02 -2.204999999999999738e-01 7.200000000000039702e-03 1.260000000000000009e-02 -1.151000000000000356e-01 -9.779999999999999805e-02 4.972900000000000584e-04 7.338680999999998289e-02 9.872163999999998552e-02 3.375609999999999809e-03 8.415801000000001919e-02 3.204099999999999765e-04 1.747240000000000381e-03 4.862024999999998986e-02 5.184000000000057431e-05 1.587600000000000046e-04 1.324801000000000797e-02 9.564839999999999801e-03 1.890900625000000000e+06 1.885346250000000000e+06
1.000000000000000000e+00 3.350000000000000200e-02 -1.748999999999999999e-01 -2.617999999999999772e-01 1.720000000000000001e-02 -1.622999999999999998e-01 -2.139999999999999888e-02 1.120000000000000162e-02 9.599999999999997424e-02 5.240000000000000213e-02 -4.089999999999999886e-02 1.278000000000000247e-01 -3.499999999999999639e-03 1.122250000000000201e-03 3.059001000000000081e-02 6.853923999999998740e-02 2.958400000000000135e-04 2.634128999999999984e-02 4.579599999999999318e-04 1.254400000000000458e-04 9.215999999999995029e-03 2.745760000000000301e-03 1.672809999999999835e-03 1.633284000000000472e-02 1.224999999999999791e-05 1.891454875000000000e+06 1.884895500000000000e+06
1.000000000000000000e+00 2.170000000000000054e-02 7.000000000000000666e-02 -1.688999999999999946e-01 1.959999999999999937e-02 -8.069999999999999396e-02 -2.610000000000000167e-02 -1.180000000000000146e-02 2.449000000000000066e-01 9.289999999999998259e-02 2.399999999999999356e-03 8.160000000000000586e-02 -4.700000000000002787e-03 4.708900000000000130e-04 4.900000000000000709e-03 2.852720999999999729e-02 3.841599999999999811e-04 6.512489999999999252e-03 6.812100000000001271e-04 1.392400000000000289e-04 5.997601000000000321e-02 8.630409999999996348e-03 5.759999999999996521e-06 6.658560000000000867e-03 2.209000000000002737e-05 1.891798250000000000e+06 1.886457250000000000e+06
1.000000000000000000e+00 -2.700000000000000143e-03 1.517999999999999905e-01 -1.652000000000000135e-01 -2.599999999999999881e-02 -1.328999999999999904e-01 4.730000000000000177e-02 -2.440000000000000155e-02 8.179999999999998384e-02 3.699999999999981082e-03 -4.560000000000000164e-02 -5.219999999999999640e-02 7.340000000000000691e-02 7.290000000000000507e-06 2.304323999999999609e-02 2.729104000000000599e-02 6.759999999999999516e-04 1.766240999999999645e-02 2.237290000000000285e-03 5.953600000000000732e-04 6.691239999999997606e-03 1.368999999999986046e-05 2.079360000000000149e-03 2.724839999999999641e-03 5.387560000000001306e-03 1.896402875000000000e+06 1.895620750000000000e+06
1.000000000000000000e+00 4.870000000000000023e-02 -2.642999999999999794e-01 -5.354999999999999760e-01 9.599999999999999159e-03 -3.397999999999999909e-01 -3.320000000000000034e-02 5.140000000000000124e-02 -4.160999999999999699e-01 -3.702999999999999625e-01 3.559999999999999970e-02 -2.069000000000000006e-01 -8.050000000000000211e-02 2.371690000000000083e-03 6.985448999999999131e-02 2.867602499999999943e-01 9.215999999999998499e-05 1.154640399999999900e-01 1.102239999999999991e-03 2.641960000000000055e-03 1.731392099999999878e-01 1.371220899999999743e-01 1.267359999999999928e-03 4.280761000000000288e-02 6.480250000000000767e-03 1.894149250000000000e+06 1.897127000000000000e+06
1.000000000000000000e+00 3.919999999999999873e-02 -1.433000000000000107e-01 -2.592999999999999750e-01 3.139999999999999736e-02 -1.592999999999999972e-01 1.000000000000000048e-04 -9.500000000000001499e-03 1.209999999999999687e-01 2.762000000000000011e-01 2.179999999999999993e-02 1.804999999999999938e-01 3.330000000000000321e-02 1.536639999999999924e-03 2.053489000000000356e-02 6.723648999999998210e-02 9.859599999999999181e-04 2.537648999999999808e-02 1.000000000000000021e-08 9.025000000000002530e-05 1.464099999999999256e-02 7.628643999999999703e-02 4.752399999999999832e-04 3.258024999999999810e-02 1.108890000000000179e-03 1.892385250000000000e+06 1.889454125000000000e+06
1.000000000000000000e+00 2.939999999999999905e-02 7.510000000000000009e-02 -8.870000000000000107e-02 2.879999999999999921e-02 -1.464000000000000024e-01 1.830000000000000029e-02 -9.799999999999999684e-03 2.184000000000000108e-01 1.705999999999999739e-01 -2.599999999999998146e-03 1.289999999999999480e-02 1.820000000000000090e-02 8.643599999999999981e-04 5.640009999999999989e-03 7.867690000000000100e-03 8.294399999999999733e-04 2.143296000000000090e-02 3.348900000000000141e-04 9.603999999999999527e-05 4.769856000000000790e-02 2.910435999999999232e-02 6.759999999999990334e-06 1.664099999999998653e-04 3.312400000000000067e-04 1.890291625000000000e+06 1.890665750000000000e+06
1.000000000000000000e+00 4.440000000000000197e-02 -1.741000000000000048e-01 -3.432999999999999940e-01 3.620000000000000301e-02 -2.892000000000000126e-01 -2.129999999999999949e-02 1.500000000000000291e-02 -2.492000000000000048e-01 -2.545999999999999930e-01 7.400000000000003797e-03 -1.428000000000000103e-01 -3.959999999999999631e-02 1.971360000000000126e-03 3.031081000000000053e-02 1.178548899999999899e-01 1.310440000000000172e-03 8.363664000000001209e-02 4.536899999999999744e-04 2.250000000000000752e-04 6.210064000000000556e-02 6.482116000000000267e-02 5.476000000000005847e-05 2.039184000000000135e-02 1.568159999999999650e-03 1.887914500000000000e+06 1.886224750000000000e+06
1.000000000000000000e+00 4.039999999999999841e-02 8.800000000000000530e-03 -1.890000000000000013e-01 3.189999999999999780e-02 -1.300000000000000044e-01 -9.400000000000000369e-03 -4.000000000000003553e-03 1.829000000000000070e-01 1.542999999999999927e-01 -4.300000000000005207e-03 1.592000000000000082e-01 1.189999999999999912e-02 1.632159999999999904e-03 7.744000000000000395e-05 3.572100000000000275e-02 1.017609999999999956e-03 1.690000000000000183e-02 8.836000000000000104e-05 1.600000000000002977e-05 3.345241000000000187e-02 2.380848999999999813e-02 1.849000000000004489e-05 2.534464000000000161e-02 1.416099999999999672e-04 1.891410750000000000e+06 1.892394625000000000e+06
1.000000000000000000e+00 2.779999999999999832e-02 7.850000000000000033e-02 -1.474000000000000032e-01 3.160000000000000309e-02 -1.668999999999999928e-01 6.000000000000000125e-03 -1.260000000000000009e-02 6.969999999999999807e-02 4.159999999999999809e-02 -2.999999999999947153e-04 -3.689999999999998836e-02 1.540000000000000049e-02 7.728399999999998986e-04 6.162250000000000193e-03 2.172676000000000121e-02 9.985600000000001159e-04 2.785560999999999593e-02 3.600000000000000091e-05 1.587600000000000046e-04 4.858089999999999804e-03 1.730559999999999911e-03 8.999999999999683544e-08 1.361609999999999210e-03 2.371600000000000129e-04 1.893608875000000000e+06 1.898564750000000000e+06
1.000000000000000000e+00 4.519999999999999712e-02 -1.645999999999999963e-01 -3.294000000000000261e-01 3.780000000000000027e-02 -1.598999999999999866e-01 -2.019999999999999921e-02 1.739999999999999880e-02 -2.430999999999999828e-01 -1.820000000000000229e-01 6.199999999999997180e-03 7.000000000000006217e-03 -2.620000000000000107e-02 2.043039999999999873e-03 2.709315999999999808e-02 1.085043600000000219e-01 1.428840000000000015e-03 2.556800999999999519e-02 4.080399999999999761e-04 3.027599999999999541e-04 5.909760999999999487e-02 3.312400000000000760e-02 3.843999999999996400e-05 4.900000000000008651e-05 6.864400000000000753e-04 1.892540500000000000e+06 1.897624375000000000e+06
1.000000000000000000e+00 2.829999999999999877e-02 6.759999999999999343e-02 -2.670000000000000151e-01 2.529999999999999957e-02 -1.307000000000000106e-01 -1.000000000000000021e-03 -1.689999999999999836e-02 2.321999999999999897e-01 6.240000000000001101e-02 -1.250000000000000069e-02 2.919999999999997597e-02 1.919999999999999832e-02 8.008899999999999570e-04 4.569759999999999101e-03 7.128900000000000514e-02 6.400899999999999515e-04 1.708249000000000226e-02 9.999999999999999547e-07 2.856099999999999438e-04 5.391683999999999366e-02 3.893760000000001317e-03 1.562500000000000304e-04 8.526399999999985857e-04 3.686399999999999400e-04 1.892259625000000000e+06 1.898862375000000000e+06
1.000000000000000000e+00 1.319999999999999993e-02 1.862000000000000044e-01 -3.149000000000000132e-01 -1.000000000000000021e-03 -1.101000000000000034e-01 3.529999999999999805e-02 -1.509999999999999884e-02 1.186000000000000110e-01 -4.789999999999999813e-02 -2.630000000000000046e-02 2.060000000000000719e-02 3.629999999999999893e-02 1.742399999999999852e-04 3.467044000000000376e-02 9.916201000000000876e-02 9.999999999999999547e-07 1.212201000000000077e-02 1.246089999999999828e-03 2.280099999999999532e-04 1.406596000000000235e-02 2.294409999999999766e-03 6.916900000000000132e-04 4.243600000000003077e-04 1.317689999999999834e-03 1.897214500000000000e+06 1.902709250000000000e+06
1.000000000000000000e+00 6.100000000000000387e-03 1.322000000000000119e-01 -3.492000000000000104e-01 -2.270000000000000143e-02 8.619999999999999885e-02 1.264000000000000123e-01 -7.099999999999999541e-03 -5.399999999999999245e-02 -3.429999999999999716e-02 -2.170000000000000054e-02 1.963000000000000023e-01 9.110000000000001430e-02 3.721000000000000457e-05 1.747684000000000390e-02 1.219406400000000029e-01 5.152900000000000622e-04 7.430439999999999962e-03 1.597696000000000185e-02 5.040999999999999339e-05 2.915999999999999322e-03 1.176489999999999871e-03 4.708900000000000130e-04 3.853369000000000238e-02 8.299210000000003043e-03 1.901588875000000000e+06 1.902190750000000000e+06
1.000000000000000000e+00 -3.640000000000000180e-02 -1.653000000000000025e-01 -5.800999999999999490e-01 -4.669999999999999846e-02 1.199999999999999895e-03 1.042000000000000010e-01 -4.250000000000000305e-02 -2.974999999999999867e-01 -2.308999999999999386e-01 -2.399999999999999703e-02 -8.499999999999999223e-02 -2.220000000000001139e-02 1.324960000000000027e-03 2.732409000000000227e-02 3.365160099999999210e-01 2.180889999999999999e-03 1.439999999999999765e-06 1.085764000000000000e-02 1.806250000000000347e-03 8.850624999999999465e-02 5.331480999999996945e-02 5.759999999999999062e-04 7.224999999999998784e-03 4.928400000000004652e-04 1.897425375000000000e+06 1.906601125000000000e+06
1.000000000000000000e+00 1.830000000000000029e-02 -3.637000000000000233e-01 -4.007999999999999896e-01 6.700000000000000226e-03 -1.824000000000000066e-01 1.689999999999999836e-02 5.469999999999999862e-02 -1.984000000000000208e-01 1.792999999999999594e-01 5.339999999999999608e-02 -1.836000000000000132e-01 -8.730000000000000260e-02 3.348900000000000141e-04 1.322776900000000033e-01 1.606406400000000012e-01 4.489000000000000558e-05 3.326976000000000239e-02 2.856099999999999438e-04 2.992089999999999767e-03 3.936256000000001171e-02 3.214848999999998791e-02 2.851559999999999512e-03 3.370896000000000309e-02 7.621290000000000182e-03 1.893930500000000000e+06 1.892992125000000000e+06
1.000000000000000000e+00 8.329999999999999905e-02 -1.693999999999999950e-01 -1.365000000000000102e-01 1.409999999999999969e-02 -1.401000000000000023e-01 1.039999999999999952e-02 6.500000000000000222e-02 1.943000000000000282e-01 2.642999999999999794e-01 7.399999999999999460e-03 4.230000000000000426e-02 -6.499999999999998834e-03 6.938889999999999642e-03 2.869635999999999715e-02 1.863225000000000298e-02 1.988100000000000023e-04 1.962801000000000129e-02 1.081599999999999944e-04 4.225000000000000457e-03 3.775249000000001354e-02 6.985448999999999131e-02 5.475999999999999070e-05 1.789290000000000455e-03 4.224999999999998342e-05 1.891832250000000000e+06 1.892262500000000000e+06
1.000000000000000000e+00 2.079999999999999905e-02 -7.059999999999999609e-02 -2.379999999999999893e-01 2.999999999999999889e-02 -1.464999999999999913e-01 3.490000000000000047e-02 -6.250000000000000000e-02 9.879999999999999893e-02 -1.014999999999999791e-01 1.589999999999999747e-02 -6.399999999999989031e-03 2.450000000000000094e-02 4.326399999999999777e-04 4.984359999999999312e-03 5.664399999999999297e-02 8.999999999999999754e-04 2.146224999999999869e-02 1.218010000000000056e-03 3.906250000000000000e-03 9.761439999999999700e-03 1.030224999999999544e-02 2.528099999999999055e-04 4.095999999999985856e-05 6.002500000000000890e-04 1.889126750000000000e+06 1.886688000000000000e+06
1.000000000000000000e+00 3.740000000000000269e-02 9.890000000000000180e-02 -2.664000000000000257e-01 -1.480000000000000066e-02 -2.931000000000000272e-01 7.700000000000000247e-03 1.660000000000000364e-02 1.694999999999999840e-01 -2.840000000000003633e-02 -4.479999999999999954e-02 -1.466000000000000358e-01 -2.720000000000000195e-02 1.398760000000000194e-03 9.781210000000000251e-03 7.096896000000001148e-02 2.190400000000000170e-04 8.590761000000000924e-02 5.929000000000000324e-05 2.755600000000001061e-04 2.873024999999999538e-02 8.065600000000020626e-04 2.007039999999999866e-03 2.149156000000001024e-02 7.398400000000000722e-04 1.888331000000000000e+06 1.888357125000000000e+06
1.000000000000000000e+00 4.819999999999999979e-02 1.615000000000000047e-01 -3.862999999999999767e-01 -1.500000000000000031e-03 -2.762000000000000011e-01 -4.410000000000000031e-02 1.079999999999999710e-02 6.260000000000000286e-02 -1.198999999999999511e-01 1.330000000000000106e-02 1.690000000000002611e-02 -5.179999999999999882e-02 2.323239999999999854e-03 2.608225000000000127e-02 1.492276899999999684e-01 2.250000000000000057e-06 7.628643999999999703e-02 1.944809999999999942e-03 1.166399999999999403e-04 3.918760000000000299e-03 1.437600999999998769e-02 1.768900000000000225e-04 2.856100000000008654e-04 2.683239999999999931e-03 1.893266875000000000e+06 1.895122375000000000e+06
1.000000000000000000e+00 3.559999999999999970e-02 9.799999999999999684e-03 -3.784000000000000141e-01 -2.299999999999999961e-02 7.580000000000000626e-02 2.489999999999999852e-02 -1.260000000000000009e-02 -1.517000000000000015e-01 7.899999999999962608e-03 -2.149999999999999828e-02 3.519999999999999796e-01 6.900000000000000577e-02 1.267359999999999928e-03 9.603999999999999527e-05 1.431865600000000183e-01 5.289999999999999564e-04 5.745640000000000643e-03 6.200099999999999405e-04 1.587600000000000046e-04 2.301289000000000112e-02 6.240999999999941093e-05 4.622499999999999331e-04 1.239039999999999864e-01 4.761000000000000475e-03 1.897018000000000000e+06 1.899884375000000000e+06
1.000000000000000000e+00 3.209999999999999659e-02 -2.267000000000000126e-01 -3.630999999999999783e-01 -2.440000000000000155e-02 -1.403000000000000080e-01 1.399999999999999986e-03 -3.500000000000003109e-03 -2.365000000000000158e-01 1.530000000000003579e-02 -1.400000000000001937e-03 -2.161000000000000143e-01 -2.350000000000000006e-02 1.030409999999999833e-03 5.139289000000000357e-02 1.318416099999999980e-01 5.953600000000000732e-04 1.968409000000000131e-02 1.959999999999999869e-06 1.225000000000002163e-05 5.593225000000000974e-02 2.340900000000010876e-04 1.960000000000005375e-06 4.669921000000000488e-02 5.522500000000000065e-04 1.896039375000000000e+06 1.901662750000000000e+06
1.000000000000000000e+00 3.950000000000000039e-02 -2.028000000000000080e-01 -2.144999999999999962e-01 2.500000000000000052e-03 -1.423000000000000098e-01 -1.499999999999999944e-02 7.400000000000003797e-03 2.390000000000000457e-02 1.485999999999999821e-01 2.690000000000000030e-02 -2.000000000000001776e-03 -1.639999999999999791e-02 1.560250000000000005e-03 4.112784000000000578e-02 4.601024999999999560e-02 6.250000000000000300e-06 2.024929000000000312e-02 2.249999999999999938e-04 5.476000000000005847e-05 5.712100000000002722e-04 2.208195999999999423e-02 7.236099999999999650e-04 4.000000000000007442e-06 2.689599999999999456e-04 1.895169500000000000e+06 1.899994375000000000e+06
1.000000000000000000e+00 3.239999999999999825e-02 1.030000000000000013e-02 -1.297000000000000097e-01 9.900000000000000813e-03 2.299999999999999961e-03 1.129999999999999928e-02 -7.100000000000002143e-03 2.131000000000000116e-01 8.479999999999998650e-02 7.400000000000000328e-03 1.446000000000000063e-01 2.629999999999999699e-02 1.049759999999999843e-03 1.060900000000000092e-04 1.682209000000000135e-02 9.801000000000001876e-05 5.290000000000000174e-06 1.276899999999999921e-04 5.041000000000002727e-05 4.541161000000000503e-02 7.191039999999997503e-03 5.476000000000000426e-05 2.090916000000000302e-02 6.916899999999997963e-04 1.892765250000000000e+06 1.893409500000000000e+06
1.000000000000000000e+00 3.520000000000000212e-02 8.069999999999999396e-02 -2.386999999999999955e-01 3.899999999999999821e-03 -1.681999999999999884e-01 8.099999999999999561e-03 2.800000000000003875e-03 7.039999999999999036e-02 -1.089999999999999858e-01 -6.000000000000000992e-03 -1.704999999999999849e-01 -3.199999999999999720e-03 1.239040000000000063e-03 6.512489999999999252e-03 5.697768999999999751e-02 1.520999999999999837e-05 2.829123999999999528e-02 6.560999999999999016e-05 7.840000000000021499e-06 4.956159999999998518e-03 1.188099999999999747e-02 3.600000000000001446e-05 2.907024999999999540e-02 1.023999999999999852e-05 1.891569500000000000e+06 1.890759000000000000e+06
1.000000000000000000e+00 2.800000000000000058e-02 5.909999999999999976e-02 -3.709000000000000075e-01 6.999999999999999929e-04 -1.729999999999999941e-02 2.199999999999999872e-02 -7.200000000000001538e-03 -2.159999999999999420e-02 -1.322000000000000119e-01 -3.199999999999999720e-03 1.508999999999999786e-01 1.389999999999999916e-02 7.840000000000000831e-04 3.492809999999999838e-03 1.375668100000000116e-01 4.899999999999999672e-07 2.992899999999999619e-04 4.839999999999999468e-04 5.184000000000002544e-05 4.665599999999997614e-04 1.747684000000000390e-02 1.023999999999999852e-05 2.277080999999999203e-02 1.932099999999999746e-04 1.893696000000000000e+06 1.894221625000000000e+06
1.000000000000000000e+00 1.239999999999999956e-02 2.056999999999999940e-01 -3.892999999999999794e-01 -1.919999999999999832e-02 1.121000000000000052e-01 4.460000000000000075e-02 -1.560000000000000102e-02 1.466000000000000081e-01 -1.839999999999997193e-02 -1.989999999999999755e-02 1.294000000000000150e-01 2.260000000000000203e-02 1.537599999999999915e-04 4.231248999999999427e-02 1.515544899999999862e-01 3.686399999999999400e-04 1.256641000000000181e-02 1.989160000000000234e-03 2.433600000000000281e-04 2.149156000000000330e-02 3.385599999999989811e-04 3.960099999999999168e-04 1.674436000000000327e-02 5.107600000000000768e-04 1.900866625000000000e+06 1.904138375000000000e+06
1.000000000000000000e+00 2.189999999999999933e-02 1.985000000000000098e-01 -2.411000000000000087e-01 5.400000000000000286e-03 -9.819999999999999563e-02 4.529999999999999999e-02 9.499999999999999764e-03 -7.199999999999984190e-03 1.481999999999999706e-01 2.459999999999999687e-02 -2.102999999999999869e-01 6.999999999999992339e-04 4.796099999999999973e-04 3.940225000000000671e-02 5.812921000000000754e-02 2.916000000000000203e-05 9.643239999999999104e-03 2.052089999999999904e-03 9.024999999999999819e-05 5.183999999999977472e-05 2.196323999999999152e-02 6.051599999999998777e-04 4.422608999999999568e-02 4.899999999999989084e-07 1.900065875000000000e+06 1.903703000000000000e+06
1.000000000000000000e+00 6.219999999999999835e-02 -3.987999999999999878e-01 -6.995999999999999996e-01 -3.409999999999999837e-02 -2.406000000000000083e-01 4.080000000000000293e-02 4.030000000000000249e-02 -5.972999999999999421e-01 -4.585000000000000187e-01 -3.950000000000000039e-02 -1.424000000000000266e-01 -4.499999999999997058e-03 3.868839999999999692e-03 1.590414399999999784e-01 4.894401600000000130e-01 1.162809999999999799e-03 5.788836000000000676e-02 1.664640000000000217e-03 1.624090000000000126e-03 3.567672899999999037e-01 2.102222500000000271e-01 1.560250000000000005e-03 2.027776000000000925e-02 2.024999999999997383e-05 1.899445875000000000e+06 1.903283750000000000e+06
1.000000000000000000e+00 4.669999999999999846e-02 -3.393999999999999795e-01 -4.542999999999999816e-01 -1.190000000000000085e-02 -1.433999999999999997e-01 3.080000000000000099e-02 -1.549999999999999989e-02 5.940000000000000835e-02 2.453000000000000180e-01 2.219999999999999751e-02 9.720000000000000862e-02 -1.000000000000000194e-02 2.180889999999999999e-03 1.151923599999999798e-01 2.063884899999999800e-01 1.416100000000000214e-04 2.056356000000000156e-02 9.486400000000000518e-04 2.402499999999999851e-04 3.528360000000000784e-03 6.017209000000001140e-02 4.928399999999999231e-04 9.447840000000002486e-03 1.000000000000000454e-04 1.897036125000000000e+06 1.896056500000000000e+06
1.000000000000000000e+00 7.249999999999999500e-02 -2.440000000000000155e-02 1.849999999999999908e-02 -1.209999999999999964e-02 -2.003999999999999948e-01 -2.539999999999999897e-02 2.579999999999999655e-02 3.150000000000000022e-01 4.727999999999999980e-01 -1.999999999999987899e-04 -5.699999999999999512e-02 -5.619999999999999996e-02 5.256249999999999638e-03 5.953600000000000732e-04 3.422499999999999436e-04 1.464100000000000026e-04 4.016016000000000030e-02 6.451599999999999826e-04 6.656399999999997865e-04 9.922500000000000764e-02 2.235398399999999897e-01 3.999999999999951776e-08 3.248999999999999284e-03 3.158440000000000206e-03 1.890336125000000000e+06 1.885707875000000000e+06
1.000000000000000000e+00 5.680000000000000326e-02 -6.679999999999999827e-02 -2.068000000000000116e-01 8.000000000000000167e-03 -1.312000000000000111e-01 4.379999999999999866e-02 -1.569999999999999174e-02 -4.239999999999999325e-02 -2.253000000000000003e-01 2.009999999999999981e-02 6.919999999999998375e-02 6.919999999999999762e-02 3.226240000000000444e-03 4.462240000000000130e-03 4.276624000000000397e-02 6.399999999999999710e-05 1.721344000000000346e-02 1.918439999999999989e-03 2.464899999999997627e-04 1.797759999999999376e-03 5.076009000000000077e-02 4.040100000000000028e-04 4.788639999999997655e-03 4.788639999999999390e-03 1.891441250000000000e+06 1.883177250000000000e+06
1.000000000000000000e+00 4.300000000000000003e-03 5.809999999999999887e-02 -1.842000000000000026e-01 1.409999999999999969e-02 -1.224999999999999978e-01 2.100000000000000130e-02 -5.250000000000000500e-02 1.248999999999999971e-01 2.260000000000000897e-02 6.099999999999999520e-03 8.700000000000013278e-03 -2.279999999999999735e-02 1.849000000000000085e-05 3.375609999999999809e-03 3.392964000000000396e-02 1.988100000000000023e-04 1.500624999999999876e-02 4.410000000000000400e-04 2.756250000000000453e-03 1.560000999999999922e-02 5.107600000000004021e-04 3.720999999999999102e-05 7.569000000000023246e-05 5.198399999999999289e-04 1.890270375000000000e+06 1.888422875000000000e+06
1.000000000000000000e+00 6.519999999999999407e-02 4.780000000000000221e-02 -2.978999999999999981e-01 1.540000000000000049e-02 -1.637000000000000122e-01 5.799999999999999600e-03 6.089999999999999580e-02 -1.029999999999999666e-02 -1.136999999999999955e-01 1.300000000000000808e-03 -4.120000000000001439e-02 -1.520000000000000170e-02 4.251039999999999333e-03 2.284840000000000221e-03 8.874440999999999580e-02 2.371600000000000129e-04 2.679769000000000248e-02 3.363999999999999640e-05 3.708809999999999451e-03 1.060899999999999278e-04 1.292768999999999863e-02 1.690000000000002031e-06 1.697440000000001231e-03 2.310400000000000648e-04 1.893297250000000000e+06 1.890796875000000000e+06
1.000000000000000000e+00 5.300000000000000024e-03 4.275999999999999801e-01 6.389999999999999847e-02 -5.290000000000000258e-02 7.499999999999999722e-02 -5.899999999999999863e-03 -5.989999999999999492e-02 3.797999999999999710e-01 3.618000000000000105e-01 -6.829999999999999960e-02 2.387000000000000233e-01 -1.169999999999999860e-02 2.809000000000000041e-05 1.828417599999999921e-01 4.083209999999999444e-03 2.798410000000000307e-03 5.624999999999999792e-03 3.481000000000000045e-05 3.588009999999999550e-03 1.442480399999999663e-01 1.308992400000000000e-01 4.664889999999999662e-03 5.697769000000001138e-02 1.368899999999999718e-04 1.893647625000000000e+06 1.892849000000000000e+06
1.000000000000000000e+00 8.399999999999999481e-03 -4.799999999999999580e-03 -4.758999999999999897e-01 -6.000000000000000125e-03 -1.804999999999999938e-01 3.000000000000000062e-03 3.099999999999999457e-03 -4.324000000000000066e-01 -5.397999999999999465e-01 4.690000000000000419e-02 -2.555000000000000049e-01 8.899999999999999925e-03 7.055999999999998851e-05 2.303999999999999625e-05 2.264808099999999769e-01 3.600000000000000091e-05 3.258024999999999810e-02 9.000000000000000228e-06 9.609999999999996082e-06 1.869697600000000126e-01 2.913840399999999553e-01 2.199610000000000280e-03 6.528024999999999800e-02 7.920999999999999547e-05 1.893997250000000000e+06 1.893225625000000000e+06
1.000000000000000000e+00 -2.500000000000000052e-03 -4.396999999999999797e-01 -8.075999999999999845e-01 -1.499999999999999944e-02 -2.336999999999999911e-01 7.820000000000000562e-02 -1.089999999999999997e-02 -4.348999999999999533e-01 -3.316999999999999948e-01 -8.999999999999999320e-03 -5.319999999999999729e-02 7.520000000000000295e-02 6.250000000000000300e-06 1.933360899999999882e-01 6.522177599999999797e-01 2.249999999999999938e-04 5.461568999999999452e-02 6.115240000000000953e-03 1.188099999999999958e-04 1.891380099999999675e-01 1.100248900000000002e-01 8.099999999999999019e-05 2.830239999999999926e-03 5.655040000000000067e-03 1.893993375000000000e+06 1.895419750000000000e+06
1.000000000000000000e+00 5.799999999999999600e-03 -1.396999999999999909e-01 -2.046999999999999931e-01 -6.250000000000000000e-02 -1.444999999999999896e-01 5.319999999999999729e-02 8.300000000000000086e-03 2.999999999999999889e-01 6.028999999999999915e-01 -4.750000000000000056e-02 8.920000000000000151e-02 -2.500000000000000833e-02 3.363999999999999640e-05 1.951608999999999636e-02 4.190208999999999601e-02 3.906250000000000000e-03 2.088024999999999604e-02 2.830239999999999926e-03 6.888999999999999941e-05 8.999999999999999667e-02 3.634884099999999840e-01 2.256250000000000009e-03 7.956640000000000934e-03 6.250000000000004467e-04 1.889569875000000000e+06 1.894701750000000000e+06
1.000000000000000000e+00 1.110000000000000049e-02 -1.386999999999999900e-01 -8.169999999999999485e-02 2.019999999999999921e-02 -1.074999999999999983e-01 1.349999999999999985e-02 5.300000000000000891e-03 1.000000000000000888e-03 1.229999999999999982e-01 8.269999999999999574e-02 3.699999999999999123e-02 -3.969999999999999918e-02 1.232100000000000079e-04 1.923768999999999826e-02 6.674889999999999296e-03 4.080399999999999761e-04 1.155624999999999881e-02 1.822499999999999847e-04 2.809000000000001058e-05 1.000000000000001861e-06 1.512900000000000009e-02 6.839289999999999606e-03 1.368999999999999341e-03 1.576090000000000043e-03 1.893253250000000000e+06 1.885363875000000000e+06
1.000000000000000000e+00 3.799999999999999992e-03 -5.589999999999999830e-02 -1.203999999999999931e-01 3.599999999999999728e-02 -3.599999999999999728e-02 3.200000000000000067e-02 -7.300000000000000933e-03 8.279999999999998472e-02 -3.869999999999999829e-02 1.579999999999999807e-02 7.150000000000000799e-02 1.850000000000000255e-02 1.444000000000000066e-05 3.124810000000000001e-03 1.449615999999999752e-02 1.295999999999999843e-03 1.295999999999999843e-03 1.023999999999999954e-03 5.329000000000001325e-05 6.855839999999997596e-03 1.497689999999999872e-03 2.496399999999999206e-04 5.112250000000001342e-03 3.422500000000001062e-04 1.888103125000000000e+06 1.875660875000000000e+06
1.000000000000000000e+00 2.719999999999999848e-02 -4.859999999999999737e-02 -3.180999999999999939e-01 5.569999999999999951e-02 -1.221000000000000002e-01 -1.340000000000000045e-02 2.339999999999999719e-02 7.300000000000000933e-03 -1.976999999999999869e-01 1.970000000000000223e-02 -8.610000000000000986e-02 -4.540000000000000285e-02 7.398399999999999638e-04 2.361959999999999754e-03 1.011876099999999973e-01 3.102489999999999849e-03 1.490841000000000041e-02 1.795600000000000223e-04 5.475599999999998871e-04 5.329000000000001325e-05 3.908528999999999476e-02 3.880900000000001146e-04 7.413210000000001673e-03 2.061160000000000249e-03 1.889774375000000000e+06 1.879269000000000000e+06
1.000000000000000000e+00 1.990000000000000102e-02 -2.769999999999999893e-02 -3.171999999999999820e-01 5.000000000000000278e-02 -1.502999999999999892e-01 1.060000000000000005e-02 -7.299999999999997463e-03 2.089999999999999844e-02 9.000000000000119016e-04 -5.699999999999996736e-03 -2.819999999999998896e-02 2.400000000000000050e-02 3.960100000000000252e-04 7.672899999999998992e-04 1.006158399999999842e-01 2.500000000000000486e-03 2.259008999999999670e-02 1.123600000000000016e-04 5.328999999999996581e-05 4.368099999999999327e-04 8.100000000000214674e-07 3.248999999999996167e-05 7.952399999999993589e-04 5.760000000000000146e-04 1.891286375000000000e+06 1.882853625000000000e+06
1.000000000000000000e+00 3.330000000000000321e-02 -9.510000000000000397e-02 -2.747999999999999887e-01 -1.159999999999999920e-02 -1.466999999999999971e-01 -9.499999999999999764e-03 1.340000000000000219e-02 -6.740000000000000158e-02 4.239999999999999325e-02 -6.160000000000000198e-02 3.599999999999992095e-03 -2.009999999999999981e-02 1.108890000000000179e-03 9.044009999999999896e-03 7.551503999999999162e-02 1.345599999999999856e-04 2.152089000000000085e-02 9.024999999999999819e-05 1.795600000000000494e-04 4.542759999999999854e-03 1.797759999999999376e-03 3.794560000000000207e-03 1.295999999999994368e-05 4.040100000000000028e-04 1.892293750000000000e+06 1.889143125000000000e+06
1.000000000000000000e+00 4.070000000000000007e-02 -1.233000000000000068e-01 -3.982999999999999874e-01 -7.499999999999999722e-03 -1.557999999999999940e-01 -4.019999999999999962e-02 7.399999999999996858e-03 -2.820000000000000284e-02 -1.234999999999999987e-01 4.099999999999999478e-03 -9.099999999999996980e-03 -3.069999999999999812e-02 1.656490000000000046e-03 1.520289000000000189e-02 1.586428899999999809e-01 5.624999999999999846e-05 2.427363999999999911e-02 1.616040000000000011e-03 5.475999999999995682e-05 7.952400000000001178e-04 1.525225000000000018e-02 1.680999999999999660e-05 8.280999999999994745e-05 9.424899999999999294e-04 1.892610000000000000e+06 1.889679500000000000e+06
1.000000000000000000e+00 3.059999999999999873e-02 2.900000000000000147e-02 -2.732999999999999874e-01 -1.379999999999999977e-02 -1.257000000000000062e-01 -1.220000000000000077e-02 -1.010000000000000134e-02 1.523000000000000187e-01 1.250000000000000000e-01 -6.300000000000000044e-03 3.009999999999998788e-02 2.799999999999999711e-02 9.363599999999999051e-04 8.410000000000000591e-04 7.469288999999999790e-02 1.904399999999999995e-04 1.580049000000000037e-02 1.488400000000000183e-04 1.020100000000000211e-04 2.319529000000000729e-02 1.562500000000000000e-02 3.969000000000000116e-05 9.060099999999993029e-04 7.839999999999998663e-04 1.892095500000000000e+06 1.889788000000000000e+06
1.000000000000000000e+00 2.350000000000000006e-02 2.050000000000000086e-02 -2.310000000000000109e-01 -1.099999999999999936e-02 -1.378000000000000058e-01 -8.000000000000000383e-04 -7.099999999999998673e-03 -8.500000000000000611e-03 4.229999999999997651e-02 2.800000000000000405e-03 -1.209999999999999964e-02 1.140000000000000041e-02 5.522500000000000065e-04 4.202500000000000506e-04 5.336100000000000565e-02 1.209999999999999867e-04 1.898883999999999989e-02 6.400000000000000134e-07 5.040999999999997984e-05 7.225000000000000790e-05 1.789289999999998070e-03 7.840000000000002864e-06 1.464100000000000026e-04 1.299600000000000093e-04 1.892715375000000000e+06 1.892893875000000000e+06
1.000000000000000000e+00 2.290000000000000022e-02 -9.599999999999999159e-03 -2.581999999999999851e-01 -4.700000000000000185e-03 -1.363999999999999935e-01 -9.400000000000000369e-03 -5.999999999999998390e-04 -3.010000000000000175e-02 -2.719999999999997420e-02 6.299999999999999177e-03 1.400000000000012346e-03 -8.600000000000000006e-03 5.244100000000000020e-04 9.215999999999998499e-05 6.666723999999998873e-02 2.209000000000000026e-05 1.860495999999999678e-02 8.836000000000000104e-05 3.599999999999997825e-07 9.060100000000000618e-04 7.398399999999985543e-04 3.968999999999998761e-05 1.960000000000034597e-06 7.396000000000000339e-05 1.893908875000000000e+06 1.893599625000000000e+06
1.000000000000000000e+00 1.899999999999999953e-02 3.230000000000000232e-02 -6.179999999999999938e-01 -6.729999999999999871e-02 1.642000000000000126e-01 5.360000000000000181e-02 -3.900000000000000688e-03 4.189999999999999974e-02 -3.598000000000000087e-01 -6.260000000000000286e-02 3.005999999999999783e-01 6.300000000000000044e-02 3.609999999999999928e-04 1.043290000000000103e-03 3.819239999999999857e-01 4.529290000000000052e-03 2.696164000000000546e-02 2.872960000000000357e-03 1.521000000000000515e-05 1.755609999999999896e-03 1.294560399999999944e-01 3.918760000000000299e-03 9.036035999999998680e-02 3.969000000000000306e-03 1.898473125000000000e+06 1.901061625000000000e+06
1.000000000000000000e+00 3.819999999999999785e-02 -6.370000000000000662e-02 -6.329000000000000181e-01 -7.539999999999999480e-02 5.340000000000000302e-02 1.039999999999999952e-02 1.919999999999999832e-02 -9.600000000000000200e-02 -1.490000000000002434e-02 -8.099999999999996092e-03 -1.108000000000000096e-01 -4.320000000000000229e-02 1.459239999999999886e-03 4.057690000000000949e-03 4.005624100000000354e-01 5.685159999999998999e-03 2.851560000000000379e-03 1.081599999999999944e-04 3.686399999999999400e-04 9.216000000000000233e-03 2.220100000000007289e-04 6.560999999999993595e-05 1.227664000000000186e-02 1.866240000000000130e-03 1.899326250000000000e+06 1.906446000000000000e+06
1.000000000000000000e+00 3.559999999999999970e-02 -1.322000000000000119e-01 -1.819999999999999951e-01 2.029999999999999860e-02 -2.097999999999999865e-01 -2.769999999999999893e-02 -2.599999999999998146e-03 -6.850000000000000533e-02 4.509000000000000230e-01 9.569999999999999341e-02 -2.631999999999999895e-01 -3.809999999999999498e-02 1.267359999999999928e-03 1.747684000000000390e-02 3.312400000000000067e-02 4.120899999999999390e-04 4.401603999999999239e-02 7.672899999999998992e-04 6.759999999999990334e-06 4.692250000000001108e-03 2.033108100000000085e-01 9.158489999999998299e-03 6.927424000000000082e-02 1.451609999999999663e-03 1.896953875000000000e+06 1.901482875000000000e+06
1.000000000000000000e+00 2.970000000000000070e-02 -2.719999999999999848e-02 -1.102000000000000063e-01 3.889999999999999708e-02 -1.706999999999999906e-01 -1.859999999999999848e-02 -5.899999999999998995e-03 1.050000000000000100e-01 7.179999999999998883e-02 1.859999999999999848e-02 3.909999999999999587e-02 9.100000000000000450e-03 8.820900000000000876e-04 7.398399999999999638e-04 1.214404000000000178e-02 1.513209999999999859e-03 2.913848999999999606e-02 3.459599999999999199e-04 3.480999999999998689e-05 1.102500000000000181e-02 5.155239999999998435e-03 3.459599999999999199e-04 1.528809999999999588e-03 8.281000000000000166e-05 1.896545375000000000e+06 1.899828750000000000e+06
1.000000000000000000e+00 3.620000000000000301e-02 5.070000000000000201e-02 -2.642999999999999794e-01 5.009999999999999870e-02 -1.920000000000000040e-01 -6.160000000000000198e-02 6.500000000000002304e-03 7.789999999999999702e-02 -1.540999999999999592e-01 1.120000000000000162e-02 -2.130000000000001337e-02 -4.300000000000000350e-02 1.310440000000000172e-03 2.570490000000000361e-03 6.985448999999999131e-02 2.510010000000000019e-03 3.686400000000000093e-02 3.794560000000000207e-03 4.225000000000003086e-05 6.068409999999999777e-03 2.374680999999998626e-02 1.254400000000000458e-04 4.536900000000005707e-04 1.849000000000000383e-03 1.897975875000000000e+06 1.898728125000000000e+06
1.000000000000000000e+00 1.720000000000000001e-02 4.270000000000000184e-02 -2.847000000000000086e-01 5.210000000000000048e-02 -2.644000000000000239e-01 -3.500000000000000073e-03 -1.900000000000000300e-02 -8.000000000000000167e-03 -2.040000000000002922e-02 2.000000000000001776e-03 -7.240000000000001990e-02 5.809999999999999887e-02 2.958400000000000135e-04 1.823290000000000197e-03 8.105409000000000919e-02 2.714410000000000000e-03 6.990736000000001560e-02 1.225000000000000130e-05 3.610000000000001012e-04 6.399999999999999710e-05 4.161600000000011926e-04 4.000000000000007442e-06 5.241760000000003292e-03 3.375609999999999809e-03 1.896099375000000000e+06 1.897432375000000000e+06
