1.000000000000000000e+00 0.000000000000000000e+00 0.000000000000000000e+00 -0.000000000000000000e+00 0.000000000000000000e+00 0.000000000000000000e+00 0.000000000000000000e+00 0.000000000000000000e+00 0.000000000000000000e+00 0.000000000000000000e+00 0.000000000000000000e+00 0.000000000000000000e+00 0.000000000000000000e+00 0.000000000000000000e+00 0.000000000000000000e+00 0.000000000000000000e+00 0.000000000000000000e+00 0.000000000000000000e+00 0.000000000000000000e+00 0.000000000000000000e+00 0.000000000000000000e+00 0.000000000000000000e+00 0.000000000000000000e+00 0.000000000000000000e+00 0.000000000000000000e+00 1.912989750000000000e+06 1.989978000000000000e+06
1.000000000000000000e+00 3.741999999999999771e-01 3.064000000000000057e-01 -1.160999999999999949e-01 2.535999999999999921e-01 3.953999999999999737e-01 1.016999999999999987e-01 3.741999999999999771e-01 3.064000000000000057e-01 -1.160999999999999949e-01 2.535999999999999921e-01 3.953999999999999737e-01 1.016999999999999987e-01 1.400256399999999790e-01 9.388095999999999941e-02 1.347920999999999842e-02 6.431296000000000235e-02 1.563411599999999790e-01 1.034289000000000042e-02 1.400256399999999790e-01 9.388095999999999941e-02 1.347920999999999842e-02 6.431296000000000235e-02 1.563411599999999790e-01 1.034289000000000042e-02 1.911693000000000000e+06 1.983180625000000000e+06
1.000000000000000000e+00 7.538000000000000256e-01 5.870999999999999552e-01 -1.688000000000000056e-01 5.934000000000000385e-01 5.873000000000000442e-01 2.036000000000000032e-01 3.796000000000000485e-01 2.806999999999999496e-01 -5.270000000000001072e-02 3.398000000000000465e-01 1.919000000000000705e-01 1.019000000000000045e-01 5.682144399999999873e-01 3.446864099999999431e-01 2.849344000000000182e-02 3.521235600000000576e-01 3.449212900000000470e-01 4.145296000000000397e-02 1.440961600000000287e-01 7.879248999999996506e-02 2.777290000000001268e-03 1.154640400000000316e-01 3.682561000000002943e-02 1.038361000000000145e-02 1.910907125000000000e+06 1.980854750000000000e+06
1.000000000000000000e+00 6.573999999999999844e-01 4.284999999999999920e-01 -1.554000000000000103e-01 4.949000000000000066e-01 4.238000000000000100e-01 2.202000000000000068e-01 -9.640000000000004121e-02 -1.585999999999999632e-01 1.339999999999999525e-02 -9.850000000000003197e-02 -1.635000000000000342e-01 1.660000000000000364e-02 4.321747599999999911e-01 1.836122500000000046e-01 2.414916000000000285e-02 2.449260099999999996e-01 1.796064400000000061e-01 4.848804000000000308e-02 9.292960000000008089e-03 2.515395999999998911e-02 1.795599999999998597e-04 9.702250000000006008e-03 2.673225000000000948e-02 2.755600000000001061e-04 1.913816000000000000e+06 1.980814125000000000e+06
1.000000000000000000e+00 7.435000000000000497e-01 3.019000000000000017e-01 -1.703000000000000069e-01 4.917000000000000259e-01 4.874999999999999889e-01 2.364999999999999880e-01 8.610000000000006537e-02 -1.265999999999999903e-01 -1.489999999999999658e-02 -3.199999999999980638e-03 6.369999999999997886e-02 1.629999999999998117e-02 5.527922500000000960e-01 9.114360999999999990e-02 2.900209000000000120e-02 2.417688900000000141e-01 2.376562499999999856e-01 5.593224999999999586e-02 7.413210000000011214e-03 1.602755999999999625e-02 2.220099999999998886e-04 1.023999999999987655e-05 4.057689999999997479e-03 2.656899999999993620e-04 1.919493250000000000e+06 1.993119250000000000e+06
1.000000000000000000e+00 6.502000000000000002e-01 3.402000000000000024e-01 -1.398000000000000076e-01 4.941999999999999726e-01 4.496999999999999886e-01 2.285999999999999976e-01 -9.330000000000004956e-02 3.830000000000000071e-02 3.049999999999999933e-02 2.499999999999946709e-03 -3.780000000000000027e-02 -7.899999999999990363e-03 4.227600400000000036e-01 1.157360399999999984e-01 1.954404000000000211e-02 2.442336399999999741e-01 2.022300900000000012e-01 5.225795999999999913e-02 8.704890000000008524e-03 1.466889999999999991e-03 9.302499999999999788e-04 6.249999999999733484e-06 1.428840000000000015e-03 6.240999999999984461e-05 1.921781000000000000e+06 1.995646375000000000e+06
1.000000000000000000e+00 5.664000000000000146e-01 3.791999999999999815e-01 -1.252999999999999947e-01 3.850000000000000089e-01 4.086000000000000187e-01 2.235000000000000042e-01 -8.379999999999998561e-02 3.899999999999997913e-02 1.450000000000001288e-02 -1.091999999999999638e-01 -4.109999999999996989e-02 -5.099999999999993427e-03 3.208089600000000319e-01 1.437926399999999993e-01 1.570008999999999988e-02 1.482249999999999956e-01 1.669539600000000124e-01 4.995225000000000359e-02 7.022439999999997851e-03 1.520999999999998265e-03 2.102500000000003672e-04 1.192463999999999157e-02 1.689209999999997632e-03 2.600999999999993224e-05 1.920971250000000000e+06 1.991755750000000000e+06
1.000000000000000000e+00 5.512000000000000233e-01 2.705000000000000182e-01 -1.733000000000000096e-01 3.809000000000000163e-01 3.316000000000000059e-01 1.809000000000000052e-01 -1.519999999999999130e-02 -1.086999999999999633e-01 -4.800000000000001488e-02 -4.099999999999992539e-03 -7.700000000000001288e-02 -4.259999999999999898e-02 3.038214399999999982e-01 7.317025000000000612e-02 3.003289000000000306e-02 1.450848100000000085e-01 1.099585600000000107e-01 3.272481000000000001e-02 2.310399999999997395e-04 1.181568999999999155e-02 2.304000000000001359e-03 1.680999999999993900e-05 5.929000000000001977e-03 1.814759999999999898e-03 1.918251125000000000e+06 1.986086625000000000e+06
1.000000000000000000e+00 5.795000000000000151e-01 2.763999999999999790e-01 -1.100000000000000006e-01 3.934000000000000274e-01 2.918000000000000038e-01 2.187999999999999945e-01 2.829999999999999183e-02 5.899999999999960831e-03 6.330000000000000904e-02 1.250000000000001110e-02 -3.980000000000000204e-02 3.789999999999998925e-02 3.358202500000000423e-01 7.639695999999998599e-02 1.209999999999999964e-02 1.547635600000000222e-01 8.514723999999999904e-02 4.787343999999999627e-02 8.008899999999995233e-04 3.480999999999953966e-05 4.006890000000000798e-03 1.562500000000002743e-04 1.584040000000000101e-03 1.436409999999999293e-03 1.917124375000000000e+06 1.979673500000000000e+06
1.000000000000000000e+00 4.233000000000000096e-01 2.273999999999999910e-01 3.073000000000000176e-01 3.996000000000000107e-01 -6.188000000000000167e-01 6.379000000000000226e-01 -1.562000000000000055e-01 -4.899999999999998801e-02 4.173000000000000043e-01 6.199999999999983302e-03 -9.106000000000000760e-01 4.191000000000000281e-01 1.791828900000000113e-01 5.171075999999999451e-02 9.443329000000001694e-02 1.596801600000000154e-01 3.829134399999999938e-01 4.069164100000000062e-01 2.439844000000000040e-02 2.400999999999998621e-03 1.741392900000000021e-01 3.843999999999979459e-05 8.291923600000001837e-01 1.756448100000000123e-01 1.905227875000000000e+06 1.971737000000000000e+06
1.000000000000000000e+00 5.304999999999999716e-01 2.500000000000000139e-02 4.978000000000000203e-01 5.467999999999999527e-01 -3.036500000000000199e+00 1.014999999999999902e+00 1.071999999999999620e-01 -2.023999999999999966e-01 1.905000000000000027e-01 1.471999999999999420e-01 -2.417699999999999960e+00 3.770999999999998797e-01 2.814302499999999929e-01 6.250000000000001214e-04 2.478048400000000262e-01 2.989902399999999627e-01 9.220332250000002006e+00 1.030224999999999724e+00 1.149183999999999102e-02 4.096575999999999690e-02 3.629025000000000306e-02 2.166783999999998336e-02 5.845273289999999733e+00 1.422044099999999200e-01 1.881745625000000000e+06 1.957966625000000000e+06
1.000000000000000000e+00 1.405699999999999950e+00 3.942999999999999838e-01 2.376999999999999946e-01 1.390800000000000036e+00 -1.856300000000000061e+00 9.465000000000000080e-01 8.751999999999999780e-01 3.692999999999999616e-01 -2.600999999999999979e-01 8.440000000000000835e-01 1.180200000000000138e+00 -6.849999999999989431e-02 1.975992489999999879e+00 1.554724899999999910e-01 5.650128999999999568e-02 1.934324640000000040e+00 3.445849690000000187e+00 8.958622499999999711e-01 7.659750399999999404e-01 1.363824899999999674e-01 6.765200999999999854e-02 7.123360000000001913e-01 1.392872040000000311e+00 4.692249999999985495e-03 1.880098125000000000e+06 1.953794625000000000e+06
1.000000000000000000e+00 1.205000000000000071e+00 1.241999999999999993e+00 1.592000000000000082e-01 1.120700000000000029e+00 9.790000000000000091e-02 6.866999999999999771e-01 -2.006999999999998785e-01 8.477000000000000091e-01 -7.849999999999998646e-02 -2.701000000000000068e-01 1.954200000000000159e+00 -2.598000000000000309e-01 1.452025000000000121e+00 1.542564000000000046e+00 2.534464000000000161e-02 1.255968490000000104e+00 9.584409999999999805e-03 4.715568899999999508e-01 4.028048999999995355e-02 7.185952899999999977e-01 6.162249999999997591e-03 7.295400999999999969e-02 3.818897640000000759e+00 6.749604000000002102e-02 1.878492750000000000e+06 1.962087250000000000e+06
1.000000000000000000e+00 6.652000000000000135e-01 9.169000000000000483e-01 -7.779999999999999416e-02 3.202999999999999736e-01 1.526000000000000134e-01 3.834000000000000186e-01 -5.398000000000000576e-01 -3.250999999999999446e-01 -2.369999999999999885e-01 -8.004000000000000004e-01 5.470000000000001250e-02 -3.032999999999999585e-01 4.424910400000000021e-01 8.407056100000001031e-01 6.052839999999999436e-03 1.025920899999999830e-01 2.328676000000000357e-02 1.469955600000000251e-01 2.913840400000000663e-01 1.056900099999999593e-01 5.616899999999999671e-02 6.406401600000000141e-01 2.992090000000001502e-03 9.199088999999997796e-02 1.882417250000000000e+06 1.969153125000000000e+06
1.000000000000000000e+00 7.618000000000000327e-01 5.190000000000000169e-01 -1.618999999999999884e-01 4.667000000000000037e-01 7.552999999999999714e-01 3.664000000000000035e-01 9.660000000000001918e-02 -3.979000000000000314e-01 -8.409999999999999420e-02 1.464000000000000301e-01 6.027000000000000135e-01 -1.700000000000001510e-02 5.803392400000000340e-01 2.693610000000000171e-01 2.621160999999999630e-02 2.178088900000000050e-01 5.704780899999999377e-01 1.342489600000000005e-01 9.331560000000004365e-03 1.583244100000000265e-01 7.072809999999998820e-03 2.143296000000000784e-02 3.632472900000000005e-01 2.890000000000005195e-04 1.886280375000000000e+06 1.976242250000000000e+06
1.000000000000000000e+00 6.814999999999999947e-01 3.421000000000000152e-01 -1.937000000000000111e-01 4.934999999999999942e-01 6.905999999999999917e-01 2.303000000000000047e-01 -8.030000000000003801e-02 -1.769000000000000017e-01 -3.180000000000002269e-02 2.679999999999999050e-02 -6.469999999999997975e-02 -1.360999999999999988e-01 4.644422500000000009e-01 1.170324100000000173e-01 3.751969000000000137e-02 2.435422499999999879e-01 4.769283599999999956e-01 5.303809000000000301e-02 6.448090000000006143e-03 3.129360999999999948e-02 1.011240000000001357e-03 7.182399999999994388e-04 4.186089999999997348e-03 1.852320999999999829e-02 1.891708500000000000e+06 1.982269625000000000e+06
1.000000000000000000e+00 5.620000000000000551e-01 4.121000000000000218e-01 -9.589999999999999913e-02 3.982999999999999874e-01 8.750000000000000000e-01 1.179999999999999938e-01 -1.194999999999999396e-01 7.000000000000000666e-02 9.780000000000001192e-02 -9.520000000000000684e-02 1.844000000000000083e-01 -1.123000000000000109e-01 3.158440000000000691e-01 1.698264100000000110e-01 9.196809999999999707e-03 1.586428899999999809e-01 7.656250000000000000e-01 1.392399999999999888e-02 1.428024999999998566e-02 4.900000000000000709e-03 9.564840000000001535e-03 9.063040000000001373e-03 3.400336000000000330e-02 1.261129000000000243e-02 1.893593750000000000e+06 1.981181750000000000e+06
1.000000000000000000e+00 5.561000000000000387e-01 2.995999999999999774e-01 -1.396999999999999909e-01 4.283000000000000140e-01 8.054000000000000048e-01 1.454000000000000015e-01 -5.900000000000016342e-03 -1.125000000000000444e-01 -4.379999999999999172e-02 3.000000000000002665e-02 -6.959999999999999520e-02 2.740000000000000768e-02 3.092472100000000501e-01 8.976015999999999162e-02 1.951608999999999636e-02 1.834408900000000231e-01 6.486691599999999669e-01 2.114115999999999912e-02 3.481000000000019018e-05 1.265625000000000951e-02 1.918439999999999339e-03 9.000000000000016017e-04 4.844159999999999265e-03 7.507600000000003810e-04 1.897512875000000000e+06 1.987487000000000000e+06
1.000000000000000000e+00 5.605999999999999872e-01 2.000000000000000111e-01 -2.409999999999999920e-01 4.097000000000000086e-01 5.262999999999999901e-01 1.195999999999999980e-01 4.499999999999948486e-03 -9.959999999999996634e-02 -1.013000000000000012e-01 -1.860000000000000542e-02 -2.791000000000000147e-01 -2.580000000000000349e-02 3.142723599999999728e-01 4.000000000000000777e-02 5.808099999999999374e-02 1.678540900000000113e-01 2.769916900000000126e-01 1.430415999999999979e-02 2.024999999999953676e-05 9.920159999999993844e-03 1.026169000000000039e-02 3.459600000000001910e-04 7.789681000000001077e-02 6.656400000000002202e-04 1.898830125000000000e+06 1.983903125000000000e+06
1.000000000000000000e+00 5.361000000000000210e-01 3.003000000000000114e-01 -2.074999999999999900e-01 3.902999999999999803e-01 5.429000000000000492e-01 1.958000000000000018e-01 -2.449999999999996625e-02 1.003000000000000003e-01 3.350000000000000200e-02 -1.940000000000002833e-02 1.660000000000005915e-02 7.620000000000000384e-02 2.874032100000000201e-01 9.018009000000000441e-02 4.305624999999999730e-02 1.523340899999999776e-01 2.947404100000000637e-01 3.833763999999999922e-02 6.002499999999983543e-04 1.006009000000000070e-02 1.122250000000000201e-03 3.763600000000010925e-04 2.755600000000019492e-04 5.806440000000000386e-03 1.899339625000000000e+06 1.983744750000000000e+06
1.000000000000000000e+00 6.150999999999999801e-01 3.559999999999999831e-01 -1.267999999999999960e-01 4.384000000000000119e-01 4.534000000000000252e-01 2.351999999999999924e-01 7.899999999999995914e-02 5.569999999999997176e-02 8.069999999999999396e-02 4.810000000000003162e-02 -8.950000000000002398e-02 3.939999999999999059e-02 3.783480099999999569e-01 1.267359999999999876e-01 1.607824000000000059e-02 1.921945600000000143e-01 2.055715600000000143e-01 5.531903999999999988e-02 6.240999999999993948e-03 3.102489999999996813e-03 6.512489999999999252e-03 2.313610000000002834e-03 8.010250000000003479e-03 1.552359999999999157e-03 1.899841750000000000e+06 1.978493000000000000e+06
1.000000000000000000e+00 5.820999999999999508e-01 3.085999999999999854e-01 -1.656999999999999862e-01 4.188000000000000056e-01 3.931000000000000050e-01 2.194000000000000117e-01 -3.300000000000002931e-02 -4.739999999999999769e-02 -3.889999999999999014e-02 -1.960000000000000631e-02 -6.030000000000002025e-02 -1.579999999999998073e-02 3.388404099999999253e-01 9.523395999999999251e-02 2.745648999999999659e-02 1.753934400000000116e-01 1.545276100000000097e-01 4.813636000000000303e-02 1.089000000000001859e-03 2.246759999999999990e-03 1.513209999999999208e-03 3.841600000000002521e-04 3.636090000000002410e-03 2.496399999999993785e-04 1.903387875000000000e+06 1.982672000000000000e+06
1.000000000000000000e+00 -4.899999999999999842e-03 1.247999999999999943e-01 -1.615000000000000047e-01 -2.506999999999999784e-01 1.421000000000000041e-01 1.683999999999999941e-01 -5.869999999999999662e-01 -1.837999999999999912e-01 4.199999999999981526e-03 -6.694999999999999840e-01 -2.510000000000000009e-01 -5.100000000000001754e-02 2.400999999999999882e-05 1.557503999999999833e-02 2.608225000000000127e-02 6.285048999999999497e-02 2.019241000000000091e-02 2.835855999999999794e-02 3.445689999999999586e-01 3.378243999999999692e-02 1.763999999999984466e-05 4.482302499999999967e-01 6.300100000000000144e-02 2.601000000000001748e-03 1.897843625000000000e+06 1.976475500000000000e+06
1.000000000000000000e+00 2.989999999999999949e-02 5.819999999999999618e-01 1.194000000000000061e-01 -3.074999999999999956e-01 4.800000000000000100e-02 1.761999999999999955e-01 3.479999999999999760e-02 4.571999999999999398e-01 2.809000000000000385e-01 -5.680000000000001714e-02 -9.410000000000000309e-02 7.800000000000001377e-03 8.940099999999999870e-04 3.387239999999999696e-01 1.425636000000000091e-02 9.455624999999999447e-02 2.304000000000000058e-03 3.104643999999999807e-02 1.211039999999999816e-03 2.090318399999999410e-01 7.890481000000001965e-02 3.226240000000001745e-03 8.854810000000001152e-03 6.084000000000002058e-05 1.894422375000000000e+06 1.973965500000000000e+06
1.000000000000000000e+00 8.307999999999999829e-01 3.808000000000000274e-01 -1.998999999999999944e-01 7.244000000000000439e-01 -7.240000000000000602e-02 2.101999999999999980e-01 8.008999999999999453e-01 -2.011999999999999345e-01 -3.193000000000000282e-01 1.031900000000000039e+00 -1.204000000000000070e-01 3.400000000000000244e-02 6.902286399999999489e-01 1.450086400000000220e-01 3.996000999999999720e-02 5.247553600000001151e-01 5.241760000000000690e-03 4.418404000000000081e-02 6.414408099999998614e-01 4.048143999999997272e-02 1.019524900000000206e-01 1.064817610000000192e+00 1.449616000000000099e-02 1.156000000000000126e-03 1.891313750000000000e+06 1.972418750000000000e+06
1.000000000000000000e+00 8.635000000000000453e-01 2.686000000000000054e-01 -5.079000000000000181e-01 8.143000000000000238e-01 2.711999999999999966e-01 1.998999999999999944e-01 3.270000000000006235e-02 -1.122000000000000219e-01 -3.080000000000000515e-01 8.989999999999997993e-02 3.436000000000000165e-01 -1.030000000000000360e-02 7.456322500000001074e-01 7.214596000000000897e-02 2.579624100000000309e-01 6.630844900000000264e-01 7.354943999999999371e-02 3.996000999999999720e-02 1.069290000000003987e-03 1.258884000000000565e-02 9.486400000000003163e-02 8.082009999999997113e-03 1.180609600000000065e-01 1.060900000000000769e-04 1.886826625000000000e+06 1.968446875000000000e+06
1.000000000000000000e+00 6.301999999999999824e-01 6.651000000000000245e-01 7.389999999999999347e-02 4.326999999999999735e-01 5.551000000000000378e-01 2.742999999999999883e-01 -2.333000000000000629e-01 3.965000000000000191e-01 5.817999999999999838e-01 -3.816000000000000503e-01 2.839000000000000412e-01 7.439999999999999392e-02 3.971520399999999840e-01 4.423580100000000237e-01 5.461209999999999329e-03 1.872292899999999649e-01 3.081360100000000157e-01 7.524048999999999321e-02 5.442889000000002836e-02 1.572122500000000256e-01 3.384912399999999710e-01 1.456185600000000357e-01 8.059921000000001834e-02 5.535359999999998719e-03 1.888161625000000000e+06 1.967545375000000000e+06
1.000000000000000000e+00 6.651000000000000245e-01 3.365000000000000213e-01 -6.289999999999999758e-02 4.600000000000000200e-01 3.546000000000000263e-01 2.452999999999999903e-01 3.490000000000004210e-02 -3.286000000000000032e-01 -1.367999999999999772e-01 2.730000000000004645e-02 -2.005000000000000115e-01 -2.899999999999999800e-02 4.423580100000000237e-01 1.132322500000000204e-01 3.956409999999999615e-03 2.116000000000000103e-01 1.257411600000000185e-01 6.017208999999999752e-02 1.218010000000002875e-03 1.079779599999999978e-01 1.871423999999999310e-02 7.452900000000025086e-04 4.020025000000000681e-02 8.409999999999998423e-04 1.900690000000000000e+06 1.982761000000000000e+06
1.000000000000000000e+00 6.034000000000000474e-01 2.086999999999999966e-01 -3.099999999999999978e-01 4.867000000000000215e-01 3.398999999999999799e-01 2.616999999999999882e-01 -6.169999999999997708e-02 -1.278000000000000247e-01 -2.470999999999999863e-01 2.670000000000000151e-02 -1.470000000000004636e-02 1.639999999999999791e-02 3.640915600000000363e-01 4.355569000000000107e-02 9.610000000000000486e-02 2.368768900000000344e-01 1.155320099999999905e-01 6.848688999999999472e-02 3.806889999999997238e-03 1.633284000000000472e-02 6.105840999999999352e-02 7.128900000000000948e-04 2.160900000000013548e-04 2.689599999999999456e-04 1.897734875000000000e+06 1.977763750000000000e+06
1.000000000000000000e+00 5.066000000000000503e-01 2.096999999999999975e-01 -1.506000000000000116e-01 3.730999999999999872e-01 2.366999999999999937e-01 2.167999999999999927e-01 -9.679999999999999716e-02 1.000000000000000888e-03 1.593999999999999861e-01 -1.136000000000000343e-01 -1.031999999999999862e-01 -4.489999999999999547e-02 2.566435600000000483e-01 4.397409000000000040e-02 2.268036000000000357e-02 1.392036099999999776e-01 5.602688999999999586e-02 4.700223999999999375e-02 9.370240000000000166e-03 1.000000000000001861e-06 2.540835999999999442e-02 1.290496000000000698e-02 1.065023999999999658e-02 2.016009999999999504e-03 1.900244875000000000e+06 1.981103250000000000e+06
1.000000000000000000e+00 5.149000000000000243e-01 2.878000000000000003e-01 -1.477999999999999869e-01 3.558999999999999941e-01 2.821000000000000174e-01 1.527000000000000024e-01 8.299999999999974065e-03 7.810000000000000275e-02 2.800000000000024691e-03 -1.719999999999999307e-02 4.540000000000002367e-02 -6.409999999999999032e-02 2.651220100000000190e-01 8.282884000000000080e-02 2.184483999999999732e-02 1.266648099999999888e-01 7.958041000000000420e-02 2.331729000000000093e-02 6.888999999999956573e-05 6.099610000000000101e-03 7.840000000000138389e-06 2.958399999999997425e-04 2.061160000000001984e-03 4.108809999999998332e-03 1.902018625000000000e+06 1.983634875000000000e+06
1.000000000000000000e+00 6.484999999999999654e-01 4.640000000000000235e-01 -1.390000000000000124e-01 4.060000000000000275e-01 3.658000000000000140e-01 1.683000000000000052e-01 1.335999999999999410e-01 1.762000000000000233e-01 8.799999999999974509e-03 5.010000000000003340e-02 8.369999999999999662e-02 1.560000000000000275e-02 4.205522499999999608e-01 2.152960000000000151e-01 1.932100000000000484e-02 1.648360000000000103e-01 1.338096400000000075e-01 2.832489000000000187e-02 1.784895999999998317e-02 3.104644000000000847e-02 7.743999999999955672e-05 2.510010000000003488e-03 7.005689999999999314e-03 2.433600000000000823e-04 1.900592875000000000e+06 1.982635750000000000e+06
1.000000000000000000e+00 6.689000000000000501e-01 5.505999999999999783e-01 -1.547999999999999932e-01 4.264999999999999902e-01 3.533999999999999919e-01 2.298000000000000043e-01 2.040000000000008473e-02 8.659999999999995479e-02 -1.579999999999998073e-02 2.049999999999996270e-02 -1.240000000000002212e-02 6.149999999999999911e-02 4.474272100000000751e-01 3.031603599999999621e-01 2.396303999999999795e-02 1.819022499999999876e-01 1.248915599999999987e-01 5.280804000000000054e-02 4.161600000000034694e-04 7.499559999999991927e-03 2.496399999999993785e-04 4.202499999999984785e-04 1.537600000000005607e-04 3.782250000000000022e-03 1.900573500000000000e+06 1.981501125000000000e+06
1.000000000000000000e+00 5.449000000000000510e-01 4.834999999999999853e-01 -1.174000000000000044e-01 4.042999999999999927e-01 2.937000000000000166e-01 2.419999999999999929e-01 -1.239999999999999991e-01 -6.709999999999999298e-02 3.739999999999998881e-02 -2.219999999999999751e-02 -5.969999999999997531e-02 1.219999999999998863e-02 2.969160100000000635e-01 2.337722499999999870e-01 1.378276000000000154e-02 1.634584899999999841e-01 8.625969000000001385e-02 5.856399999999999800e-02 1.537599999999999904e-02 4.502409999999999225e-03 1.398759999999999110e-03 4.928399999999999231e-04 3.564089999999997191e-03 1.488399999999997201e-04 1.899697500000000000e+06 1.980430125000000000e+06
1.000000000000000000e+00 5.622000000000000330e-01 4.479000000000000203e-01 -1.333999999999999908e-01 4.060000000000000275e-01 4.051000000000000156e-01 2.116000000000000103e-01 1.729999999999998206e-02 -3.559999999999996501e-02 -1.599999999999998646e-02 1.700000000000034817e-03 1.113999999999999990e-01 -3.039999999999998259e-02 3.160688400000000176e-01 2.006144100000000208e-01 1.779555999999999846e-02 1.648360000000000103e-01 1.641060100000000244e-01 4.477456000000000491e-02 2.992899999999993656e-04 1.267359999999997542e-03 2.559999999999995547e-04 2.890000000000118443e-06 1.240995999999999939e-02 9.241599999999989580e-04 1.902341250000000000e+06 1.985459625000000000e+06
1.000000000000000000e+00 5.739999999999999547e-01 4.274000000000000021e-01 -1.438000000000000111e-01 4.183999999999999941e-01 4.002999999999999892e-01 2.238999999999999879e-01 1.179999999999992166e-02 -2.050000000000001821e-02 -1.040000000000002034e-02 1.239999999999996660e-02 -4.800000000000026468e-03 1.229999999999997762e-02 3.294759999999999356e-01 1.826707600000000153e-01 2.067844000000000279e-02 1.750585600000000019e-01 1.602400900000000017e-01 5.013120999999999550e-02 1.392399999999981586e-04 4.202500000000007553e-04 1.081600000000004281e-04 1.537599999999991784e-04 2.304000000000025374e-05 1.512899999999994544e-04 1.904877500000000000e+06 1.986115375000000000e+06
1.000000000000000000e+00 -2.914999999999999813e-01 3.632000000000000228e-01 -7.660000000000000142e-02 -4.126000000000000223e-01 -1.526499999999999968e+00 1.477999999999999869e-01 -8.654999999999999361e-01 -6.419999999999997931e-02 6.720000000000000973e-02 -8.309999999999999609e-01 -1.926800000000000068e+00 -7.610000000000000098e-02 8.497224999999998529e-02 1.319142400000000159e-01 5.867559999999999963e-03 1.702387600000000167e-01 2.330202249999999697e+00 2.184483999999999732e-02 7.490902499999998465e-01 4.121639999999997597e-03 4.515840000000000999e-03 6.905609999999999804e-01 3.712558240000000342e+00 5.791209999999999761e-03 1.879274500000000000e+06 1.961016875000000000e+06
1.000000000000000000e+00 9.122999999999999998e-01 5.828999999999999737e-01 -3.282999999999999807e-01 7.095000000000000195e-01 -5.583599999999999675e+00 1.031300000000000106e+00 1.203799999999999981e+00 2.196999999999999509e-01 -2.516999999999999793e-01 1.122100000000000097e+00 -4.057100000000000151e+00 8.835000000000001741e-01 8.322912900000000169e-01 3.397724099999999692e-01 1.077808899999999903e-01 5.033902500000000391e-01 3.117658895999999658e+01 1.063579690000000300e+00 1.449134439999999913e+00 4.826808999999997879e-02 6.335288999999999504e-02 1.259108410000000289e+00 1.646006041000000053e+01 7.805722500000003006e-01 1.807077750000000000e+06 1.872517750000000000e+06
1.000000000000000000e+00 1.675999999999999934e+00 8.536000000000000254e-01 -6.619999999999999496e-02 1.724099999999999966e+00 -3.237099999999999866e+00 1.019500000000000073e+00 7.636999999999999345e-01 2.707000000000000517e-01 2.620999999999999996e-01 1.014599999999999946e+00 2.346499999999999808e+00 -1.180000000000003268e-02 2.808975999999999917e+00 7.286329599999999962e-01 4.382439999999999600e-03 2.972520809999999791e+00 1.047881640999999853e+01 1.039380250000000228e+00 5.832376899999999198e-01 7.327849000000002944e-02 6.869640999999999942e-02 1.029413159999999827e+00 5.506062249999999381e+00 1.392400000000007607e-04 1.874433500000000000e+06 1.995893625000000000e+06
1.000000000000000000e+00 8.465000000000000302e-01 1.788799999999999946e+00 5.760999999999999455e-01 4.822000000000000175e-01 2.446000000000000119e-01 2.177999999999999936e-01 -8.294999999999999041e-01 9.351999999999999202e-01 6.422999999999999821e-01 -1.241900000000000004e+00 3.481700000000000017e+00 -8.017000000000000792e-01 7.165622500000000672e-01 3.199805440000000001e+00 3.318912099999999366e-01 2.325168400000000302e-01 5.982916000000000623e-02 4.743683999999999401e-02 6.880702499999998834e-01 8.745990399999998832e-01 4.125492899999999574e-01 1.542315609999999948e+00 1.212223488999999965e+01 6.427228900000001577e-01 1.837176250000000000e+06 1.938575250000000000e+06
1.000000000000000000e+00 1.110600000000000032e+00 1.306100000000000039e+00 2.361999999999999933e-01 4.935999999999999832e-01 -1.454000000000000015e-01 3.478999999999999870e-01 2.641000000000000014e-01 -4.826999999999999069e-01 -3.398999999999999799e-01 1.139999999999996572e-02 -3.900000000000000133e-01 1.300999999999999934e-01 1.233432360000000116e+00 1.705897210000000053e+00 5.579043999999999670e-02 2.436409599999999898e-01 2.114115999999999912e-02 1.210344099999999951e-01 6.974880999999999442e-02 2.329992899999999145e-01 1.155320099999999905e-01 1.299599999999992233e-04 1.521000000000000130e-01 1.692600999999999828e-02 1.855348125000000000e+06 1.952627250000000000e+06
1.000000000000000000e+00 7.916999999999999593e-01 5.043999999999999595e-01 -2.091000000000000081e-01 6.169000000000000039e-01 9.163999999999999924e-01 2.091000000000000081e-01 -3.189000000000000723e-01 -8.017000000000000792e-01 -4.453000000000000291e-01 1.233000000000000207e-01 1.061800000000000077e+00 -1.387999999999999790e-01 6.267888899999999319e-01 2.544193599999999833e-01 4.372281000000000084e-02 3.805656099999999986e-01 8.397889600000000287e-01 4.372281000000000084e-02 1.016972100000000517e-01 6.427228900000001577e-01 1.982920900000000319e-01 1.520289000000000536e-02 1.127419240000000267e+00 1.926543999999999479e-02 1.858079875000000000e+06 1.962121750000000000e+06
1.000000000000000000e+00 6.471999999999999975e-01 7.217999999999999972e-01 -7.199999999999999456e-02 3.938999999999999724e-01 9.014999999999999680e-01 1.083999999999999964e-01 -1.444999999999999618e-01 2.174000000000000377e-01 1.370999999999999996e-01 -2.230000000000000315e-01 -1.490000000000002434e-02 -1.007000000000000117e-01 4.188678399999999913e-01 5.209952399999999706e-01 5.183999999999999372e-03 1.551572099999999899e-01 8.127022499999999594e-01 1.175055999999999844e-02 2.088024999999998910e-02 4.726276000000001476e-02 1.879640999999999951e-02 4.972900000000001625e-02 2.220100000000007289e-04 1.014049000000000200e-02 1.865898875000000000e+06 1.968925000000000000e+06
1.000000000000000000e+00 4.948000000000000176e-01 8.154000000000000137e-01 1.013000000000000012e-01 2.551999999999999824e-01 1.533700000000000063e+00 -3.309999999999999748e-02 -1.523999999999999799e-01 9.360000000000001652e-02 1.733000000000000096e-01 -1.386999999999999900e-01 6.322000000000000952e-01 -1.414999999999999869e-01 2.448270400000000235e-01 6.648771599999999671e-01 1.026169000000000039e-02 6.512703999999999716e-02 2.352235690000000101e+00 1.095609999999999900e-03 2.322575999999999460e-02 8.760960000000003398e-03 3.003289000000000306e-02 1.923768999999999826e-02 3.996768400000001442e-01 2.002224999999999491e-02 1.868142875000000000e+06 1.971976125000000000e+06
1.000000000000000000e+00 5.264999999999999680e-01 2.406000000000000083e-01 -3.987999999999999878e-01 2.937000000000000166e-01 2.157399999999999984e+00 -2.162000000000000033e-01 3.169999999999995044e-02 -5.747999999999999776e-01 -5.000999999999999890e-01 3.850000000000003419e-02 6.236999999999999211e-01 -1.831000000000000127e-01 2.772022499999999834e-01 5.788836000000000676e-02 1.590414399999999784e-01 8.625969000000001385e-02 4.654374759999999611e+00 4.674244000000000315e-02 1.004889999999996784e-03 3.303950399999999732e-01 2.501000099999999837e-01 1.482250000000002663e-03 3.890016899999999000e-01 3.352561000000000430e-02 1.880530875000000000e+06 1.983288375000000000e+06
1.000000000000000000e+00 5.240000000000000213e-01 -4.451999999999999846e-01 -6.391000000000000014e-01 3.793000000000000260e-01 1.442399999999999904e+00 -2.821000000000000174e-01 -2.499999999999946709e-03 -6.857999999999999652e-01 -2.403000000000000136e-01 8.560000000000000941e-02 -7.150000000000000799e-01 -6.590000000000001412e-02 2.745760000000000423e-01 1.982030399999999970e-01 4.084488099999999955e-01 1.438684900000000155e-01 2.080517759999999772e+00 7.958041000000000420e-02 6.249999999999733484e-06 4.703216399999999298e-01 5.774409000000000486e-02 7.327360000000001511e-03 5.112250000000001515e-01 4.342810000000001634e-03 1.871861500000000000e+06 1.971424625000000000e+06
1.000000000000000000e+00 5.516999999999999682e-01 -5.489999999999999741e-02 -2.426999999999999991e-01 4.314000000000000057e-01 -1.055999999999999994e-01 7.449999999999999678e-02 2.769999999999994689e-02 3.902999999999999803e-01 3.963999999999999746e-01 5.209999999999997966e-02 -1.547999999999999821e+00 3.566000000000000281e-01 3.043728899999999515e-01 3.014009999999999693e-03 5.890328999999999704e-02 1.861059600000000147e-01 1.115135999999999905e-02 5.550249999999999628e-03 7.672899999999970803e-04 1.523340899999999776e-01 1.571329599999999882e-01 2.714409999999997831e-03 2.396303999999999323e+00 1.271635600000000088e-01 1.851620750000000000e+06 1.938495625000000000e+06
1.000000000000000000e+00 2.416999999999999982e-01 1.203999999999999931e-01 -2.726999999999999980e-01 2.217999999999999972e-01 -7.717000000000000526e-01 2.260000000000000064e-01 -3.099999999999999423e-01 1.752999999999999836e-01 -2.999999999999999889e-02 -2.096000000000000085e-01 -6.661000000000000254e-01 1.515000000000000235e-01 5.841889000000000109e-02 1.449615999999999752e-02 7.436529000000000056e-02 4.919524000000000119e-02 5.955208900000000805e-01 5.107600000000000334e-02 9.609999999999996323e-02 3.073008999999999463e-02 8.999999999999999754e-04 4.393216000000000482e-02 4.436892100000000561e-01 2.295225000000000737e-02 1.870313125000000000e+06 1.972879000000000000e+06
1.000000000000000000e+00 2.278999999999999915e-01 3.738000000000000211e-01 -4.529999999999999999e-02 2.464000000000000079e-01 2.192000000000000060e-01 9.869999999999999607e-02 -1.380000000000000671e-02 2.534000000000000141e-01 2.273999999999999910e-01 2.460000000000001075e-02 9.909000000000001140e-01 -1.273000000000000242e-01 5.193840999999999736e-02 1.397264400000000073e-01 2.052089999999999904e-03 6.071296000000000331e-02 4.804864000000000357e-02 9.741689999999999031e-03 1.904400000000001892e-04 6.421156000000000086e-02 5.171075999999999451e-02 6.051600000000005282e-04 9.818828100000002168e-01 1.620529000000000761e-02 1.869617500000000000e+06 1.965874250000000000e+06
1.000000000000000000e+00 6.068999999999999950e-01 7.490999999999999881e-01 1.292999999999999983e-01 3.623999999999999999e-01 7.597000000000000419e-01 2.013000000000000067e-01 3.790000000000000036e-01 3.752999999999999670e-01 1.746000000000000052e-01 1.159999999999999920e-01 5.404999999999999805e-01 1.026000000000000106e-01 3.683276099999999720e-01 5.611508099999999999e-01 1.671848999999999905e-02 1.313337599999999938e-01 5.771440900000001095e-01 4.052169000000000604e-02 1.436409999999999909e-01 1.408500899999999834e-01 3.048516000000000073e-02 1.345599999999999748e-02 2.921402499999999902e-01 1.052676000000000132e-02 1.868837375000000000e+06 1.963345000000000000e+06
1.000000000000000000e+00 8.213000000000000300e-01 5.943000000000000504e-01 -1.552000000000000046e-01 6.077000000000000179e-01 5.819999999999999618e-01 2.300000000000000100e-01 2.144000000000000350e-01 -1.547999999999999376e-01 -2.844999999999999751e-01 2.453000000000000180e-01 -1.777000000000000801e-01 2.870000000000000329e-02 6.745336900000000746e-01 3.531924900000000811e-01 2.408704000000000053e-02 3.692992900000000023e-01 3.387239999999999696e-01 5.290000000000000258e-02 4.596736000000001265e-02 2.396303999999998061e-02 8.094024999999999137e-02 6.017209000000001140e-02 3.157729000000002867e-02 8.236900000000001859e-04 1.867779250000000000e+06 1.963936750000000000e+06
1.000000000000000000e+00 9.162000000000000144e-01 3.759000000000000119e-01 -3.073000000000000176e-01 7.351999999999999647e-01 9.688999999999999835e-01 2.666000000000000036e-01 9.489999999999998437e-02 -2.184000000000000385e-01 -1.521000000000000130e-01 1.274999999999999467e-01 3.869000000000000217e-01 3.659999999999999365e-02 8.394224399999999919e-01 1.413008099999999989e-01 9.443329000000001694e-02 5.405190399999999507e-01 9.387672099999999631e-01 7.107555999999999596e-02 9.006009999999996588e-03 4.769856000000001484e-02 2.313441000000000455e-02 1.625624999999998599e-02 1.496916100000000305e-01 1.339559999999999623e-03 1.866706500000000000e+06 1.960695375000000000e+06
1.000000000000000000e+00 4.507999999999999785e-01 3.660999999999999810e-01 -5.909999999999999976e-02 3.220999999999999974e-01 9.657999999999999918e-01 1.060000000000000005e-02 -4.654000000000000359e-01 -9.800000000000030909e-03 2.482000000000000317e-01 -4.130999999999999672e-01 -3.099999999999991651e-03 -2.560000000000000053e-01 2.032206399999999802e-01 1.340292099999999820e-01 3.492809999999999838e-03 1.037484099999999992e-01 9.327696399999999555e-01 1.123600000000000016e-04 2.165971600000000385e-01 9.604000000000060514e-05 6.160324000000001743e-02 1.706516099999999814e-01 9.609999999999948648e-06 6.553599999999999703e-02 1.874294500000000000e+06 1.978349250000000000e+06
1.000000000000000000e+00 6.099999999999999867e-01 3.155000000000000027e-01 -2.116999999999999993e-01 3.297999999999999821e-01 6.213999999999999524e-01 1.236000000000000015e-01 1.592000000000000082e-01 -5.059999999999997833e-02 -1.526000000000000134e-01 7.699999999999984635e-03 -3.444000000000000394e-01 1.130000000000000032e-01 3.720999999999999863e-01 9.954024999999999679e-02 4.481688999999999812e-02 1.087680399999999825e-01 3.861379599999999468e-01 1.527696000000000089e-02 2.534464000000000161e-02 2.560359999999997638e-03 2.328676000000000357e-02 5.928999999999976607e-05 1.186113600000000268e-01 1.276900000000000084e-02 1.875831625000000000e+06 1.981324625000000000e+06
1.000000000000000000e+00 6.834999999999999964e-01 2.829999999999999738e-01 -3.664999999999999925e-01 5.006000000000000449e-01 7.026999999999999913e-01 1.466000000000000081e-01 7.350000000000000977e-02 -3.250000000000002887e-02 -1.547999999999999932e-01 1.708000000000000629e-01 8.130000000000003890e-02 2.300000000000000655e-02 4.671722500000000111e-01 8.008899999999997965e-02 1.343222500000000041e-01 2.506003600000000220e-01 4.937872899999999898e-01 2.149156000000000330e-02 5.402250000000001669e-03 1.056250000000001849e-03 2.396303999999999795e-02 2.917264000000002050e-02 6.609690000000006602e-03 5.290000000000002816e-04 1.882490250000000000e+06 1.993698375000000000e+06
1.000000000000000000e+00 3.861999999999999877e-01 2.834999999999999742e-01 -2.642999999999999794e-01 2.459999999999999964e-01 6.291999999999999815e-01 2.920000000000000026e-02 -2.973000000000000087e-01 5.000000000000004441e-04 1.022000000000000131e-01 -2.546000000000000485e-01 -7.350000000000000977e-02 -1.174000000000000044e-01 1.491504399999999952e-01 8.037224999999999231e-02 6.985448999999999131e-02 6.051600000000000035e-02 3.958926399999999624e-01 8.526399999999999951e-04 8.838729000000000724e-02 2.500000000000004651e-07 1.044484000000000211e-02 6.482116000000003042e-02 5.402250000000001669e-03 1.378276000000000154e-02 1.888160500000000000e+06 2.000500625000000000e+06
1.000000000000000000e+00 4.410999999999999921e-01 2.200000000000000011e-01 -2.650000000000000133e-01 2.277000000000000135e-01 5.960999999999999632e-01 1.260000000000000009e-02 5.490000000000000435e-02 -6.349999999999997313e-02 -7.000000000000339284e-04 -1.829999999999998295e-02 -3.310000000000001830e-02 -1.660000000000000017e-02 1.945692099999999924e-01 4.839999999999999858e-02 7.022500000000000964e-02 5.184729000000000421e-02 3.553352099999999569e-01 1.587600000000000046e-04 3.014010000000000560e-03 4.032249999999996774e-03 4.900000000000475070e-07 3.348899999999993635e-04 1.095610000000001201e-03 2.755599999999999977e-04 1.887976500000000000e+06 1.996034375000000000e+06
1.000000000000000000e+00 4.737999999999999989e-01 2.585000000000000075e-01 -2.106999999999999984e-01 3.234000000000000208e-01 4.712000000000000077e-01 5.439999999999999697e-02 3.270000000000000684e-02 3.850000000000000644e-02 5.430000000000001492e-02 9.570000000000000728e-02 -1.248999999999999555e-01 4.179999999999999688e-02 2.244864400000000093e-01 6.682224999999999970e-02 4.439449000000000173e-02 1.045875600000000100e-01 2.220294399999999946e-01 2.959359999999999855e-03 1.069290000000000518e-03 1.482250000000000494e-03 2.948490000000001526e-03 9.158490000000001768e-03 1.560000999999998882e-02 1.747239999999999731e-03 1.887044375000000000e+06 1.988797125000000000e+06
1.000000000000000000e+00 4.621999999999999997e-01 3.462999999999999967e-01 -2.066000000000000059e-01 2.909999999999999809e-01 5.330000000000000293e-01 3.509999999999999926e-02 -1.159999999999999920e-02 8.779999999999998916e-02 4.099999999999992539e-03 -3.240000000000003988e-02 6.180000000000002158e-02 -1.929999999999999771e-02 2.136288399999999865e-01 1.199236899999999995e-01 4.268356000000000233e-02 8.468099999999999239e-02 2.840890000000000359e-01 1.232009999999999963e-03 1.345599999999999856e-04 7.708839999999998055e-03 1.680999999999993900e-05 1.049760000000002661e-03 3.819240000000002824e-03 3.724899999999998980e-04 1.886693000000000000e+06 1.985386625000000000e+06
1.000000000000000000e+00 1.265000000000000013e-01 8.480999999999999650e-01 -2.318999999999999950e-01 -1.408000000000000085e-01 -1.475500000000000034e+00 4.585000000000000187e-01 -3.356999999999999984e-01 5.018000000000000238e-01 -2.529999999999998916e-02 -4.317999999999999616e-01 -2.008500000000000174e+00 4.233999999999999986e-01 1.600224999999999911e-02 7.192736099999998967e-01 5.377760999999999653e-02 1.982464000000000101e-02 2.177100250000000070e+00 2.102222500000000271e-01 1.126944899999999944e-01 2.518032400000000393e-01 6.400899999999994094e-04 1.864512399999999626e-01 4.034072250000000359e+00 1.792675599999999925e-01 1.848228125000000000e+06 1.929006875000000000e+06
1.000000000000000000e+00 4.762000000000000122e-01 3.799000000000000155e-01 -9.610000000000000486e-02 2.575000000000000067e-01 -1.254699999999999926e+00 4.430000000000000049e-01 3.497000000000000108e-01 -4.681999999999999496e-01 1.357999999999999763e-01 3.982999999999999874e-01 2.208000000000001073e-01 -1.550000000000001377e-02 2.267664400000000136e-01 1.443240100000000026e-01 9.235210000000000641e-03 6.630624999999999714e-02 1.574272089999999791e+00 1.962490000000000068e-01 1.222900900000000041e-01 2.192112399999999461e-01 1.844163999999999526e-02 1.586428899999999809e-01 4.875264000000004844e-02 2.402500000000004187e-04 1.870483625000000000e+06 1.972941875000000000e+06
1.000000000000000000e+00 9.889999999999999902e-01 5.410000000000000364e-01 1.489999999999999936e-01 8.020000000000000462e-01 9.474000000000000199e-01 8.509999999999999509e-02 5.127999999999999226e-01 1.611000000000000210e-01 2.450999999999999845e-01 5.444999999999999840e-01 2.202099999999999724e+00 -3.578999999999999959e-01 9.781210000000000182e-01 2.926810000000000245e-01 2.220099999999999851e-02 6.432040000000001090e-01 8.975667600000000190e-01 7.242009999999999247e-03 2.629638399999998932e-01 2.595321000000000780e-02 6.007400999999999019e-02 2.964802500000000007e-01 4.849244409999998950e+00 1.280924099999999899e-01 1.857231625000000000e+06 1.948168500000000000e+06
1.000000000000000000e+00 6.300999999999999934e-01 8.632999999999999563e-01 1.728999999999999981e-01 3.880000000000000115e-01 1.104600000000000026e+00 -2.929999999999999966e-02 -3.588999999999999968e-01 3.222999999999999199e-01 2.390000000000000457e-02 -4.140000000000000346e-01 1.572000000000000064e-01 -1.144000000000000017e-01 3.970260099999999848e-01 7.452868899999999242e-01 2.989440999999999973e-02 1.505440000000000111e-01 1.220141160000000058e+00 8.584899999999999476e-04 1.288092100000000073e-01 1.038772899999999416e-01 5.712100000000002722e-04 1.713960000000000206e-01 2.471184000000000228e-02 1.308736000000000101e-02 1.873341375000000000e+06 1.969155500000000000e+06
1.000000000000000000e+00 7.763999999999999790e-01 3.365000000000000213e-01 -1.008000000000000007e-01 5.943000000000000504e-01 1.070999999999999952e+00 1.222000000000000031e-01 1.462999999999999856e-01 -5.267999999999999350e-01 -2.736999999999999988e-01 2.063000000000000389e-01 -3.360000000000007425e-02 1.514999999999999958e-01 6.027969599999999373e-01 1.132322500000000204e-01 1.016064000000000030e-02 3.531924900000000811e-01 1.147040999999999977e+00 1.493284000000000104e-02 2.140368999999999605e-02 2.775182399999999161e-01 7.491169000000000300e-02 4.255969000000001806e-02 1.128960000000005020e-03 2.295225000000000043e-02 1.875744125000000000e+06 1.979423875000000000e+06
1.000000000000000000e+00 9.217999999999999527e-01 1.882000000000000062e-01 -2.303000000000000047e-01 7.280999999999999694e-01 7.403999999999999471e-01 2.606999999999999873e-01 1.453999999999999737e-01 -1.483000000000000151e-01 -1.295000000000000040e-01 1.337999999999999190e-01 -3.306000000000000050e-01 1.384999999999999842e-01 8.497152399999998718e-01 3.541924000000000461e-02 5.303809000000000301e-02 5.301296099999999178e-01 5.481921599999999284e-01 6.796448999999998852e-02 2.114115999999999218e-02 2.199289000000000452e-02 1.677025000000000043e-02 1.790243999999997782e-02 1.092963600000000091e-01 1.918224999999999444e-02 1.880058250000000000e+06 1.983190000000000000e+06
1.000000000000000000e+00 3.634000000000000008e-01 2.126000000000000112e-01 -3.136999999999999789e-01 2.636000000000000010e-01 5.608999999999999542e-01 1.466000000000000081e-01 -5.584000000000000075e-01 2.440000000000000502e-02 -8.339999999999997415e-02 -4.644999999999999685e-01 -1.794999999999999929e-01 -1.140999999999999792e-01 1.320595599999999925e-01 4.519876000000000449e-02 9.840768999999999211e-02 6.948495999999999839e-02 3.146088099999999610e-01 2.149156000000000330e-02 3.118105600000000144e-01 5.953600000000002900e-04 6.955559999999996051e-03 2.157602499999999590e-01 3.222024999999999889e-02 1.301880999999999525e-02 1.880601250000000000e+06 1.978966125000000000e+06
1.000000000000000000e+00 3.400000000000000244e-01 2.983999999999999986e-01 -1.991999999999999882e-01 1.973999999999999921e-01 4.517999999999999794e-01 2.273000000000000020e-01 -2.339999999999997637e-02 8.579999999999998739e-02 1.144999999999999907e-01 -6.620000000000000884e-02 -1.090999999999999748e-01 8.069999999999999396e-02 1.156000000000000222e-01 8.904255999999999283e-02 3.968063999999999619e-02 3.896675999999999612e-02 2.041232399999999836e-01 5.166529000000000260e-02 5.475599999999989113e-04 7.361639999999997422e-03 1.311024999999999864e-02 4.382440000000001334e-03 1.190280999999999458e-02 6.512489999999999252e-03 1.884120000000000000e+06 1.986063000000000000e+06
1.000000000000000000e+00 6.883000000000000229e-01 2.330000000000000127e-01 -1.260999999999999899e-01 4.611999999999999988e-01 3.851999999999999869e-01 1.852999999999999925e-01 3.482999999999999985e-01 -6.539999999999998592e-02 7.309999999999999831e-02 2.638000000000000345e-01 -6.659999999999999254e-02 -4.200000000000000955e-02 4.737568900000000416e-01 5.428900000000000392e-02 1.590120999999999896e-02 2.127054399999999956e-01 1.483790399999999898e-01 3.433608999999999967e-02 1.213128899999999927e-01 4.277159999999997735e-03 5.343609999999999506e-03 6.959044000000001728e-02 4.435559999999998983e-03 1.764000000000000810e-03 1.885879000000000000e+06 1.984089000000000000e+06
1.000000000000000000e+00 6.966999999999999860e-01 3.318999999999999728e-01 -9.180000000000000659e-02 5.332000000000000073e-01 3.751999999999999780e-01 2.139999999999999958e-01 8.399999999999963052e-03 9.889999999999996017e-02 3.429999999999998328e-02 7.200000000000000844e-02 -1.000000000000000888e-02 2.870000000000000329e-02 4.853908899999999638e-01 1.101576099999999753e-01 8.427240000000000772e-03 2.843022399999999839e-01 1.407750399999999902e-01 4.579599999999999643e-02 7.055999999999937864e-05 9.781209999999991578e-03 1.176489999999998787e-03 5.184000000000001107e-03 1.000000000000001810e-04 8.236900000000001859e-04 1.882407375000000000e+06 1.978637500000000000e+06
1.000000000000000000e+00 6.661000000000000254e-01 3.765000000000000013e-01 -1.544999999999999984e-01 4.445999999999999952e-01 3.628000000000000114e-01 2.396000000000000074e-01 -3.059999999999996056e-02 4.460000000000002851e-02 -6.269999999999999185e-02 -8.860000000000001208e-02 -1.239999999999996660e-02 2.560000000000001164e-02 4.436892100000000561e-01 1.417522499999999963e-01 2.387024999999999911e-02 1.976691599999999827e-01 1.316238400000000197e-01 5.740816000000000668e-02 9.363599999999976282e-04 1.989160000000002402e-03 3.931289999999998744e-03 7.849960000000001312e-03 1.537599999999991784e-04 6.553600000000005558e-04 1.881294250000000000e+06 1.975223625000000000e+06
1.000000000000000000e+00 4.228000000000000091e-01 5.117000000000000437e-01 -6.379999999999999560e-02 3.216999999999999860e-01 5.659999999999999476e-01 1.617000000000000104e-01 -2.433000000000000163e-01 1.352000000000000424e-01 9.070000000000000284e-02 -1.229000000000000092e-01 2.031999999999999362e-01 -7.789999999999999702e-02 1.787598400000000032e-01 2.618368900000000443e-01 4.070439999999999822e-03 1.034908899999999882e-01 3.203559999999999186e-01 2.614689000000000249e-02 5.919489000000000695e-02 1.827904000000001028e-02 8.226490000000001232e-03 1.510441000000000214e-02 4.129023999999997113e-02 6.068409999999999777e-03 1.879233375000000000e+06 1.967431000000000000e+06
1.000000000000000000e+00 4.178999999999999937e-01 4.727000000000000091e-01 -3.644999999999999907e-01 3.726999999999999758e-01 7.765999999999999570e-01 1.572999999999999954e-01 -4.900000000000015454e-03 -3.900000000000003464e-02 -3.006999999999999673e-01 5.099999999999998979e-02 2.106000000000000094e-01 -4.400000000000015010e-03 1.746404099999999959e-01 2.234452900000000186e-01 1.328602499999999853e-01 1.389052899999999868e-01 6.031075599999999870e-01 2.474328999999999765e-02 2.401000000000015128e-05 1.521000000000002602e-03 9.042048999999997838e-02 2.600999999999999146e-03 4.435236000000000733e-02 1.936000000000013312e-05 1.884395375000000000e+06 1.981724625000000000e+06
1.000000000000000000e+00 5.121999999999999886e-01 2.058999999999999997e-01 -3.981999999999999984e-01 2.927000000000000157e-01 5.863000000000000433e-01 1.479000000000000037e-01 9.429999999999999494e-02 -2.668000000000000371e-01 -3.370000000000000773e-02 -7.999999999999996003e-02 -1.902999999999999137e-01 -9.399999999999991696e-03 2.623488399999999721e-01 4.239480999999999805e-02 1.585632399999999942e-01 8.567329000000001304e-02 3.437476900000000501e-01 2.187441000000000038e-02 8.892489999999999423e-03 7.118224000000002161e-02 1.135690000000000614e-03 6.399999999999993368e-03 3.621408999999996964e-02 8.835999999999983841e-05 1.883571000000000000e+06 1.977560500000000000e+06
1.000000000000000000e+00 5.256999999999999451e-01 2.978000000000000091e-01 -1.564000000000000112e-01 2.810000000000000275e-01 5.875000000000000222e-01 1.102000000000000063e-01 1.349999999999995648e-02 9.190000000000000946e-02 2.417999999999999872e-01 -1.169999999999998819e-02 1.199999999999978861e-03 -3.769999999999999740e-02 2.763604899999999587e-01 8.868484000000000089e-02 2.446096000000000381e-02 7.896100000000001728e-02 3.451562500000000533e-01 1.214404000000000178e-02 1.822499999999988192e-04 8.445610000000000964e-03 5.846723999999999671e-02 1.368899999999997278e-04 1.439999999999949367e-06 1.421289999999999750e-03 1.878116250000000000e+06 1.966560875000000000e+06
1.000000000000000000e+00 -7.688000000000000389e-01 3.822999999999999732e-01 -2.530999999999999917e-01 -9.344000000000000083e-01 -3.264000000000000234e-01 -1.557999999999999940e-01 -1.294499999999999984e+00 8.449999999999996403e-02 -9.669999999999998042e-02 -1.215400000000000036e+00 -9.139000000000000457e-01 -2.660000000000000142e-01 5.910534400000000410e-01 1.461532899999999913e-01 6.405960999999998906e-02 8.731033599999999950e-01 1.065369600000000139e-01 2.427363999999999911e-02 1.675730249999999977e+00 7.140249999999993824e-03 9.350889999999995386e-03 1.477197160000000009e+00 8.352132100000000392e-01 7.075600000000001333e-02 1.878041125000000000e+06 1.971249625000000000e+06
1.000000000000000000e+00 -4.994999999999999996e-01 3.059999999999999942e-01 -2.922000000000000153e-01 -6.048000000000000043e-01 -6.629999999999999782e-02 -1.534999999999999976e-01 2.693000000000000393e-01 -7.629999999999997895e-02 -3.910000000000002363e-02 3.296000000000000041e-01 2.600999999999999979e-01 2.299999999999996492e-03 2.495002500000000067e-01 9.363599999999999701e-02 8.538084000000001339e-02 3.657830400000000037e-01 4.395689999999999840e-03 2.356224999999999986e-02 7.252249000000002277e-02 5.821689999999996555e-03 1.528810000000001756e-03 1.086361600000000094e-01 6.765200999999999854e-02 5.289999999999984080e-06 1.887323750000000000e+06 1.979251375000000000e+06
1.000000000000000000e+00 7.862999999999999989e-01 5.804000000000000270e-01 -4.270000000000000184e-02 8.201000000000000512e-01 8.729999999999999982e-01 1.275000000000000022e-01 1.285800000000000054e+00 2.744000000000000328e-01 2.494999999999999996e-01 1.424900000000000055e+00 9.393000000000000238e-01 2.810000000000000275e-01 6.182676900000000364e-01 3.368641600000000236e-01 1.823290000000000197e-03 6.725640100000001009e-01 7.621289999999999454e-01 1.625624999999999987e-02 1.653281640000000108e+00 7.529536000000001950e-02 6.225025000000000003e-02 2.030340010000000195e+00 8.822844900000000878e-01 7.896100000000001728e-02 1.885782625000000000e+06 1.973343625000000000e+06
1.000000000000000000e+00 5.643000000000000238e-01 5.003999999999999559e-01 -1.215999999999999998e-01 4.989999999999999991e-01 4.961999999999999744e-01 1.179000000000000048e-01 -2.219999999999999751e-01 -8.000000000000007105e-02 -7.889999999999999791e-02 -3.211000000000000520e-01 -3.768000000000000238e-01 -9.599999999999997424e-03 3.184344900000000145e-01 2.504001599999999828e-01 1.478656000000000068e-02 2.490010000000000001e-01 2.462144399999999789e-01 1.390041000000000193e-02 4.928399999999998754e-02 6.400000000000011582e-03 6.225209999999999251e-03 1.031052100000000304e-01 1.419782400000000055e-01 9.215999999999994433e-05 1.888944375000000000e+06 1.975453500000000000e+06
1.000000000000000000e+00 5.994000000000000439e-01 3.103000000000000203e-01 -1.985999999999999988e-01 4.108999999999999875e-01 4.744999999999999774e-01 2.001999999999999891e-01 3.510000000000002007e-02 -1.900999999999999357e-01 -7.699999999999999900e-02 -8.810000000000001164e-02 -2.169999999999999707e-02 8.229999999999998428e-02 3.592803600000000763e-01 9.628609000000001861e-02 3.944195999999999813e-02 1.688388099999999781e-01 2.251502499999999685e-01 4.008003999999999734e-02 1.232010000000001481e-03 3.613800999999997737e-02 5.929000000000000242e-03 7.761610000000002119e-03 4.708899999999998504e-04 6.773289999999997785e-03 1.886778000000000000e+06 1.973996125000000000e+06
1.000000000000000000e+00 6.774000000000000021e-01 3.938999999999999724e-01 -9.740000000000000047e-02 4.683999999999999830e-01 4.793999999999999928e-01 1.870999999999999885e-01 7.799999999999995826e-02 8.359999999999995213e-02 1.011999999999999983e-01 5.749999999999999556e-02 4.900000000000015454e-03 -1.310000000000000053e-02 4.588707599999999887e-01 1.551572099999999899e-01 9.486760000000000331e-03 2.193985599999999925e-01 2.298243600000000053e-01 3.500640999999999475e-02 6.083999999999993059e-03 6.988959999999991984e-03 1.024143999999999922e-02 3.306249999999999294e-03 2.401000000000015128e-05 1.716100000000000188e-04 1.885621500000000000e+06 1.973479750000000000e+06
1.000000000000000000e+00 6.961000000000000520e-01 3.665999999999999814e-01 -1.907999999999999974e-01 4.960999999999999854e-01 5.644000000000000128e-01 1.670999999999999985e-01 1.870000000000004992e-02 -2.729999999999999094e-02 -9.339999999999999691e-02 2.770000000000000240e-02 8.500000000000001998e-02 -1.999999999999999001e-02 4.845552100000000695e-01 1.343955599999999972e-01 3.640464000000000200e-02 2.461152099999999732e-01 3.185473600000000016e-01 2.792240999999999820e-02 3.496900000000018917e-04 7.452899999999994729e-04 8.723559999999999995e-03 7.672900000000001160e-04 7.225000000000003121e-03 3.999999999999995855e-04 1.884959000000000000e+06 1.973688875000000000e+06
1.000000000000000000e+00 5.708999999999999631e-01 3.946000000000000063e-01 -1.507000000000000006e-01 4.399000000000000132e-01 5.858999999999999764e-01 2.076999999999999957e-01 -1.252000000000000890e-01 2.800000000000002487e-02 4.009999999999999676e-02 -5.619999999999997220e-02 2.149999999999996358e-02 4.059999999999999720e-02 3.259268099999999557e-01 1.557091600000000131e-01 2.271048999999999984e-02 1.935120100000000121e-01 3.432788099999999898e-01 4.313928999999999681e-02 1.567504000000002201e-02 7.840000000000013841e-04 1.608009999999999778e-03 3.158439999999996736e-03 4.622499999999984152e-04 1.648359999999999756e-03 1.890929000000000000e+06 1.982064875000000000e+06
1.000000000000000000e+00 5.836000000000000076e-01 3.140999999999999903e-01 -1.963000000000000023e-01 4.471999999999999864e-01 6.009999999999999787e-01 1.998999999999999944e-01 1.270000000000004459e-02 -8.050000000000001599e-02 -4.560000000000000164e-02 7.299999999999973177e-03 1.510000000000000231e-02 -7.800000000000001377e-03 3.405889599999999962e-01 9.865880999999999956e-02 3.853369000000000238e-02 1.999878400000000001e-01 3.612009999999999943e-01 3.996000999999999720e-02 1.612900000000011341e-04 6.480250000000002501e-03 2.079360000000000149e-03 5.328999999999960667e-05 2.280100000000000616e-04 6.084000000000002058e-05 1.894681750000000000e+06 1.985612875000000000e+06
1.000000000000000000e+00 5.193999999999999728e-01 3.437999999999999945e-01 -3.010999999999999788e-01 3.776999999999999802e-01 6.923000000000000265e-01 1.175999999999999962e-01 -6.420000000000003482e-02 2.970000000000000417e-02 -1.047999999999999765e-01 -6.950000000000000622e-02 9.130000000000004778e-02 -8.229999999999999816e-02 2.697763599999999928e-01 1.181984400000000018e-01 9.066120999999999208e-02 1.426572899999999922e-01 4.792792900000000245e-01 1.382975999999999997e-02 4.121640000000004536e-03 8.820900000000001960e-04 1.098303999999999427e-02 4.830250000000001209e-03 8.335690000000008440e-03 6.773289999999999519e-03 1.899149375000000000e+06 1.989340625000000000e+06
1.000000000000000000e+00 1.089599999999999902e+00 3.721999999999999753e-01 -1.481000000000000094e-01 1.049700000000000077e+00 -8.826000000000000512e-01 7.082000000000000517e-01 5.701999999999999291e-01 2.839999999999998082e-02 1.529999999999999694e-01 6.720000000000001528e-01 -1.574899999999999967e+00 5.906000000000000139e-01 1.187228159999999866e+00 1.385328399999999904e-01 2.193361000000000269e-02 1.101870090000000246e+00 7.789827600000001073e-01 5.015472400000000608e-01 3.251280399999998960e-01 8.065599999999989184e-04 2.340899999999999231e-02 4.515840000000002075e-01 2.480310009999999732e+00 3.488083600000000395e-01 1.874212500000000000e+06 1.953428000000000000e+06
1.000000000000000000e+00 1.108700000000000019e+00 1.754999999999999893e-01 -9.859999999999999321e-02 9.524000000000000243e-01 -4.031000000000000139e-01 6.280999999999999917e-01 1.910000000000011688e-02 -1.966999999999999860e-01 4.950000000000001621e-02 -9.730000000000005311e-02 4.795000000000000373e-01 -8.010000000000006004e-02 1.229215689999999972e+00 3.080024999999999777e-02 9.721959999999998242e-03 9.070657600000000542e-01 1.624896100000000065e-01 3.945096100000000106e-01 3.648100000000044710e-04 3.869088999999999168e-02 2.450250000000001472e-03 9.467290000000010142e-03 2.299202500000000482e-01 6.416010000000009310e-03 1.889126750000000000e+06 1.978228500000000000e+06
1.000000000000000000e+00 3.221999999999999864e-01 6.334999999999999520e-01 -5.639999999999999875e-02 1.060000000000000005e-02 1.074699999999999989e+00 6.400000000000000307e-03 -7.864999999999999769e-01 4.579999999999999627e-01 4.219999999999999446e-02 -9.417999999999999705e-01 1.477800000000000002e+00 -6.217000000000000304e-01 1.038128399999999896e-01 4.013222499999999360e-01 3.180960000000000037e-03 1.123600000000000016e-04 1.154980090000000015e+00 4.096000000000000086e-05 6.185822500000000002e-01 2.097639999999999783e-01 1.780839999999999463e-03 8.869872399999999546e-01 2.183892839999999946e+00 3.865108900000000514e-01 1.876008625000000000e+06 1.961301375000000000e+06
1.000000000000000000e+00 -9.171000000000000263e-01 6.943000000000000282e-01 -3.309999999999999748e-02 -7.970000000000000417e-01 -4.888000000000000123e-01 -3.341999999999999971e-01 -1.239300000000000068e+00 6.080000000000007621e-02 2.330000000000000127e-02 -8.076000000000000956e-01 -1.563499999999999890e+00 -3.406000000000000139e-01 8.410724100000001036e-01 4.820524900000000557e-01 1.095609999999999900e-03 6.352090000000000236e-01 2.389254400000000167e-01 1.116896399999999928e-01 1.535864490000000249e+00 3.696640000000009276e-03 5.428900000000000826e-04 6.522177600000002018e-01 2.444532249999999518e+00 1.160083600000000048e-01 1.864654125000000000e+06 1.932701625000000000e+06
1.000000000000000000e+00 -1.180999999999999966e-01 1.852999999999999925e-01 -2.406999999999999973e-01 -7.280000000000000360e-02 2.980999999999999761e-01 -2.321999999999999897e-01 7.990000000000000435e-01 -5.090000000000000080e-01 -2.076000000000000068e-01 7.242000000000000659e-01 7.868999999999999329e-01 1.020000000000000073e-01 1.394760999999999918e-02 3.433608999999999967e-02 5.793649000000000021e-02 5.299840000000000106e-03 8.886360999999998178e-02 5.391683999999999366e-02 6.384010000000001073e-01 2.590810000000000057e-01 4.309776000000000579e-02 5.244656400000000662e-01 6.192116099999999124e-01 1.040400000000000179e-02 1.886175250000000000e+06 1.976205125000000000e+06
1.000000000000000000e+00 1.136100000000000110e+00 6.369000000000000217e-01 -1.189000000000000057e-01 8.228999999999999648e-01 1.235300000000000065e+00 1.058999999999999941e-01 1.254200000000000204e+00 4.516000000000000014e-01 1.217999999999999916e-01 8.956999999999999407e-01 9.372000000000000330e-01 3.380999999999999561e-01 1.290723210000000343e+00 4.056416100000000413e-01 1.413721000000000075e-02 6.771644099999999389e-01 1.525966090000000053e+00 1.121480999999999867e-02 1.573017640000000439e+00 2.039425599999999950e-01 1.483523999999999780e-02 8.022784899999998443e-01 8.783438400000000978e-01 1.143116099999999663e-01 1.890555875000000000e+06 1.977784375000000000e+06
1.000000000000000000e+00 6.108000000000000096e-01 4.113999999999999879e-01 -2.484000000000000097e-01 4.018999999999999795e-01 7.655999999999999472e-01 -5.260000000000000092e-02 -5.253000000000001002e-01 -2.255000000000000338e-01 -1.295000000000000040e-01 -4.209999999999999853e-01 -4.697000000000001174e-01 -1.585000000000000020e-01 3.730766400000000149e-01 1.692499599999999771e-01 6.170256000000000352e-02 1.615236099999999841e-01 5.861433599999998911e-01 2.766760000000000053e-03 2.759400900000000822e-01 5.085025000000001349e-02 1.677025000000000043e-02 1.772409999999999819e-01 2.206180900000000999e-01 2.512225000000000222e-02 1.889730250000000000e+06 1.967822875000000000e+06
1.000000000000000000e+00 5.350000000000000311e-01 9.149999999999999800e-02 -2.970999999999999752e-01 3.063000000000000167e-01 6.703000000000000069e-01 8.630000000000000171e-02 -7.579999999999997851e-02 -3.198999999999999622e-01 -4.869999999999996554e-02 -9.559999999999996279e-02 -9.529999999999994031e-02 1.388999999999999957e-01 2.862250000000000072e-01 8.372249999999999484e-03 8.826840999999999160e-02 9.381969000000001113e-02 4.493020899999999873e-01 7.447689999999999866e-03 5.745639999999997173e-03 1.023360099999999773e-01 2.371689999999996613e-03 9.139359999999992212e-03 9.082089999999988852e-03 1.929320999999999814e-02 1.894559625000000000e+06 1.975139375000000000e+06
1.000000000000000000e+00 7.396000000000000352e-01 3.048000000000000154e-01 -3.417000000000000037e-01 4.688999999999999835e-01 5.845000000000000195e-01 1.439999999999999891e-01 2.046000000000000041e-01 2.133000000000000174e-01 -4.460000000000002851e-02 1.625999999999999668e-01 -8.579999999999998739e-02 5.769999999999998741e-02 5.470081600000000766e-01 9.290304000000000617e-02 1.167588900000000041e-01 2.198672099999999796e-01 3.416402500000000342e-01 2.073599999999999749e-02 4.186116000000000142e-02 4.549689000000000511e-02 1.989160000000002402e-03 2.643875999999998824e-02 7.361639999999997422e-03 3.329289999999998639e-03 1.895536000000000000e+06 1.978880750000000000e+06
1.000000000000000000e+00 6.885999999999999899e-01 4.554000000000000270e-01 -2.625000000000000111e-01 4.549000000000000266e-01 5.362999999999999989e-01 2.396000000000000074e-01 -5.100000000000004530e-02 1.506000000000000116e-01 7.919999999999999263e-02 -1.399999999999995692e-02 -4.820000000000002061e-02 9.560000000000001830e-02 4.741699600000000014e-01 2.073891600000000168e-01 6.890625000000000222e-02 2.069340100000000293e-01 2.876176899999999814e-01 5.740816000000000668e-02 2.601000000000004784e-03 2.268036000000000357e-02 6.272639999999998599e-03 1.959999999999988010e-04 2.323240000000002022e-03 9.139360000000004355e-03 1.893785500000000000e+06 1.977567000000000000e+06
1.000000000000000000e+00 5.060999999999999943e-01 3.536000000000000254e-01 -5.099999999999999672e-02 3.438999999999999835e-01 5.510000000000000314e-02 2.693999999999999728e-01 -1.824999999999999956e-01 -1.018000000000000016e-01 2.115000000000000213e-01 -1.110000000000000431e-01 -4.812000000000000166e-01 2.979999999999996541e-02 2.561372100000000041e-01 1.250329600000000263e-01 2.600999999999999580e-03 1.182672099999999837e-01 3.036010000000000444e-03 7.257635999999997867e-02 3.330624999999999558e-02 1.036324000000000099e-02 4.473225000000000812e-02 1.232100000000000903e-02 2.315534400000000270e-01 8.880399999999979282e-04 1.894440625000000000e+06 1.977738250000000000e+06
1.000000000000000000e+00 6.502000000000000002e-01 3.141999999999999793e-01 -4.089999999999999886e-02 4.124999999999999778e-01 1.895999999999999908e-01 3.427000000000000046e-01 1.441000000000000059e-01 -3.940000000000004610e-02 1.009999999999999787e-02 6.859999999999999432e-02 1.344999999999999807e-01 7.330000000000003180e-02 4.227600400000000036e-01 9.872163999999998552e-02 1.672809999999999835e-03 1.701562499999999811e-01 3.594815999999999984e-02 1.174432900000000057e-01 2.076481000000000160e-02 1.552360000000003711e-03 1.020099999999999534e-04 4.705959999999999484e-03 1.809024999999999522e-02 5.372890000000004294e-03 1.899642250000000000e+06 1.981727250000000000e+06
1.000000000000000000e+00 7.238999999999999879e-01 4.759999999999999787e-01 -1.134000000000000008e-01 5.151999999999999913e-01 3.874000000000000221e-01 2.898000000000000020e-01 7.369999999999998774e-02 1.617999999999999994e-01 -7.250000000000000888e-02 1.027000000000000135e-01 1.978000000000000314e-01 -5.290000000000000258e-02 5.240312099999999695e-01 2.265759999999999719e-01 1.285956000000000078e-02 2.654310400000000070e-01 1.500787600000000055e-01 8.398403999999999592e-02 5.431689999999998568e-03 2.617923999999999946e-02 5.256250000000001373e-03 1.054729000000000257e-02 3.912484000000001488e-02 2.798410000000000307e-03 1.900097375000000000e+06 1.982814625000000000e+06
1.000000000000000000e+00 6.690000000000000391e-01 6.021999999999999575e-01 -5.059999999999999915e-02 5.393999999999999906e-01 4.300999999999999823e-01 3.235999999999999988e-01 -5.489999999999994884e-02 1.261999999999999789e-01 6.279999999999999472e-02 2.419999999999999929e-02 4.269999999999996021e-02 3.379999999999999671e-02 4.475610000000000421e-01 3.626448399999999683e-01 2.560359999999999806e-03 2.909523599999999655e-01 1.849860099999999785e-01 1.047169599999999978e-01 3.014009999999994489e-03 1.592643999999999310e-02 3.943839999999999672e-03 5.856400000000000104e-04 1.823289999999996511e-03 1.142439999999999775e-03 1.896528000000000000e+06 1.969014875000000000e+06
1.000000000000000000e+00 7.790000000000000258e-01 4.203999999999999959e-01 -2.159000000000000086e-01 5.618999999999999551e-01 -1.280999999999999917e-01 3.660999999999999810e-01 1.099999999999999867e-01 -1.817999999999999616e-01 -1.653000000000000025e-01 2.249999999999996447e-02 -5.582000000000000295e-01 4.249999999999998224e-02 6.068410000000000748e-01 1.767361600000000033e-01 4.661281000000000452e-02 3.157316099999999404e-01 1.640960999999999809e-02 1.340292099999999820e-01 1.209999999999999791e-02 3.305123999999998868e-02 2.732409000000000227e-02 5.062499999999984547e-04 3.115872400000000431e-01 1.806249999999998395e-03 1.872269000000000000e+06 1.940277750000000000e+06
1.000000000000000000e+00 1.104100000000000081e+00 5.342000000000000082e-01 -5.278000000000000469e-01 7.959000000000000519e-01 -2.371799999999999908e+00 6.904000000000000137e-01 3.251000000000000556e-01 1.138000000000000123e-01 -3.119000000000000661e-01 2.340000000000000968e-01 -2.243700000000000028e+00 3.243000000000000327e-01 1.219036810000000193e+00 2.853696400000000355e-01 2.785728400000000438e-01 6.334568100000000923e-01 5.625435239999999837e+00 4.766521599999999914e-01 1.056900100000000425e-01 1.295044000000000230e-02 9.728161000000004610e-02 5.475600000000004769e-02 5.034189689999999828e+00 1.051704900000000192e-01 1.870434125000000000e+06 1.941357000000000000e+06
1.000000000000000000e+00 9.913999999999999480e-01 4.872000000000000219e-01 -8.309999999999999332e-02 7.064000000000000279e-01 -7.637000000000000455e-01 4.815999999999999726e-01 -1.127000000000001334e-01 -4.699999999999998623e-02 4.447000000000000397e-01 -8.950000000000002398e-02 1.608099999999999863e+00 -2.088000000000000411e-01 9.828739599999999355e-01 2.373638400000000204e-01 6.905609999999998659e-03 4.990009600000000489e-01 5.832376900000000308e-01 2.319385599999999603e-01 1.270129000000002999e-02 2.208999999999998725e-03 1.977580900000000252e-01 8.010250000000003479e-03 2.585985609999999379e+00 4.359744000000001507e-02 1.877250000000000000e+06 1.968338125000000000e+06
1.000000000000000000e+00 9.180000000000000382e-01 1.001400000000000068e+00 3.674999999999999933e-01 4.959999999999999964e-01 1.288200000000000012e+00 2.356000000000000039e-01 -7.339999999999990976e-02 5.141999999999999904e-01 4.506000000000000005e-01 -2.104000000000000314e-01 2.051899999999999835e+00 -2.459999999999999687e-01 8.427240000000000286e-01 1.002801960000000214e+00 1.350562499999999888e-01 2.460159999999999847e-01 1.659459240000000113e+00 5.550735999999999865e-02 5.387559999999986561e-03 2.644016399999999933e-01 2.030403600000000031e-01 4.426816000000001472e-02 4.210293609999999020e+00 6.051599999999998647e-02 1.865349000000000000e+06 1.944202125000000000e+06
1.000000000000000000e+00 8.219999999999999529e-01 6.259000000000000119e-01 3.420000000000000123e-02 5.014999999999999458e-01 4.722000000000000086e-01 2.889999999999999791e-01 -9.600000000000008527e-02 -3.755000000000000560e-01 -3.332999999999999852e-01 5.499999999999949374e-03 -8.160000000000000586e-01 5.339999999999997526e-02 6.756839999999999513e-01 3.917508100000000049e-01 1.169640000000000003e-03 2.515022499999999273e-01 2.229728400000000055e-01 8.352099999999998414e-02 9.216000000000015846e-03 1.410002500000000492e-01 1.110888899999999957e-01 3.024999999999944441e-05 6.658560000000001144e-01 2.851559999999997343e-03 1.881675250000000000e+06 1.964697625000000000e+06
1.000000000000000000e+00 6.308000000000000274e-01 1.950999999999999956e-01 -1.819999999999999951e-01 3.914000000000000257e-01 2.412999999999999867e-01 2.379999999999999893e-01 -1.911999999999999256e-01 -4.308000000000000163e-01 -2.162000000000000033e-01 -1.100999999999999202e-01 -2.309000000000000219e-01 -5.099999999999998979e-02 3.979086400000000356e-01 3.806400999999999535e-02 3.312400000000000067e-02 1.531939600000000179e-01 5.822568999999999662e-02 5.664399999999999297e-02 3.655743999999996885e-02 1.855886400000000269e-01 4.674244000000000315e-02 1.212200999999998169e-02 5.331481000000001108e-02 2.600999999999999146e-03 1.879121875000000000e+06 1.962343375000000000e+06
1.000000000000000000e+00 5.766000000000000014e-01 4.023999999999999799e-01 -1.575000000000000011e-01 3.921000000000000041e-01 3.105999999999999872e-01 1.718999999999999972e-01 -5.420000000000002593e-02 2.072999999999999843e-01 2.449999999999999400e-02 6.999999999999784173e-04 6.930000000000000049e-02 -6.609999999999999210e-02 3.324675599999999953e-01 1.619257599999999742e-01 2.480625000000000191e-02 1.537424099999999960e-01 9.647235999999999312e-02 2.954961000000000046e-02 2.937640000000002645e-03 4.297328999999999039e-02 6.002499999999996554e-04 4.899999999999697917e-07 4.802490000000000404e-03 4.369209999999999240e-03 1.884914750000000000e+06 1.966010750000000000e+06
1.000000000000000000e+00 3.892999999999999794e-01 3.857999999999999763e-01 -4.839999999999999858e-02 3.169000000000000150e-01 9.239000000000000545e-01 1.072000000000000036e-01 -1.873000000000000220e-01 -1.660000000000000364e-02 1.091000000000000025e-01 -7.519999999999998908e-02 6.133000000000000673e-01 -6.469999999999999363e-02 1.515544899999999862e-01 1.488416399999999695e-01 2.342560000000000042e-03 1.004256100000000124e-01 8.535912100000001557e-01 1.149184000000000143e-02 3.508129000000000802e-02 2.755600000000001061e-04 1.190280999999999978e-02 5.655039999999998332e-03 3.761368900000000570e-01 4.186089999999999083e-03 1.885385500000000000e+06 1.971852750000000000e+06
1.000000000000000000e+00 2.555999999999999939e-01 3.851999999999999869e-01 -5.149999999999999717e-02 1.688999999999999946e-01 8.905999999999999472e-01 -3.350000000000000200e-02 -1.336999999999999855e-01 -5.999999999999894307e-04 -3.099999999999998590e-03 -1.480000000000000204e-01 -3.330000000000010729e-02 -1.406999999999999917e-01 6.533135999999999111e-02 1.483790399999999898e-01 2.652249999999999660e-03 2.852720999999999729e-02 7.931683599999999057e-01 1.122250000000000201e-03 1.787568999999999617e-02 3.599999999999873417e-07 9.609999999999991000e-06 2.190400000000000680e-02 1.108890000000007118e-03 1.979648999999999645e-02 1.884818500000000000e+06 1.968109875000000000e+06
1.000000000000000000e+00 3.326000000000000068e-01 1.516000000000000125e-01 -2.477000000000000035e-01 2.281999999999999862e-01 8.299999999999999600e-01 -1.700000000000000122e-02 7.700000000000001288e-02 -2.335999999999999743e-01 -1.962000000000000133e-01 5.929999999999999161e-02 -6.059999999999998721e-02 1.650000000000000078e-02 1.106227600000000005e-01 2.298256000000000257e-02 6.135528999999999983e-02 5.207523999999999487e-02 6.888999999999999568e-01 2.890000000000000316e-04 5.929000000000001977e-03 5.456895999999998581e-02 3.849444000000000476e-02 3.516489999999998853e-03 3.672359999999998646e-03 2.722500000000000310e-04 1.886457875000000000e+06 1.974865125000000000e+06
1.000000000000000000e+00 5.523000000000000131e-01 2.489999999999999991e-01 -3.670999999999999819e-01 4.233000000000000096e-01 7.368999999999999995e-01 1.633000000000000007e-01 2.197000000000000064e-01 9.739999999999998659e-02 -1.193999999999999784e-01 1.951000000000000234e-01 -9.309999999999996056e-02 1.803000000000000158e-01 3.050352900000000145e-01 6.200100000000000056e-02 1.347624099999999991e-01 1.791828900000000113e-01 5.430216100000000434e-01 2.666688999999999865e-02 4.826808999999999961e-02 9.486759999999996862e-03 1.425635999999999570e-02 3.806401000000000923e-02 8.667609999999992265e-03 3.250809000000000337e-02 1.894464000000000000e+06 1.986423500000000000e+06
1.000000000000000000e+00 6.040999999999999703e-01 2.954999999999999849e-01 -2.321000000000000008e-01 4.094999999999999751e-01 6.152999999999999581e-01 2.006999999999999895e-01 5.179999999999995719e-02 4.649999999999998579e-02 1.349999999999999811e-01 -1.380000000000003446e-02 -1.216000000000000414e-01 3.739999999999998881e-02 3.649368099999999449e-01 8.732024999999998816e-02 5.387041000000000052e-02 1.676902499999999852e-01 3.785940899999999387e-01 4.028048999999999519e-02 2.683239999999995594e-03 2.162249999999998808e-03 1.822499999999999468e-02 1.904400000000009481e-04 1.478656000000000935e-02 1.398759999999999110e-03 1.897017375000000000e+06 1.986090000000000000e+06
1.000000000000000000e+00 1.279000000000000137e-01 2.373999999999999999e-01 -1.388999999999999957e-01 9.400000000000000022e-02 -1.255999999999999894e-01 2.008000000000000063e-01 -4.761999999999999567e-01 -5.809999999999998499e-02 9.320000000000000506e-02 -3.155000000000000027e-01 -7.408999999999998920e-01 1.000000000000167422e-04 1.635841000000000378e-02 5.635876000000000080e-02 1.929320999999999814e-02 8.836000000000000104e-03 1.577535999999999869e-02 4.032064000000000481e-02 2.267664399999999580e-01 3.375609999999998074e-03 8.686240000000001321e-03 9.954024999999999679e-02 5.489328099999998267e-01 1.000000000000334864e-08 1.893610000000000000e+06 1.984496375000000000e+06
1.000000000000000000e+00 3.000999999999999779e-01 2.707999999999999852e-01 -1.917000000000000093e-01 1.870999999999999885e-01 1.643000000000000016e-01 2.828999999999999848e-01 1.721999999999999642e-01 3.339999999999998526e-02 -5.280000000000001359e-02 9.309999999999998832e-02 2.898999999999999910e-01 8.209999999999997855e-02 9.006000999999998202e-02 7.333263999999999061e-02 3.674889000000000627e-02 3.500640999999999475e-02 2.699448999999999946e-02 8.003240999999999827e-02 2.965283999999998935e-02 1.115559999999998948e-03 2.787840000000001497e-03 8.667609999999997469e-03 8.404201000000000032e-02 6.740409999999996161e-03 1.898350375000000000e+06 1.987511250000000000e+06
1.000000000000000000e+00 8.453000000000000513e-01 5.639999999999999458e-01 -1.620000000000000051e-01 5.981999999999999540e-01 7.546000000000000485e-01 3.068000000000000171e-01 5.452000000000001290e-01 2.931999999999999607e-01 2.970000000000000417e-02 4.110999999999999654e-01 5.903000000000000469e-01 2.390000000000003233e-02 7.145320900000000641e-01 3.180959999999999344e-01 2.624399999999999997e-02 3.578432399999999514e-01 5.694211600000000928e-01 9.412624000000001379e-02 2.972430400000001249e-01 8.596623999999997157e-02 8.820900000000001960e-04 1.690032099999999593e-01 3.484540900000000496e-01 5.712100000000015733e-04 1.895486000000000000e+06 1.976480125000000000e+06
1.000000000000000000e+00 7.821000000000000174e-01 5.561000000000000387e-01 -9.840000000000000135e-02 4.515000000000000124e-01 4.872000000000000219e-01 2.868999999999999884e-01 -6.320000000000003393e-02 -7.899999999999907097e-03 6.360000000000000375e-02 -1.466999999999999416e-01 -2.674000000000000266e-01 -1.990000000000002878e-02 6.116804100000000632e-01 3.092472100000000501e-01 9.682559999999999778e-03 2.038522500000000126e-01 2.373638400000000204e-01 8.231160999999999339e-02 3.994240000000003933e-03 6.240999999999853002e-05 4.044960000000000222e-03 2.152088999999998351e-02 7.150276000000001242e-02 3.960100000000011636e-04 1.893468125000000000e+06 1.970551375000000000e+06
1.000000000000000000e+00 2.411999999999999977e-01 2.559000000000000163e-01 -3.299999999999999982e-03 8.759999999999999731e-02 -7.588000000000000300e-01 2.913000000000000034e-01 -5.409000000000000474e-01 -3.002000000000000224e-01 9.510000000000000397e-02 -3.639000000000000012e-01 -1.245999999999999996e+00 4.400000000000015010e-03 5.817743999999999693e-02 6.548481000000000440e-02 1.088999999999999907e-05 7.673759999999999956e-03 5.757774400000000847e-01 8.485568999999999751e-02 2.925728100000000720e-01 9.012004000000001236e-02 9.044009999999999896e-03 1.324232100000000134e-01 1.552516000000000007e+00 1.936000000000013312e-05 1.882476250000000000e+06 1.969162625000000000e+06
1.000000000000000000e+00 5.167000000000000481e-01 2.373000000000000109e-01 5.720000000000000084e-02 3.482999999999999985e-01 -4.820999999999999730e-01 3.098000000000000198e-01 2.755000000000000782e-01 -1.860000000000000542e-02 6.049999999999999822e-02 2.606999999999999873e-01 2.767000000000000570e-01 1.850000000000001643e-02 2.669788900000000242e-01 5.631129000000000689e-02 3.271840000000000252e-03 1.213128899999999927e-01 2.324204099999999662e-01 9.597604000000001245e-02 7.590025000000004407e-02 3.459600000000001910e-04 3.660249999999999875e-03 6.796448999999998852e-02 7.656289000000003619e-02 3.422500000000005941e-04 1.888236875000000000e+06 1.969298375000000000e+06
1.000000000000000000e+00 9.080000000000000293e-01 5.687999999999999723e-01 -9.379999999999999449e-02 6.560000000000000275e-01 6.277000000000000357e-01 1.889000000000000123e-01 3.912999999999999812e-01 3.314999999999999614e-01 -1.509999999999999953e-01 3.077000000000000290e-01 1.109799999999999898e+00 -1.209000000000000075e-01 8.244640000000000857e-01 3.235334399999999500e-01 8.798439999999999386e-03 4.303360000000000518e-01 3.940072900000000655e-01 3.568321000000000687e-02 1.531156899999999987e-01 1.098922499999999691e-01 2.280099999999999835e-02 9.467929000000001316e-02 1.231656039999999841e+00 1.461681000000000265e-02 1.890819250000000000e+06 1.974887875000000000e+06
1.000000000000000000e+00 6.562000000000000055e-01 5.925000000000000266e-01 -1.589000000000000135e-01 3.912999999999999812e-01 4.818999999999999950e-01 1.890000000000000013e-01 -2.518000000000000238e-01 2.370000000000005436e-02 -6.510000000000001896e-02 -2.647000000000000464e-01 -1.458000000000000407e-01 9.999999999998898659e-05 4.305984400000000267e-01 3.510562500000000141e-01 2.524921000000000457e-02 1.531156899999999987e-01 2.322276100000000010e-01 3.572100000000000275e-02 6.340324000000001348e-02 5.616900000000025995e-04 4.238010000000002123e-03 7.006609000000002530e-02 2.125764000000001167e-02 9.999999999997796600e-09 1.894344625000000000e+06 1.977619875000000000e+06
1.000000000000000000e+00 7.294000000000000483e-01 3.579999999999999849e-01 -2.798999999999999821e-01 4.632000000000000006e-01 6.240999999999999881e-01 2.167000000000000037e-01 7.320000000000004281e-02 -2.345000000000000417e-01 -1.209999999999999687e-01 7.190000000000001945e-02 1.421999999999999931e-01 2.770000000000000240e-02 5.320243600000000850e-01 1.281640000000000001e-01 7.834400999999999171e-02 2.145542400000000072e-01 3.895008099999999751e-01 4.695889000000000313e-02 5.358240000000006296e-03 5.499025000000001828e-02 1.464099999999999256e-02 5.169610000000002432e-03 2.022083999999999687e-02 7.672900000000001160e-04 1.894585625000000000e+06 1.981513875000000000e+06
1.000000000000000000e+00 7.681999999999999940e-01 4.833000000000000074e-01 -2.538000000000000256e-01 5.048000000000000265e-01 6.330999999999999961e-01 2.561999999999999833e-01 3.879999999999994564e-02 1.253000000000000225e-01 2.609999999999995657e-02 4.160000000000002585e-02 9.000000000000007994e-03 3.949999999999997957e-02 5.901312399999999458e-01 2.335788900000000112e-01 6.441444000000001724e-02 2.548230400000000007e-01 4.008156099999999888e-01 6.563843999999999235e-02 1.505439999999995697e-03 1.570009000000000682e-02 6.812099999999977418e-04 1.730560000000002079e-03 8.100000000000013927e-05 1.560249999999998487e-03 1.896106625000000000e+06 1.982418500000000000e+06
1.000000000000000000e+00 5.525999999999999801e-01 3.489999999999999769e-01 -1.819000000000000061e-01 4.433000000000000274e-01 6.323999999999999622e-01 2.521999999999999797e-01 -2.156000000000000139e-01 -1.343000000000000305e-01 7.190000000000001945e-02 -6.149999999999999911e-02 -7.000000000000339284e-04 -4.000000000000003553e-03 3.053667599999999593e-01 1.218009999999999787e-01 3.308761000000000341e-02 1.965148900000000254e-01 3.999297599999999675e-01 6.360483999999999583e-02 4.648336000000000828e-02 1.803649000000000918e-02 5.169610000000002432e-03 3.782250000000000022e-03 4.900000000000475070e-07 1.600000000000002977e-05 1.897278250000000000e+06 1.985531625000000000e+06
1.000000000000000000e+00 4.850999999999999757e-01 3.044000000000000039e-01 -2.232999999999999985e-01 4.007999999999999896e-01 6.441000000000000059e-01 2.139000000000000068e-01 -6.750000000000000444e-02 -4.459999999999997300e-02 -4.139999999999999236e-02 -4.250000000000003775e-02 1.170000000000004370e-02 -3.829999999999997295e-02 2.353220099999999704e-01 9.265935999999999617e-02 4.986288999999999999e-02 1.606406400000000012e-01 4.148648100000000283e-01 4.575321000000000249e-02 4.556250000000000404e-03 1.989159999999997631e-03 1.713959999999999399e-03 1.806250000000003166e-03 1.368900000000010289e-04 1.466889999999997822e-03 1.900143125000000000e+06 1.985922250000000000e+06
1.000000000000000000e+00 4.878000000000000114e-01 2.703999999999999737e-01 -2.898000000000000020e-01 4.758000000000000007e-01 6.410000000000000142e-01 2.426999999999999991e-01 2.700000000000035705e-03 -3.400000000000003020e-02 -6.650000000000000355e-02 7.500000000000001110e-02 -3.099999999999991651e-03 2.879999999999999227e-02 2.379488400000000226e-01 7.311615999999998561e-02 8.398403999999999592e-02 2.263856399999999991e-01 4.108809999999999962e-01 5.890328999999999704e-02 7.290000000000192783e-06 1.156000000000002078e-03 4.422250000000000833e-03 5.625000000000001527e-03 9.609999999999948648e-06 8.294399999999995396e-04 1.899050000000000000e+06 1.984002500000000000e+06
1.000000000000000000e+00 7.238999999999999879e-01 2.639000000000000234e-01 -2.247000000000000108e-01 6.760000000000000453e-01 6.641000000000000236e-01 3.018000000000000127e-01 2.360999999999999766e-01 -6.499999999999950262e-03 6.509999999999999121e-02 2.002000000000000446e-01 2.310000000000000941e-02 5.910000000000001363e-02 5.240312099999999695e-01 6.964321000000001094e-02 5.049009000000000830e-02 4.569760000000000488e-01 4.410288100000000489e-01 9.108324000000000975e-02 5.574320999999998749e-02 4.224999999999935323e-05 4.238009999999998653e-03 4.008004000000001815e-02 5.336100000000004425e-04 3.492810000000001573e-03 1.905160375000000000e+06 1.986044750000000000e+06
1.000000000000000000e+00 5.528999999999999471e-01 1.666999999999999871e-01 -1.819999999999999951e-01 4.158000000000000029e-01 5.874000000000000332e-01 1.597000000000000086e-01 -1.710000000000000409e-01 -9.720000000000003637e-02 4.270000000000001572e-02 -2.602000000000000424e-01 -7.669999999999999041e-02 -1.421000000000000041e-01 3.056984099999999205e-01 2.778888999999999665e-02 3.312400000000000067e-02 1.728896400000000111e-01 3.450387600000000554e-01 2.550409000000000356e-02 2.924100000000001351e-02 9.447840000000007690e-03 1.823290000000001281e-03 6.770404000000002087e-02 5.882889999999998260e-03 2.019241000000000091e-02 1.906966000000000000e+06 1.985873625000000000e+06
1.000000000000000000e+00 -1.257999999999999952e-01 1.507000000000000006e-01 -1.859000000000000097e-01 -3.432999999999999940e-01 5.070000000000000201e-02 -6.700000000000000226e-03 -6.786999999999999700e-01 -1.599999999999998646e-02 -3.900000000000014566e-03 -7.590999999999999970e-01 -5.367000000000000659e-01 -1.664000000000000201e-01 1.582563999999999846e-02 2.271048999999999984e-02 3.455881000000000230e-02 1.178548899999999899e-01 2.570490000000000361e-03 4.489000000000000558e-05 4.606336899999999845e-01 2.559999999999995547e-04 1.521000000000011357e-05 5.762328100000000397e-01 2.880468900000000554e-01 2.768896000000000551e-02 1.901888875000000000e+06 1.978917500000000000e+06
1.000000000000000000e+00 2.120000000000000009e-02 3.191999999999999837e-01 -1.378000000000000058e-01 -1.325000000000000067e-01 -1.665999999999999981e-01 1.519999999999999997e-02 1.469999999999999918e-01 1.684999999999999831e-01 4.810000000000000386e-02 2.107999999999999874e-01 -2.172999999999999932e-01 2.189999999999999933e-02 4.494400000000000066e-04 1.018886399999999887e-01 1.898883999999999989e-02 1.755625000000000241e-02 2.775555999999999857e-02 2.310400000000000106e-04 2.160899999999999627e-02 2.839224999999999388e-02 2.313610000000000232e-03 4.443663999999999253e-02 4.721928999999999710e-02 4.796099999999999973e-04 1.900753375000000000e+06 1.981807750000000000e+06
1.000000000000000000e+00 5.004999999999999449e-01 6.909999999999999476e-01 -8.260000000000000675e-02 3.598000000000000087e-01 1.559000000000000108e-01 3.180000000000000188e-02 4.792999999999999483e-01 3.717999999999999639e-01 5.519999999999999907e-02 4.923000000000000154e-01 3.225000000000000089e-01 1.660000000000000364e-02 2.505002499999999244e-01 4.774809999999999333e-01 6.822760000000001497e-03 1.294560399999999944e-01 2.430481000000000308e-02 1.011240000000000056e-03 2.297284899999999519e-01 1.382352399999999815e-01 3.047039999999999992e-03 2.423592900000000050e-01 1.040062500000000084e-01 2.755600000000001061e-04 1.899196500000000000e+06 1.976748250000000000e+06
1.000000000000000000e+00 5.464999999999999858e-01 6.915000000000000036e-01 -2.479999999999999913e-02 4.117999999999999994e-01 3.556000000000000272e-01 8.429999999999999993e-02 4.600000000000004086e-02 5.000000000000559552e-04 5.780000000000000415e-02 5.199999999999999067e-02 1.997000000000000164e-01 5.249999999999999806e-02 2.986622499999999625e-01 4.781722500000000209e-01 6.150399999999999661e-04 1.695792399999999922e-01 1.264513600000000126e-01 7.106490000000000029e-03 2.116000000000003729e-03 2.500000000000559458e-07 3.340840000000000302e-03 2.703999999999998939e-03 3.988009000000000692e-02 2.756249999999999586e-03 1.900999500000000000e+06 1.979812875000000000e+06
1.000000000000000000e+00 6.334999999999999520e-01 4.635000000000000231e-01 -1.613999999999999879e-01 4.184999999999999831e-01 5.020999999999999908e-01 1.232000000000000040e-01 8.699999999999996625e-02 -2.279999999999999805e-01 -1.365999999999999992e-01 6.699999999999983746e-03 1.464999999999999636e-01 3.890000000000000402e-02 4.013222499999999360e-01 2.148322500000000301e-01 2.604995999999999701e-02 1.751422499999999993e-01 2.521044100000000010e-01 1.517824000000000083e-02 7.568999999999994135e-03 5.198399999999998855e-02 1.865955999999999865e-02 4.488999999999978196e-05 2.146224999999998828e-02 1.513210000000000293e-03 1.902705875000000000e+06 1.985167750000000000e+06
1.000000000000000000e+00 6.010999999999999677e-01 3.679999999999999938e-01 -2.585999999999999965e-01 4.304000000000000048e-01 5.799999999999999600e-01 9.400000000000000022e-02 -3.239999999999998437e-02 -9.550000000000002931e-02 -9.720000000000000862e-02 1.190000000000002167e-02 7.789999999999996927e-02 -2.920000000000000373e-02 3.613212099999999483e-01 1.354239999999999888e-01 6.687395999999999618e-02 1.852441599999999911e-01 3.363999999999999768e-01 8.836000000000000104e-03 1.049759999999998975e-03 9.120250000000005089e-03 9.447840000000002486e-03 1.416100000000005093e-04 6.068409999999995440e-03 8.526400000000002120e-04 1.902714000000000000e+06 1.982008875000000000e+06
1.000000000000000000e+00 5.200000000000000178e-01 2.823999999999999844e-01 -2.651000000000000023e-01 3.608999999999999986e-01 5.180000000000000160e-01 8.179999999999999771e-02 -8.109999999999994991e-02 -8.560000000000000941e-02 -6.500000000000005773e-03 -6.950000000000000622e-02 -6.199999999999994404e-02 -1.220000000000000251e-02 2.704000000000000292e-01 7.974975999999998899e-02 7.027801000000000187e-02 1.302488099999999926e-01 2.683240000000000069e-01 6.691239999999999341e-03 6.577209999999992195e-03 7.327360000000001511e-03 4.225000000000007829e-05 4.830250000000001209e-03 3.843999999999993256e-03 1.488400000000000725e-04 1.904363750000000000e+06 1.983431250000000000e+06
1.000000000000000000e+00 4.173000000000000043e-01 2.033999999999999975e-01 -2.290999999999999981e-01 2.934999999999999831e-01 4.501000000000000001e-01 9.700000000000000289e-03 -1.027000000000000135e-01 -7.899999999999998690e-02 3.600000000000000422e-02 -6.740000000000001545e-02 -6.790000000000001590e-02 -7.209999999999999742e-02 1.741392900000000021e-01 4.137156000000000167e-02 5.248681000000000180e-02 8.614224999999998966e-02 2.025900099999999870e-01 9.409000000000000208e-05 1.054729000000000257e-02 6.240999999999998285e-03 1.296000000000000277e-03 4.542760000000002456e-03 4.610410000000002284e-03 5.198409999999999663e-03 1.907127875000000000e+06 1.982707875000000000e+06
1.000000000000000000e+00 4.873999999999999999e-01 3.568000000000000060e-01 -4.449999999999999789e-02 3.415000000000000258e-01 -3.035999999999999810e-01 2.301999999999999880e-01 7.009999999999999565e-02 1.534000000000000086e-01 1.845999999999999863e-01 4.800000000000004263e-02 -7.537000000000000366e-01 2.204999999999999738e-01 2.375587600000000077e-01 1.273062400000000149e-01 1.980249999999999806e-03 1.166222500000000245e-01 9.217295999999998435e-02 5.299203999999999720e-02 4.914009999999999039e-03 2.353156000000000345e-02 3.407715999999999523e-02 2.304000000000003961e-03 5.680636900000000100e-01 4.862024999999998986e-02 1.887603625000000000e+06 1.953189750000000000e+06
1.000000000000000000e+00 1.127799999999999914e+00 4.328000000000000180e-01 3.139999999999999736e-02 9.609999999999999654e-01 -1.067499999999999893e+00 6.125000000000000444e-01 6.403999999999998582e-01 7.600000000000001199e-02 7.589999999999999525e-02 6.194999999999999396e-01 -7.638999999999999124e-01 3.823000000000000842e-01 1.271932839999999842e+00 1.873158400000000112e-01 9.859599999999999181e-04 9.235209999999999253e-01 1.139556249999999826e+00 3.751562500000000799e-01 4.101121599999998368e-01 5.776000000000001619e-03 5.760809999999999022e-03 3.837802499999999339e-01 5.835432099999998679e-01 1.461532900000000745e-01 1.897445625000000000e+06 1.986102875000000000e+06
