1.000000000000000000e+00 0.000000000000000000e+00 -0.000000000000000000e+00 0.000000000000000000e+00 -0.000000000000000000e+00 -0.000000000000000000e+00 -0.000000000000000000e+00 0.000000000000000000e+00 0.000000000000000000e+00 0.000000000000000000e+00 0.000000000000000000e+00 0.000000000000000000e+00 0.000000000000000000e+00 0.000000000000000000e+00 0.000000000000000000e+00 0.000000000000000000e+00 0.000000000000000000e+00 0.000000000000000000e+00 0.000000000000000000e+00 0.000000000000000000e+00 0.000000000000000000e+00 0.000000000000000000e+00 0.000000000000000000e+00 0.000000000000000000e+00 0.000000000000000000e+00 1.369239750000000000e+06 1.413660625000000000e+06
1.000000000000000000e+00 2.399999999999999790e-03 1.609999999999999973e-02 -6.060000000000000109e-02 4.000000000000000083e-03 -6.100000000000000387e-03 -1.060000000000000005e-02 2.399999999999999790e-03 1.609999999999999973e-02 -6.060000000000000109e-02 4.000000000000000083e-03 -6.100000000000000387e-03 -1.060000000000000005e-02 5.759999999999999062e-06 2.592100000000000068e-04 3.672359999999999947e-03 1.599999999999999928e-05 3.721000000000000457e-05 1.123600000000000016e-04 5.759999999999999062e-06 2.592100000000000068e-04 3.672359999999999947e-03 1.599999999999999928e-05 3.721000000000000457e-05 1.123600000000000016e-04 1.371113625000000000e+06 1.417962000000000000e+06
1.000000000000000000e+00 3.570000000000000256e-02 3.280000000000000276e-02 -3.649999999999999772e-02 2.409999999999999989e-02 -4.479999999999999954e-02 3.030000000000000054e-02 3.330000000000000321e-02 1.670000000000000304e-02 2.410000000000000336e-02 2.009999999999999981e-02 -3.869999999999999829e-02 4.089999999999999886e-02 1.274490000000000085e-03 1.075840000000000216e-03 1.332249999999999884e-03 5.808099999999999635e-04 2.007039999999999866e-03 9.180899999999999868e-04 1.108890000000000179e-03 2.788900000000001165e-04 5.808100000000001803e-04 4.040100000000000028e-04 1.497689999999999872e-03 1.672809999999999835e-03 1.373159500000000000e+06 1.420262750000000000e+06
1.000000000000000000e+00 4.479999999999999954e-02 1.899999999999999996e-03 -3.070000000000000159e-02 2.860000000000000042e-02 -6.900000000000000577e-02 2.779999999999999832e-02 9.099999999999996980e-03 -3.090000000000000385e-02 5.799999999999996131e-03 4.500000000000000527e-03 -2.420000000000000623e-02 -2.500000000000002220e-03 2.007039999999999866e-03 3.610000000000000165e-06 9.424900000000001462e-04 8.179600000000000629e-04 4.761000000000000475e-03 7.728399999999998986e-04 8.280999999999994745e-05 9.548100000000002722e-04 3.363999999999995574e-05 2.025000000000000432e-05 5.856400000000003356e-04 6.250000000000011311e-06 1.371671250000000000e+06 1.417349250000000000e+06
1.000000000000000000e+00 3.849999999999999950e-02 -2.599999999999999881e-03 -6.090000000000000274e-02 3.020000000000000115e-02 -1.001999999999999974e-01 1.859999999999999848e-02 -6.300000000000000044e-03 -4.499999999999999660e-03 -3.020000000000000115e-02 1.600000000000000727e-03 -3.119999999999999163e-02 -9.199999999999999845e-03 1.482250000000000061e-03 6.759999999999999652e-06 3.708810000000000318e-03 9.120400000000000295e-04 1.004004000000000008e-02 3.459599999999999199e-04 3.969000000000000116e-05 2.024999999999999755e-05 9.120400000000000295e-04 2.560000000000002171e-06 9.734399999999994620e-04 8.464000000000000278e-05 1.369461000000000000e+06 1.414478250000000000e+06
1.000000000000000000e+00 3.590000000000000135e-02 -3.690000000000000224e-02 -8.949999999999999623e-02 3.930000000000000160e-02 -8.400000000000000522e-02 2.299999999999999961e-03 -2.599999999999998146e-03 -3.430000000000000410e-02 -2.859999999999999348e-02 9.100000000000000450e-03 1.619999999999999218e-02 -1.629999999999999852e-02 1.288810000000000042e-03 1.361610000000000077e-03 8.010250000000000009e-03 1.544490000000000142e-03 7.056000000000000640e-03 5.290000000000000174e-06 6.759999999999990334e-06 1.176490000000000305e-03 8.179599999999996292e-04 8.281000000000000166e-05 2.624399999999997438e-04 2.656899999999999583e-04 1.367759500000000000e+06 1.411094125000000000e+06
1.000000000000000000e+00 3.209999999999999659e-02 4.669999999999999846e-02 -8.599999999999999312e-02 3.450000000000000289e-02 -4.660000000000000253e-02 2.230000000000000038e-02 -3.800000000000004763e-03 8.360000000000000764e-02 3.500000000000003109e-03 -4.799999999999998712e-03 3.740000000000000269e-02 2.000000000000000042e-02 1.030409999999999833e-03 2.180889999999999999e-03 7.395999999999998929e-03 1.190250000000000119e-03 2.171560000000000330e-03 4.972900000000000584e-04 1.444000000000003623e-05 6.988960000000001525e-03 1.225000000000002163e-05 2.303999999999998608e-05 1.398760000000000194e-03 4.000000000000000192e-04 1.369372250000000000e+06 1.413969250000000000e+06
1.000000000000000000e+00 5.170000000000000290e-02 -2.899999999999999800e-03 -1.512999999999999901e-01 4.089999999999999886e-02 -4.970000000000000112e-02 3.389999999999999958e-02 1.960000000000000631e-02 -4.959999999999999826e-02 -6.529999999999999694e-02 6.399999999999995970e-03 -3.099999999999998590e-03 1.159999999999999920e-02 2.672890000000000248e-03 8.409999999999999101e-06 2.289168999999999579e-02 1.672809999999999835e-03 2.470090000000000306e-03 1.149209999999999902e-03 3.841600000000002521e-04 2.460159999999999864e-03 4.264089999999999894e-03 4.095999999999994665e-05 9.609999999999991000e-06 1.345599999999999856e-04 1.368142875000000000e+06 1.416062875000000000e+06
1.000000000000000000e+00 6.829999999999999960e-02 -2.419999999999999929e-02 -2.268000000000000016e-01 3.409999999999999837e-02 -3.799999999999999906e-02 3.389999999999999958e-02 1.659999999999999670e-02 -2.129999999999999949e-02 -7.550000000000001155e-02 -6.800000000000000488e-03 1.170000000000000207e-02 0.000000000000000000e+00 4.664889999999999662e-03 5.856400000000000104e-04 5.143824000000000313e-02 1.162809999999999799e-03 1.443999999999999971e-03 1.149209999999999902e-03 2.755599999999998892e-04 4.536899999999999744e-04 5.700250000000001323e-03 4.624000000000000451e-05 1.368900000000000531e-04 0.000000000000000000e+00 1.367993625000000000e+06 1.413441375000000000e+06
1.000000000000000000e+00 7.049999999999999323e-02 -4.080000000000000293e-02 -2.452999999999999903e-01 4.440000000000000197e-02 -4.460000000000000075e-02 4.270000000000000184e-02 2.199999999999993627e-03 -1.660000000000000364e-02 -1.849999999999998868e-02 1.030000000000000360e-02 -6.600000000000001699e-03 8.800000000000002265e-03 4.970249999999998974e-03 1.664640000000000217e-03 6.017208999999999752e-02 1.971360000000000126e-03 1.989160000000000234e-03 1.823290000000000197e-03 4.839999999999972295e-06 2.755600000000001061e-04 3.422499999999995641e-04 1.060900000000000769e-04 4.356000000000002340e-05 7.744000000000004461e-05 1.366990000000000000e+06 1.413588000000000000e+06
1.000000000000000000e+00 6.199999999999999956e-02 -8.600000000000000006e-03 1.430000000000000021e-02 3.919999999999999873e-02 -4.259999999999999898e-02 6.690000000000000113e-02 -8.499999999999993672e-03 3.220000000000000639e-02 2.595999999999999974e-01 -5.200000000000003231e-03 2.000000000000001776e-03 2.419999999999999929e-02 3.843999999999999761e-03 7.396000000000000339e-05 2.044900000000000157e-04 1.536639999999999924e-03 1.814759999999999898e-03 4.475610000000000525e-03 7.224999999999988593e-05 1.036840000000000461e-03 6.739215999999999263e-02 2.704000000000003249e-05 4.000000000000007442e-06 5.856400000000000104e-04 1.367799625000000000e+06 1.416444375000000000e+06
1.000000000000000000e+00 1.052000000000000018e-01 -3.130000000000000143e-02 2.129999999999999949e-02 6.619999999999999496e-02 5.790000000000000008e-02 1.068000000000000060e-01 4.320000000000000229e-02 -2.270000000000000143e-02 6.999999999999999278e-03 2.699999999999999623e-02 1.005000000000000060e-01 3.990000000000000491e-02 1.106704000000000021e-02 9.796900000000000747e-04 4.536899999999999744e-04 4.382439999999999600e-03 3.352410000000000112e-03 1.140624000000000152e-02 1.866240000000000130e-03 5.152900000000000622e-04 4.899999999999999164e-05 7.289999999999998304e-04 1.010025000000000159e-02 1.592010000000000473e-03 1.369839875000000000e+06 1.418056750000000000e+06
1.000000000000000000e+00 1.134000000000000008e-01 1.760000000000000106e-02 7.199999999999999456e-02 7.470000000000000251e-02 4.130000000000000338e-02 1.232000000000000040e-01 8.199999999999998956e-03 4.889999999999999902e-02 5.069999999999999507e-02 8.500000000000007550e-03 -1.659999999999999670e-02 1.639999999999999791e-02 1.285956000000000078e-02 3.097600000000000158e-04 5.183999999999999372e-03 5.580090000000000224e-03 1.705690000000000374e-03 1.517824000000000083e-02 6.723999999999998641e-05 2.391209999999999950e-03 2.570489999999999494e-03 7.225000000000012987e-05 2.755599999999998892e-04 2.689599999999999456e-04 1.369155250000000000e+06 1.418162875000000000e+06
1.000000000000000000e+00 1.077000000000000041e-01 -4.100000000000000346e-03 6.759999999999999343e-02 7.610000000000000098e-02 2.589999999999999941e-02 1.218999999999999945e-01 -5.699999999999996736e-03 -2.170000000000000054e-02 -4.400000000000001132e-03 1.399999999999998468e-03 -1.540000000000000396e-02 -1.300000000000009481e-03 1.159929000000000168e-02 1.681000000000000338e-05 4.569759999999999101e-03 5.791209999999999761e-03 6.708099999999999827e-04 1.485960999999999879e-02 3.248999999999996167e-05 4.708900000000000130e-04 1.936000000000001115e-05 1.959999999999995634e-06 2.371600000000001214e-04 1.690000000000024689e-06 1.368668750000000000e+06 1.415037750000000000e+06
1.000000000000000000e+00 1.009000000000000036e-01 -8.000000000000000167e-03 6.060000000000000109e-02 7.409999999999999920e-02 3.880000000000000115e-02 9.489999999999999825e-02 -6.800000000000000488e-03 -3.899999999999999821e-03 -6.999999999999992339e-03 -2.000000000000001776e-03 1.290000000000000174e-02 -2.699999999999999623e-02 1.018081000000000021e-02 6.399999999999999710e-05 3.672359999999999947e-03 5.490809999999999615e-03 1.505440000000000033e-03 9.006010000000000057e-03 4.624000000000000451e-05 1.520999999999999837e-05 4.899999999999989000e-05 4.000000000000007442e-06 1.664100000000000551e-04 7.289999999999998304e-04 1.366499625000000000e+06 1.411193250000000000e+06
1.000000000000000000e+00 1.029999999999999943e-01 4.399999999999999745e-02 1.005999999999999950e-01 7.530000000000000582e-02 -9.799999999999999684e-03 1.087000000000000050e-01 2.099999999999990763e-03 5.199999999999999761e-02 3.999999999999999389e-02 1.200000000000006617e-03 -4.860000000000000431e-02 1.380000000000000671e-02 1.060899999999999864e-02 1.935999999999999787e-03 1.012035999999999838e-02 5.670090000000000893e-03 9.603999999999999527e-05 1.181569000000000022e-02 4.409999999999961165e-06 2.703999999999999806e-03 1.599999999999999426e-03 1.440000000000015859e-06 2.361960000000000622e-03 1.904400000000001892e-04 1.365870250000000000e+06 1.413399375000000000e+06
1.000000000000000000e+00 9.700000000000000289e-02 2.390000000000000110e-02 7.820000000000000562e-02 7.159999999999999698e-02 -3.799999999999999992e-03 1.110000000000000014e-01 -5.999999999999991451e-03 -2.009999999999999634e-02 -2.239999999999998936e-02 -3.700000000000008837e-03 6.000000000000000125e-03 2.299999999999996492e-03 9.409000000000000696e-03 5.712100000000000554e-04 6.115240000000000953e-03 5.126559999999999624e-03 1.444000000000000066e-05 1.232100000000000035e-02 3.599999999999989927e-05 4.040099999999998402e-04 5.017599999999995328e-04 1.369000000000006544e-05 3.600000000000000091e-05 5.289999999999984080e-06 1.368010625000000000e+06 1.415595000000000000e+06
1.000000000000000000e+00 9.539999999999999869e-02 -9.199999999999999845e-03 6.389999999999999847e-02 7.380000000000000449e-02 -1.590000000000000094e-02 1.077000000000000041e-01 -1.600000000000004197e-03 -3.310000000000000442e-02 -1.430000000000000715e-02 2.200000000000007505e-03 -1.210000000000000138e-02 -3.299999999999997380e-03 9.101160000000000500e-03 8.464000000000000278e-05 4.083209999999999444e-03 5.446440000000000309e-03 2.528100000000000139e-04 1.159929000000000168e-02 2.560000000000013606e-06 1.095610000000000334e-03 2.044900000000002055e-04 4.840000000000033281e-06 1.464100000000000297e-04 1.088999999999998213e-05 1.367213000000000000e+06 1.415590500000000000e+06
1.000000000000000000e+00 9.589999999999999913e-02 -1.129999999999999928e-02 1.099999999999999936e-02 7.499999999999999722e-02 4.700000000000000185e-03 9.919999999999999651e-02 5.000000000000004441e-04 -2.099999999999999437e-03 -5.290000000000000258e-02 1.199999999999992739e-03 2.060000000000000026e-02 -8.500000000000007550e-03 9.196809999999999707e-03 1.276899999999999921e-04 1.209999999999999867e-04 5.624999999999999792e-03 2.209000000000000026e-05 9.840639999999999457e-03 2.500000000000004651e-07 4.409999999999997588e-06 2.798410000000000307e-03 1.439999999999982613e-06 4.243600000000000367e-04 7.225000000000012987e-05 1.368529750000000000e+06 1.414159500000000000e+06
1.000000000000000000e+00 1.180999999999999966e-01 3.810000000000000192e-02 7.889999999999999791e-02 7.599999999999999811e-02 -1.420000000000000082e-02 1.165999999999999953e-01 2.219999999999999751e-02 4.939999999999999947e-02 6.790000000000000202e-02 1.000000000000000888e-03 -1.890000000000000013e-02 1.739999999999999880e-02 1.394760999999999918e-02 1.451610000000000096e-03 6.225209999999999251e-03 5.775999999999999884e-03 2.016400000000000278e-04 1.359555999999999959e-02 4.928399999999999231e-04 2.440359999999999925e-03 4.610410000000000549e-03 1.000000000000001861e-06 3.572100000000000036e-04 3.027599999999999541e-04 1.366479125000000000e+06 1.410777125000000000e+06
1.000000000000000000e+00 1.317000000000000115e-01 6.980000000000000093e-02 1.100000000000000006e-01 8.590000000000000413e-02 -3.880000000000000115e-02 1.514000000000000068e-01 1.360000000000001485e-02 3.169999999999999901e-02 3.110000000000000264e-02 9.900000000000006017e-03 -2.460000000000000034e-02 3.480000000000001148e-02 1.734489000000000170e-02 4.872040000000000225e-03 1.209999999999999964e-02 7.378810000000000403e-03 1.505440000000000033e-03 2.292196000000000164e-02 1.849600000000003975e-04 1.004890000000000037e-03 9.672100000000001399e-04 9.801000000000011363e-05 6.051599999999999861e-04 1.211040000000000900e-03 1.366144750000000000e+06 1.411509125000000000e+06
1.000000000000000000e+00 1.302000000000000102e-01 9.279999999999999361e-02 9.020000000000000240e-02 7.850000000000000033e-02 -2.199999999999999872e-02 1.454999999999999905e-01 -1.500000000000001332e-03 2.299999999999999267e-02 -1.979999999999999816e-02 -7.400000000000003797e-03 1.680000000000000243e-02 -5.900000000000016342e-03 1.695204000000000155e-02 8.611839999999999079e-03 8.136040000000000633e-03 6.162250000000000193e-03 4.839999999999999468e-04 2.117024999999999810e-02 2.250000000000003869e-06 5.289999999999996311e-04 3.920399999999999124e-04 5.476000000000005847e-05 2.822400000000000624e-04 3.481000000000019018e-05 1.367337125000000000e+06 1.411959625000000000e+06
1.000000000000000000e+00 1.726000000000000034e-01 2.989999999999999949e-02 8.740000000000000546e-02 1.068000000000000060e-01 -2.450000000000000094e-02 1.779999999999999916e-01 4.239999999999999325e-02 -6.289999999999999758e-02 -2.799999999999996936e-03 2.830000000000000571e-02 -2.500000000000002220e-03 3.250000000000000111e-02 2.979075999999999946e-02 8.940099999999999870e-04 7.638760000000001382e-03 1.140624000000000152e-02 6.002500000000000890e-04 3.168399999999999689e-02 1.797759999999999376e-03 3.956409999999999615e-03 7.839999999999982535e-06 8.008900000000002822e-04 6.250000000000011311e-06 1.056250000000000114e-03 1.366012125000000000e+06 1.409268625000000000e+06
1.000000000000000000e+00 1.617000000000000104e-01 8.569999999999999840e-02 1.000999999999999945e-01 9.110000000000000042e-02 -8.200000000000000691e-03 1.827000000000000013e-01 -1.089999999999999303e-02 5.580000000000000238e-02 1.269999999999998908e-02 -1.570000000000000562e-02 1.630000000000000199e-02 4.700000000000009726e-03 2.614689000000000249e-02 7.344489999999999526e-03 1.002000999999999933e-02 8.299209999999999574e-03 6.724000000000001352e-05 3.337928999999999896e-02 1.188099999999998467e-04 3.113640000000000418e-03 1.612899999999997246e-04 2.464900000000001964e-04 2.656900000000000667e-04 2.209000000000009174e-05 1.366228250000000000e+06 1.410675125000000000e+06
1.000000000000000000e+00 1.658999999999999919e-01 3.250000000000000111e-02 5.759999999999999842e-02 9.339999999999999691e-02 -2.920000000000000026e-02 1.663000000000000034e-01 4.199999999999981526e-03 -5.319999999999999729e-02 -4.249999999999999611e-02 2.299999999999996492e-03 -2.099999999999999784e-02 -1.639999999999999791e-02 2.752280999999999825e-02 1.056250000000000114e-03 3.317759999999999893e-03 8.723559999999999995e-03 8.526399999999999951e-04 2.765569000000000013e-02 1.763999999999984466e-05 2.830239999999999926e-03 1.806249999999999696e-03 5.289999999999984080e-06 4.409999999999999316e-04 2.689599999999999456e-04 1.365898500000000000e+06 1.410863875000000000e+06
1.000000000000000000e+00 1.666999999999999871e-01 3.830000000000000071e-02 2.369999999999999885e-02 9.629999999999999671e-02 -2.330000000000000127e-02 1.570999999999999897e-01 7.999999999999951594e-04 5.799999999999999600e-03 -3.389999999999999958e-02 2.899999999999999800e-03 5.899999999999998995e-03 -9.200000000000013722e-03 2.778888999999999665e-02 1.466889999999999991e-03 5.616899999999999974e-04 9.273689999999999364e-03 5.428900000000000826e-04 2.468040999999999638e-02 6.399999999999922842e-07 3.363999999999999640e-05 1.149209999999999902e-03 8.409999999999999101e-06 3.480999999999998689e-05 8.464000000000024672e-05 1.364978500000000000e+06 1.407939750000000000e+06
1.000000000000000000e+00 1.585000000000000020e-01 5.009999999999999870e-02 -1.209999999999999964e-02 9.560000000000000442e-02 -2.359999999999999945e-02 1.502000000000000002e-01 -8.199999999999985079e-03 1.179999999999999799e-02 -3.579999999999999849e-02 -6.999999999999922951e-04 -2.999999999999981848e-04 -6.899999999999989475e-03 2.512225000000000222e-02 2.510010000000000019e-03 1.464100000000000026e-04 9.139360000000000886e-03 5.569600000000000072e-04 2.256003999999999995e-02 6.723999999999975602e-05 1.392399999999999476e-04 1.281639999999999906e-03 4.899999999999891676e-07 8.999999999999891331e-08 4.760999999999985757e-05 1.365629250000000000e+06 1.412111500000000000e+06
1.000000000000000000e+00 1.955000000000000071e-01 4.089999999999999886e-02 -4.989999999999999991e-02 1.232000000000000040e-01 -8.219999999999999529e-02 1.514000000000000068e-01 3.700000000000000511e-02 -9.199999999999999845e-03 -3.780000000000000027e-02 2.759999999999999953e-02 -5.859999999999999931e-02 1.200000000000006617e-03 3.822025000000000422e-02 1.672809999999999835e-03 2.490009999999999966e-03 1.517824000000000083e-02 6.756839999999999201e-03 2.292196000000000164e-02 1.369000000000000425e-03 8.464000000000000278e-05 1.428840000000000015e-03 7.617599999999999979e-04 3.433959999999999790e-03 1.440000000000015859e-06 1.366498250000000000e+06 1.412895750000000000e+06
1.000000000000000000e+00 2.278999999999999915e-01 9.400000000000000369e-03 -2.167999999999999927e-01 1.433999999999999997e-01 -1.100000000000000006e-01 1.477999999999999869e-01 3.239999999999998437e-02 -3.150000000000000022e-02 -1.668999999999999928e-01 2.019999999999999574e-02 -2.780000000000000526e-02 -3.600000000000019851e-03 5.193840999999999736e-02 8.836000000000000104e-05 4.700223999999999375e-02 2.056356000000000156e-02 1.209999999999999964e-02 2.184483999999999732e-02 1.049759999999998975e-03 9.922500000000000764e-04 2.785560999999999593e-02 4.080399999999998134e-04 7.728400000000003323e-04 1.296000000000014358e-05 1.365378625000000000e+06 1.413469625000000000e+06
1.000000000000000000e+00 2.230999999999999928e-01 2.879999999999999921e-02 -1.642000000000000126e-01 1.277999999999999969e-01 -9.740000000000000047e-02 1.748999999999999999e-01 -4.799999999999998712e-03 1.940000000000000058e-02 5.259999999999998010e-02 -1.560000000000000275e-02 1.260000000000000009e-02 2.710000000000001297e-02 4.977360999999999591e-02 8.294399999999999733e-04 2.696164000000000546e-02 1.633283999999999778e-02 9.486760000000000331e-03 3.059001000000000081e-02 2.303999999999998608e-05 3.763600000000000083e-04 2.766759999999997884e-03 2.433600000000000823e-04 1.587600000000000046e-04 7.344100000000006612e-04 1.367150125000000000e+06 1.413714500000000000e+06
1.000000000000000000e+00 2.769999999999999893e-02 1.239999999999999956e-02 5.599999999999999943e-03 1.496000000000000107e-01 -1.118999999999999995e-01 1.545999999999999874e-01 -1.953999999999999904e-01 -1.639999999999999791e-02 1.698000000000000065e-01 2.180000000000001381e-02 -1.449999999999999900e-02 -2.030000000000001248e-02 7.672899999999998992e-04 1.537599999999999915e-04 3.135999999999999790e-05 2.238016000000000311e-02 1.252161000000000073e-02 2.390115999999999769e-02 3.818115999999999871e-02 2.689599999999999456e-04 2.883204000000000322e-02 4.752400000000005795e-04 2.102499999999999606e-04 4.120900000000004811e-04 1.367746875000000000e+06 1.416397875000000000e+06
1.000000000000000000e+00 5.779999999999999721e-02 -1.260000000000000009e-02 -3.043000000000000149e-01 1.917999999999999983e-01 -1.590000000000000024e-01 1.126000000000000056e-01 3.009999999999999828e-02 -2.500000000000000139e-02 -3.099000000000000088e-01 4.219999999999998752e-02 -4.710000000000000298e-02 -4.199999999999998179e-02 3.340839999999999869e-03 1.587600000000000046e-04 9.259849000000000552e-02 3.678723999999999883e-02 2.528100000000000139e-02 1.267876000000000072e-02 9.060099999999998450e-04 6.250000000000001214e-04 9.603801000000000698e-02 1.780839999999999030e-03 2.218410000000000087e-03 1.763999999999998425e-03 1.365497125000000000e+06 1.413060875000000000e+06
1.000000000000000000e+00 -2.419999999999999929e-02 -6.959999999999999520e-02 -6.591000000000000192e-01 2.480999999999999872e-01 -4.010000000000000231e-01 -1.537999999999999923e-01 -8.199999999999998956e-02 -5.699999999999999512e-02 -3.548000000000000043e-01 5.629999999999998894e-02 -2.420000000000000207e-01 -2.663999999999999702e-01 5.856400000000000104e-04 4.844159999999999265e-03 4.344128100000000381e-01 6.155360999999999472e-02 1.608010000000000272e-01 2.365443999999999880e-02 6.723999999999998207e-03 3.248999999999999284e-03 1.258830400000000016e-01 3.169689999999998880e-03 5.856400000000001188e-02 7.096895999999998372e-02 1.365519000000000000e+06 1.416020750000000000e+06
1.000000000000000000e+00 -5.000000000000000278e-02 8.469999999999999751e-02 -4.525000000000000133e-01 2.179999999999999993e-01 -4.013999999999999790e-01 -4.689999999999999725e-02 -2.580000000000000349e-02 1.542999999999999927e-01 2.066000000000000059e-01 -3.009999999999998788e-02 -3.999999999999559464e-04 1.068999999999999950e-01 2.500000000000000486e-03 7.174089999999999287e-03 2.047562500000000008e-01 4.752399999999999680e-02 1.611219599999999808e-01 2.199609999999999847e-03 6.656400000000002202e-04 2.380848999999999813e-02 4.268356000000000233e-02 9.060099999999993029e-04 1.599999999999647456e-07 1.142760999999999950e-02 1.365929250000000000e+06 1.416790375000000000e+06
1.000000000000000000e+00 3.099999999999999978e-02 2.719999999999999848e-02 2.685000000000000164e-01 -1.859999999999999848e-02 6.590000000000000024e-02 7.349999999999999589e-02 8.100000000000000255e-02 -5.749999999999999556e-02 7.210000000000000853e-01 -2.366000000000000048e-01 4.672999999999999932e-01 1.203999999999999931e-01 9.609999999999999402e-04 7.398399999999999638e-04 7.209225000000001049e-02 3.459599999999999199e-04 4.342809999999999900e-03 5.402249999999999067e-03 6.560999999999999992e-03 3.306249999999999294e-03 5.198410000000001085e-01 5.597956000000000459e-02 2.183692899999999937e-01 1.449615999999999752e-02 1.364915625000000000e+06 1.418381375000000000e+06
1.000000000000000000e+00 7.300000000000000065e-03 7.889999999999999791e-02 4.340000000000000108e-02 -3.490000000000000047e-02 6.389999999999999847e-02 8.999999999999999667e-02 -2.369999999999999885e-02 5.169999999999999596e-02 -2.251000000000000223e-01 -1.630000000000000199e-02 -2.000000000000001776e-03 1.650000000000000078e-02 5.328999999999999970e-05 6.225209999999999251e-03 1.883560000000000052e-03 1.218010000000000056e-03 4.083209999999999444e-03 8.099999999999999561e-03 5.616899999999999974e-04 2.672889999999999381e-03 5.067001000000000838e-02 2.656900000000000667e-04 4.000000000000007442e-06 2.722500000000000310e-04 1.366673875000000000e+06 1.417075250000000000e+06
1.000000000000000000e+00 -1.119999999999999989e-02 9.130000000000000615e-02 7.359999999999999876e-02 -3.950000000000000039e-02 6.400000000000000133e-02 8.849999999999999534e-02 -1.849999999999999908e-02 1.240000000000000824e-02 3.019999999999999768e-02 -4.599999999999999922e-03 1.000000000000028644e-04 -1.500000000000001332e-03 1.254399999999999916e-04 8.335690000000001501e-03 5.416960000000000178e-03 1.560250000000000005e-03 4.095999999999999815e-03 7.832249999999998935e-03 3.422499999999999436e-04 1.537600000000002084e-04 9.120399999999998127e-04 2.116000000000000069e-05 1.000000000000057262e-08 2.250000000000003869e-06 1.366304500000000000e+06 1.409591625000000000e+06
1.000000000000000000e+00 -4.700000000000000185e-03 8.050000000000000211e-02 1.290000000000000036e-01 -4.379999999999999866e-02 4.630000000000000088e-02 9.370000000000000551e-02 6.499999999999999702e-03 -1.080000000000000404e-02 5.540000000000000480e-02 -4.299999999999998268e-03 -1.770000000000000046e-02 5.200000000000010170e-03 2.209000000000000026e-05 6.480250000000000767e-03 1.664099999999999954e-02 1.918439999999999989e-03 2.143690000000000179e-03 8.779690000000001451e-03 4.224999999999999698e-05 1.166400000000000894e-04 3.069160000000000464e-03 1.848999999999998391e-05 3.132900000000000311e-04 2.704000000000010703e-05 1.363654625000000000e+06 1.404839625000000000e+06
1.000000000000000000e+00 5.000000000000000104e-04 1.011999999999999983e-01 1.155000000000000054e-01 -4.510000000000000120e-02 7.080000000000000182e-02 1.052000000000000018e-01 5.199999999999999761e-03 2.069999999999999618e-02 -1.349999999999999811e-02 -1.300000000000002542e-03 2.450000000000000094e-02 1.149999999999999634e-02 2.499999999999999887e-07 1.024143999999999922e-02 1.334025000000000141e-02 2.034010000000000158e-03 5.012640000000000498e-03 1.106704000000000021e-02 2.703999999999999861e-05 4.284899999999998497e-04 1.822499999999999576e-04 1.690000000000006689e-06 6.002500000000000890e-04 1.322499999999999078e-04 1.363665250000000000e+06 1.408687875000000000e+06
1.000000000000000000e+00 -2.999999999999999737e-04 1.431999999999999940e-01 1.433000000000000107e-01 -4.479999999999999954e-02 4.370000000000000273e-02 1.355999999999999983e-01 -7.999999999999999299e-04 4.199999999999999567e-02 2.780000000000000526e-02 3.000000000000016542e-04 -2.709999999999999909e-02 3.039999999999999647e-02 8.999999999999998534e-08 2.050623999999999850e-02 2.053489000000000356e-02 2.007039999999999866e-03 1.909690000000000346e-03 1.838735999999999843e-02 6.399999999999999075e-07 1.763999999999999726e-03 7.728400000000003323e-04 9.000000000000099119e-08 7.344099999999999023e-04 9.241599999999998254e-04 1.363774000000000000e+06 1.411411500000000000e+06
1.000000000000000000e+00 3.599999999999999901e-03 1.482999999999999874e-01 1.343000000000000027e-01 -4.290000000000000063e-02 5.050000000000000322e-02 1.346999999999999864e-01 3.899999999999999821e-03 5.099999999999993427e-03 -9.000000000000007994e-03 1.899999999999998912e-03 6.800000000000000488e-03 -9.000000000000119016e-04 1.295999999999999958e-05 2.199288999999999758e-02 1.803649000000000224e-02 1.840410000000000006e-03 2.550250000000000433e-03 1.814408999999999467e-02 1.520999999999999837e-05 2.600999999999993224e-05 8.100000000000013927e-05 3.609999999999995930e-06 4.624000000000000451e-05 8.100000000000214674e-07 1.364883375000000000e+06 1.411850500000000000e+06
1.000000000000000000e+00 1.269999999999999948e-02 1.333000000000000018e-01 1.152999999999999997e-01 -5.639999999999999875e-02 2.949999999999999845e-02 1.464999999999999913e-01 9.100000000000000450e-03 -1.499999999999998557e-02 -1.900000000000000300e-02 -1.349999999999999811e-02 -2.100000000000000477e-02 1.180000000000000493e-02 1.612899999999999957e-04 1.776888999999999899e-02 1.329408999999999973e-02 3.180960000000000037e-03 8.702499999999999299e-04 2.146224999999999869e-02 8.281000000000000166e-05 2.249999999999995602e-04 3.610000000000001012e-04 1.822499999999999576e-04 4.410000000000002026e-04 1.392400000000001102e-04 1.365541250000000000e+06 1.411112500000000000e+06
1.000000000000000000e+00 1.710000000000000062e-02 1.228999999999999954e-01 8.930000000000000437e-02 -5.439999999999999697e-02 2.819999999999999937e-02 1.451000000000000068e-01 4.400000000000001132e-03 -1.040000000000000646e-02 -2.599999999999999534e-02 2.000000000000001776e-03 -1.299999999999999073e-03 -1.399999999999984590e-03 2.924100000000000006e-04 1.510440999999999867e-02 7.974490000000000745e-03 2.959359999999999855e-03 7.952400000000000094e-04 2.105401000000000147e-02 1.936000000000001115e-05 1.081600000000001300e-04 6.759999999999997348e-04 4.000000000000007442e-06 1.689999999999997584e-06 1.959999999999956670e-06 1.364967125000000000e+06 1.411963750000000000e+06
1.000000000000000000e+00 4.019999999999999962e-02 1.403999999999999970e-01 1.044000000000000067e-01 -4.000000000000000083e-02 1.299999999999999940e-02 1.501000000000000112e-01 2.309999999999999901e-02 1.750000000000000167e-02 1.510000000000000231e-02 1.439999999999999614e-02 -1.519999999999999997e-02 5.000000000000004441e-03 1.616040000000000011e-03 1.971215999999999940e-02 1.089936000000000203e-02 1.600000000000000077e-03 1.689999999999999879e-04 2.253001000000000309e-02 5.336099999999999004e-04 3.062500000000000443e-04 2.280100000000000616e-04 2.073599999999998849e-04 2.310400000000000106e-04 2.500000000000004524e-05 1.363708875000000000e+06 1.408997625000000000e+06
1.000000000000000000e+00 3.509999999999999926e-02 1.986999999999999877e-01 1.610000000000000042e-01 -5.299999999999999850e-02 -1.660000000000000017e-02 1.917000000000000093e-01 -5.100000000000000366e-03 5.829999999999999072e-02 5.659999999999999754e-02 -1.299999999999999767e-02 -2.960000000000000131e-02 4.159999999999999809e-02 1.232009999999999963e-03 3.948168999999999290e-02 2.592100000000000307e-02 2.808999999999999865e-03 2.755599999999999977e-04 3.674889000000000627e-02 2.601000000000000339e-05 3.398889999999999030e-03 3.203559999999999828e-03 1.689999999999999337e-04 8.761600000000000681e-04 1.730559999999999911e-03 1.363319375000000000e+06 1.408824375000000000e+06
1.000000000000000000e+00 2.970000000000000070e-02 1.562999999999999945e-01 1.534000000000000086e-01 -5.870000000000000218e-02 1.149999999999999981e-02 1.965000000000000080e-01 -5.399999999999998551e-03 -4.239999999999999325e-02 -7.599999999999995648e-03 -5.700000000000003675e-03 2.809999999999999998e-02 4.799999999999998712e-03 8.820900000000000876e-04 2.442968999999999696e-02 2.353156000000000345e-02 3.445690000000000384e-03 1.322499999999999891e-04 3.861225000000000074e-02 2.915999999999998509e-05 1.797759999999999376e-03 5.775999999999993488e-05 3.249000000000004299e-05 7.896100000000000514e-04 2.303999999999998608e-05 1.365701000000000000e+06 1.416066875000000000e+06
1.000000000000000000e+00 9.650000000000000244e-02 1.920999999999999930e-01 -6.880000000000000004e-02 -3.139999999999999736e-02 6.310000000000000331e-02 1.020999999999999963e-01 6.679999999999999827e-02 3.579999999999999849e-02 -2.222000000000000086e-01 2.730000000000000482e-02 5.160000000000000697e-02 -9.440000000000001168e-02 9.312250000000001082e-03 3.690240999999999660e-02 4.733440000000000217e-03 9.859599999999999181e-04 3.981610000000000010e-03 1.042440999999999854e-02 4.462240000000000130e-03 1.281639999999999906e-03 4.937284000000000117e-02 7.452900000000002318e-04 2.662560000000000881e-03 8.911360000000001849e-03 1.366748750000000000e+06 1.418435750000000000e+06
1.000000000000000000e+00 9.420000000000000595e-02 1.570999999999999897e-01 2.177000000000000046e-01 -5.609999999999999709e-02 5.040000000000000036e-02 1.381000000000000005e-01 -2.299999999999996492e-03 -3.500000000000000333e-02 2.864999999999999769e-01 -2.469999999999999973e-02 -1.270000000000000295e-02 3.600000000000000422e-02 8.873640000000000347e-03 2.468040999999999638e-02 4.739329000000000458e-02 3.147209999999999678e-03 2.540160000000000074e-03 1.907160999999999926e-02 5.289999999999984080e-06 1.225000000000000177e-03 8.208224999999998162e-02 6.100899999999999813e-04 1.612900000000000770e-04 1.296000000000000277e-03 1.367512125000000000e+06 1.417775625000000000e+06
1.000000000000000000e+00 9.379999999999999449e-02 1.862999999999999934e-01 -1.340000000000000045e-02 -5.569999999999999951e-02 8.740000000000000546e-02 1.204999999999999960e-01 -4.000000000000114575e-04 2.920000000000000373e-02 -2.310999999999999999e-01 3.999999999999975797e-04 3.700000000000000511e-02 -1.760000000000000453e-02 8.798439999999999386e-03 3.470768999999999938e-02 1.795600000000000223e-04 3.102489999999999849e-03 7.638760000000001382e-03 1.452024999999999844e-02 1.600000000000091619e-07 8.526400000000002120e-04 5.340720999999999663e-02 1.599999999999980711e-07 1.369000000000000425e-03 3.097600000000001784e-04 1.364293000000000000e+06 1.409591125000000000e+06
1.000000000000000000e+00 8.269999999999999574e-02 1.965000000000000080e-01 -3.320000000000000034e-02 -6.149999999999999911e-02 9.790000000000000091e-02 1.078000000000000069e-01 -1.109999999999999876e-02 1.020000000000001461e-02 -1.979999999999999816e-02 -5.799999999999999600e-03 1.049999999999999545e-02 -1.269999999999998908e-02 6.839289999999999606e-03 3.861225000000000074e-02 1.102239999999999991e-03 3.782250000000000022e-03 9.584409999999999805e-03 1.162084000000000207e-02 1.232099999999999808e-04 1.040400000000002981e-04 3.920399999999999124e-04 3.363999999999999640e-05 1.102499999999999016e-04 1.612899999999997246e-04 1.364642750000000000e+06 1.410823250000000000e+06
1.000000000000000000e+00 9.560000000000000442e-02 2.255999999999999950e-01 3.710000000000000103e-02 -6.279999999999999472e-02 6.199999999999999956e-02 1.451000000000000068e-01 1.290000000000000868e-02 2.909999999999998699e-02 7.030000000000000138e-02 -1.299999999999995604e-03 -3.590000000000000135e-02 3.729999999999999982e-02 9.139360000000000886e-03 5.089536000000000060e-02 1.376410000000000003e-03 3.943839999999999672e-03 3.843999999999999761e-03 2.105401000000000147e-02 1.664100000000002177e-04 8.468099999999992734e-04 4.942090000000000545e-03 1.689999999999988478e-06 1.288810000000000042e-03 1.391289999999999888e-03 1.366057750000000000e+06 1.413282000000000000e+06
1.000000000000000000e+00 1.013000000000000012e-01 2.373999999999999999e-01 3.169999999999999901e-02 -5.790000000000000008e-02 6.930000000000000049e-02 1.603999999999999870e-01 5.699999999999996736e-03 1.180000000000000493e-02 -5.400000000000002021e-03 4.899999999999994638e-03 7.300000000000000933e-03 1.529999999999998028e-02 1.026169000000000039e-02 5.635876000000000080e-02 1.004890000000000037e-03 3.352410000000000112e-03 4.802490000000000404e-03 2.572815999999999645e-02 3.248999999999996167e-05 1.392400000000001102e-04 2.916000000000002236e-05 2.400999999999994800e-05 5.329000000000001325e-05 2.340899999999994071e-04 1.364330000000000000e+06 1.413531250000000000e+06
1.000000000000000000e+00 1.194000000000000061e-01 -1.310000000000000053e-02 1.770000000000000046e-02 -4.370000000000000273e-02 5.040000000000000036e-02 1.706000000000000016e-01 1.810000000000000497e-02 -2.505000000000000004e-01 -1.399999999999999856e-02 1.419999999999999735e-02 -1.890000000000000013e-02 1.020000000000001461e-02 1.425636000000000091e-02 1.716100000000000188e-04 3.132900000000000311e-04 1.909690000000000346e-03 2.540160000000000074e-03 2.910435999999999926e-02 3.276100000000002057e-04 6.275024999999999353e-02 1.959999999999999666e-04 2.016399999999999193e-04 3.572100000000000036e-04 1.040400000000002981e-04 1.363651250000000000e+06 1.412179000000000000e+06
1.000000000000000000e+00 1.401999999999999913e-01 -4.789999999999999813e-02 -3.769999999999999740e-02 -3.309999999999999748e-02 4.440000000000000197e-02 1.545999999999999874e-01 2.079999999999998517e-02 -3.479999999999999760e-02 -5.539999999999999786e-02 1.060000000000000525e-02 -5.999999999999998390e-03 -1.600000000000001421e-02 1.965603999999999615e-02 2.294409999999999766e-03 1.421289999999999750e-03 1.095609999999999900e-03 1.971360000000000126e-03 2.390115999999999769e-02 4.326399999999993814e-04 1.211039999999999816e-03 3.069159999999999597e-03 1.123600000000001101e-04 3.599999999999998058e-05 2.560000000000004763e-04 1.362635625000000000e+06 1.410094750000000000e+06
1.000000000000000000e+00 1.426000000000000045e-01 1.359999999999999924e-02 -3.989999999999999797e-02 -3.009999999999999828e-02 3.389999999999999958e-02 1.736000000000000043e-01 2.400000000000013234e-03 6.149999999999999911e-02 -2.200000000000000566e-03 2.999999999999999195e-03 -1.050000000000000239e-02 1.900000000000001688e-02 2.033476000000000034e-02 1.849599999999999910e-04 1.592009999999999823e-03 9.060099999999998450e-04 1.149209999999999902e-03 3.013696000000000083e-02 5.760000000000063436e-06 3.782250000000000022e-03 4.840000000000002788e-06 8.999999999999995146e-06 1.102500000000000507e-04 3.610000000000006433e-04 1.364364375000000000e+06 1.411413375000000000e+06
1.000000000000000000e+00 1.628999999999999893e-01 -1.170000000000000033e-02 -1.754999999999999893e-01 -8.300000000000000086e-03 1.399999999999999986e-03 1.643000000000000016e-01 2.029999999999998472e-02 -2.529999999999999957e-02 -1.355999999999999983e-01 2.179999999999999993e-02 -3.250000000000000111e-02 -9.300000000000002709e-03 2.653640999999999639e-02 1.368899999999999989e-04 3.080024999999999777e-02 6.888999999999999941e-05 1.959999999999999869e-06 2.699448999999999946e-02 4.120899999999993969e-04 6.400899999999999515e-04 1.838735999999999843e-02 4.752399999999999832e-04 1.056250000000000114e-03 8.649000000000004774e-05 1.364621000000000000e+06 1.415000500000000000e+06
1.000000000000000000e+00 1.710000000000000131e-01 -6.300000000000000044e-03 -1.155000000000000054e-01 -1.700000000000000122e-02 -8.899999999999999925e-03 1.814000000000000057e-01 8.100000000000023848e-03 5.400000000000000286e-03 5.999999999999998390e-02 -8.700000000000001135e-03 -1.030000000000000013e-02 1.710000000000000409e-02 2.924100000000000310e-02 3.969000000000000116e-05 1.334025000000000141e-02 2.890000000000000316e-04 7.920999999999999547e-05 3.290596000000000493e-02 6.561000000000038318e-05 2.916000000000000203e-05 3.599999999999998167e-03 7.569000000000001562e-05 1.060900000000000092e-04 2.924100000000001633e-04 1.364232500000000000e+06 1.413165750000000000e+06
1.000000000000000000e+00 2.243999999999999884e-01 -5.000000000000000278e-02 -2.419999999999999929e-01 2.970000000000000070e-02 -9.499999999999999764e-03 1.807999999999999885e-01 5.339999999999997526e-02 -4.370000000000000273e-02 -1.265000000000000013e-01 4.670000000000000540e-02 -5.999999999999998390e-04 -6.000000000000171863e-04 5.035535999999999485e-02 2.500000000000000486e-03 5.856399999999999800e-02 8.820900000000000876e-04 9.024999999999999819e-05 3.268863999999999798e-02 2.851559999999997343e-03 1.909690000000000346e-03 1.600224999999999911e-02 2.180890000000000432e-03 3.599999999999997825e-07 3.600000000000206407e-07 1.364673750000000000e+06 1.416507250000000000e+06
1.000000000000000000e+00 2.262000000000000122e-01 -1.200000000000000025e-02 -2.456000000000000127e-01 3.620000000000000301e-02 3.500000000000000073e-03 1.814999999999999947e-01 1.800000000000023803e-03 3.800000000000000600e-02 -3.600000000000019851e-03 6.500000000000002304e-03 1.299999999999999940e-02 7.000000000000061728e-04 5.116644000000000747e-02 1.440000000000000036e-04 6.031936000000000936e-02 1.310440000000000172e-03 1.225000000000000130e-05 3.294224999999999931e-02 3.240000000000085870e-06 1.444000000000000405e-03 1.296000000000014358e-05 4.225000000000003086e-05 1.689999999999999879e-04 4.900000000000086493e-07 1.364621750000000000e+06 1.415506000000000000e+06
1.000000000000000000e+00 2.340000000000000066e-02 -4.170000000000000095e-02 -9.579999999999999627e-02 4.870000000000000023e-02 -3.899999999999999994e-02 2.006999999999999895e-01 -2.028000000000000080e-01 -2.970000000000000070e-02 1.498000000000000165e-01 1.249999999999999722e-02 -4.250000000000000305e-02 1.919999999999999485e-02 5.475599999999999955e-04 1.738890000000000097e-03 9.177639999999999063e-03 2.371690000000000083e-03 1.521000000000000000e-03 4.028048999999999519e-02 4.112784000000000578e-02 8.820900000000000876e-04 2.244004000000000484e-02 1.562499999999999219e-04 1.806250000000000347e-03 3.686399999999997773e-04 1.364859000000000000e+06 1.412600750000000000e+06
1.000000000000000000e+00 -5.599999999999999943e-03 -1.909999999999999892e-02 -1.990000000000000102e-02 3.610000000000000014e-02 3.490000000000000047e-02 1.917000000000000093e-01 -2.900000000000000147e-02 2.260000000000000203e-02 7.589999999999999525e-02 -1.260000000000000009e-02 7.389999999999999347e-02 -8.999999999999980238e-03 3.135999999999999790e-05 3.648099999999999715e-04 3.960100000000000252e-04 1.303209999999999959e-03 1.218010000000000056e-03 3.674889000000000627e-02 8.410000000000000591e-04 5.107600000000000768e-04 5.760809999999999022e-03 1.587600000000000046e-04 5.461209999999999329e-03 8.099999999999963783e-05 1.364726875000000000e+06 1.414908000000000000e+06
1.000000000000000000e+00 7.439999999999999392e-02 -5.499999999999999681e-03 5.000000000000000278e-02 8.599999999999999312e-02 1.746999999999999942e-01 7.900000000000000078e-02 7.999999999999998779e-02 1.359999999999999924e-02 6.990000000000000380e-02 4.989999999999999297e-02 1.397999999999999798e-01 -1.127000000000000085e-01 5.535359999999998719e-03 3.024999999999999667e-05 2.500000000000000486e-03 7.395999999999998929e-03 3.052008999999999625e-02 6.241000000000000020e-03 6.399999999999997705e-03 1.849599999999999910e-04 4.886010000000000526e-03 2.490009999999999099e-03 1.954403999999999517e-02 1.270129000000000223e-02 1.365218500000000000e+06 1.416122000000000000e+06
1.000000000000000000e+00 8.219999999999999529e-02 2.980000000000000010e-02 7.549999999999999767e-02 1.408999999999999975e-01 2.451000000000000123e-01 2.852999999999999980e-01 7.800000000000001377e-03 3.529999999999999805e-02 2.549999999999999489e-02 5.490000000000000435e-02 7.040000000000001812e-02 2.062999999999999834e-01 6.756839999999999201e-03 8.880399999999999882e-04 5.700249999999999588e-03 1.985280999999999851e-02 6.007401000000000407e-02 8.139609000000000427e-02 6.084000000000002058e-05 1.246089999999999828e-03 6.502499999999997865e-04 3.014010000000000560e-03 4.956160000000002855e-03 4.255968999999999031e-02 1.368734375000000000e+06 1.419385250000000000e+06
1.000000000000000000e+00 1.239999999999999991e-01 2.750000000000000014e-02 1.259000000000000119e-01 1.386000000000000010e-01 2.255000000000000060e-01 1.857000000000000040e-01 4.180000000000000382e-02 -2.299999999999999961e-03 5.040000000000001423e-02 -2.299999999999996492e-03 -1.960000000000000631e-02 -9.959999999999999409e-02 1.537599999999999904e-02 7.562499999999999778e-04 1.585081000000000337e-02 1.920996000000000162e-02 5.085024999999999962e-02 3.448448999999999959e-02 1.747240000000000381e-03 5.290000000000000174e-06 2.540160000000001375e-03 5.289999999999984080e-06 3.841600000000002521e-04 9.920159999999999048e-03 1.366937750000000000e+06 1.414674875000000000e+06
1.000000000000000000e+00 1.130000000000000032e-01 -3.039999999999999994e-02 1.057000000000000023e-01 1.282000000000000084e-01 1.660000000000000017e-02 1.910999999999999921e-01 -1.099999999999999589e-02 -5.790000000000000008e-02 -2.020000000000000961e-02 -1.039999999999999258e-02 -2.089000000000000024e-01 5.399999999999988143e-03 1.276900000000000084e-02 9.241600000000000422e-04 1.117249000000000020e-02 1.643524000000000374e-02 2.755599999999999977e-04 3.651920999999999640e-02 1.209999999999999054e-04 3.352410000000000112e-03 4.080400000000004098e-04 1.081599999999998454e-04 4.363920999999999772e-02 2.915999999999987328e-05 1.365800125000000000e+06 1.411843250000000000e+06
1.000000000000000000e+00 1.338999999999999913e-01 -3.350000000000000200e-02 1.293999999999999873e-01 1.155000000000000054e-01 4.329999999999999821e-02 7.950000000000000122e-02 2.089999999999998803e-02 -3.100000000000002059e-03 2.369999999999998497e-02 -1.270000000000000295e-02 2.669999999999999804e-02 -1.115999999999999909e-01 1.792920999999999751e-02 1.122250000000000201e-03 1.674435999999999633e-02 1.334025000000000141e-02 1.874889999999999933e-03 6.320250000000000347e-03 4.368099999999994990e-04 9.610000000000013022e-06 5.616899999999992385e-04 1.612900000000000770e-04 7.128899999999998779e-04 1.245455999999999820e-02 1.365610625000000000e+06 1.410884000000000000e+06
1.000000000000000000e+00 7.820000000000000562e-02 4.100000000000000346e-03 2.207999999999999963e-01 9.080000000000000571e-02 2.860000000000000042e-02 2.300000000000000100e-01 -5.569999999999998563e-02 3.760000000000000148e-02 9.140000000000000902e-02 -2.469999999999999973e-02 -1.469999999999999779e-02 1.505000000000000226e-01 6.115240000000000953e-03 1.681000000000000338e-05 4.875263999999999986e-02 8.244640000000000996e-03 8.179600000000000629e-04 5.290000000000000258e-02 3.102489999999998548e-03 1.413760000000000017e-03 8.353960000000002287e-03 6.100899999999999813e-04 2.160899999999999453e-04 2.265025000000000718e-02 1.364819000000000000e+06 1.411366250000000000e+06
1.000000000000000000e+00 1.174999999999999933e-01 -1.430000000000000021e-02 1.797999999999999876e-01 1.024000000000000049e-01 4.800000000000000100e-02 9.510000000000000397e-02 3.929999999999998772e-02 -1.839999999999999969e-02 -4.100000000000000866e-02 1.159999999999999920e-02 1.940000000000000058e-02 -1.349000000000000199e-01 1.380624999999999908e-02 2.044900000000000157e-04 3.232803999999999539e-02 1.048576000000000022e-02 2.304000000000000058e-03 9.044009999999999896e-03 1.544489999999999058e-03 3.385600000000000111e-04 1.681000000000000636e-03 1.345599999999999856e-04 3.763600000000000083e-04 1.819801000000000404e-02 1.366236125000000000e+06 1.411713000000000000e+06
1.000000000000000000e+00 1.234999999999999987e-01 -2.850000000000000103e-02 -7.969999999999999307e-02 1.032000000000000001e-01 7.199999999999999456e-02 1.145000000000000046e-01 6.000000000000005329e-03 -1.420000000000000082e-02 -2.594999999999999529e-01 7.999999999999951594e-04 2.399999999999999356e-02 1.940000000000000058e-02 1.525225000000000018e-02 8.122500000000000379e-04 6.352089999999998605e-03 1.065024000000000005e-02 5.183999999999999372e-03 1.311025000000000038e-02 3.600000000000006190e-05 2.016400000000000278e-04 6.734024999999997652e-02 6.399999999999922842e-07 5.759999999999996893e-04 3.763600000000000083e-04 1.366403375000000000e+06 1.409199000000000000e+06
1.000000000000000000e+00 1.279000000000000137e-01 -1.980000000000000163e-02 -1.089999999999999997e-02 1.029999999999999943e-01 1.328000000000000014e-01 1.292000000000000093e-01 4.400000000000015010e-03 8.699999999999999400e-03 6.880000000000000004e-02 -2.000000000000057288e-04 6.080000000000000682e-02 1.470000000000000473e-02 1.635841000000000378e-02 3.920400000000000751e-04 1.188099999999999958e-04 1.060899999999999864e-02 1.763583999999999985e-02 1.669264000000000164e-02 1.936000000000013312e-05 7.568999999999998852e-05 4.733440000000000217e-03 4.000000000000229047e-08 3.696640000000001036e-03 2.160900000000001351e-04 1.366858750000000000e+06 1.409278250000000000e+06
1.000000000000000000e+00 1.632000000000000117e-01 -1.480000000000000066e-02 5.129999999999999838e-02 1.000000000000000056e-01 1.318000000000000005e-01 1.701999999999999902e-01 3.529999999999999805e-02 5.000000000000000971e-03 6.219999999999999835e-02 -2.999999999999988787e-03 -1.000000000000000888e-03 4.099999999999998090e-02 2.663424000000000347e-02 2.190400000000000170e-04 2.631689999999999897e-03 1.000000000000000194e-02 1.737123999999999960e-02 2.896803999999999699e-02 1.246089999999999828e-03 2.500000000000001136e-05 3.868839999999999692e-03 8.999999999999932465e-06 1.000000000000001861e-06 1.680999999999998468e-03 1.365576375000000000e+06 1.411841375000000000e+06
1.000000000000000000e+00 1.511000000000000121e-01 -6.029999999999999943e-02 -1.129999999999999928e-02 1.039999999999999952e-01 1.320000000000000062e-01 1.373999999999999944e-01 -1.209999999999999964e-02 -4.549999999999999878e-02 -6.260000000000000286e-02 3.999999999999989675e-03 2.000000000000057288e-04 -3.279999999999999583e-02 2.283121000000000456e-02 3.636089999999999808e-03 1.276899999999999921e-04 1.081599999999999923e-02 1.742400000000000199e-02 1.887875999999999790e-02 1.464100000000000026e-04 2.070250000000000042e-03 3.918760000000000299e-03 1.599999999999991796e-05 4.000000000000229047e-08 1.075839999999999783e-03 1.367002125000000000e+06 1.413091500000000000e+06
1.000000000000000000e+00 1.307999999999999996e-01 -4.909999999999999781e-02 -6.619999999999999496e-02 7.539999999999999480e-02 2.626000000000000001e-01 1.600999999999999923e-01 -2.030000000000001248e-02 1.120000000000000162e-02 -5.489999999999999741e-02 -2.860000000000000042e-02 1.305999999999999939e-01 2.269999999999999796e-02 1.710864000000000135e-02 2.410809999999999776e-03 4.382439999999999600e-03 5.685159999999998999e-03 6.895875999999999395e-02 2.563200999999999674e-02 4.120900000000004811e-04 1.254400000000000458e-04 3.014009999999999693e-03 8.179600000000000629e-04 1.705635999999999958e-02 5.152899999999999538e-04 1.366552375000000000e+06 1.410287875000000000e+06
1.000000000000000000e+00 1.333000000000000018e-01 -2.910000000000000087e-02 -1.890000000000000013e-02 7.370000000000000162e-02 2.575999999999999956e-01 1.970999999999999974e-01 2.500000000000002220e-03 1.999999999999999695e-02 4.729999999999999483e-02 -1.699999999999993183e-03 -5.000000000000004441e-03 3.700000000000000511e-02 1.776888999999999899e-02 8.468100000000000323e-04 3.572100000000000036e-04 5.431690000000000303e-03 6.635776000000000174e-02 3.884840999999999989e-02 6.250000000000011311e-06 3.999999999999998565e-04 2.237289999999999418e-03 2.889999999999976989e-06 2.500000000000004524e-05 1.369000000000000425e-03 1.365452750000000000e+06 1.411344375000000000e+06
1.000000000000000000e+00 1.328000000000000014e-01 -9.819999999999999563e-02 -1.250000000000000069e-02 6.019999999999999657e-02 -4.899999999999999842e-03 2.003999999999999948e-01 -5.000000000000004441e-04 -6.909999999999999476e-02 6.399999999999999439e-03 -1.350000000000000505e-02 -2.625000000000000111e-01 3.299999999999997380e-03 1.763583999999999985e-02 9.643239999999999104e-03 1.562500000000000304e-04 3.624039999999999380e-03 2.400999999999999882e-05 4.016016000000000030e-02 2.500000000000004651e-07 4.774809999999999124e-03 4.095999999999999408e-05 1.822500000000001473e-04 6.890625000000000222e-02 1.088999999999998213e-05 1.366511125000000000e+06 1.413384250000000000e+06
1.000000000000000000e+00 1.675999999999999990e-01 -1.073000000000000065e-01 -3.740000000000000269e-02 5.500000000000000028e-02 1.420000000000000082e-02 5.190000000000000169e-02 3.479999999999999760e-02 -9.100000000000010858e-03 -2.490000000000000199e-02 -5.199999999999996292e-03 1.909999999999999892e-02 -1.484999999999999931e-01 2.808975999999999834e-02 1.151329000000000068e-02 1.398760000000000194e-03 3.024999999999999911e-03 2.016400000000000278e-04 2.693610000000000362e-03 1.211039999999999816e-03 8.281000000000019140e-05 6.200100000000000489e-04 2.703999999999996134e-05 3.648099999999999715e-04 2.205224999999999894e-02 1.368205375000000000e+06 1.415028375000000000e+06
1.000000000000000000e+00 1.567999999999999949e-01 -6.379999999999999560e-02 -1.299999999999999940e-02 3.459999999999999881e-02 -1.209999999999999964e-02 6.040000000000000230e-02 -1.080000000000000404e-02 4.350000000000001088e-02 2.440000000000000502e-02 -2.040000000000000147e-02 -2.630000000000000046e-02 8.500000000000000611e-03 2.458623999999999879e-02 4.070439999999999822e-03 1.689999999999999879e-04 1.197159999999999848e-03 1.464100000000000026e-04 3.648160000000000118e-03 1.166400000000000894e-04 1.892250000000000919e-03 5.953600000000002900e-04 4.161600000000000542e-04 6.916900000000000132e-04 7.225000000000000790e-05 1.367902125000000000e+06 1.415373750000000000e+06
1.000000000000000000e+00 1.517999999999999905e-01 -5.879999999999999810e-02 4.000000000000000192e-04 2.939999999999999905e-02 -5.000000000000000104e-03 4.939999999999999947e-02 -5.000000000000004441e-03 4.999999999999997502e-03 1.339999999999999872e-02 -5.199999999999999761e-03 7.099999999999999541e-03 -1.100000000000000283e-02 2.304323999999999609e-02 3.457439999999999992e-03 1.600000000000000033e-07 8.643599999999999981e-04 2.500000000000000120e-05 2.440359999999999925e-03 2.500000000000004524e-05 2.499999999999997409e-05 1.795599999999999681e-04 2.703999999999999861e-05 5.040999999999999339e-05 1.210000000000000680e-04 1.367983000000000000e+06 1.414664250000000000e+06
1.000000000000000000e+00 1.413000000000000089e-01 -6.940000000000000335e-02 -2.939999999999999905e-02 1.919999999999999832e-02 1.039999999999999952e-02 1.839999999999999969e-02 -1.049999999999998157e-02 -1.060000000000000525e-02 -2.980000000000000010e-02 -1.020000000000000073e-02 1.540000000000000049e-02 -3.099999999999999978e-02 1.996569000000000121e-02 4.816360000000000433e-03 8.643599999999999981e-04 3.686399999999999400e-04 1.081599999999999944e-04 3.385600000000000111e-04 1.102499999999996170e-04 1.123600000000001101e-04 8.880399999999999882e-04 1.040400000000000135e-04 2.371600000000000129e-04 9.609999999999999402e-04 1.367028750000000000e+06 1.415355000000000000e+06
1.000000000000000000e+00 1.434999999999999887e-01 -6.600000000000000311e-02 -2.220000000000000098e-02 1.439999999999999961e-02 -8.899999999999999925e-03 3.099999999999999978e-02 2.199999999999979750e-03 3.400000000000000244e-03 7.199999999999998068e-03 -4.799999999999998712e-03 -1.929999999999999771e-02 1.260000000000000009e-02 2.059224999999999597e-02 4.356000000000000497e-03 4.928400000000000315e-04 2.073599999999999933e-04 7.920999999999999547e-05 9.609999999999999402e-04 4.839999999999911308e-06 1.156000000000000113e-05 5.183999999999997123e-05 2.303999999999998608e-05 3.724899999999998980e-04 1.587600000000000046e-04 1.367118125000000000e+06 1.415888750000000000e+06
1.000000000000000000e+00 1.504999999999999949e-01 -3.099999999999999978e-02 -1.580000000000000154e-02 1.280000000000000061e-02 -8.699999999999999400e-03 4.229999999999999732e-02 7.000000000000006217e-03 3.500000000000000333e-02 6.399999999999999439e-03 -1.599999999999998992e-03 2.000000000000005246e-04 1.129999999999999755e-02 2.265024999999999678e-02 9.609999999999999402e-04 2.496400000000000290e-04 1.638400000000000034e-04 7.568999999999998852e-05 1.789289999999999804e-03 4.900000000000008651e-05 1.225000000000000177e-03 4.095999999999999408e-05 2.559999999999996665e-06 4.000000000000021260e-08 1.276899999999999379e-04 1.366830500000000000e+06 1.416186750000000000e+06
1.000000000000000000e+00 1.559000000000000108e-01 -2.060000000000000026e-02 -1.050000000000000065e-02 1.669999999999999957e-02 -3.250000000000000111e-02 4.809999999999999692e-02 5.400000000000015898e-03 1.039999999999999952e-02 5.300000000000000891e-03 3.899999999999998954e-03 -2.380000000000000171e-02 5.799999999999999600e-03 2.430481000000000308e-02 4.243600000000000367e-04 1.102500000000000100e-04 2.788900000000000081e-04 1.056250000000000114e-03 2.313609999999999799e-03 2.916000000000017143e-05 1.081599999999999944e-04 2.809000000000001058e-05 1.520999999999999159e-05 5.664400000000000858e-04 3.363999999999999640e-05 1.367097125000000000e+06 1.413735625000000000e+06
1.000000000000000000e+00 1.398999999999999966e-01 -3.109999999999999917e-02 1.000000000000000021e-03 7.599999999999999985e-03 -2.280000000000000082e-02 4.739999999999999769e-02 -1.600000000000001421e-02 -1.049999999999999892e-02 1.149999999999999981e-02 -9.100000000000000450e-03 9.700000000000000289e-03 -6.999999999999992339e-04 1.957200999999999733e-02 9.672099999999999231e-04 9.999999999999999547e-07 5.776000000000000264e-05 5.198400000000000373e-04 2.246759999999999990e-03 2.560000000000004763e-04 1.102499999999999829e-04 1.322499999999999891e-04 8.281000000000000166e-05 9.409000000000000208e-05 4.899999999999989084e-07 1.366750625000000000e+06 1.414327125000000000e+06
1.000000000000000000e+00 1.487999999999999878e-01 -5.229999999999999927e-02 -3.939999999999999752e-02 1.020000000000000073e-02 -3.620000000000000301e-02 4.680000000000000132e-02 8.899999999999991251e-03 -2.120000000000000009e-02 -4.039999999999999841e-02 2.600000000000000748e-03 -1.340000000000000219e-02 -5.999999999999963696e-04 2.214143999999999488e-02 2.735290000000000030e-03 1.552359999999999808e-03 1.040400000000000135e-04 1.310440000000000172e-03 2.190239999999999982e-03 7.920999999999984640e-05 4.494400000000000066e-04 1.632159999999999904e-03 6.760000000000003887e-06 1.795600000000000494e-04 3.599999999999956533e-07 1.367284625000000000e+06 1.413920375000000000e+06
1.000000000000000000e+00 1.572999999999999954e-01 -5.040000000000000036e-02 -1.077000000000000041e-01 1.849999999999999908e-02 -3.699999999999999817e-02 4.830000000000000265e-02 8.500000000000007550e-03 1.899999999999998912e-03 -6.829999999999999960e-02 8.299999999999998351e-03 -7.999999999999951594e-04 1.500000000000001332e-03 2.474328999999999765e-02 2.540160000000000074e-03 1.159929000000000168e-02 3.422499999999999436e-04 1.368999999999999774e-03 2.332890000000000224e-03 7.225000000000012987e-05 3.609999999999995930e-06 4.664889999999999662e-03 6.888999999999997231e-05 6.399999999999922842e-07 2.250000000000003869e-06 1.366779125000000000e+06 1.413342500000000000e+06
1.000000000000000000e+00 1.713000000000000078e-01 -3.610000000000000014e-02 -7.489999999999999436e-02 3.239999999999999825e-02 -7.099999999999999367e-02 4.499999999999999833e-02 1.400000000000001243e-02 1.430000000000000021e-02 3.280000000000000970e-02 1.389999999999999916e-02 -3.399999999999999550e-02 -3.300000000000004319e-03 2.934369000000000213e-02 1.303209999999999959e-03 5.610009999999999476e-03 1.049759999999999843e-03 5.040999999999999474e-03 2.024999999999999890e-03 1.960000000000003460e-04 2.044900000000000157e-04 1.075840000000000650e-03 1.932099999999999746e-04 1.155999999999999693e-03 1.089000000000002787e-05 1.366828125000000000e+06 1.412432750000000000e+06
1.000000000000000000e+00 1.656999999999999862e-01 5.999999999999999474e-04 -8.200000000000000344e-02 2.149999999999999828e-02 -4.710000000000000298e-02 5.979999999999999899e-02 -5.600000000000021627e-03 3.670000000000000345e-02 -7.100000000000009082e-03 -1.089999999999999997e-02 2.389999999999999070e-02 1.480000000000000066e-02 2.745648999999999659e-02 3.599999999999999414e-07 6.724000000000000810e-03 4.622499999999999331e-04 2.218410000000000087e-03 3.576039999999999948e-03 3.136000000000024185e-05 1.346890000000000327e-03 5.041000000000012891e-05 1.188099999999999958e-04 5.712099999999995133e-04 2.190400000000000170e-04 1.367798375000000000e+06 1.415460750000000000e+06
1.000000000000000000e+00 1.705000000000000127e-01 -1.849999999999999908e-02 -1.217000000000000026e-01 1.959999999999999937e-02 -2.489999999999999852e-02 6.060000000000000109e-02 4.800000000000026468e-03 -1.909999999999999892e-02 -3.969999999999999918e-02 -1.899999999999998912e-03 2.220000000000000445e-02 8.000000000000020983e-04 2.907025000000000581e-02 3.422499999999999436e-04 1.481089000000000017e-02 3.841599999999999811e-04 6.200099999999999405e-04 3.672359999999999947e-03 2.304000000000025374e-05 3.648099999999999715e-04 1.576090000000000043e-03 3.609999999999995930e-06 4.928400000000002484e-04 6.400000000000034015e-07 1.367365500000000000e+06 1.416878250000000000e+06
1.000000000000000000e+00 1.620999999999999941e-01 -1.400000000000000029e-02 -1.287000000000000088e-01 1.319999999999999993e-02 -1.600000000000000077e-03 5.059999999999999915e-02 -8.400000000000018563e-03 4.499999999999998793e-03 -7.000000000000006217e-03 -6.399999999999999439e-03 2.329999999999999780e-02 -1.000000000000000194e-02 2.627640999999999658e-02 1.960000000000000208e-04 1.656369000000000244e-02 1.742399999999999852e-04 2.560000000000000054e-06 2.560359999999999806e-03 7.056000000000031377e-05 2.024999999999999077e-05 4.900000000000008651e-05 4.095999999999999408e-05 5.428899999999998657e-04 1.000000000000000454e-04 1.365383750000000000e+06 1.414024250000000000e+06
1.000000000000000000e+00 1.552000000000000046e-01 -5.899999999999999863e-03 -1.489000000000000046e-01 1.110000000000000049e-02 8.000000000000000167e-03 5.179999999999999882e-02 -6.899999999999989475e-03 8.099999999999999561e-03 -2.019999999999999574e-02 -2.099999999999999437e-03 9.600000000000000894e-03 1.199999999999999678e-03 2.408704000000000053e-02 3.481000000000000045e-05 2.217121000000000022e-02 1.232100000000000079e-04 6.399999999999999710e-05 2.683239999999999931e-03 4.760999999999985757e-05 6.560999999999999016e-05 4.080399999999998134e-04 4.409999999999997588e-06 9.216000000000001209e-05 1.439999999999999130e-06 1.366662500000000000e+06 1.414318875000000000e+06
1.000000000000000000e+00 1.522000000000000020e-01 1.280000000000000061e-02 -1.223000000000000059e-01 6.199999999999999782e-03 1.899999999999999996e-03 6.219999999999999835e-02 -3.000000000000002665e-03 1.870000000000000134e-02 2.659999999999999865e-02 -4.900000000000000709e-03 -6.100000000000000387e-03 1.039999999999999952e-02 2.316483999999999904e-02 1.638400000000000034e-04 1.495729000000000156e-02 3.843999999999999788e-05 3.610000000000000165e-06 3.868839999999999692e-03 9.000000000000015475e-06 3.496900000000000485e-04 7.075599999999999815e-04 2.401000000000000559e-05 3.721000000000000457e-05 1.081599999999999944e-04 1.366852625000000000e+06 1.413994750000000000e+06
1.000000000000000000e+00 1.570999999999999897e-01 9.400000000000000369e-03 -1.587999999999999967e-01 1.060000000000000005e-02 -2.520000000000000018e-02 3.660000000000000059e-02 4.899999999999987699e-03 -3.400000000000000244e-03 -3.649999999999999079e-02 4.400000000000000265e-03 -2.709999999999999909e-02 -2.559999999999999776e-02 2.468040999999999638e-02 8.836000000000000104e-05 2.521744000000000069e-02 1.123600000000000016e-04 6.350400000000000185e-04 1.339560000000000056e-03 2.400999999999988023e-05 1.156000000000000113e-05 1.332249999999999233e-03 1.936000000000000099e-05 7.344099999999999023e-04 6.553599999999999053e-04 1.367283625000000000e+06 1.413897250000000000e+06
1.000000000000000000e+00 1.716999999999999915e-01 -2.129999999999999949e-02 -2.111000000000000099e-01 6.499999999999999702e-03 -3.839999999999999664e-02 5.469999999999999862e-02 1.460000000000000187e-02 -3.069999999999999812e-02 -5.230000000000001315e-02 -4.100000000000000346e-03 -1.319999999999999646e-02 1.809999999999999803e-02 2.948088999999999571e-02 4.536899999999999744e-04 4.456321000000000587e-02 4.224999999999999698e-05 1.474559999999999760e-03 2.992089999999999767e-03 2.131600000000000530e-04 9.424899999999999294e-04 2.735290000000001331e-03 1.681000000000000338e-05 1.742399999999999039e-04 3.276099999999999347e-04 1.367910000000000000e+06 1.413568500000000000e+06
1.000000000000000000e+00 1.696000000000000008e-01 -1.540000000000000049e-02 -2.088000000000000134e-01 4.700000000000000185e-03 -9.499999999999999764e-03 5.949999999999999734e-02 -2.099999999999990763e-03 5.899999999999998995e-03 2.299999999999996492e-03 -1.799999999999999517e-03 2.889999999999999514e-02 4.799999999999998712e-03 2.876416000000000042e-02 2.371600000000000129e-04 4.359744000000000813e-02 2.209000000000000026e-05 9.024999999999999819e-05 3.540249999999999560e-03 4.409999999999961165e-06 3.480999999999998689e-05 5.289999999999984080e-06 3.239999999999998202e-06 8.352099999999997504e-04 2.303999999999998608e-05 1.367686375000000000e+06 1.413107375000000000e+06
1.000000000000000000e+00 1.426999999999999935e-01 2.819999999999999937e-02 4.889999999999999902e-02 -2.089999999999999844e-02 -1.700000000000000122e-02 7.900000000000000078e-02 -2.690000000000000724e-02 4.359999999999999987e-02 2.577000000000000401e-01 -2.559999999999999776e-02 -7.500000000000001457e-03 1.950000000000000344e-02 2.036328999999999917e-02 7.952400000000000094e-04 2.391209999999999950e-03 4.368099999999999327e-04 2.890000000000000316e-04 6.241000000000000020e-03 7.236100000000003987e-04 1.900959999999999933e-03 6.640929000000002358e-02 6.553599999999999053e-04 5.625000000000001879e-05 3.802500000000001083e-04 1.366560000000000000e+06 1.413983250000000000e+06
1.000000000000000000e+00 1.476999999999999980e-01 2.690000000000000030e-02 -1.831000000000000127e-01 -1.499999999999999944e-02 9.400000000000000369e-03 7.520000000000000295e-02 5.000000000000004441e-03 -1.299999999999999073e-03 -2.320000000000000118e-01 5.899999999999998995e-03 2.639999999999999986e-02 -3.799999999999997824e-03 2.181529000000000107e-02 7.236099999999999650e-04 3.352561000000000430e-02 2.249999999999999938e-04 8.836000000000000104e-05 5.655040000000000067e-03 2.500000000000004524e-05 1.689999999999997584e-06 5.382400000000000378e-02 3.480999999999998689e-05 6.969599999999999407e-04 1.443999999999998372e-05 1.367663500000000000e+06 1.416575625000000000e+06
1.000000000000000000e+00 1.535999999999999865e-01 7.000000000000000146e-03 3.370000000000000079e-02 -7.900000000000000772e-03 -5.499999999999999681e-03 9.260000000000000175e-02 5.899999999999988587e-03 -1.990000000000000102e-02 2.168000000000000205e-01 7.099999999999998673e-03 -1.490000000000000005e-02 1.739999999999999880e-02 2.359295999999999616e-02 4.900000000000000519e-05 1.135689999999999963e-03 6.241000000000000724e-05 3.024999999999999667e-05 8.574760000000000715e-03 3.480999999999986492e-05 3.960100000000000252e-04 4.700224000000000762e-02 5.040999999999997984e-05 2.220099999999999971e-04 3.027599999999999541e-04 1.367615500000000000e+06 1.415067875000000000e+06
1.000000000000000000e+00 1.524000000000000077e-01 6.360000000000000375e-02 -1.729999999999999871e-01 -4.100000000000000346e-03 8.999999999999999320e-03 7.549999999999999767e-02 -1.199999999999978861e-03 5.660000000000000447e-02 -2.066999999999999948e-01 3.800000000000000426e-03 1.449999999999999900e-02 -1.710000000000000409e-02 2.322576000000000154e-02 4.044960000000000222e-03 2.992899999999999727e-02 1.681000000000000338e-05 8.099999999999999019e-05 5.700249999999999588e-03 1.439999999999949367e-06 3.203560000000000695e-03 4.272488999999999454e-02 1.444000000000000405e-05 2.102499999999999606e-04 2.924100000000001633e-04 1.367122750000000000e+06 1.413495875000000000e+06
1.000000000000000000e+00 1.403000000000000080e-01 -7.000000000000000146e-03 1.679999999999999896e-02 -2.100000000000000130e-02 2.079999999999999905e-02 7.040000000000000424e-02 -1.209999999999999964e-02 -7.060000000000000997e-02 1.897999999999999965e-01 -1.690000000000000183e-02 1.179999999999999973e-02 -5.099999999999993427e-03 1.968409000000000131e-02 4.900000000000000519e-05 2.822399999999999540e-04 4.410000000000000400e-04 4.326399999999999777e-04 4.956160000000000253e-03 1.464100000000000026e-04 4.984360000000001047e-03 3.602404000000000023e-02 2.856100000000000522e-04 1.392400000000000018e-04 2.600999999999993224e-05 1.367382500000000000e+06 1.413893500000000000e+06
1.000000000000000000e+00 1.469000000000000028e-01 2.620000000000000107e-02 -2.116999999999999993e-01 -1.480000000000000066e-02 1.669999999999999957e-02 6.629999999999999782e-02 6.599999999999994760e-03 3.320000000000000034e-02 -2.285000000000000087e-01 6.200000000000000649e-03 -4.099999999999999478e-03 -4.100000000000006417e-03 2.157961000000000254e-02 6.864400000000000753e-04 4.481688999999999812e-02 2.190400000000000170e-04 2.788900000000000081e-04 4.395689999999999840e-03 4.355999999999992853e-05 1.102239999999999991e-03 5.221225000000000172e-02 3.844000000000001143e-05 1.680999999999999660e-05 1.681000000000005420e-05 1.367144375000000000e+06 1.412988875000000000e+06
1.000000000000000000e+00 1.534999999999999976e-01 1.940000000000000058e-02 1.490000000000000005e-02 -1.190000000000000085e-02 -2.170000000000000054e-02 7.969999999999999307e-02 6.599999999999994760e-03 -6.800000000000000488e-03 2.265999999999999959e-01 2.899999999999999800e-03 -3.840000000000000357e-02 1.339999999999999525e-02 2.356224999999999986e-02 3.763600000000000083e-04 2.220099999999999971e-04 1.416100000000000214e-04 4.708900000000000130e-04 6.352089999999998605e-03 4.355999999999992853e-05 4.624000000000000451e-05 5.134756000000000042e-02 8.409999999999999101e-06 1.474560000000000193e-03 1.795599999999998597e-04 1.365746750000000000e+06 1.412195375000000000e+06
1.000000000000000000e+00 1.497999999999999887e-01 4.390000000000000152e-02 1.179999999999999973e-02 -1.930000000000000118e-02 -5.199999999999999761e-03 9.270000000000000462e-02 -3.700000000000008837e-03 2.450000000000000094e-02 -3.100000000000000325e-03 -7.400000000000000328e-03 1.650000000000000078e-02 1.300000000000001155e-02 2.244003999999999791e-02 1.927210000000000164e-03 1.392400000000000018e-04 3.724900000000000606e-04 2.703999999999999861e-05 8.593290000000001691e-03 1.369000000000006544e-05 6.002500000000000890e-04 9.610000000000002858e-06 5.476000000000000426e-05 2.722500000000000310e-04 1.690000000000003132e-04 1.368087375000000000e+06 1.413018625000000000e+06
1.000000000000000000e+00 1.643000000000000016e-01 2.539999999999999897e-02 -1.200000000000000025e-02 -9.199999999999999845e-03 -1.480000000000000066e-02 8.630000000000000171e-02 1.450000000000001288e-02 -1.850000000000000255e-02 -2.380000000000000171e-02 1.010000000000000134e-02 -9.600000000000000894e-03 -6.400000000000002909e-03 2.699448999999999946e-02 6.451599999999999826e-04 1.440000000000000036e-04 8.464000000000000278e-05 2.190400000000000170e-04 7.447689999999999866e-03 2.102500000000003672e-04 3.422500000000001062e-04 5.664400000000000858e-04 1.020100000000000211e-04 9.216000000000001209e-05 4.096000000000003474e-05 1.368181375000000000e+06 1.413793625000000000e+06
1.000000000000000000e+00 1.557000000000000051e-01 3.109999999999999917e-02 -3.139999999999999736e-02 -8.399999999999999481e-03 -5.700000000000000205e-03 5.750000000000000250e-02 -8.599999999999996536e-03 5.700000000000000205e-03 -1.939999999999999711e-02 8.000000000000003636e-04 9.100000000000000450e-03 -2.879999999999999921e-02 2.424249000000000195e-02 9.672099999999999231e-04 9.859599999999999181e-04 7.055999999999998851e-05 3.249000000000000233e-05 3.306250000000000161e-03 7.395999999999993562e-05 3.249000000000000233e-05 3.763599999999998999e-04 6.400000000000005428e-07 8.281000000000000166e-05 8.294399999999999733e-04 1.367539375000000000e+06 1.412731875000000000e+06
1.000000000000000000e+00 1.494999999999999940e-01 8.899999999999999578e-02 2.570000000000000062e-02 -1.400000000000000029e-02 7.799999999999999642e-03 7.000000000000000666e-02 -6.200000000000011058e-03 5.789999999999999314e-02 5.709999999999999798e-02 -5.600000000000000810e-03 1.349999999999999985e-02 1.250000000000000416e-02 2.235024999999999859e-02 7.920999999999999222e-03 6.604900000000000137e-04 1.960000000000000208e-04 6.083999999999999348e-05 4.900000000000000709e-03 3.844000000000014018e-05 3.352409999999999245e-03 3.260409999999999611e-03 3.136000000000001146e-05 1.822499999999999847e-04 1.562500000000001117e-04 1.366479000000000000e+06 1.412512000000000000e+06
1.000000000000000000e+00 1.446999999999999953e-01 2.089999999999999844e-02 -2.799999999999999972e-03 -2.489999999999999852e-02 2.419999999999999929e-02 5.330000000000000016e-02 -4.799999999999998712e-03 -6.809999999999999387e-02 -2.850000000000000103e-02 -1.089999999999999823e-02 1.639999999999999791e-02 -1.670000000000000651e-02 2.093808999999999948e-02 4.368099999999999327e-04 7.839999999999999476e-06 6.200099999999999405e-04 5.856400000000000104e-04 2.840889999999999995e-03 2.303999999999998608e-05 4.637609999999999476e-03 8.122500000000000379e-04 1.188099999999999551e-04 2.689599999999999456e-04 2.788900000000002250e-04 1.368030625000000000e+06 1.416699250000000000e+06
1.000000000000000000e+00 1.330000000000000071e-01 4.100000000000000346e-03 -3.300000000000000155e-02 -3.109999999999999917e-02 4.070000000000000007e-02 3.719999999999999696e-02 -1.169999999999998819e-02 -1.679999999999999896e-02 -3.020000000000000115e-02 -6.200000000000000649e-03 1.650000000000000078e-02 -1.610000000000000320e-02 1.768900000000000333e-02 1.681000000000000338e-05 1.089000000000000124e-03 9.672099999999999231e-04 1.656490000000000046e-03 1.383839999999999680e-03 1.368899999999997278e-04 2.822399999999999540e-04 9.120400000000000295e-04 3.844000000000001143e-05 2.722500000000000310e-04 2.592100000000001152e-04 1.367983500000000000e+06 1.415379750000000000e+06
1.000000000000000000e+00 1.199000000000000066e-01 4.590000000000000330e-02 -2.099999999999999870e-03 -4.370000000000000273e-02 1.710000000000000062e-02 5.229999999999999927e-02 -1.310000000000000053e-02 4.180000000000000382e-02 3.090000000000000038e-02 -1.260000000000000356e-02 -2.359999999999999945e-02 1.510000000000000231e-02 1.437601000000000157e-02 2.106810000000000193e-03 4.409999999999999282e-06 1.909690000000000346e-03 2.924100000000000006e-04 2.735290000000000030e-03 1.716100000000000188e-04 1.747240000000000381e-03 9.548100000000000554e-04 1.587600000000000859e-04 5.569600000000000072e-04 2.280100000000000616e-04 1.365920375000000000e+06 1.414659125000000000e+06
1.000000000000000000e+00 1.269000000000000128e-01 5.140000000000000124e-02 -2.520000000000000018e-02 -4.560000000000000164e-02 3.200000000000000153e-03 5.029999999999999749e-02 7.000000000000006217e-03 5.499999999999997946e-03 -2.309999999999999901e-02 -1.899999999999998912e-03 -1.390000000000000090e-02 -2.000000000000001776e-03 1.610361000000000431e-02 2.641960000000000055e-03 6.350400000000000185e-04 2.079360000000000149e-03 1.024000000000000021e-05 2.530089999999999596e-03 4.900000000000008651e-05 3.024999999999997634e-05 5.336099999999999004e-04 3.609999999999995930e-06 1.932100000000000289e-04 4.000000000000007442e-06 1.366207750000000000e+06 1.414907375000000000e+06
1.000000000000000000e+00 1.290999999999999925e-01 4.639999999999999680e-02 -6.419999999999999318e-02 -4.460000000000000075e-02 5.700000000000000205e-03 4.760000000000000342e-02 2.199999999999979750e-03 -5.000000000000004441e-03 -3.899999999999999301e-02 1.000000000000000888e-03 2.500000000000000052e-03 -2.699999999999994071e-03 1.666680999999999718e-02 2.152959999999999770e-03 4.121639999999999332e-03 1.989160000000000234e-03 3.249000000000000233e-05 2.265760000000000343e-03 4.839999999999911308e-06 2.500000000000004524e-05 1.520999999999999349e-03 1.000000000000001861e-06 6.250000000000000300e-06 7.289999999999968319e-06 1.365866750000000000e+06 1.414786750000000000e+06
1.000000000000000000e+00 1.272999999999999965e-01 2.479999999999999913e-02 -9.520000000000000684e-02 -5.120000000000000245e-02 -1.100000000000000066e-03 3.039999999999999994e-02 -1.799999999999996048e-03 -2.159999999999999767e-02 -3.100000000000001366e-02 -6.600000000000001699e-03 -6.800000000000000488e-03 -1.720000000000000348e-02 1.620529000000000067e-02 6.150399999999999661e-04 9.063040000000001373e-03 2.621440000000000055e-03 1.210000000000000062e-06 9.241600000000000422e-04 3.239999999999985920e-06 4.665599999999999240e-04 9.610000000000008076e-04 4.356000000000002340e-05 4.624000000000000451e-05 2.958400000000001220e-04 1.367129125000000000e+06 1.414217125000000000e+06
1.000000000000000000e+00 1.366999999999999882e-01 5.750000000000000250e-02 -7.530000000000000582e-02 -4.270000000000000184e-02 -1.239999999999999956e-02 5.050000000000000322e-02 9.399999999999991696e-03 3.270000000000000684e-02 1.990000000000000102e-02 8.500000000000000611e-03 -1.129999999999999928e-02 2.010000000000000328e-02 1.868688999999999767e-02 3.306250000000000161e-03 5.670090000000000893e-03 1.823290000000000197e-03 1.537599999999999915e-04 2.550250000000000433e-03 8.835999999999983841e-05 1.069290000000000518e-03 3.960100000000000252e-04 7.225000000000000790e-05 1.276899999999999921e-04 4.040100000000001112e-04 1.367517625000000000e+06 1.413282250000000000e+06
1.000000000000000000e+00 1.406999999999999917e-01 8.790000000000000591e-02 -7.689999999999999614e-02 -4.179999999999999688e-02 -5.149999999999999717e-02 6.640000000000000069e-02 4.000000000000003553e-03 3.040000000000000341e-02 -1.599999999999990319e-03 9.000000000000049627e-04 -3.909999999999999587e-02 1.589999999999999747e-02 1.979648999999999645e-02 7.726410000000001263e-03 5.913609999999999700e-03 1.747239999999999731e-03 2.652249999999999660e-03 4.408959999999999962e-03 1.600000000000002977e-05 9.241600000000002590e-04 2.559999999999969137e-06 8.100000000000089737e-07 1.528809999999999588e-03 2.528099999999999055e-04 1.366814375000000000e+06 1.411593875000000000e+06
1.000000000000000000e+00 1.776000000000000079e-01 5.460000000000000270e-02 -1.719999999999999862e-01 -5.100000000000000366e-03 -9.070000000000000284e-02 2.850000000000000103e-02 3.690000000000001612e-02 -3.330000000000000321e-02 -9.509999999999999010e-02 3.669999999999999651e-02 -3.920000000000000567e-02 -3.790000000000000313e-02 3.154176000000000202e-02 2.981160000000000494e-03 2.958399999999999572e-02 2.601000000000000339e-05 8.226490000000001232e-03 8.122500000000000379e-04 1.361610000000001161e-03 1.108890000000000179e-03 9.044009999999998162e-03 1.346889999999999676e-03 1.536640000000000358e-03 1.436410000000000161e-03 1.365463750000000000e+06 1.412282125000000000e+06
1.000000000000000000e+00 1.603999999999999870e-01 4.739999999999999769e-02 -1.287000000000000088e-01 -1.720000000000000001e-02 -7.330000000000000404e-02 1.859999999999999848e-02 -1.720000000000002083e-02 -7.200000000000005007e-03 4.329999999999997740e-02 -1.209999999999999964e-02 1.739999999999999880e-02 -9.900000000000002548e-03 2.572815999999999645e-02 2.246759999999999990e-03 1.656369000000000244e-02 2.958400000000000135e-04 5.372890000000000825e-03 3.459599999999999199e-04 2.958400000000007183e-04 5.184000000000007287e-05 1.874889999999997982e-03 1.464100000000000026e-04 3.027599999999999541e-04 9.801000000000004587e-05 1.366325000000000000e+06 1.411201750000000000e+06
1.000000000000000000e+00 1.403999999999999970e-01 1.637000000000000122e-01 -3.740000000000000269e-02 -3.629999999999999893e-02 -6.219999999999999835e-02 5.369999999999999774e-02 -1.999999999999999001e-02 1.163000000000000145e-01 9.130000000000000615e-02 -1.909999999999999892e-02 1.110000000000000570e-02 3.509999999999999926e-02 1.971215999999999940e-02 2.679769000000000248e-02 1.398760000000000194e-03 1.317689999999999834e-03 3.868839999999999692e-03 2.883689999999999951e-03 3.999999999999995855e-04 1.352569000000000340e-02 8.335690000000001501e-03 3.648099999999999715e-04 1.232100000000001163e-04 1.232009999999999963e-03 1.366241375000000000e+06 1.412698000000000000e+06
1.000000000000000000e+00 1.338000000000000023e-01 2.419999999999999929e-01 4.499999999999999833e-02 -3.200000000000000067e-02 1.679999999999999896e-02 5.079999999999999793e-02 -6.599999999999994760e-03 7.829999999999998073e-02 8.240000000000000102e-02 4.299999999999998268e-03 7.900000000000000078e-02 -2.899999999999999800e-03 1.790244000000000210e-02 5.856399999999999800e-02 2.024999999999999890e-03 1.023999999999999954e-03 2.822399999999999540e-04 2.580639999999999930e-03 4.355999999999992853e-05 6.130889999999997349e-03 6.789760000000000587e-03 1.848999999999998391e-05 6.241000000000000020e-03 8.409999999999999101e-06 1.367719500000000000e+06 1.415286250000000000e+06
1.000000000000000000e+00 1.285000000000000031e-01 1.429999999999999882e-01 2.719999999999999848e-02 -4.340000000000000108e-02 -1.399999999999999986e-03 5.099999999999999672e-02 -5.299999999999999156e-03 -9.900000000000000466e-02 -1.779999999999999985e-02 -1.140000000000000041e-02 -1.819999999999999743e-02 1.999999999999987899e-04 1.651224999999999915e-02 2.044899999999999496e-02 7.398399999999999638e-04 1.883560000000000052e-03 1.959999999999999869e-06 2.600999999999999580e-03 2.808999999999999025e-05 9.801000000000000684e-03 3.168399999999999819e-04 1.299600000000000093e-04 3.312399999999998982e-04 3.999999999999951776e-08 1.367341000000000000e+06 1.417125875000000000e+06
1.000000000000000000e+00 1.313999999999999890e-01 -1.264000000000000123e-01 -2.750000000000000014e-02 -3.150000000000000022e-02 -1.200000000000000025e-02 2.730000000000000135e-02 2.899999999999985922e-03 -2.693999999999999728e-01 -5.469999999999999862e-02 1.190000000000000085e-02 -1.060000000000000005e-02 -2.369999999999999538e-02 1.726595999999999687e-02 1.597696000000000185e-02 7.562499999999999778e-04 9.922500000000000764e-04 1.440000000000000036e-04 7.452900000000001234e-04 8.409999999999917785e-06 7.257635999999997867e-02 2.992089999999999767e-03 1.416100000000000214e-04 1.123600000000000016e-04 5.616899999999997806e-04 1.367453250000000000e+06 1.412203750000000000e+06
1.000000000000000000e+00 1.252000000000000057e-01 1.290999999999999925e-01 -2.570000000000000062e-02 -4.059999999999999720e-02 -2.139999999999999888e-02 2.949999999999999845e-02 -6.199999999999983302e-03 2.555000000000000049e-01 1.799999999999999517e-03 -9.099999999999996980e-03 -9.399999999999998634e-03 2.199999999999997097e-03 1.567504000000000119e-02 1.666680999999999718e-02 6.604900000000000137e-04 1.648359999999999756e-03 4.579599999999999318e-04 8.702499999999999299e-04 3.843999999999979459e-05 6.528024999999999800e-02 3.239999999999998202e-06 8.280999999999994745e-05 8.835999999999997394e-05 4.839999999999987541e-06 1.365826750000000000e+06 1.406532625000000000e+06
1.000000000000000000e+00 1.174000000000000044e-01 -6.600000000000000311e-02 2.759999999999999953e-02 -4.440000000000000197e-02 -3.889999999999999708e-02 3.599999999999999728e-02 -7.800000000000001377e-03 -1.950999999999999956e-01 5.330000000000000016e-02 -3.800000000000004763e-03 -1.749999999999999820e-02 6.499999999999998834e-03 1.378276000000000154e-02 4.356000000000000497e-03 7.617599999999999979e-04 1.971360000000000126e-03 1.513209999999999859e-03 1.295999999999999843e-03 6.084000000000002058e-05 3.806400999999999535e-02 2.840889999999999995e-03 1.444000000000003623e-05 3.062499999999999359e-04 4.224999999999998342e-05 1.365965875000000000e+06 1.406750500000000000e+06
1.000000000000000000e+00 1.297000000000000097e-01 1.463000000000000134e-01 -2.630000000000000046e-02 -3.860000000000000236e-02 -5.040000000000000036e-02 2.929999999999999966e-02 1.230000000000000537e-02 2.123000000000000165e-01 -5.390000000000000346e-02 5.799999999999999600e-03 -1.150000000000000328e-02 -6.699999999999997624e-03 1.682209000000000135e-02 2.140369000000000299e-02 6.916900000000000132e-04 1.489960000000000243e-03 2.540160000000000074e-03 8.584899999999999476e-04 1.512900000000001321e-04 4.507129000000000690e-02 2.905210000000000518e-03 3.363999999999999640e-05 1.322500000000000704e-04 4.488999999999996492e-05 1.366331000000000000e+06 1.409827000000000000e+06
1.000000000000000000e+00 1.275000000000000022e-01 -1.305000000000000049e-01 -1.190999999999999975e-01 -1.260000000000000009e-02 -4.379999999999999866e-02 2.799999999999999972e-03 -2.200000000000007505e-03 -2.768000000000000460e-01 -9.279999999999999361e-02 2.600000000000000228e-02 6.600000000000001699e-03 -2.649999999999999925e-02 1.625624999999999987e-02 1.703025000000000025e-02 1.418480999999999909e-02 1.587600000000000046e-04 1.918439999999999989e-03 7.839999999999999476e-06 4.840000000000033281e-06 7.661824000000003188e-02 8.611839999999999079e-03 6.760000000000001685e-04 4.356000000000002340e-05 7.022499999999999663e-04 1.367072500000000000e+06 1.411001375000000000e+06
1.000000000000000000e+00 1.373999999999999944e-01 1.044999999999999957e-01 -1.214999999999999969e-01 9.100000000000000450e-03 -9.610000000000000486e-02 -2.249999999999999917e-02 9.899999999999992140e-03 2.349999999999999867e-01 -2.399999999999999356e-03 2.170000000000000054e-02 -5.230000000000000621e-02 -2.529999999999999957e-02 1.887875999999999790e-02 1.092024999999999940e-02 1.476224999999999933e-02 8.281000000000000166e-05 9.235210000000000641e-03 5.062499999999999726e-04 9.800999999999984258e-05 5.522499999999999631e-02 5.759999999999996521e-06 4.708900000000000130e-04 2.735290000000000464e-03 6.400899999999999515e-04 1.365796250000000000e+06 1.411034625000000000e+06
1.000000000000000000e+00 1.125000000000000028e-01 -1.100000000000000006e-01 -1.917999999999999983e-01 7.900000000000000772e-03 -1.084999999999999992e-01 -3.049999999999999933e-02 -2.489999999999999158e-02 -2.144999999999999962e-01 -7.030000000000000138e-02 -1.199999999999999678e-03 -1.239999999999999436e-02 -8.000000000000000167e-03 1.265625000000000083e-02 1.209999999999999964e-02 3.678723999999999883e-02 6.241000000000000724e-05 1.177224999999999973e-02 9.302499999999999788e-04 6.200099999999996152e-04 4.601024999999999560e-02 4.942090000000000545e-03 1.439999999999999130e-06 1.537599999999998560e-04 6.399999999999999710e-05 1.366757125000000000e+06 1.414857125000000000e+06
1.000000000000000000e+00 1.315000000000000058e-01 1.277000000000000079e-01 -1.517000000000000015e-01 -5.899999999999999863e-03 -3.939999999999999752e-02 6.499999999999999702e-03 1.900000000000000300e-02 2.377000000000000224e-01 4.009999999999999676e-02 -1.379999999999999977e-02 6.909999999999999476e-02 3.699999999999999817e-02 1.729225000000000206e-02 1.630729000000000206e-02 2.301289000000000112e-02 3.481000000000000045e-05 1.552359999999999808e-03 4.224999999999999698e-05 3.610000000000001012e-04 5.650129000000000956e-02 1.608009999999999778e-03 1.904399999999999995e-04 4.774809999999999124e-03 1.368999999999999774e-03 1.369220125000000000e+06 1.418803000000000000e+06
1.000000000000000000e+00 1.315999999999999948e-01 -8.179999999999999771e-02 -1.135000000000000037e-01 -1.400000000000000029e-02 -6.990000000000000380e-02 3.039999999999999994e-02 9.999999999998898659e-05 -2.095000000000000195e-01 3.819999999999999785e-02 -8.099999999999999561e-03 -3.050000000000000627e-02 2.390000000000000110e-02 1.731856000000000020e-02 6.691239999999999341e-03 1.288225000000000134e-02 1.960000000000000208e-04 4.886010000000000526e-03 9.241600000000000422e-04 9.999999999997796600e-09 4.389025000000000565e-02 1.459239999999999886e-03 6.560999999999999016e-05 9.302500000000004125e-04 5.712100000000000554e-04 1.369073875000000000e+06 1.419145875000000000e+06
1.000000000000000000e+00 1.252999999999999947e-01 1.477999999999999869e-01 -1.039999999999999952e-01 -2.589999999999999941e-02 -7.439999999999999392e-02 4.259999999999999898e-02 -6.300000000000000044e-03 2.295999999999999708e-01 9.500000000000008438e-03 -1.189999999999999912e-02 -4.499999999999990119e-03 1.219999999999999904e-02 1.570008999999999988e-02 2.184483999999999732e-02 1.081599999999999923e-02 6.708099999999999827e-04 5.535359999999998719e-03 1.814759999999999898e-03 3.969000000000000116e-05 5.271615999999998414e-02 9.025000000000016082e-05 1.416099999999999672e-04 2.024999999999990946e-05 1.488399999999999641e-04 1.368675750000000000e+06 1.415100125000000000e+06
1.000000000000000000e+00 1.181999999999999995e-01 -7.040000000000000424e-02 -1.620000000000000051e-01 -1.779999999999999985e-02 -7.829999999999999460e-02 1.170000000000000033e-02 -7.099999999999995204e-03 -2.182000000000000051e-01 -5.800000000000000988e-02 8.099999999999999561e-03 -3.900000000000000688e-03 -3.089999999999999691e-02 1.397123999999999935e-02 4.956160000000000253e-03 2.624399999999999997e-02 3.168399999999999819e-04 6.130889999999999083e-03 1.368899999999999989e-04 5.040999999999993240e-05 4.761123999999999912e-02 3.364000000000001104e-03 6.560999999999999016e-05 1.521000000000000515e-05 9.548099999999998385e-04 1.366854625000000000e+06 1.411942000000000000e+06
1.000000000000000000e+00 1.282999999999999974e-01 1.255000000000000004e-01 -2.084000000000000019e-01 -1.089999999999999997e-02 -7.910000000000000364e-02 4.499999999999999660e-03 1.009999999999999787e-02 1.959000000000000186e-01 -4.639999999999999680e-02 6.899999999999999883e-03 -8.000000000000090372e-04 -7.200000000000000670e-03 1.646088999999999886e-02 1.575025000000000036e-02 4.343056000000000000e-02 1.188099999999999958e-04 6.256810000000000670e-03 2.024999999999999755e-05 1.020099999999999534e-04 3.837681000000000425e-02 2.152959999999999770e-03 4.760999999999999987e-05 6.400000000000144130e-07 5.184000000000001188e-05 1.365636750000000000e+06 1.412076000000000000e+06
1.000000000000000000e+00 1.504000000000000059e-01 -9.260000000000000175e-02 -1.590000000000000024e-01 1.179999999999999973e-02 -5.469999999999999862e-02 9.299999999999999239e-03 2.210000000000000853e-02 -2.181000000000000161e-01 4.939999999999999947e-02 2.269999999999999796e-02 2.440000000000000502e-02 4.799999999999999580e-03 2.262016000000000027e-02 8.574760000000000715e-03 2.528100000000000139e-02 1.392400000000000018e-04 2.992089999999999767e-03 8.648999999999997998e-05 4.884100000000004280e-04 4.756761000000001016e-02 2.440359999999999925e-03 5.152899999999999538e-04 5.953600000000002900e-04 2.303999999999999625e-05 1.367022375000000000e+06 1.412588750000000000e+06
1.000000000000000000e+00 1.469000000000000028e-01 1.985000000000000098e-01 -8.309999999999999332e-02 -6.599999999999999964e-03 -7.870000000000000606e-02 4.290000000000000063e-02 -3.500000000000003109e-03 2.911000000000000254e-01 7.590000000000000913e-02 -1.839999999999999969e-02 -2.400000000000000744e-02 3.360000000000000486e-02 2.157961000000000254e-02 3.940225000000000671e-02 6.905609999999998659e-03 4.355999999999999629e-05 6.193690000000000827e-03 1.840410000000000006e-03 1.225000000000002163e-05 8.473921000000000925e-02 5.760810000000001624e-03 3.385600000000000111e-04 5.760000000000003399e-04 1.128960000000000250e-03 1.368830250000000000e+06 1.417231750000000000e+06
1.000000000000000000e+00 1.184000000000000052e-01 -5.820000000000000173e-02 -8.400000000000000522e-02 -2.769999999999999893e-02 -4.689999999999999725e-02 1.880000000000000074e-02 -2.849999999999999756e-02 -2.567000000000000393e-01 -9.000000000000119016e-04 -2.110000000000000070e-02 3.180000000000000882e-02 -2.409999999999999989e-02 1.401856000000000109e-02 3.387240000000000129e-03 7.056000000000000640e-03 7.672899999999998992e-04 2.199609999999999847e-03 3.534400000000000042e-04 8.122499999999998211e-04 6.589489000000002539e-02 8.100000000000214674e-07 4.452100000000000285e-04 1.011240000000000489e-03 5.808099999999999635e-04 1.368719250000000000e+06 1.417835375000000000e+06
1.000000000000000000e+00 1.146999999999999964e-01 1.706999999999999906e-01 -9.349999999999999978e-02 -3.590000000000000135e-02 -4.139999999999999930e-02 1.899999999999999953e-02 -3.700000000000008837e-03 2.288999999999999924e-01 -9.499999999999994560e-03 -8.200000000000002426e-03 5.499999999999997946e-03 1.999999999999987899e-04 1.315608999999999876e-02 2.913848999999999606e-02 8.742250000000000021e-03 1.288810000000000042e-03 1.713960000000000049e-03 3.609999999999999928e-04 1.369000000000006544e-05 5.239520999999999762e-02 9.024999999999990332e-05 6.724000000000004062e-05 3.024999999999997634e-05 3.999999999999951776e-08 1.368782125000000000e+06 1.416400375000000000e+06
1.000000000000000000e+00 1.180999999999999966e-01 1.280000000000000061e-02 -6.199999999999999956e-02 -4.580000000000000043e-02 -1.969999999999999876e-02 2.960000000000000131e-02 3.400000000000000244e-03 -1.578999999999999848e-01 3.150000000000000022e-02 -9.899999999999999079e-03 2.170000000000000054e-02 1.060000000000000178e-02 1.394760999999999918e-02 1.638400000000000034e-04 3.843999999999999761e-03 2.097640000000000008e-03 3.880899999999999519e-04 8.761600000000000681e-04 1.156000000000000113e-05 2.493240999999999513e-02 9.922500000000000764e-04 9.800999999999997811e-05 4.708900000000000130e-04 1.123600000000000423e-04 1.366798000000000000e+06 1.414423875000000000e+06
