1.000000000000000000e+00 0.000000000000000000e+00 0.000000000000000000e+00 0.000000000000000000e+00 0.000000000000000000e+00 0.000000000000000000e+00 -0.000000000000000000e+00 0.000000000000000000e+00 0.000000000000000000e+00 0.000000000000000000e+00 0.000000000000000000e+00 0.000000000000000000e+00 0.000000000000000000e+00 0.000000000000000000e+00 0.000000000000000000e+00 0.000000000000000000e+00 0.000000000000000000e+00 0.000000000000000000e+00 0.000000000000000000e+00 0.000000000000000000e+00 0.000000000000000000e+00 0.000000000000000000e+00 0.000000000000000000e+00 0.000000000000000000e+00 0.000000000000000000e+00 1.911641500000000000e+06 1.888802625000000000e+06
1.000000000000000000e+00 2.139999999999999888e-02 -1.617000000000000104e-01 -3.799999999999999906e-02 8.210000000000000631e-02 -2.419999999999999929e-02 -5.050000000000000322e-02 2.139999999999999888e-02 -1.617000000000000104e-01 -3.799999999999999906e-02 8.210000000000000631e-02 -2.419999999999999929e-02 -5.050000000000000322e-02 4.579599999999999318e-04 2.614689000000000249e-02 1.443999999999999971e-03 6.740410000000001366e-03 5.856400000000000104e-04 2.550250000000000433e-03 4.579599999999999318e-04 2.614689000000000249e-02 1.443999999999999971e-03 6.740410000000001366e-03 5.856400000000000104e-04 2.550250000000000433e-03 1.914331000000000000e+06 1.888913250000000000e+06
1.000000000000000000e+00 1.660000000000000017e-02 -2.185999999999999888e-01 -7.599999999999999811e-02 2.730000000000000135e-02 7.499999999999999722e-03 -6.840000000000000246e-02 -4.799999999999998712e-03 -5.689999999999997837e-02 -3.799999999999999906e-02 -5.480000000000000149e-02 3.169999999999999901e-02 -1.789999999999999925e-02 2.755599999999999977e-04 4.778595999999999538e-02 5.775999999999999884e-03 7.452900000000001234e-04 5.624999999999999846e-05 4.678560000000000010e-03 2.303999999999998608e-05 3.237609999999997538e-03 1.443999999999999971e-03 3.003040000000000223e-03 1.004890000000000037e-03 3.204099999999999765e-04 1.916125750000000000e+06 1.888860625000000000e+06
1.000000000000000000e+00 3.009999999999999828e-02 -1.933999999999999886e-01 -1.517999999999999905e-01 9.690000000000000002e-02 1.121000000000000052e-01 -7.950000000000000122e-02 1.349999999999999811e-02 2.520000000000000018e-02 -7.579999999999999238e-02 6.959999999999999520e-02 1.045999999999999985e-01 -1.109999999999999876e-02 9.060099999999998450e-04 3.740355999999999542e-02 2.304323999999999609e-02 9.389609999999999623e-03 1.256641000000000181e-02 6.320250000000000347e-03 1.822499999999999576e-04 6.350400000000000185e-04 5.745639999999998908e-03 4.844159999999999265e-03 1.094116000000000012e-02 1.232099999999999808e-04 1.915708000000000000e+06 1.888803750000000000e+06
1.000000000000000000e+00 2.560000000000000123e-02 -1.034000000000000058e-01 3.090000000000000038e-02 7.729999999999999372e-02 5.419999999999999818e-02 -1.353999999999999926e-01 -4.499999999999997058e-03 8.999999999999998279e-02 1.827000000000000013e-01 -1.960000000000000631e-02 -5.790000000000000702e-02 -5.589999999999999136e-02 6.553600000000000137e-04 1.069156000000000099e-02 9.548100000000000554e-04 5.975289999999999421e-03 2.937639999999999609e-03 1.833315999999999765e-02 2.024999999999997383e-05 8.099999999999996092e-03 3.337928999999999896e-02 3.841600000000002521e-04 3.352410000000000979e-03 3.124809999999999133e-03 1.916928500000000000e+06 1.886926875000000000e+06
1.000000000000000000e+00 6.999999999999999929e-04 -2.147999999999999909e-01 7.960000000000000409e-02 6.199999999999999956e-02 -9.799999999999999684e-03 -1.913999999999999868e-01 -2.490000000000000199e-02 -1.113999999999999851e-01 4.870000000000000717e-02 -1.529999999999999416e-02 -6.400000000000000133e-02 -5.599999999999999423e-02 4.899999999999999672e-07 4.613903999999999922e-02 6.336160000000000403e-03 3.843999999999999761e-03 9.603999999999999527e-05 3.663395999999999320e-02 6.200100000000000489e-04 1.240995999999999592e-02 2.371690000000000517e-03 2.340899999999998136e-04 4.095999999999999815e-03 3.135999999999999465e-03 1.919648125000000000e+06 1.893144500000000000e+06
1.000000000000000000e+00 -2.239999999999999977e-02 -2.737999999999999878e-01 -4.089999999999999886e-02 4.630000000000000088e-02 5.680000000000000326e-02 -1.270000000000000018e-01 -2.309999999999999901e-02 -5.899999999999999689e-02 -1.204999999999999960e-01 -1.569999999999999868e-02 6.660000000000000642e-02 6.439999999999998503e-02 5.017599999999999665e-04 7.496643999999999530e-02 1.672809999999999835e-03 2.143690000000000179e-03 3.226240000000000444e-03 1.612900000000000097e-02 5.336099999999999004e-04 3.480999999999999719e-03 1.452024999999999844e-02 2.464899999999999795e-04 4.435560000000000717e-03 4.147359999999998374e-03 1.919541250000000000e+06 1.889926875000000000e+06
1.000000000000000000e+00 -6.029999999999999943e-02 -1.265999999999999903e-01 1.152999999999999997e-01 4.850000000000000144e-02 8.300000000000000433e-02 -9.710000000000000575e-02 -3.790000000000000313e-02 1.471999999999999975e-01 1.562000000000000055e-01 2.200000000000000566e-03 2.620000000000000107e-02 2.989999999999999603e-02 3.636089999999999808e-03 1.602755999999999625e-02 1.329408999999999973e-02 2.352250000000000174e-03 6.889000000000001026e-03 9.428410000000001651e-03 1.436410000000000161e-03 2.166784000000000071e-02 2.439844000000000040e-02 4.840000000000002788e-06 6.864400000000000753e-04 8.940099999999997701e-04 1.917175250000000000e+06 1.883890500000000000e+06
1.000000000000000000e+00 -1.430000000000000021e-02 -1.350999999999999979e-01 3.710000000000000103e-02 9.260000000000000175e-02 -1.569999999999999868e-02 -1.063000000000000056e-01 4.599999999999999922e-02 -8.500000000000007550e-03 -7.819999999999999174e-02 4.410000000000000031e-02 -9.870000000000000995e-02 -9.199999999999999845e-03 2.044900000000000157e-04 1.825200999999999907e-02 1.376410000000000003e-03 8.574760000000000715e-03 2.464899999999999795e-04 1.129969000000000112e-02 2.115999999999999825e-03 7.225000000000012987e-05 6.115239999999998351e-03 1.944809999999999942e-03 9.741690000000002500e-03 8.464000000000000278e-05 1.918435875000000000e+06 1.884693250000000000e+06
1.000000000000000000e+00 7.639999999999999569e-02 -2.381000000000000061e-01 -1.529999999999999971e-01 7.049999999999999323e-02 4.850000000000000144e-02 -1.125000000000000028e-01 9.070000000000000284e-02 -1.030000000000000082e-01 -1.900999999999999912e-01 -2.210000000000000853e-02 6.420000000000000706e-02 -6.199999999999997180e-03 5.836959999999999545e-03 5.669161000000000339e-02 2.340899999999999925e-02 4.970249999999998974e-03 2.352250000000000174e-03 1.265625000000000083e-02 8.226490000000001232e-03 1.060900000000000211e-02 3.613800999999999819e-02 4.884100000000004280e-04 4.121640000000001067e-03 3.843999999999996400e-05 1.923919125000000000e+06 1.891172750000000000e+06
1.000000000000000000e+00 -1.050000000000000065e-02 -2.293000000000000038e-01 -1.726999999999999924e-01 2.139999999999999888e-02 1.940000000000000058e-02 -1.116000000000000048e-01 -8.689999999999999114e-02 8.800000000000002265e-03 -1.969999999999999529e-02 -4.909999999999999087e-02 -2.910000000000000087e-02 8.999999999999980238e-04 1.102500000000000100e-04 5.257848999999999856e-02 2.982528999999999736e-02 4.579599999999999318e-04 3.763600000000000083e-04 1.245456000000000167e-02 7.551609999999998532e-03 7.744000000000004461e-05 3.880899999999997893e-04 2.410809999999998909e-03 8.468100000000000323e-04 8.099999999999964799e-07 1.925802625000000000e+06 1.894792375000000000e+06
1.000000000000000000e+00 -3.660000000000000059e-02 -1.769999999999999907e-01 -1.029000000000000054e-01 5.750000000000000250e-02 6.300000000000000044e-02 -1.431000000000000050e-01 -2.609999999999999820e-02 5.230000000000001315e-02 6.979999999999998705e-02 3.610000000000000708e-02 4.359999999999999987e-02 -3.150000000000000022e-02 1.339560000000000056e-03 3.132899999999999574e-02 1.058841000000000122e-02 3.306250000000000161e-03 3.969000000000000306e-03 2.047761000000000026e-02 6.812099999999999102e-04 2.735290000000001331e-03 4.872039999999998490e-03 1.303210000000000609e-03 1.900959999999999933e-03 9.922500000000000764e-04 1.932280125000000000e+06 1.895397500000000000e+06
1.000000000000000000e+00 -5.059999999999999915e-02 -1.260000000000000009e-01 3.839999999999999664e-02 -1.430000000000000021e-02 -6.899999999999999883e-03 -1.393999999999999961e-01 -1.399999999999999856e-02 5.099999999999998979e-02 1.413000000000000089e-01 -7.180000000000000271e-02 -6.990000000000000380e-02 3.700000000000008837e-03 2.560359999999999806e-03 1.587600000000000122e-02 1.474559999999999760e-03 2.044900000000000157e-04 4.760999999999999987e-05 1.943235999999999922e-02 1.959999999999999666e-04 2.600999999999999146e-03 1.996569000000000121e-02 5.155240000000000170e-03 4.886010000000000526e-03 1.369000000000006544e-05 1.926382125000000000e+06 1.888392000000000000e+06
1.000000000000000000e+00 -2.129999999999999949e-02 -1.454000000000000015e-01 1.481000000000000094e-01 2.570000000000000062e-02 -9.120000000000000329e-02 -9.439999999999999780e-02 2.929999999999999966e-02 -1.940000000000000058e-02 1.097000000000000197e-01 4.000000000000000083e-02 -8.429999999999999993e-02 4.499999999999999833e-02 4.536899999999999744e-04 2.114115999999999912e-02 2.193361000000000269e-02 6.604900000000000137e-04 8.317440000000000597e-03 8.911360000000000114e-03 8.584899999999999476e-04 3.763600000000000083e-04 1.203409000000000423e-02 1.600000000000000077e-03 7.106490000000000029e-03 2.024999999999999890e-03 1.921483375000000000e+06 1.880883500000000000e+06
1.000000000000000000e+00 -1.729999999999999941e-02 -1.338000000000000023e-01 3.579999999999999849e-02 2.160000000000000114e-02 -3.599999999999999901e-03 -8.790000000000000591e-02 4.000000000000000083e-03 1.159999999999999920e-02 -1.123000000000000109e-01 -4.099999999999999478e-03 8.759999999999999731e-02 6.499999999999991895e-03 2.992899999999999619e-04 1.790244000000000210e-02 1.281639999999999906e-03 4.665600000000000324e-04 1.295999999999999958e-05 7.726410000000001263e-03 1.599999999999999928e-05 1.345599999999999856e-04 1.261129000000000243e-02 1.680999999999999660e-05 7.673759999999999956e-03 4.224999999999989533e-05 1.919395000000000000e+06 1.878054625000000000e+06
1.000000000000000000e+00 -2.189999999999999933e-02 -1.544999999999999984e-01 -3.490000000000000047e-02 4.379999999999999866e-02 4.499999999999999660e-03 -5.299999999999999850e-02 -4.599999999999999922e-03 -2.069999999999999618e-02 -7.069999999999999896e-02 2.219999999999999751e-02 8.099999999999999561e-03 3.490000000000000741e-02 4.796099999999999973e-04 2.387024999999999911e-02 1.218010000000000056e-03 1.918439999999999989e-03 2.024999999999999755e-05 2.808999999999999865e-03 2.116000000000000069e-05 4.284899999999998497e-04 4.998489999999999531e-03 4.928399999999999231e-04 6.560999999999999016e-05 1.218010000000000490e-03 1.925481750000000000e+06 1.878690500000000000e+06
1.000000000000000000e+00 -2.970000000000000070e-02 -1.869000000000000106e-01 -5.040000000000000036e-02 5.349999999999999895e-02 -8.450000000000000566e-02 -8.999999999999999320e-03 -7.800000000000001377e-03 -3.240000000000001212e-02 -1.549999999999999989e-02 9.700000000000000289e-03 -8.900000000000000966e-02 4.399999999999999745e-02 8.820900000000000876e-04 3.493161000000000183e-02 2.540160000000000074e-03 2.862249999999999777e-03 7.140250000000000763e-03 8.099999999999999019e-05 6.084000000000002058e-05 1.049760000000000710e-03 2.402499999999999851e-04 9.409000000000000208e-05 7.921000000000000957e-03 1.935999999999999787e-03 1.923205500000000000e+06 1.878803125000000000e+06
1.000000000000000000e+00 -5.539999999999999786e-02 -1.817000000000000004e-01 -3.409999999999999837e-02 6.279999999999999472e-02 -9.900000000000000813e-03 -1.930000000000000118e-02 -2.569999999999999715e-02 5.200000000000010170e-03 1.630000000000000199e-02 9.299999999999995770e-03 7.459999999999999964e-02 -1.030000000000000186e-02 3.069159999999999597e-03 3.301488999999999813e-02 1.162809999999999799e-03 3.943839999999999672e-03 9.801000000000001876e-05 3.724900000000000606e-04 6.604899999999999053e-04 2.704000000000010703e-05 2.656900000000000667e-04 8.648999999999992577e-05 5.565159999999999552e-03 1.060900000000000363e-04 1.927477250000000000e+06 1.879833125000000000e+06
1.000000000000000000e+00 9.499999999999999764e-03 -1.403000000000000080e-01 -3.590999999999999748e-01 5.630000000000000282e-02 2.122999999999999887e-01 -1.213000000000000050e-01 6.489999999999999936e-02 4.139999999999999236e-02 -3.249999999999999556e-01 -6.499999999999991895e-03 2.221999999999999809e-01 -1.020000000000000073e-01 9.024999999999999819e-05 1.968409000000000131e-02 1.289528099999999733e-01 3.169690000000000181e-03 4.507128999999999303e-02 1.471369000000000149e-02 4.212009999999999539e-03 1.713959999999999399e-03 1.056249999999999689e-01 4.224999999999989533e-05 4.937283999999999423e-02 1.040400000000000179e-02 1.927808500000000000e+06 1.883009500000000000e+06
1.000000000000000000e+00 3.490000000000000047e-02 -1.862000000000000044e-01 -6.018999999999999906e-01 7.109999999999999654e-02 3.178000000000000269e-01 -1.062000000000000027e-01 2.539999999999999897e-02 -4.589999999999999636e-02 -2.428000000000000158e-01 1.479999999999999372e-02 1.055000000000000382e-01 1.510000000000000231e-02 1.218010000000000056e-03 3.467044000000000376e-02 3.622836099999999782e-01 5.055209999999999218e-03 1.009968400000000183e-01 1.127844000000000069e-02 6.451599999999999826e-04 2.106809999999999759e-03 5.895184000000000535e-02 2.190399999999998273e-04 1.113025000000000819e-02 2.280100000000000616e-04 1.930787000000000000e+06 1.888199375000000000e+06
1.000000000000000000e+00 1.669999999999999957e-02 -1.150000000000000050e-01 -3.930000000000000160e-01 1.140999999999999931e-01 2.893000000000000016e-01 -1.039999999999999952e-01 -1.820000000000000090e-02 7.119999999999999940e-02 2.088999999999999746e-01 4.299999999999999656e-02 -2.850000000000002531e-02 2.200000000000007505e-03 2.788900000000000081e-04 1.322500000000000064e-02 1.544490000000000030e-01 1.301880999999999872e-02 8.369448999999999639e-02 1.081599999999999923e-02 3.312400000000000067e-04 5.069439999999999710e-03 4.363920999999999079e-02 1.848999999999999732e-03 8.122500000000014474e-04 4.840000000000033281e-06 1.933584250000000000e+06 1.887414875000000000e+06
1.000000000000000000e+00 5.109999999999999959e-02 -1.970000000000000084e-01 -2.572999999999999732e-01 1.738999999999999990e-01 2.501999999999999780e-01 -1.565999999999999892e-01 3.440000000000000002e-02 -8.200000000000000344e-02 1.357000000000000428e-01 5.980000000000000593e-02 -3.910000000000002363e-02 -5.259999999999999398e-02 2.611210000000000094e-03 3.880900000000000322e-02 6.620328999999998409e-02 3.024121000000000101e-02 6.260003999999999569e-02 2.452355999999999633e-02 1.183360000000000054e-03 6.724000000000000810e-03 1.841449000000001252e-02 3.576040000000000815e-03 1.528810000000001756e-03 2.766759999999999185e-03 1.936213500000000000e+06 1.888758750000000000e+06
1.000000000000000000e+00 4.009999999999999676e-02 -5.909999999999999698e-01 -5.332999999999999963e-01 9.479999999999999538e-02 3.232999999999999763e-01 -2.506999999999999784e-01 -1.100000000000000283e-02 -3.939999999999999614e-01 -2.760000000000000231e-01 -7.910000000000000364e-02 7.309999999999999831e-02 -9.409999999999998921e-02 1.608009999999999778e-03 3.492809999999999526e-01 2.844088899999999698e-01 8.987039999999999959e-03 1.045228899999999794e-01 6.285048999999999497e-02 1.210000000000000680e-04 1.552359999999999574e-01 7.617600000000000759e-02 6.256810000000000670e-03 5.343609999999999506e-03 8.854809999999997683e-03 1.951310500000000000e+06 1.906067250000000000e+06
1.000000000000000000e+00 6.599999999999999964e-03 -4.341999999999999749e-01 -4.375000000000000000e-01 -3.520000000000000212e-02 1.559000000000000108e-01 -2.394000000000000017e-01 -3.349999999999999506e-02 1.567999999999999949e-01 9.579999999999999627e-02 -1.300000000000000044e-01 -1.673999999999999655e-01 1.129999999999997673e-02 4.355999999999999629e-05 1.885296399999999706e-01 1.914062500000000000e-01 1.239040000000000063e-03 2.430481000000000308e-02 5.731235999999999969e-02 1.122249999999999767e-03 2.458623999999999879e-02 9.177639999999999063e-03 1.690000000000000183e-02 2.802275999999998685e-02 1.276899999999994771e-04 1.942641750000000000e+06 1.899059000000000000e+06
1.000000000000000000e+00 -7.789999999999999702e-02 -2.504000000000000115e-01 -4.440000000000000197e-02 -6.679999999999999827e-02 5.999999999999999474e-04 -2.187000000000000055e-01 -8.449999999999999178e-02 1.837999999999999634e-01 3.931000000000000050e-01 -3.159999999999999615e-02 -1.553000000000000214e-01 2.069999999999999618e-02 6.068409999999999777e-03 6.270016000000000478e-02 1.971360000000000126e-03 4.462240000000000130e-03 3.599999999999999414e-07 4.782969000000000109e-02 7.140249999999999028e-03 3.378243999999998998e-02 1.545276100000000097e-01 9.985599999999996822e-04 2.411809000000000522e-02 4.284899999999998497e-04 1.944807750000000000e+06 1.892686375000000000e+06
1.000000000000000000e+00 -1.355999999999999983e-01 -2.731000000000000094e-01 -4.379999999999999866e-02 -2.060000000000000026e-02 6.079999999999999988e-02 -2.291999999999999871e-01 -5.770000000000000129e-02 -2.269999999999999796e-02 6.000000000000033085e-04 4.619999999999999801e-02 6.019999999999999657e-02 -1.049999999999998157e-02 1.838735999999999843e-02 7.458361000000000851e-02 1.918439999999999989e-03 4.243600000000000367e-04 3.696640000000000169e-03 5.253263999999999156e-02 3.329289999999999940e-03 5.152899999999999538e-04 3.600000000000039648e-07 2.134439999999999601e-03 3.624039999999999380e-03 1.102499999999996170e-04 1.947669125000000000e+06 1.889410625000000000e+06
1.000000000000000000e+00 -1.275999999999999912e-01 7.249999999999999500e-02 8.500000000000000611e-02 -1.195999999999999980e-01 1.239999999999999991e-01 -1.428000000000000103e-01 8.000000000000007105e-03 3.456000000000000183e-01 1.287999999999999978e-01 -9.900000000000000466e-02 6.320000000000000617e-02 8.639999999999997682e-02 1.628175999999999929e-02 5.256249999999999638e-03 7.225000000000001386e-03 1.430415999999999979e-02 1.537599999999999904e-02 2.039184000000000135e-02 6.400000000000011908e-05 1.194393600000000083e-01 1.658944000000000044e-02 9.801000000000000684e-03 3.994240000000000464e-03 7.464959999999996182e-03 1.951372750000000000e+06 1.895784125000000000e+06
1.000000000000000000e+00 -1.115000000000000019e-01 -7.900000000000000078e-02 -1.000000000000000021e-03 -9.569999999999999341e-02 9.619999999999999385e-02 -1.671999999999999875e-01 1.609999999999998932e-02 -1.514999999999999958e-01 -8.600000000000000699e-02 2.390000000000000457e-02 -2.780000000000000526e-02 -2.439999999999997726e-02 1.243225000000000059e-02 6.241000000000000020e-03 9.999999999999999547e-07 9.158489999999998299e-03 9.254439999999999195e-03 2.795583999999999569e-02 2.592099999999996815e-04 2.295225000000000043e-02 7.396000000000001531e-03 5.712100000000002722e-04 7.728400000000003323e-04 5.953599999999988806e-04 1.950455000000000000e+06 1.900672000000000000e+06
1.000000000000000000e+00 -2.019999999999999921e-02 -3.007000000000000228e-01 -1.190999999999999975e-01 1.699999999999999905e-03 -5.460000000000000270e-02 -1.474999999999999922e-01 9.130000000000000615e-02 -2.217000000000000082e-01 -1.180999999999999966e-01 9.739999999999998659e-02 -1.507999999999999896e-01 1.969999999999999529e-02 4.080399999999999761e-04 9.042049000000002001e-02 1.418480999999999909e-02 2.889999999999999859e-06 2.981160000000000494e-03 2.175624999999999781e-02 8.335690000000001501e-03 4.915089000000000263e-02 1.394760999999999918e-02 9.486759999999996862e-03 2.274063999999999600e-02 3.880899999999997893e-04 1.946788125000000000e+06 1.895951250000000000e+06
1.000000000000000000e+00 -5.109999999999999959e-02 -1.471000000000000085e-01 -1.159999999999999920e-02 -1.119999999999999989e-02 -1.166999999999999982e-01 -1.141999999999999960e-01 -3.090000000000000038e-02 1.536000000000000143e-01 1.074999999999999983e-01 -1.290000000000000001e-02 -6.209999999999999548e-02 3.329999999999999627e-02 2.611210000000000094e-03 2.163841000000000375e-02 1.345599999999999856e-04 1.254399999999999916e-04 1.361888999999999982e-02 1.304163999999999844e-02 9.548100000000000554e-04 2.359296000000000310e-02 1.155624999999999881e-02 1.664100000000000008e-04 3.856409999999999352e-03 1.108889999999999746e-03 1.945324375000000000e+06 1.892958000000000000e+06
1.000000000000000000e+00 -5.670000000000000040e-02 7.900000000000000772e-03 4.540000000000000285e-02 -9.599999999999999159e-03 -9.289999999999999647e-02 -1.189000000000000057e-01 -5.600000000000000810e-03 1.549999999999999989e-01 5.700000000000000205e-02 1.600000000000000727e-03 2.380000000000000171e-02 -4.700000000000009726e-03 3.214890000000000195e-03 6.241000000000000724e-05 2.061160000000000249e-03 9.215999999999998499e-05 8.630409999999999818e-03 1.413721000000000075e-02 3.136000000000001146e-05 2.402500000000000122e-02 3.249000000000000152e-03 2.560000000000002171e-06 5.664400000000000858e-04 2.209000000000009174e-05 1.946091375000000000e+06 1.894109125000000000e+06
1.000000000000000000e+00 1.100000000000000066e-03 5.929999999999999855e-02 7.839999999999999747e-02 -1.859999999999999848e-02 -1.305000000000000049e-01 -1.203999999999999931e-01 5.779999999999999721e-02 5.140000000000000124e-02 3.299999999999999462e-02 -8.999999999999999320e-03 -3.760000000000000842e-02 -1.499999999999987454e-03 1.210000000000000062e-06 3.516489999999999720e-03 6.146559999999999697e-03 3.459599999999999199e-04 1.703025000000000025e-02 1.449615999999999752e-02 3.340839999999999869e-03 2.641960000000000055e-03 1.088999999999999690e-03 8.099999999999999019e-05 1.413760000000000667e-03 2.249999999999962364e-06 1.945418750000000000e+06 1.895375875000000000e+06
1.000000000000000000e+00 -2.419999999999999929e-02 8.099999999999999561e-03 4.649999999999999967e-02 5.100000000000000366e-03 -7.130000000000000226e-02 -1.127999999999999975e-01 -2.529999999999999957e-02 -5.119999999999999551e-02 -3.189999999999999780e-02 2.369999999999999885e-02 5.920000000000000262e-02 7.599999999999995648e-03 5.856400000000000104e-04 6.560999999999999016e-05 2.162250000000000109e-03 2.601000000000000339e-05 5.083690000000000084e-03 1.272384000000000015e-02 6.400899999999999515e-04 2.621439999999999621e-03 1.017609999999999956e-03 5.616899999999999974e-04 3.504640000000000272e-03 5.775999999999993488e-05 1.947103875000000000e+06 1.899535125000000000e+06
1.000000000000000000e+00 -8.200000000000000344e-02 -1.595999999999999919e-01 -4.989999999999999991e-02 -3.099999999999999978e-02 4.039999999999999841e-02 -1.721999999999999920e-01 -5.780000000000000415e-02 -1.676999999999999880e-01 -9.639999999999999958e-02 -3.610000000000000014e-02 1.116999999999999937e-01 -5.939999999999999447e-02 6.724000000000000810e-03 2.547215999999999717e-02 2.490009999999999966e-03 9.609999999999999402e-04 1.632159999999999904e-03 2.965283999999999628e-02 3.340840000000000302e-03 2.812328999999999524e-02 9.292959999999999415e-03 1.303209999999999959e-03 1.247688999999999916e-02 3.528359999999999483e-03 1.948841750000000000e+06 1.902206500000000000e+06
1.000000000000000000e+00 -1.188000000000000028e-01 -1.222000000000000031e-01 -1.359999999999999924e-02 -4.839999999999999858e-02 4.710000000000000298e-02 -1.630000000000000060e-01 -3.679999999999999938e-02 3.739999999999998881e-02 3.629999999999999893e-02 -1.739999999999999880e-02 6.700000000000004563e-03 9.199999999999985967e-03 1.411344000000000140e-02 1.493284000000000104e-02 1.849599999999999910e-04 2.342560000000000042e-03 2.218410000000000087e-03 2.656900000000000234e-02 1.354240000000000044e-03 1.398759999999999110e-03 1.317689999999999834e-03 3.027599999999999541e-04 4.489000000000005979e-05 8.463999999999974528e-05 1.945010125000000000e+06 1.895351125000000000e+06
1.000000000000000000e+00 -6.360000000000000375e-02 -7.850000000000000033e-02 3.869999999999999829e-02 -1.100000000000000066e-03 -2.460000000000000034e-02 -9.510000000000000397e-02 5.519999999999999907e-02 4.370000000000000273e-02 5.229999999999999927e-02 4.730000000000000177e-02 -7.169999999999999984e-02 6.790000000000000202e-02 4.044960000000000222e-03 6.162250000000000193e-03 1.497689999999999872e-03 1.210000000000000062e-06 6.051599999999999861e-04 9.044009999999999896e-03 3.047039999999999992e-03 1.909690000000000346e-03 2.735290000000000030e-03 2.237290000000000285e-03 5.140890000000000390e-03 4.610410000000000549e-03 1.943693875000000000e+06 1.891614125000000000e+06
1.000000000000000000e+00 -7.000000000000000666e-02 -1.579000000000000126e-01 -5.199999999999999761e-03 3.899999999999999821e-03 -4.150000000000000216e-02 -1.087999999999999939e-01 -6.400000000000002909e-03 -7.940000000000001223e-02 -4.389999999999999458e-02 5.000000000000000104e-03 -1.690000000000000183e-02 -1.369999999999998996e-02 4.900000000000000709e-03 2.493241000000000554e-02 2.703999999999999861e-05 1.520999999999999837e-05 1.722250000000000256e-03 1.183743999999999942e-02 4.096000000000003474e-05 6.304360000000001907e-03 1.927209999999999514e-03 2.500000000000000120e-05 2.856100000000000522e-04 1.876899999999997158e-04 1.942658375000000000e+06 1.893232875000000000e+06
1.000000000000000000e+00 2.949999999999999845e-02 -1.348000000000000032e-01 2.120000000000000009e-02 -1.370000000000000037e-02 -9.260000000000000175e-02 -1.436000000000000054e-01 9.950000000000000511e-02 2.310000000000000941e-02 2.639999999999999986e-02 -1.760000000000000106e-02 -5.109999999999999959e-02 -3.480000000000001148e-02 8.702499999999999299e-04 1.817103999999999941e-02 4.494400000000000066e-04 1.876900000000000139e-04 8.574760000000000715e-03 2.062096000000000068e-02 9.900250000000001063e-03 5.336100000000004425e-04 6.969599999999999407e-04 3.097600000000000158e-04 2.611210000000000094e-03 1.211040000000000900e-03 1.947463000000000000e+06 1.897953875000000000e+06
1.000000000000000000e+00 4.080000000000000293e-02 -1.713999999999999968e-01 3.540000000000000091e-02 -1.179999999999999973e-02 -3.400000000000000244e-02 -1.466999999999999971e-01 1.130000000000000449e-02 -3.659999999999999365e-02 1.420000000000000082e-02 1.900000000000000647e-03 5.859999999999999931e-02 -3.099999999999991651e-03 1.664640000000000217e-03 2.937795999999999810e-02 1.253160000000000125e-03 1.392400000000000018e-04 1.156000000000000126e-03 2.152089000000000085e-02 1.276900000000001005e-04 1.339559999999999623e-03 2.016400000000000278e-04 3.610000000000002282e-06 3.433959999999999790e-03 9.609999999999948648e-06 1.948815000000000000e+06 1.900039375000000000e+06
1.000000000000000000e+00 4.100000000000000172e-02 -1.353000000000000036e-01 5.999999999999999474e-04 6.429999999999999605e-02 5.290000000000000258e-02 -1.165999999999999953e-01 1.999999999999987899e-04 3.609999999999999321e-02 -3.479999999999999760e-02 7.610000000000000098e-02 8.690000000000000502e-02 3.010000000000000175e-02 1.681000000000000202e-03 1.830609000000000056e-02 3.599999999999999414e-07 4.134489999999999346e-03 2.798410000000000307e-03 1.359555999999999959e-02 3.999999999999951776e-08 1.303209999999999525e-03 1.211039999999999816e-03 5.791209999999999761e-03 7.551610000000001134e-03 9.060100000000000618e-04 1.947782625000000000e+06 1.898824000000000000e+06
1.000000000000000000e+00 4.830000000000000265e-02 -4.710000000000000298e-02 -3.059999999999999873e-02 6.610000000000000597e-02 5.290000000000000258e-02 -1.164000000000000035e-01 7.300000000000000933e-03 8.820000000000000062e-02 -3.119999999999999857e-02 1.800000000000009925e-03 0.000000000000000000e+00 1.999999999999918510e-04 2.332890000000000224e-03 2.218410000000000087e-03 9.363599999999999051e-04 4.369210000000000975e-03 2.798410000000000307e-03 1.354896000000000052e-02 5.329000000000001325e-05 7.779239999999999766e-03 9.734399999999998956e-04 3.240000000000035895e-06 0.000000000000000000e+00 3.999999999999673844e-08 1.945154875000000000e+06 1.899620625000000000e+06
1.000000000000000000e+00 1.179999999999999973e-02 8.029999999999999638e-02 -1.190000000000000085e-02 1.389999999999999916e-02 -6.149999999999999911e-02 -1.024999999999999939e-01 -3.650000000000000466e-02 1.274000000000000132e-01 1.869999999999999787e-02 -5.220000000000001028e-02 -1.144000000000000017e-01 1.390000000000000957e-02 1.392400000000000018e-04 6.448089999999999204e-03 1.416100000000000214e-04 1.932099999999999746e-04 3.782250000000000022e-03 1.050624999999999823e-02 1.332250000000000318e-03 1.623076000000000380e-02 3.496899999999999401e-04 2.724840000000000942e-03 1.308736000000000101e-02 1.932100000000002728e-04 1.942301875000000000e+06 1.896806250000000000e+06
1.000000000000000000e+00 -1.750000000000000167e-02 8.740000000000000546e-02 8.260000000000000675e-02 4.000000000000000083e-03 -1.297000000000000097e-01 -1.001999999999999974e-01 -2.929999999999999966e-02 7.100000000000009082e-03 9.450000000000000067e-02 -9.899999999999999079e-03 -6.820000000000001061e-02 2.299999999999996492e-03 3.062500000000000443e-04 7.638760000000001382e-03 6.822760000000001497e-03 1.599999999999999928e-05 1.682209000000000135e-02 1.004004000000000008e-02 8.584899999999999476e-04 5.041000000000012891e-05 8.930250000000000687e-03 9.800999999999997811e-05 4.651240000000001797e-03 5.289999999999984080e-06 1.937873125000000000e+06 1.891730750000000000e+06
1.000000000000000000e+00 -1.069999999999999944e-02 -6.829999999999999960e-02 8.399999999999999481e-03 1.190000000000000085e-02 -4.660000000000000253e-02 -1.029999999999999943e-01 6.800000000000002223e-03 -1.557000000000000051e-01 -7.420000000000000207e-02 7.900000000000000772e-03 8.310000000000000719e-02 -2.799999999999996936e-03 1.144899999999999830e-04 4.664889999999999662e-03 7.055999999999998851e-05 1.416100000000000214e-04 2.171560000000000330e-03 1.060899999999999864e-02 4.624000000000003162e-05 2.424249000000000195e-02 5.505640000000000013e-03 6.241000000000000724e-05 6.905610000000001261e-03 7.839999999999982535e-06 1.939647375000000000e+06 1.898902500000000000e+06
1.000000000000000000e+00 -1.329999999999999932e-02 -1.633999999999999897e-01 5.550000000000000072e-02 2.460000000000000034e-02 -1.155999999999999944e-01 -1.154000000000000026e-01 -2.599999999999999881e-03 -9.509999999999999010e-02 4.710000000000000298e-02 1.269999999999999948e-02 -6.899999999999999190e-02 -1.240000000000000824e-02 1.768899999999999954e-04 2.669955999999999718e-02 3.080250000000000089e-03 6.051599999999999861e-04 1.336335999999999948e-02 1.331715999999999976e-02 6.759999999999999652e-06 9.044009999999998162e-03 2.218410000000000087e-03 1.612899999999999957e-04 4.760999999999998740e-03 1.537600000000002084e-04 1.943016625000000000e+06 1.904170250000000000e+06
1.000000000000000000e+00 -1.030000000000000013e-02 3.209999999999999659e-02 1.112999999999999962e-01 5.220000000000000334e-02 -9.810000000000000664e-02 -8.649999999999999356e-02 2.999999999999999195e-03 1.954999999999999793e-01 5.579999999999999544e-02 2.760000000000000300e-02 1.749999999999998779e-02 2.890000000000000902e-02 1.060900000000000092e-04 1.030409999999999833e-03 1.238768999999999981e-02 2.724840000000000508e-03 9.623610000000001191e-03 7.482249999999999318e-03 8.999999999999995146e-06 3.822024999999999034e-02 3.113639999999999550e-03 7.617600000000002147e-04 3.062499999999995564e-04 8.352100000000005093e-04 1.946176250000000000e+06 1.904332125000000000e+06
1.000000000000000000e+00 6.149999999999999911e-02 -6.900000000000000577e-02 1.290000000000000036e-01 1.378999999999999948e-01 -2.394000000000000017e-01 -7.370000000000000162e-02 7.180000000000000271e-02 -1.010999999999999954e-01 1.770000000000000739e-02 8.569999999999999840e-02 -1.412999999999999812e-01 1.279999999999999194e-02 3.782250000000000022e-03 4.761000000000000475e-03 1.664099999999999954e-02 1.901640999999999748e-02 5.731235999999999969e-02 5.431690000000000303e-03 5.155240000000000170e-03 1.022120999999999967e-02 3.132900000000002480e-04 7.344489999999999526e-03 1.996568999999999428e-02 1.638399999999997866e-04 1.948912625000000000e+06 1.900647625000000000e+06
1.000000000000000000e+00 8.099999999999999561e-03 2.089999999999999844e-02 1.633999999999999897e-01 1.071000000000000008e-01 -1.416999999999999926e-01 -1.063000000000000056e-01 -5.340000000000000302e-02 8.990000000000000768e-02 3.439999999999998614e-02 -3.079999999999999405e-02 9.770000000000000906e-02 -3.260000000000000397e-02 6.560999999999999016e-05 4.368099999999999327e-04 2.669955999999999718e-02 1.147041000000000033e-02 2.007888999999999854e-02 1.129969000000000112e-02 2.851560000000000379e-03 8.082010000000000582e-03 1.183359999999998970e-03 9.486399999999996181e-04 9.545290000000001412e-03 1.062760000000000267e-03 1.946015500000000000e+06 1.893896625000000000e+06
1.000000000000000000e+00 -4.400000000000000265e-03 1.058999999999999941e-01 1.918999999999999873e-01 7.599999999999999985e-03 -4.619999999999999801e-02 -8.880000000000000393e-02 -1.250000000000000069e-02 8.499999999999999223e-02 2.849999999999999756e-02 -9.950000000000000511e-02 9.550000000000000155e-02 1.750000000000000167e-02 1.936000000000000099e-05 1.121480999999999867e-02 3.682560999999999474e-02 5.776000000000000264e-05 2.134439999999999601e-03 7.885440000000000504e-03 1.562500000000000304e-04 7.224999999999998784e-03 8.122499999999998211e-04 9.900250000000001063e-03 9.120249999999999885e-03 3.062500000000000443e-04 1.940550375000000000e+06 1.883549125000000000e+06
1.000000000000000000e+00 1.280000000000000061e-02 -1.426999999999999935e-01 3.020000000000000115e-02 4.089999999999999886e-02 -4.610000000000000209e-02 -9.439999999999999780e-02 1.720000000000000001e-02 -2.485999999999999877e-01 -1.616999999999999826e-01 3.329999999999999627e-02 9.999999999999592548e-05 -5.599999999999993872e-03 1.638400000000000034e-04 2.036328999999999917e-02 9.120400000000000295e-04 1.672809999999999835e-03 2.125210000000000207e-03 8.911360000000000114e-03 2.958400000000000135e-04 6.180195999999999606e-02 2.614688999999999555e-02 1.108889999999999746e-03 9.999999999999184609e-09 3.135999999999993014e-05 1.935365250000000000e+06 1.881888125000000000e+06
1.000000000000000000e+00 3.839999999999999664e-02 -1.000999999999999945e-01 1.239999999999999956e-02 6.829999999999999960e-02 -3.649999999999999772e-02 -9.619999999999999385e-02 2.559999999999999776e-02 4.259999999999999898e-02 -1.780000000000000332e-02 2.740000000000000074e-02 9.600000000000004363e-03 -1.799999999999996048e-03 1.474559999999999760e-03 1.002000999999999933e-02 1.537599999999999915e-04 4.664889999999999662e-03 1.332249999999999884e-03 9.254439999999999195e-03 6.553599999999999053e-04 1.814759999999999898e-03 3.168400000000001445e-04 7.507600000000000558e-04 9.216000000000007986e-05 3.239999999999985920e-06 1.936367250000000000e+06 1.886869500000000000e+06
1.000000000000000000e+00 3.570000000000000256e-02 -1.019999999999999934e-01 -2.230000000000000038e-02 5.619999999999999996e-02 -8.089999999999999969e-02 -1.174999999999999933e-01 -2.699999999999994071e-03 -1.899999999999998912e-03 -3.470000000000000168e-02 -1.209999999999999964e-02 -4.440000000000000197e-02 -2.129999999999999949e-02 1.274490000000000085e-03 1.040399999999999832e-02 4.972900000000000584e-04 3.158440000000000206e-03 6.544809999999999864e-03 1.380624999999999908e-02 7.289999999999968319e-06 3.609999999999995930e-06 1.204090000000000108e-03 1.464100000000000026e-04 1.971360000000000126e-03 4.536899999999999744e-04 1.940910625000000000e+06 1.892195625000000000e+06
1.000000000000000000e+00 5.909999999999999976e-02 -1.229999999999999982e-01 -6.019999999999999657e-02 8.559999999999999554e-02 3.960000000000000325e-02 -1.456000000000000072e-01 2.339999999999999719e-02 -2.100000000000000477e-02 -3.789999999999999619e-02 2.939999999999999558e-02 1.204999999999999960e-01 -2.810000000000001386e-02 3.492809999999999838e-03 1.512900000000000009e-02 3.624039999999999380e-03 7.327359999999998909e-03 1.568160000000000300e-03 2.119936000000000043e-02 5.475599999999998871e-04 4.410000000000002026e-04 1.436409999999999727e-03 8.643599999999997813e-04 1.452024999999999844e-02 7.896100000000008104e-04 1.942475250000000000e+06 1.892362500000000000e+06
1.000000000000000000e+00 -3.200000000000000153e-03 3.760000000000000148e-02 3.810000000000000192e-02 3.459999999999999881e-02 1.899999999999999996e-03 -1.693999999999999950e-01 -6.230000000000000121e-02 1.605999999999999928e-01 9.829999999999999849e-02 -5.099999999999999672e-02 -3.770000000000000434e-02 -2.379999999999998783e-02 1.024000000000000021e-05 1.413760000000000017e-03 1.451610000000000096e-03 1.197159999999999848e-03 3.610000000000000165e-06 2.869635999999999715e-02 3.881290000000000347e-03 2.579235999999999682e-02 9.662890000000000368e-03 2.600999999999999580e-03 1.421290000000000400e-03 5.664399999999994353e-04 1.943585875000000000e+06 1.896801125000000000e+06
1.000000000000000000e+00 -4.639999999999999680e-02 -7.729999999999999372e-02 -9.669999999999999429e-02 -6.160000000000000198e-02 -4.199999999999999740e-03 -1.267000000000000071e-01 -4.319999999999999535e-02 -1.149000000000000021e-01 -1.348000000000000032e-01 -9.620000000000000773e-02 -6.099999999999999520e-03 4.269999999999998797e-02 2.152959999999999770e-03 5.975289999999999421e-03 9.350889999999998856e-03 3.794560000000000207e-03 1.763999999999999713e-05 1.605289000000000021e-02 1.866239999999999696e-03 1.320201000000000013e-02 1.817103999999999941e-02 9.254440000000000929e-03 3.720999999999999102e-05 1.823289999999998896e-03 1.940731625000000000e+06 1.894426750000000000e+06
1.000000000000000000e+00 -1.045999999999999985e-01 6.869999999999999718e-02 -4.000000000000000192e-04 -7.320000000000000118e-02 -1.188000000000000028e-01 -1.313999999999999890e-01 -5.820000000000000173e-02 1.459999999999999909e-01 9.629999999999999671e-02 -1.159999999999999920e-02 -1.146000000000000074e-01 -4.699999999999981970e-03 1.094116000000000012e-02 4.719689999999999476e-03 1.600000000000000033e-07 5.358240000000000225e-03 1.411344000000000140e-02 1.726595999999999687e-02 3.387240000000000129e-03 2.131599999999999814e-02 9.273689999999999364e-03 1.345599999999999856e-04 1.313316000000000136e-02 2.208999999999983085e-05 1.935197750000000000e+06 1.891657500000000000e+06
1.000000000000000000e+00 5.109999999999999959e-02 -1.283999999999999864e-01 7.929999999999999549e-02 1.439999999999999961e-02 -2.096000000000000085e-01 -9.869999999999999607e-02 1.557000000000000051e-01 -1.970999999999999974e-01 7.969999999999999307e-02 8.759999999999999731e-02 -9.080000000000000571e-02 3.269999999999999296e-02 2.611210000000000094e-03 1.648655999999999733e-02 6.288489999999999011e-03 2.073599999999999933e-04 4.393216000000000482e-02 9.741689999999999031e-03 2.424249000000000195e-02 3.884840999999999989e-02 6.352089999999998605e-03 7.673759999999999956e-03 8.244640000000000996e-03 1.069289999999999434e-03 1.935544500000000000e+06 1.895422750000000000e+06
1.000000000000000000e+00 1.064999999999999974e-01 -1.839999999999999969e-01 -7.149999999999999412e-02 9.479999999999999538e-02 -7.280000000000000360e-02 -1.115000000000000019e-01 5.539999999999999786e-02 -5.560000000000001052e-02 -1.507999999999999896e-01 8.039999999999999925e-02 1.368000000000000049e-01 -1.280000000000000582e-02 1.134224999999999990e-02 3.385599999999999721e-02 5.112249999999998740e-03 8.987039999999999959e-03 5.299840000000000106e-03 1.243225000000000059e-02 3.069159999999999597e-03 3.091360000000001329e-03 2.274063999999999600e-02 6.464160000000000045e-03 1.871424000000000004e-02 1.638400000000001390e-04 1.936292125000000000e+06 1.903141750000000000e+06
1.000000000000000000e+00 -3.509999999999999926e-02 5.550000000000000072e-02 1.219999999999999973e-01 -4.789999999999999813e-02 -5.920000000000000262e-02 -7.920000000000000651e-02 -1.416000000000000036e-01 2.394999999999999907e-01 1.935000000000000053e-01 -1.426999999999999935e-01 1.360000000000000098e-02 3.229999999999999538e-02 1.232009999999999963e-03 3.080250000000000089e-03 1.488399999999999966e-02 2.294409999999999766e-03 3.504640000000000272e-03 6.272640000000001201e-03 2.005056000000000199e-02 5.736024999999999457e-02 3.744225000000000331e-02 2.036328999999999917e-02 1.849600000000000181e-04 1.043289999999999669e-03 1.945538375000000000e+06 1.909501375000000000e+06
1.000000000000000000e+00 -4.909999999999999781e-02 -1.149999999999999981e-02 1.179000000000000048e-01 -7.729999999999999372e-02 -4.469999999999999668e-02 -3.629999999999999893e-02 -1.399999999999999856e-02 -6.700000000000000400e-02 -4.099999999999992539e-03 -2.939999999999999558e-02 1.450000000000000594e-02 4.290000000000000757e-02 2.410809999999999776e-03 1.322499999999999891e-04 1.390041000000000193e-02 5.975289999999999421e-03 1.998089999999999675e-03 1.317689999999999834e-03 1.959999999999999666e-04 4.489000000000000802e-03 1.680999999999993900e-05 8.643599999999997813e-04 2.102500000000001774e-04 1.840410000000000657e-03 1.944775250000000000e+06 1.902818625000000000e+06
1.000000000000000000e+00 1.499999999999999944e-02 -2.290000000000000022e-02 5.609999999999999709e-02 2.089999999999999844e-02 -7.749999999999999944e-02 -2.759999999999999953e-02 6.409999999999999032e-02 -1.140000000000000041e-02 -6.180000000000000770e-02 9.819999999999999563e-02 -3.280000000000000276e-02 8.699999999999999400e-03 2.249999999999999938e-04 5.244100000000000020e-04 3.147209999999999678e-03 4.368099999999999327e-04 6.006250000000000304e-03 7.617599999999999979e-04 4.108809999999998332e-03 1.299600000000000093e-04 3.819240000000001089e-03 9.643239999999999104e-03 1.075840000000000216e-03 7.568999999999998852e-05 1.940844625000000000e+06 1.898358625000000000e+06
1.000000000000000000e+00 2.210000000000000159e-02 4.499999999999999833e-02 1.360999999999999988e-01 2.330000000000000127e-02 -1.574000000000000121e-01 7.000000000000000146e-03 7.100000000000002143e-03 6.790000000000000202e-02 8.000000000000000167e-02 2.400000000000002826e-03 -7.990000000000001268e-02 3.459999999999999881e-02 4.884100000000001027e-04 2.024999999999999890e-03 1.852320999999999829e-02 5.428900000000000826e-04 2.477476000000000331e-02 4.900000000000000519e-05 5.041000000000002727e-05 4.610410000000000549e-03 6.400000000000000307e-03 5.760000000000013461e-06 6.384010000000001593e-03 1.197159999999999848e-03 1.938087625000000000e+06 1.897391875000000000e+06
1.000000000000000000e+00 2.000000000000000042e-02 -1.169000000000000039e-01 2.359999999999999945e-02 5.109999999999999959e-02 -1.552999999999999936e-01 5.269999999999999685e-02 -2.100000000000001171e-03 -1.618999999999999884e-01 -1.125000000000000028e-01 2.779999999999999832e-02 2.100000000000018519e-03 4.569999999999999757e-02 4.000000000000000192e-04 1.366561000000000164e-02 5.569600000000000072e-04 2.611210000000000094e-03 2.411808999999999828e-02 2.777289999999999533e-03 4.410000000000005211e-06 2.621160999999999630e-02 1.265625000000000083e-02 7.728399999999998986e-04 4.410000000000078056e-06 2.088489999999999704e-03 1.939525000000000000e+06 1.896041375000000000e+06
1.000000000000000000e+00 2.359999999999999945e-02 -1.827000000000000013e-01 -2.960000000000000131e-02 4.429999999999999910e-02 -5.419999999999999818e-02 -3.209999999999999659e-02 3.599999999999999034e-03 -6.579999999999999738e-02 -5.319999999999999729e-02 -6.800000000000000488e-03 1.010999999999999954e-01 -8.479999999999998650e-02 5.569600000000000072e-04 3.337928999999999896e-02 8.761600000000000681e-04 1.962489999999999894e-03 2.937639999999999609e-03 1.030409999999999833e-03 1.295999999999999281e-05 4.329640000000000051e-03 2.830239999999999926e-03 4.624000000000000451e-05 1.022120999999999967e-02 7.191039999999997503e-03 1.938493625000000000e+06 1.888345375000000000e+06
1.000000000000000000e+00 3.160000000000000309e-02 -1.161999999999999977e-01 9.450000000000000067e-02 6.660000000000000642e-02 -1.269999999999999948e-02 -3.409999999999999837e-02 8.000000000000003636e-03 6.650000000000000355e-02 1.241000000000000020e-01 2.230000000000000732e-02 4.149999999999999523e-02 -2.000000000000001776e-03 9.985600000000001159e-04 1.350243999999999923e-02 8.930250000000000687e-03 4.435560000000000717e-03 1.612899999999999957e-04 1.162809999999999799e-03 6.400000000000006487e-05 4.422250000000000833e-03 1.540081000000000089e-02 4.972900000000002752e-04 1.722249999999999606e-03 4.000000000000007442e-06 1.935835750000000000e+06 1.882181625000000000e+06
1.000000000000000000e+00 2.570000000000000062e-02 -5.700000000000000205e-02 9.460000000000000353e-02 5.559999999999999665e-02 -4.599999999999999922e-03 -1.020999999999999963e-01 -5.900000000000002465e-03 5.919999999999999568e-02 1.000000000000028644e-04 -1.100000000000000977e-02 8.099999999999999561e-03 -6.800000000000000488e-02 6.604900000000000137e-04 3.249000000000000152e-03 8.949160000000001142e-03 3.091359999999999594e-03 2.116000000000000069e-05 1.042440999999999854e-02 3.481000000000002755e-05 3.504639999999999405e-03 1.000000000000057262e-08 1.210000000000002171e-04 6.560999999999999016e-05 4.624000000000000506e-03 1.933931500000000000e+06 1.883182250000000000e+06
1.000000000000000000e+00 3.640000000000000180e-02 -4.580000000000000043e-02 2.210000000000000159e-02 5.269999999999999685e-02 -5.999999999999999474e-04 -1.019000000000000045e-01 1.070000000000000118e-02 1.120000000000000162e-02 -7.250000000000000888e-02 -2.899999999999999800e-03 4.000000000000000083e-03 1.999999999999918510e-04 1.324960000000000027e-03 2.097640000000000008e-03 4.884100000000001027e-04 2.777289999999999533e-03 3.599999999999999414e-07 1.038361000000000145e-02 1.144900000000000236e-04 1.254400000000000458e-04 5.256250000000001373e-03 8.409999999999999101e-06 1.599999999999999928e-05 3.999999999999673844e-08 1.933566250000000000e+06 1.886469500000000000e+06
1.000000000000000000e+00 9.400000000000000369e-03 -1.386000000000000010e-01 -1.521000000000000130e-01 4.449999999999999789e-02 -2.129999999999999949e-02 -1.491999999999999993e-01 -2.700000000000000316e-02 -9.279999999999999361e-02 -1.742000000000000215e-01 -8.199999999999998956e-03 -2.069999999999999965e-02 -4.729999999999999483e-02 8.836000000000000104e-05 1.920996000000000162e-02 2.313441000000000455e-02 1.980249999999999806e-03 4.536899999999999744e-04 2.226063999999999821e-02 7.290000000000001557e-04 8.611839999999999079e-03 3.034564000000000705e-02 6.723999999999998641e-05 4.284900000000000124e-04 2.237289999999999418e-03 1.938692625000000000e+06 1.890460500000000000e+06
1.000000000000000000e+00 3.200000000000000153e-03 2.840000000000000163e-02 -1.064999999999999974e-01 3.169999999999999901e-02 2.769999999999999893e-02 -2.164999999999999980e-01 -6.200000000000000649e-03 1.670000000000000095e-01 4.560000000000001552e-02 -1.279999999999999888e-02 4.900000000000000189e-02 -6.729999999999999871e-02 1.024000000000000021e-05 8.065600000000001111e-04 1.134224999999999990e-02 1.004890000000000037e-03 7.672899999999998992e-04 4.687224999999999725e-02 3.844000000000001143e-05 2.788900000000000406e-02 2.079360000000001450e-03 1.638399999999999763e-04 2.401000000000000356e-03 4.529290000000000052e-03 1.938762500000000000e+06 1.897555375000000000e+06
1.000000000000000000e+00 -6.079999999999999988e-02 1.232000000000000040e-01 1.928999999999999881e-01 -3.559999999999999970e-02 -8.989999999999999380e-02 -1.593999999999999861e-01 -6.400000000000000133e-02 9.479999999999999538e-02 2.993999999999999995e-01 -6.729999999999999871e-02 -1.175999999999999962e-01 5.710000000000001186e-02 3.696640000000000169e-03 1.517824000000000083e-02 3.721040999999999238e-02 1.267359999999999928e-03 8.082009999999998848e-03 2.540835999999999442e-02 4.095999999999999815e-03 8.987039999999999959e-03 8.964036000000000226e-02 4.529290000000000052e-03 1.382975999999999997e-02 3.260410000000001345e-03 1.939109625000000000e+06 1.896283875000000000e+06
1.000000000000000000e+00 -1.403000000000000080e-01 1.766000000000000070e-01 2.541999999999999815e-01 -1.131999999999999951e-01 -1.332000000000000128e-01 -1.194999999999999951e-01 -7.950000000000001510e-02 5.340000000000000302e-02 6.129999999999999338e-02 -7.760000000000000231e-02 -4.330000000000001903e-02 3.989999999999999103e-02 1.968409000000000131e-02 3.118756000000000306e-02 6.461763999999999009e-02 1.281423999999999931e-02 1.774224000000000287e-02 1.428024999999999954e-02 6.320250000000002082e-03 2.851560000000000379e-03 3.757689999999999295e-03 6.021760000000000133e-03 1.874890000000001668e-03 1.592009999999999389e-03 1.938498875000000000e+06 1.895066500000000000e+06
1.000000000000000000e+00 5.700000000000000205e-02 -5.099999999999999672e-02 -8.050000000000000211e-02 2.960000000000000131e-02 -2.114000000000000046e-01 -1.403999999999999970e-01 1.973000000000000032e-01 -2.275999999999999968e-01 -3.346999999999999975e-01 1.427999999999999825e-01 -7.819999999999999174e-02 -2.090000000000000191e-02 3.249000000000000152e-03 2.600999999999999580e-03 6.480250000000000767e-03 8.761600000000000681e-04 4.468996000000000079e-02 1.971215999999999940e-02 3.892729000000000328e-02 5.180175999999999531e-02 1.120240899999999928e-01 2.039183999999999441e-02 6.115239999999998351e-03 4.368100000000000953e-04 1.930842625000000000e+06 1.890412000000000000e+06
1.000000000000000000e+00 1.059999999999999970e-01 -4.486999999999999877e-01 -1.456999999999999962e-01 5.999999999999999778e-02 -1.660999999999999976e-01 -2.102999999999999869e-01 4.899999999999999495e-02 -3.976999999999999980e-01 -6.519999999999999407e-02 3.039999999999999647e-02 4.530000000000000693e-02 -6.989999999999998992e-02 1.123599999999999946e-02 2.013316899999999798e-01 2.122848999999999917e-02 3.599999999999999901e-03 2.758920999999999943e-02 4.422608999999999568e-02 2.400999999999999489e-03 1.581652899999999862e-01 4.251039999999999333e-03 9.241599999999998254e-04 2.052090000000000771e-03 4.886009999999998792e-03 1.930684750000000000e+06 1.893839625000000000e+06
1.000000000000000000e+00 -5.700000000000000205e-03 -1.491999999999999993e-01 1.699999999999999905e-03 -8.169999999999999485e-02 4.189999999999999974e-02 -2.097999999999999865e-01 -1.116999999999999937e-01 2.994999999999999885e-01 1.474000000000000032e-01 -1.416999999999999926e-01 2.079999999999999905e-01 5.000000000000004441e-04 3.249000000000000233e-05 2.226063999999999821e-02 2.889999999999999859e-06 6.674889999999999296e-03 1.755609999999999896e-03 4.401603999999999239e-02 1.247688999999999916e-02 8.970024999999999527e-02 2.172676000000000121e-02 2.007888999999999854e-02 4.326399999999999690e-02 2.500000000000004651e-07 1.933819625000000000e+06 1.896197125000000000e+06
1.000000000000000000e+00 -5.040000000000000036e-02 6.850000000000000533e-02 -8.200000000000000691e-03 4.100000000000000346e-03 8.559999999999999554e-02 -1.481000000000000094e-01 -4.470000000000000362e-02 2.177000000000000046e-01 -9.900000000000000813e-03 8.580000000000000127e-02 4.369999999999999579e-02 6.169999999999997708e-02 2.540160000000000074e-03 4.692250000000001108e-03 6.724000000000001352e-05 1.681000000000000338e-05 7.327359999999998909e-03 2.193361000000000269e-02 1.998090000000000109e-03 4.739329000000000458e-02 9.801000000000001876e-05 7.361640000000000024e-03 1.909689999999999695e-03 3.806889999999997238e-03 1.935812625000000000e+06 1.893386500000000000e+06
1.000000000000000000e+00 -4.120000000000000051e-02 4.619999999999999801e-02 -2.220000000000000098e-02 1.940000000000000058e-02 -2.790000000000000119e-02 -1.174999999999999933e-01 9.199999999999999845e-03 -2.230000000000000732e-02 -1.400000000000000029e-02 1.530000000000000110e-02 -1.134999999999999898e-01 3.060000000000001608e-02 1.697440000000000147e-03 2.134439999999999601e-03 4.928400000000000315e-04 3.763600000000000083e-04 7.784100000000001044e-04 1.380624999999999908e-02 8.464000000000000278e-05 4.972900000000002752e-04 1.960000000000000208e-04 2.340900000000000305e-04 1.288224999999999787e-02 9.363600000000009893e-04 1.940073750000000000e+06 1.898838375000000000e+06
1.000000000000000000e+00 3.719999999999999696e-02 -1.990000000000000102e-02 4.719999999999999890e-02 1.020000000000000073e-02 -4.800000000000000100e-02 -6.250000000000000000e-02 7.839999999999999747e-02 -6.609999999999999210e-02 6.940000000000000335e-02 -9.199999999999999845e-03 -2.009999999999999981e-02 5.499999999999999334e-02 1.383839999999999680e-03 3.960100000000000252e-04 2.227840000000000029e-03 1.040400000000000135e-04 2.304000000000000058e-03 3.906250000000000000e-03 6.146559999999999697e-03 4.369209999999999240e-03 4.816360000000000433e-03 8.464000000000000278e-05 4.040100000000000028e-04 3.024999999999999478e-03 1.939096250000000000e+06 1.901932875000000000e+06
1.000000000000000000e+00 1.110000000000000014e-01 -3.309999999999999748e-02 8.759999999999999731e-02 -2.099999999999999870e-03 -1.781000000000000083e-01 -1.184000000000000052e-01 7.380000000000000449e-02 -1.319999999999999646e-02 4.039999999999999841e-02 -1.230000000000000017e-02 -1.300999999999999934e-01 -5.590000000000000524e-02 1.232100000000000035e-02 1.095609999999999900e-03 7.673759999999999956e-03 4.409999999999999282e-06 3.171961000000000225e-02 1.401856000000000109e-02 5.446440000000000309e-03 1.742399999999999039e-04 1.632159999999999904e-03 1.512899999999999965e-04 1.692600999999999828e-02 3.124810000000000434e-03 1.936858625000000000e+06 1.898129875000000000e+06
1.000000000000000000e+00 2.635000000000000120e-01 -6.900000000000000577e-02 5.229999999999999927e-02 1.121999999999999942e-01 -2.225999999999999923e-01 -8.240000000000000102e-02 1.525000000000000244e-01 -3.590000000000000829e-02 -3.529999999999999805e-02 1.142999999999999988e-01 -4.449999999999998401e-02 3.600000000000000422e-02 6.943225000000000091e-02 4.761000000000000475e-03 2.735290000000000030e-03 1.258883999999999871e-02 4.955075999999999925e-02 6.789760000000000587e-03 2.325625000000000608e-02 1.288810000000000693e-03 1.246089999999999828e-03 1.306448999999999978e-02 1.980249999999998504e-03 1.296000000000000277e-03 1.937708625000000000e+06 1.892712125000000000e+06
1.000000000000000000e+00 2.716000000000000081e-01 -8.659999999999999643e-02 -2.102999999999999869e-01 1.847999999999999921e-01 -1.096000000000000030e-01 -2.343999999999999972e-01 8.099999999999996092e-03 -1.759999999999999065e-02 -2.626000000000000001e-01 7.259999999999999787e-02 1.129999999999999893e-01 -1.519999999999999962e-01 7.376656000000000879e-02 7.499559999999999733e-03 4.422608999999999568e-02 3.415103999999999362e-02 1.201216000000000089e-02 5.494335999999999665e-02 6.560999999999993595e-05 3.097599999999996905e-04 6.895875999999999395e-02 5.270759999999999335e-03 1.276899999999999737e-02 2.310399999999999954e-02 1.934805375000000000e+06 1.894564375000000000e+06
1.000000000000000000e+00 7.280000000000000360e-02 -1.450000000000000074e-02 -2.144000000000000072e-01 6.429999999999999605e-02 8.669999999999999929e-02 -1.819999999999999951e-01 -1.988000000000000045e-01 7.209999999999999742e-02 -4.100000000000020295e-03 -1.204999999999999960e-01 1.963000000000000023e-01 5.240000000000000213e-02 5.299840000000000106e-03 2.102500000000000148e-04 4.596736000000000572e-02 4.134489999999999346e-03 7.516890000000000030e-03 3.312400000000000067e-02 3.952144000000000490e-02 5.198409999999999663e-03 1.681000000000016601e-05 1.452024999999999844e-02 3.853369000000000238e-02 2.745760000000000301e-03 1.931954375000000000e+06 1.892672500000000000e+06
1.000000000000000000e+00 -8.179999999999999771e-02 8.609999999999999598e-02 1.647000000000000131e-01 -1.679999999999999896e-02 -6.090000000000000274e-02 -8.830000000000000349e-02 -1.546000000000000152e-01 1.005999999999999950e-01 3.790999999999999925e-01 -8.109999999999999154e-02 -1.476000000000000090e-01 9.369999999999999163e-02 6.691239999999999341e-03 7.413209999999999071e-03 2.712609000000000548e-02 2.822399999999999540e-04 3.708810000000000318e-03 7.796890000000000764e-03 2.390116000000000462e-02 1.012035999999999838e-02 1.437168100000000004e-01 6.577209999999998266e-03 2.178576000000000124e-02 8.779689999999997982e-03 1.931786500000000000e+06 1.891950875000000000e+06
1.000000000000000000e+00 -7.149999999999999412e-02 4.780000000000000221e-02 1.706999999999999906e-01 6.619999999999999496e-02 -1.210999999999999993e-01 -1.297000000000000097e-01 1.030000000000000360e-02 -3.829999999999999377e-02 5.999999999999977573e-03 8.299999999999999045e-02 -6.019999999999999657e-02 -4.140000000000000624e-02 5.112249999999998740e-03 2.284840000000000221e-03 2.913848999999999606e-02 4.382439999999999600e-03 1.466520999999999970e-02 1.682209000000000135e-02 1.060900000000000769e-04 1.466889999999999557e-03 3.599999999999972986e-05 6.888999999999998423e-03 3.624039999999999380e-03 1.713960000000000483e-03 1.933225750000000000e+06 1.897715625000000000e+06
1.000000000000000000e+00 2.690000000000000030e-02 -1.325999999999999956e-01 -2.649999999999999925e-02 5.299999999999999850e-02 -3.259999999999999704e-02 -1.499000000000000055e-01 9.839999999999998748e-02 -1.804000000000000048e-01 -1.971999999999999864e-01 -1.319999999999999646e-02 8.849999999999999534e-02 -2.019999999999999574e-02 7.236099999999999650e-04 1.758275999999999936e-02 7.022499999999999663e-04 2.808999999999999865e-03 1.062759999999999833e-03 2.247001000000000207e-02 9.682559999999998043e-03 3.254416000000000253e-02 3.888783999999999297e-02 1.742399999999999039e-04 7.832249999999998935e-03 4.080399999999998134e-04 1.935018875000000000e+06 1.903567375000000000e+06
1.000000000000000000e+00 2.079999999999999905e-02 -1.869000000000000106e-01 -1.110000000000000014e-01 9.600000000000000200e-02 -8.640000000000000457e-02 -7.059999999999999609e-02 -6.100000000000001255e-03 -5.430000000000001492e-02 -8.450000000000000566e-02 4.300000000000000350e-02 -5.380000000000000754e-02 7.930000000000000937e-02 4.326399999999999777e-04 3.493161000000000183e-02 1.232100000000000035e-02 9.216000000000000233e-03 7.464960000000000519e-03 4.984359999999999312e-03 3.721000000000001813e-05 2.948490000000001526e-03 7.140250000000000763e-03 1.849000000000000383e-03 2.894440000000000728e-03 6.288490000000001613e-03 1.941811875000000000e+06 1.905982750000000000e+06
1.000000000000000000e+00 5.899999999999999863e-03 -5.990000000000000185e-02 -7.850000000000000033e-02 1.183000000000000024e-01 -1.779999999999999985e-02 -2.120000000000000009e-02 -1.490000000000000005e-02 1.270000000000000018e-01 3.250000000000000111e-02 2.230000000000000038e-02 6.860000000000000819e-02 4.939999999999999947e-02 3.481000000000000045e-05 3.588010000000000418e-03 6.162250000000000193e-03 1.399489000000000115e-02 3.168399999999999819e-04 4.494400000000000066e-04 2.220099999999999971e-04 1.612900000000000097e-02 1.056250000000000114e-03 4.972900000000000584e-04 4.705960000000001218e-03 2.440359999999999925e-03 1.939676750000000000e+06 1.899398250000000000e+06
1.000000000000000000e+00 8.909999999999999865e-02 -3.629999999999999893e-02 -7.749999999999999944e-02 1.633000000000000007e-01 1.140000000000000041e-02 -2.960000000000000131e-02 8.319999999999999618e-02 2.360000000000000292e-02 1.000000000000000888e-03 4.499999999999999833e-02 2.920000000000000026e-02 -8.400000000000001216e-03 7.938809999999999270e-03 1.317689999999999834e-03 6.006250000000000304e-03 2.666688999999999865e-02 1.299600000000000093e-04 8.761600000000000681e-04 6.922239999999999643e-03 5.569600000000001156e-04 1.000000000000001861e-06 2.024999999999999890e-03 8.526399999999999951e-04 7.056000000000001561e-05 1.939322250000000000e+06 1.895288625000000000e+06
1.000000000000000000e+00 6.779999999999999916e-02 -1.120000000000000023e-01 -9.239999999999999603e-02 1.431999999999999940e-01 -1.409999999999999969e-02 -1.004000000000000031e-01 -2.129999999999999949e-02 -7.570000000000000340e-02 -1.489999999999999658e-02 -2.010000000000000675e-02 -2.550000000000000183e-02 -7.080000000000000182e-02 4.596839999999999607e-03 1.254400000000000133e-02 8.537759999999998406e-03 2.050623999999999850e-02 1.988100000000000023e-04 1.008016000000000120e-02 4.536899999999999744e-04 5.730490000000000410e-03 2.220099999999998886e-04 4.040100000000002738e-04 6.502500000000001118e-04 5.012640000000000498e-03 1.936395000000000000e+06 1.893404375000000000e+06
1.000000000000000000e+00 -1.859999999999999848e-02 -3.189999999999999780e-02 -2.479999999999999913e-02 1.299999999999999940e-02 6.099999999999999867e-02 -1.663999999999999924e-01 -8.640000000000000457e-02 8.010000000000000453e-02 6.759999999999999343e-02 -1.301999999999999824e-01 7.510000000000000009e-02 -6.599999999999998923e-02 3.459599999999999199e-04 1.017609999999999956e-03 6.150399999999999661e-04 1.689999999999999879e-04 3.720999999999999915e-03 2.768895999999999857e-02 7.464960000000000519e-03 6.416010000000000636e-03 4.569759999999999101e-03 1.695203999999999461e-02 5.640009999999999989e-03 4.355999999999998762e-03 1.933392250000000000e+06 1.889232625000000000e+06
1.000000000000000000e+00 2.259999999999999856e-02 -2.850000000000000103e-02 -1.679999999999999896e-02 -1.490000000000000005e-02 3.729999999999999982e-02 -1.524999999999999967e-01 4.120000000000000051e-02 3.399999999999996775e-03 8.000000000000000167e-03 -2.790000000000000119e-02 -2.369999999999999885e-02 1.389999999999999569e-02 5.107599999999999684e-04 8.122500000000000379e-04 2.822399999999999540e-04 2.220099999999999971e-04 1.391289999999999888e-03 2.325624999999999915e-02 1.697440000000000147e-03 1.155999999999997741e-05 6.399999999999999710e-05 7.784100000000001044e-04 5.616899999999999974e-04 1.932099999999998933e-04 1.932747875000000000e+06 1.889357625000000000e+06
1.000000000000000000e+00 -1.255999999999999894e-01 1.048999999999999932e-01 1.039999999999999952e-01 -9.769999999999999518e-02 1.540000000000000049e-02 -1.895000000000000018e-01 -1.481999999999999984e-01 1.333999999999999908e-01 1.207999999999999907e-01 -8.279999999999999860e-02 -2.189999999999999933e-02 -3.700000000000000511e-02 1.577535999999999869e-02 1.100400999999999810e-02 1.081599999999999923e-02 9.545289999999999678e-03 2.371600000000000129e-04 3.591024999999999773e-02 2.196323999999999846e-02 1.779555999999999846e-02 1.459263999999999700e-02 6.855840000000000198e-03 4.796099999999999973e-04 1.369000000000000425e-03 1.937190750000000000e+06 1.899891250000000000e+06
1.000000000000000000e+00 -7.399999999999999634e-02 1.340000000000000080e-01 1.004000000000000031e-01 -3.259999999999999704e-02 -6.239999999999999714e-02 -7.620000000000000384e-02 5.159999999999999309e-02 2.910000000000001474e-02 -3.599999999999992095e-03 6.509999999999999121e-02 -7.779999999999999416e-02 1.132999999999999979e-01 5.475999999999999097e-03 1.795600000000000321e-02 1.008016000000000120e-02 1.062759999999999833e-03 3.893759999999999583e-03 5.806440000000000386e-03 2.662559999999999146e-03 8.468100000000008997e-04 1.295999999999994368e-05 4.238009999999998653e-03 6.052839999999999436e-03 1.283689000000000011e-02 1.941383500000000000e+06 1.905499250000000000e+06
1.000000000000000000e+00 -1.629999999999999852e-02 -9.610000000000000486e-02 2.549999999999999836e-02 1.830000000000000029e-02 -1.450000000000000074e-02 -8.709999999999999687e-02 5.770000000000000129e-02 -2.301000000000000267e-01 -7.490000000000000824e-02 5.090000000000000080e-02 4.789999999999999813e-02 -1.089999999999999303e-02 2.656899999999999583e-04 9.235210000000000641e-03 6.502499999999998949e-04 3.348900000000000141e-04 2.102500000000000148e-04 7.586409999999999161e-03 3.329289999999999940e-03 5.294601000000001556e-02 5.610010000000001211e-03 2.590810000000000248e-03 2.294409999999999766e-03 1.188099999999998467e-04 1.940604250000000000e+06 1.901525500000000000e+06
1.000000000000000000e+00 -1.391000000000000014e-01 2.462000000000000022e-01 4.124999999999999778e-01 9.700000000000000289e-03 2.010000000000000120e-01 -1.269999999999999948e-02 -1.228000000000000064e-01 3.422999999999999932e-01 3.869999999999999551e-01 -8.600000000000000006e-03 2.155000000000000249e-01 7.439999999999999392e-02 1.934881000000000101e-02 6.061443999999999860e-02 1.701562499999999811e-01 9.409000000000000208e-05 4.040100000000000635e-02 1.612899999999999957e-04 1.507984000000000234e-02 1.171692899999999954e-01 1.497689999999999577e-01 7.396000000000000339e-05 4.644025000000000930e-02 5.535359999999998719e-03 1.943168625000000000e+06 1.896744375000000000e+06
1.000000000000000000e+00 -7.900000000000000078e-02 -2.879999999999999921e-02 1.545999999999999874e-01 4.730000000000000177e-02 2.669000000000000261e-01 -9.400000000000000369e-03 6.010000000000000064e-02 -2.750000000000000222e-01 -2.579000000000000181e-01 3.760000000000000148e-02 6.590000000000001412e-02 3.299999999999999115e-03 6.241000000000000020e-03 8.294399999999999733e-04 2.390115999999999769e-02 2.237290000000000285e-03 7.123561000000001864e-02 8.836000000000000104e-05 3.612010000000000134e-03 7.562500000000001166e-02 6.651241000000000791e-02 1.413760000000000017e-03 4.342810000000001634e-03 1.088999999999999399e-05 1.939593875000000000e+06 1.891649500000000000e+06
1.000000000000000000e+00 1.170000000000000068e-01 -4.994999999999999996e-01 -3.667000000000000259e-01 3.980000000000000204e-02 7.000000000000000666e-02 -7.820000000000000562e-02 1.960000000000000075e-01 -4.707000000000000073e-01 -5.212999999999999856e-01 -7.499999999999999722e-03 -1.969000000000000195e-01 -6.880000000000000004e-02 1.368900000000000151e-02 2.495002500000000067e-01 1.344688900000000076e-01 1.584040000000000101e-03 4.900000000000000709e-03 6.115240000000000953e-03 3.841600000000000570e-02 2.215584899999999968e-01 2.717536899999999922e-01 5.624999999999999846e-05 3.876961000000000990e-02 4.733440000000000217e-03 1.932414625000000000e+06 1.885531125000000000e+06
1.000000000000000000e+00 9.199999999999999845e-03 -1.472999999999999865e-01 -3.180000000000000188e-02 -2.000000000000000096e-04 -2.649999999999999925e-02 -6.600000000000000311e-02 -1.078000000000000069e-01 3.522000000000000131e-01 3.349000000000000310e-01 -4.000000000000000083e-02 -9.650000000000000244e-02 1.220000000000000251e-02 8.464000000000000278e-05 2.169728999999999755e-02 1.011240000000000056e-03 4.000000000000000084e-08 7.022499999999999663e-04 4.356000000000000497e-03 1.162084000000000207e-02 1.240448400000000034e-01 1.121580100000000163e-01 1.600000000000000077e-03 9.312250000000001082e-03 1.488400000000000725e-04 1.930335500000000000e+06 1.885288250000000000e+06
1.000000000000000000e+00 1.099999999999999936e-02 -1.547000000000000042e-01 1.116000000000000048e-01 -2.510000000000000078e-02 -5.670000000000000040e-02 -1.930000000000000118e-02 1.799999999999999517e-03 -7.400000000000017675e-03 1.433999999999999997e-01 -2.490000000000000199e-02 -3.020000000000000115e-02 4.670000000000000540e-02 1.209999999999999867e-04 2.393208999999999961e-02 1.245456000000000167e-02 6.300100000000000752e-04 3.214890000000000195e-03 3.724900000000000606e-04 3.239999999999998202e-06 5.476000000000026175e-05 2.056356000000000156e-02 6.200100000000000489e-04 9.120400000000000295e-04 2.180890000000000432e-03 1.938530250000000000e+06 1.890709250000000000e+06
1.000000000000000000e+00 -2.549999999999999836e-02 -9.059999999999999998e-02 5.899999999999999689e-02 -6.199999999999999956e-02 -1.149000000000000021e-01 -4.460000000000000075e-02 -3.649999999999999772e-02 6.410000000000000420e-02 -5.260000000000000786e-02 -3.690000000000000224e-02 -5.820000000000000173e-02 -2.529999999999999957e-02 6.502499999999998949e-04 8.208359999999999615e-03 3.480999999999999719e-03 3.843999999999999761e-03 1.320201000000000013e-02 1.989160000000000234e-03 1.332249999999999884e-03 4.108810000000000934e-03 2.766760000000000920e-03 1.361610000000000077e-03 3.387240000000000129e-03 6.400899999999999515e-04 1.940740625000000000e+06 1.892591875000000000e+06
1.000000000000000000e+00 -2.280000000000000082e-02 8.250000000000000389e-02 1.300999999999999934e-01 1.679999999999999896e-02 -8.450000000000000566e-02 -3.729999999999999982e-02 2.699999999999997541e-03 1.731000000000000039e-01 7.109999999999999654e-02 7.879999999999999505e-02 3.039999999999999647e-02 7.300000000000000933e-03 5.198400000000000373e-04 6.806250000000000668e-03 1.692600999999999828e-02 2.822399999999999540e-04 7.140250000000000763e-03 1.391289999999999888e-03 7.289999999999986954e-06 2.996361000000000163e-02 5.055209999999999218e-03 6.209439999999999231e-03 9.241599999999998254e-04 5.329000000000001325e-05 1.939070625000000000e+06 1.891431375000000000e+06
1.000000000000000000e+00 -8.770000000000000018e-02 1.490000000000000005e-02 1.519999999999999962e-01 -7.499999999999999722e-03 -1.120000000000000023e-01 4.300000000000000003e-03 -6.489999999999999936e-02 -6.760000000000000731e-02 2.190000000000000280e-02 -2.429999999999999868e-02 -2.749999999999999667e-02 4.159999999999999809e-02 7.691289999999999932e-03 2.220099999999999971e-04 2.310399999999999954e-02 5.624999999999999846e-05 1.254400000000000133e-02 1.849000000000000085e-05 4.212009999999999539e-03 4.569760000000000835e-03 4.796100000000001057e-04 5.904899999999999385e-04 7.562499999999998694e-04 1.730559999999999911e-03 1.934134500000000000e+06 1.887559250000000000e+06
1.000000000000000000e+00 -4.889999999999999902e-02 1.370000000000000037e-02 5.899999999999999689e-02 2.500000000000000052e-03 1.460000000000000013e-02 -1.074999999999999983e-01 3.880000000000000115e-02 -1.199999999999999678e-03 -9.299999999999999933e-02 1.000000000000000021e-02 1.265999999999999903e-01 -1.117999999999999966e-01 2.391209999999999950e-03 1.876900000000000139e-04 3.480999999999999719e-03 6.250000000000000300e-06 2.131599999999999988e-04 1.155624999999999881e-02 1.505440000000000033e-03 1.439999999999999130e-06 8.649000000000000438e-03 1.000000000000000048e-04 1.602755999999999625e-02 1.249924000000000000e-02 1.930980125000000000e+06 1.891488250000000000e+06
1.000000000000000000e+00 5.029999999999999749e-02 5.619999999999999996e-02 1.057000000000000023e-01 -6.999999999999999929e-04 1.830000000000000029e-02 -8.260000000000000675e-02 9.919999999999999651e-02 4.249999999999999611e-02 4.670000000000000540e-02 -3.200000000000000153e-03 3.700000000000000164e-03 2.489999999999999158e-02 2.530089999999999596e-03 3.158440000000000206e-03 1.117249000000000020e-02 4.899999999999999672e-07 3.348900000000000141e-04 6.822760000000001497e-03 9.840639999999999457e-03 1.806249999999999696e-03 2.180890000000000432e-03 1.024000000000000021e-05 1.369000000000000106e-05 6.200099999999996152e-04 1.933124375000000000e+06 1.895186500000000000e+06
1.000000000000000000e+00 9.639999999999999958e-02 -6.169999999999999790e-02 6.479999999999999649e-02 4.139999999999999930e-02 6.779999999999999916e-02 -4.019999999999999962e-02 4.610000000000000209e-02 -1.179000000000000048e-01 -4.090000000000000580e-02 4.209999999999999853e-02 4.950000000000000233e-02 4.240000000000000713e-02 9.292959999999999415e-03 3.806889999999999840e-03 4.199039999999999370e-03 1.713960000000000049e-03 4.596839999999999607e-03 1.616040000000000011e-03 2.125210000000000207e-03 1.390041000000000193e-02 1.672810000000000486e-03 1.772409999999999871e-03 2.450250000000000171e-03 1.797760000000000677e-03 1.935517500000000000e+06 1.898089625000000000e+06
1.000000000000000000e+00 1.310000000000000053e-01 -8.939999999999999336e-02 -4.700000000000000185e-03 8.000000000000000167e-02 -1.770000000000000046e-02 -4.700000000000000185e-03 3.460000000000000575e-02 -2.769999999999999546e-02 -6.949999999999999234e-02 3.860000000000000236e-02 -8.549999999999999267e-02 3.549999999999999684e-02 1.716100000000000264e-02 7.992359999999998701e-03 2.209000000000000026e-05 6.400000000000000307e-03 3.132900000000000311e-04 2.209000000000000026e-05 1.197160000000000498e-03 7.672899999999997908e-04 4.830249999999998607e-03 1.489960000000000243e-03 7.310249999999999040e-03 1.260249999999999869e-03 1.937247625000000000e+06 1.897522375000000000e+06
1.000000000000000000e+00 1.710000000000000062e-02 -3.790000000000000313e-02 4.689999999999999725e-02 7.589999999999999525e-02 -2.649999999999999925e-02 -9.299999999999999239e-03 -1.139000000000000012e-01 5.149999999999999023e-02 5.160000000000000003e-02 -4.100000000000006417e-03 -8.799999999999998795e-03 -4.599999999999999055e-03 2.924100000000000006e-04 1.436410000000000161e-03 2.199609999999999847e-03 5.760809999999999022e-03 7.022499999999999663e-04 8.648999999999997998e-05 1.297321000000000064e-02 2.652249999999998793e-03 2.662560000000000014e-03 1.681000000000005420e-05 7.743999999999997684e-05 2.115999999999999053e-05 1.937278500000000000e+06 1.893473625000000000e+06
1.000000000000000000e+00 4.549999999999999878e-02 -6.320000000000000617e-02 -1.275000000000000022e-01 4.870000000000000023e-02 2.709999999999999909e-02 -3.980000000000000204e-02 2.839999999999999816e-02 -2.530000000000000304e-02 -1.743999999999999995e-01 -2.719999999999999502e-02 5.359999999999999487e-02 -3.050000000000000280e-02 2.070250000000000042e-03 3.994240000000000464e-03 1.625624999999999987e-02 2.371690000000000083e-03 7.344099999999999023e-04 1.584040000000000101e-03 8.065599999999998942e-04 6.400900000000001684e-04 3.041535999999999892e-02 7.398399999999997470e-04 2.872959999999999490e-03 9.302500000000001957e-04 1.936994750000000000e+06 1.893349000000000000e+06
1.000000000000000000e+00 6.270000000000000573e-02 -5.609999999999999709e-02 -8.129999999999999727e-02 6.010000000000000064e-02 9.020000000000000240e-02 -1.514999999999999958e-01 1.720000000000000695e-02 7.100000000000009082e-03 4.620000000000000495e-02 1.140000000000000041e-02 6.310000000000000331e-02 -1.116999999999999937e-01 3.931290000000000479e-03 3.147209999999999678e-03 6.609689999999999663e-03 3.612010000000000134e-03 8.136040000000000633e-03 2.295225000000000043e-02 2.958400000000002304e-04 5.041000000000012891e-05 2.134440000000000469e-03 1.299600000000000093e-04 3.981610000000000010e-03 1.247688999999999916e-02 1.935751875000000000e+06 1.892668125000000000e+06
1.000000000000000000e+00 -3.000000000000000062e-03 1.750000000000000167e-02 1.474999999999999922e-01 2.680000000000000090e-02 3.780000000000000027e-02 -7.499999999999999722e-02 -6.570000000000000839e-02 7.359999999999999876e-02 2.288000000000000034e-01 -3.329999999999999627e-02 -5.240000000000000213e-02 7.649999999999999856e-02 9.000000000000000228e-06 3.062500000000000443e-04 2.175624999999999781e-02 7.182400000000000893e-04 1.428840000000000015e-03 5.624999999999999792e-03 4.316490000000000951e-03 5.416960000000000178e-03 5.234944000000000403e-02 1.108889999999999746e-03 2.745760000000000301e-03 5.852249999999999813e-03 1.932234500000000000e+06 1.889354125000000000e+06
1.000000000000000000e+00 -5.000000000000000104e-04 -8.770000000000000018e-02 2.999999999999999737e-04 1.689999999999999836e-02 8.799999999999999489e-02 -1.680999999999999994e-01 2.500000000000000052e-03 -1.052000000000000018e-01 -1.471999999999999975e-01 -9.900000000000002548e-03 5.019999999999999463e-02 -9.310000000000000220e-02 2.499999999999999887e-07 7.691289999999999932e-03 8.999999999999998534e-08 2.856099999999999438e-04 7.743999999999999148e-03 2.825760999999999898e-02 6.250000000000000300e-06 1.106704000000000021e-02 2.166784000000000071e-02 9.801000000000004587e-05 2.520039999999999433e-03 8.667610000000000939e-03 1.938165625000000000e+06 1.894175875000000000e+06
1.000000000000000000e+00 1.720000000000000001e-02 -1.642000000000000126e-01 -1.726000000000000034e-01 3.139999999999999736e-02 1.406000000000000028e-01 -1.789999999999999925e-01 1.770000000000000046e-02 -7.650000000000001243e-02 -1.728999999999999981e-01 1.449999999999999900e-02 5.260000000000000786e-02 -1.089999999999999303e-02 2.958400000000000135e-04 2.696164000000000546e-02 2.979075999999999946e-02 9.859599999999999181e-04 1.976836000000000218e-02 3.204100000000000004e-02 3.132900000000000311e-04 5.852250000000001548e-03 2.989440999999999973e-02 2.102499999999999606e-04 2.766760000000000920e-03 1.188099999999998467e-04 1.936288500000000000e+06 1.894725375000000000e+06
1.000000000000000000e+00 -3.839999999999999664e-02 -8.089999999999999969e-02 6.300000000000000044e-03 1.580000000000000154e-02 -1.199999999999999895e-03 -1.134000000000000008e-01 -5.559999999999999665e-02 8.330000000000001292e-02 1.789000000000000035e-01 -1.559999999999999581e-02 -1.418000000000000094e-01 6.559999999999999165e-02 1.474559999999999760e-03 6.544809999999999864e-03 3.969000000000000116e-05 2.496400000000000290e-04 1.439999999999999765e-06 1.285956000000000078e-02 3.091359999999999594e-03 6.938890000000002244e-03 3.200520999999999922e-02 2.433599999999998655e-04 2.010724000000000192e-02 4.303359999999999130e-03 1.933771000000000000e+06 1.889125125000000000e+06
1.000000000000000000e+00 -6.060000000000000109e-02 -1.087999999999999939e-01 8.229999999999999816e-02 1.340000000000000045e-02 -1.619999999999999912e-02 -1.312000000000000111e-01 -2.220000000000000445e-02 -2.789999999999999425e-02 7.599999999999999811e-02 -2.400000000000001091e-03 -1.499999999999999944e-02 -1.780000000000001026e-02 3.672359999999999947e-03 1.183743999999999942e-02 6.773289999999999519e-03 1.795600000000000223e-04 2.624399999999999606e-04 1.721344000000000346e-02 4.928400000000002484e-04 7.784099999999996708e-04 5.775999999999999884e-03 5.760000000000004991e-06 2.249999999999999938e-04 3.168400000000003614e-04 1.933227375000000000e+06 1.891667875000000000e+06
1.000000000000000000e+00 -2.230000000000000038e-02 -1.393000000000000071e-01 -9.039999999999999425e-02 -2.999999999999999737e-04 2.199999999999999872e-02 -1.557999999999999940e-01 3.830000000000000071e-02 -3.050000000000001321e-02 -1.726999999999999924e-01 -1.370000000000000037e-02 3.819999999999999785e-02 -2.459999999999998299e-02 4.972900000000000584e-04 1.940449000000000340e-02 8.172159999999999494e-03 8.999999999999998534e-08 4.839999999999999468e-04 2.427363999999999911e-02 1.466889999999999991e-03 9.302500000000008462e-04 2.982528999999999736e-02 1.876900000000000139e-04 1.459239999999999886e-03 6.051599999999991188e-04 1.933168875000000000e+06 1.896238500000000000e+06
1.000000000000000000e+00 -3.470000000000000168e-02 -1.290000000000000001e-02 8.799999999999999489e-02 -3.860000000000000236e-02 -5.070000000000000201e-02 -1.207000000000000017e-01 -1.240000000000000130e-02 1.264000000000000123e-01 1.784000000000000030e-01 -3.830000000000000071e-02 -7.270000000000000073e-02 3.509999999999999232e-02 1.204090000000000108e-03 1.664100000000000008e-04 7.743999999999999148e-03 1.489960000000000243e-03 2.570490000000000361e-03 1.456848999999999991e-02 1.537600000000000457e-04 1.597696000000000185e-02 3.182656000000000374e-02 1.466889999999999991e-03 5.285289999999999780e-03 1.232009999999999529e-03 1.934167125000000000e+06 1.897973250000000000e+06
1.000000000000000000e+00 -6.469999999999999363e-02 7.589999999999999525e-02 1.897000000000000075e-01 -6.350000000000000089e-02 -8.849999999999999534e-02 -1.617000000000000104e-01 -2.999999999999999195e-02 8.879999999999999005e-02 1.017000000000000126e-01 -2.489999999999999852e-02 -3.779999999999999333e-02 -4.100000000000000866e-02 4.186089999999999083e-03 5.760809999999999022e-03 3.598609000000000530e-02 4.032250000000000244e-03 7.832249999999998935e-03 2.614689000000000249e-02 8.999999999999995417e-04 7.885439999999998770e-03 1.034289000000000215e-02 6.200099999999999405e-04 1.428839999999999581e-03 1.681000000000000636e-03 1.933358000000000000e+06 1.898227000000000000e+06
1.000000000000000000e+00 -3.370000000000000079e-02 7.810000000000000275e-02 1.343999999999999917e-01 -6.000000000000000125e-03 -6.560000000000000553e-02 -1.597999999999999976e-01 3.099999999999999284e-02 2.200000000000007505e-03 -5.530000000000001581e-02 5.750000000000000250e-02 2.289999999999998981e-02 1.900000000000012790e-03 1.135689999999999963e-03 6.099610000000000101e-03 1.806335999999999706e-02 3.600000000000000091e-05 4.303360000000000865e-03 2.553603999999999943e-02 9.609999999999995065e-04 4.840000000000033281e-06 3.058090000000001588e-03 3.306250000000000161e-03 5.244099999999995683e-04 3.610000000000048446e-06 1.933506250000000000e+06 1.896373250000000000e+06
1.000000000000000000e+00 -3.989999999999999797e-02 -1.436999999999999944e-01 -5.000000000000000104e-04 -2.949999999999999845e-02 -7.159999999999999698e-02 -7.710000000000000187e-02 -6.199999999999997180e-03 -2.217999999999999972e-01 -1.348999999999999921e-01 -2.350000000000000006e-02 -5.999999999999991451e-03 8.269999999999999574e-02 1.592009999999999823e-03 2.064968999999999832e-02 2.499999999999999887e-07 8.702499999999999299e-04 5.126559999999999624e-03 5.944410000000000666e-03 3.843999999999996400e-05 4.919524000000000119e-02 1.819800999999999710e-02 5.522500000000000065e-04 3.599999999999989927e-05 6.839289999999999606e-03 1.935679500000000000e+06 1.896026625000000000e+06
1.000000000000000000e+00 -3.529999999999999805e-02 -8.069999999999999396e-02 1.799999999999999951e-03 -3.250000000000000111e-02 -4.329999999999999821e-02 -9.470000000000000639e-02 4.599999999999999922e-03 6.300000000000000044e-02 2.299999999999999961e-03 -3.000000000000002665e-03 2.829999999999999877e-02 -1.760000000000000453e-02 1.246089999999999828e-03 6.512489999999999252e-03 3.239999999999999896e-06 1.056250000000000114e-03 1.874889999999999933e-03 8.968090000000001477e-03 2.116000000000000069e-05 3.969000000000000306e-03 5.290000000000000174e-06 9.000000000000015475e-06 8.008899999999999570e-04 3.097600000000001784e-04 1.935153250000000000e+06 1.899484750000000000e+06
1.000000000000000000e+00 -6.199999999999999956e-02 3.189999999999999780e-02 3.860000000000000236e-02 4.159999999999999809e-02 -3.200000000000000067e-02 -6.400000000000000133e-02 -2.670000000000000151e-02 1.125999999999999918e-01 3.679999999999999938e-02 7.409999999999999920e-02 1.129999999999999755e-02 3.070000000000000506e-02 3.843999999999999761e-03 1.017609999999999956e-03 1.489960000000000243e-03 1.730559999999999911e-03 1.023999999999999954e-03 4.095999999999999815e-03 7.128900000000000948e-04 1.267875999999999899e-02 1.354240000000000044e-03 5.490809999999999615e-03 1.276899999999999379e-04 9.424900000000003631e-04 1.933559625000000000e+06 1.891182125000000000e+06
1.000000000000000000e+00 2.759999999999999953e-02 -2.469999999999999973e-02 4.989999999999999991e-02 4.830000000000000265e-02 2.200000000000000133e-03 -5.929999999999999855e-02 8.959999999999999909e-02 -5.659999999999999754e-02 1.129999999999999755e-02 6.700000000000004563e-03 3.420000000000000123e-02 4.700000000000002787e-03 7.617599999999999979e-04 6.100899999999999813e-04 2.490009999999999966e-03 2.332890000000000224e-03 4.840000000000000247e-06 3.516489999999999720e-03 8.028159999999999463e-03 3.203559999999999828e-03 1.276899999999999379e-04 4.489000000000005979e-05 1.169640000000000003e-03 2.209000000000002737e-05 1.932076875000000000e+06 1.888143250000000000e+06
1.000000000000000000e+00 2.989999999999999949e-02 3.549999999999999684e-02 8.140000000000000013e-02 6.189999999999999669e-02 1.870000000000000134e-02 -4.560000000000000164e-02 2.299999999999999961e-03 6.019999999999999657e-02 3.150000000000000022e-02 1.359999999999999404e-02 1.650000000000000078e-02 1.369999999999999690e-02 8.940099999999999870e-04 1.260249999999999869e-03 6.625960000000000183e-03 3.831609999999999617e-03 3.496900000000000485e-04 2.079360000000000149e-03 5.290000000000000174e-06 3.624039999999999380e-03 9.922500000000000764e-04 1.849599999999998283e-04 2.722500000000000310e-04 1.876899999999999055e-04 1.929370375000000000e+06 1.889256125000000000e+06
1.000000000000000000e+00 5.800000000000000294e-02 5.739999999999999963e-02 1.350000000000000089e-01 8.949999999999999623e-02 -4.710000000000000298e-02 -2.380000000000000171e-02 2.810000000000000345e-02 2.190000000000000280e-02 5.360000000000000875e-02 2.759999999999999953e-02 -6.579999999999999738e-02 2.179999999999999993e-02 3.364000000000000237e-03 3.294759999999999876e-03 1.822500000000000162e-02 8.010250000000000009e-03 2.218410000000000087e-03 5.664400000000000858e-04 7.896100000000001598e-04 4.796100000000001057e-04 2.872960000000000791e-03 7.617599999999999979e-04 4.329640000000000051e-03 4.752399999999999832e-04 1.930576250000000000e+06 1.893640500000000000e+06
1.000000000000000000e+00 1.110000000000000014e-01 2.460000000000000034e-02 1.670999999999999985e-01 1.287000000000000088e-01 -7.530000000000000582e-02 -1.269999999999999948e-02 5.299999999999999850e-02 -3.279999999999999583e-02 3.209999999999998965e-02 3.920000000000001261e-02 -2.820000000000000284e-02 1.110000000000000223e-02 1.232100000000000035e-02 6.051599999999999861e-04 2.792240999999999820e-02 1.656369000000000244e-02 5.670090000000000893e-03 1.612899999999999957e-04 2.808999999999999865e-03 1.075839999999999783e-03 1.030409999999999399e-03 1.536640000000001009e-03 7.952400000000001178e-04 1.232100000000000621e-04 1.931551000000000000e+06 1.895313500000000000e+06
1.000000000000000000e+00 1.265999999999999903e-01 -2.680000000000000090e-02 4.800000000000000100e-02 6.819999999999999674e-02 -6.439999999999999891e-02 -4.719999999999999890e-02 1.559999999999998888e-02 -5.140000000000000124e-02 -1.190999999999999975e-01 -6.050000000000001210e-02 1.090000000000000691e-02 -3.450000000000000289e-02 1.602755999999999625e-02 7.182400000000000893e-04 2.304000000000000058e-03 4.651239999999999195e-03 4.147360000000000109e-03 2.227840000000000029e-03 2.433599999999996486e-04 2.641960000000000055e-03 1.418480999999999909e-02 3.660250000000001610e-03 1.188100000000001449e-04 1.190250000000000119e-03 1.932406750000000000e+06 1.892803250000000000e+06
1.000000000000000000e+00 6.469999999999999363e-02 -8.469999999999999751e-02 8.649999999999999356e-02 8.859999999999999820e-02 -4.479999999999999954e-02 -2.440000000000000155e-02 -6.189999999999999669e-02 -5.789999999999999314e-02 3.849999999999999256e-02 2.040000000000000147e-02 1.959999999999999937e-02 2.279999999999999735e-02 4.186089999999999083e-03 7.174089999999999287e-03 7.482249999999999318e-03 7.849959999999999577e-03 2.007039999999999866e-03 5.953600000000000732e-04 3.831609999999999617e-03 3.352409999999999245e-03 1.482249999999999410e-03 4.161600000000000542e-04 3.841599999999999811e-04 5.198399999999999289e-04 1.931965625000000000e+06 1.889759750000000000e+06
1.000000000000000000e+00 9.760000000000000620e-02 3.169999999999999901e-02 1.521000000000000130e-01 1.029000000000000054e-01 -4.340000000000000108e-02 3.299999999999999982e-03 3.290000000000001257e-02 1.164000000000000035e-01 6.560000000000001941e-02 1.430000000000000715e-02 1.399999999999998468e-03 2.770000000000000240e-02 9.525760000000001171e-03 1.004890000000000037e-03 2.313441000000000455e-02 1.058841000000000122e-02 1.883560000000000052e-03 1.088999999999999907e-05 1.082410000000000880e-03 1.354896000000000052e-02 4.303360000000002600e-03 2.044900000000002055e-04 1.959999999999995634e-06 7.672900000000001160e-04 1.929475500000000000e+06 1.886211625000000000e+06
1.000000000000000000e+00 1.246000000000000024e-01 6.100000000000000387e-03 1.575999999999999901e-01 1.161999999999999977e-01 -1.420000000000000082e-02 2.479999999999999913e-02 2.699999999999999623e-02 -2.559999999999999776e-02 5.499999999999977129e-03 1.329999999999999238e-02 2.920000000000000026e-02 2.149999999999999828e-02 1.552516000000000139e-02 3.721000000000000457e-05 2.483775999999999692e-02 1.350243999999999923e-02 2.016400000000000278e-04 6.150399999999999661e-04 7.289999999999998304e-04 6.553599999999999053e-04 3.024999999999974934e-05 1.768899999999998056e-04 8.526399999999999951e-04 4.622499999999999331e-04 1.927436750000000000e+06 1.882946750000000000e+06
1.000000000000000000e+00 6.479999999999999649e-02 5.519999999999999907e-02 9.080000000000000571e-02 4.130000000000000338e-02 -2.029999999999999860e-02 -2.929999999999999966e-02 -5.980000000000000593e-02 4.909999999999999781e-02 -6.679999999999998439e-02 -7.489999999999999436e-02 -6.099999999999997785e-03 -5.409999999999999531e-02 4.199039999999999370e-03 3.047039999999999992e-03 8.244640000000000996e-03 1.705690000000000374e-03 4.120899999999999390e-04 8.584899999999999476e-04 3.576040000000000815e-03 2.410809999999999776e-03 4.462239999999997528e-03 5.610009999999999476e-03 3.720999999999997069e-05 2.926809999999999308e-03 1.925362625000000000e+06 1.881085750000000000e+06
1.000000000000000000e+00 7.989999999999999880e-02 -1.099999999999999936e-02 1.391999999999999904e-01 5.609999999999999709e-02 -7.879999999999999505e-02 2.799999999999999972e-03 1.510000000000000231e-02 -6.619999999999999496e-02 4.839999999999998470e-02 1.479999999999999372e-02 -5.849999999999999645e-02 3.209999999999999659e-02 6.384009999999999858e-03 1.209999999999999867e-04 1.937663999999999706e-02 3.147209999999999678e-03 6.209439999999999231e-03 7.839999999999999476e-06 2.280100000000000616e-04 4.382439999999999600e-03 2.342559999999998307e-03 2.190399999999998273e-04 3.422249999999999511e-03 1.030409999999999833e-03 1.923823500000000000e+06 1.881461125000000000e+06
1.000000000000000000e+00 1.066000000000000003e-01 9.030000000000000526e-02 1.814000000000000057e-01 8.140000000000000013e-02 -5.530000000000000193e-02 -1.250000000000000069e-02 2.670000000000000151e-02 1.013000000000000012e-01 4.220000000000001528e-02 2.530000000000000304e-02 2.349999999999999312e-02 -1.530000000000000110e-02 1.136355999999999998e-02 8.154090000000000990e-03 3.290596000000000493e-02 6.625960000000000183e-03 3.058090000000000287e-03 1.562500000000000304e-04 7.128900000000000948e-04 1.026169000000000039e-02 1.780840000000001198e-03 6.400900000000001684e-04 5.522499999999996812e-04 2.340900000000000305e-04 1.926160000000000000e+06 1.882946500000000000e+06
1.000000000000000000e+00 6.719999999999999585e-02 -6.199999999999999956e-02 -4.780000000000000221e-02 1.168000000000000010e-01 -1.315000000000000058e-01 -3.799999999999999906e-02 -3.940000000000000446e-02 -1.522999999999999909e-01 -2.292000000000000148e-01 3.540000000000000091e-02 -7.620000000000000384e-02 -2.549999999999999836e-02 4.515839999999999264e-03 3.843999999999999761e-03 2.284840000000000221e-03 1.364223999999999992e-02 1.729225000000000206e-02 1.443999999999999971e-03 1.552360000000000458e-03 2.319528999999999688e-02 5.253264000000000544e-02 1.253160000000000125e-03 5.806440000000000386e-03 6.502499999999998949e-04 1.928789500000000000e+06 1.883183625000000000e+06
1.000000000000000000e+00 2.690000000000000030e-02 -7.140000000000000513e-02 5.100000000000000366e-03 7.860000000000000320e-02 -1.069999999999999944e-02 -1.438000000000000111e-01 -4.029999999999999555e-02 -9.400000000000005573e-03 5.290000000000000258e-02 -3.819999999999999785e-02 1.208000000000000046e-01 -1.058000000000000052e-01 7.236099999999999650e-04 5.097960000000000338e-03 2.601000000000000339e-05 6.177960000000000569e-03 1.144899999999999830e-04 2.067844000000000279e-02 1.624089999999999692e-03 8.836000000000010946e-05 2.798410000000000307e-03 1.459239999999999886e-03 1.459264000000000047e-02 1.119364000000000123e-02 1.927135625000000000e+06 1.886881625000000000e+06
1.000000000000000000e+00 -7.090000000000000469e-02 1.267999999999999960e-01 1.589000000000000135e-01 -3.350000000000000200e-02 -7.660000000000000142e-02 -6.460000000000000464e-02 -9.779999999999999805e-02 1.981999999999999873e-01 1.538000000000000200e-01 -1.121000000000000052e-01 -6.590000000000000024e-02 7.920000000000000651e-02 5.026810000000000479e-03 1.607824000000000059e-02 2.524921000000000457e-02 1.122250000000000201e-03 5.867559999999999963e-03 4.173160000000000411e-03 9.564839999999999801e-03 3.928323999999999705e-02 2.365444000000000574e-02 1.256641000000000181e-02 4.342809999999999900e-03 6.272640000000001201e-03 1.923254750000000000e+06 1.881404375000000000e+06
1.000000000000000000e+00 -2.350000000000000006e-02 -7.400000000000000328e-03 7.969999999999999307e-02 4.669999999999999846e-02 -6.790000000000000202e-02 -5.670000000000000040e-02 4.740000000000000463e-02 -1.341999999999999860e-01 -7.920000000000002038e-02 8.019999999999999352e-02 8.699999999999999400e-03 7.900000000000004241e-03 5.522500000000000065e-04 5.476000000000000426e-05 6.352089999999998605e-03 2.180889999999999999e-03 4.610410000000000549e-03 3.214890000000000195e-03 2.246760000000000423e-03 1.800963999999999690e-02 6.272640000000002936e-03 6.432039999999999112e-03 7.568999999999998852e-05 6.241000000000006146e-05 1.921483875000000000e+06 1.881691375000000000e+06
