1.000000000000000000e+00 0.000000000000000000e+00 0.000000000000000000e+00 0.000000000000000000e+00 0.000000000000000000e+00 -0.000000000000000000e+00 -0.000000000000000000e+00 0.000000000000000000e+00 0.000000000000000000e+00 0.000000000000000000e+00 0.000000000000000000e+00 0.000000000000000000e+00 0.000000000000000000e+00 0.000000000000000000e+00 0.000000000000000000e+00 0.000000000000000000e+00 0.000000000000000000e+00 0.000000000000000000e+00 0.000000000000000000e+00 0.000000000000000000e+00 0.000000000000000000e+00 0.000000000000000000e+00 0.000000000000000000e+00 0.000000000000000000e+00 0.000000000000000000e+00 1.636900625000000000e+06 1.875593250000000000e+06
1.000000000000000000e+00 3.420000000000000123e-02 -1.029999999999999943e-01 -4.279999999999999777e-02 -4.510000000000000120e-02 5.000000000000000104e-03 -4.199999999999999740e-03 3.420000000000000123e-02 -1.029999999999999943e-01 -4.279999999999999777e-02 -4.510000000000000120e-02 5.000000000000000104e-03 -4.199999999999999740e-03 1.169640000000000003e-03 1.060899999999999864e-02 1.831839999999999727e-03 2.034010000000000158e-03 2.500000000000000120e-05 1.763999999999999713e-05 1.169640000000000003e-03 1.060899999999999864e-02 1.831839999999999727e-03 2.034010000000000158e-03 2.500000000000000120e-05 1.763999999999999713e-05 1.636403750000000000e+06 1.874091375000000000e+06
1.000000000000000000e+00 -6.999999999999999929e-04 -3.128000000000000225e-01 4.259999999999999898e-02 5.100000000000000366e-03 -8.619999999999999885e-02 8.899999999999999925e-03 -3.490000000000000047e-02 -2.098000000000000420e-01 8.540000000000000369e-02 5.020000000000000157e-02 -9.120000000000000329e-02 1.310000000000000053e-02 4.899999999999999672e-07 9.784384000000001524e-02 1.814759999999999898e-03 2.601000000000000339e-05 7.430439999999999962e-03 7.920999999999999547e-05 1.218010000000000056e-03 4.401604000000002015e-02 7.293160000000000788e-03 2.520040000000000301e-03 8.317440000000000597e-03 1.716100000000000188e-04 1.634448375000000000e+06 1.872005125000000000e+06
1.000000000000000000e+00 -8.099999999999999561e-03 -1.827999999999999903e-01 2.167000000000000037e-01 -3.119999999999999857e-02 -3.237999999999999767e-01 5.500000000000000028e-02 -7.399999999999999460e-03 1.300000000000000322e-01 1.741000000000000048e-01 -3.629999999999999893e-02 -2.375999999999999779e-01 4.610000000000000209e-02 6.560999999999999016e-05 3.341583999999999527e-02 4.695889000000000313e-02 9.734399999999998956e-04 1.048464399999999852e-01 3.024999999999999911e-03 5.475999999999999070e-05 1.690000000000000877e-02 3.031081000000000053e-02 1.317689999999999834e-03 5.645375999999999173e-02 2.125210000000000207e-03 1.633768375000000000e+06 1.873452125000000000e+06
1.000000000000000000e+00 -8.970000000000000195e-02 -8.809999999999999776e-02 1.770000000000000046e-02 -7.610000000000000098e-02 -4.228999999999999981e-01 4.030000000000000249e-02 -8.160000000000000586e-02 9.469999999999999252e-02 -1.990000000000000102e-01 -4.490000000000000241e-02 -9.910000000000002141e-02 -1.469999999999999779e-02 8.046090000000000533e-03 7.761609999999999517e-03 3.132900000000000311e-04 5.791209999999999761e-03 1.788444100000000092e-01 1.624090000000000126e-03 6.658560000000000867e-03 8.968089999999998008e-03 3.960100000000000425e-02 2.016010000000000371e-03 9.820810000000004467e-03 2.160899999999999453e-04 1.634438750000000000e+06 1.879631875000000000e+06
1.000000000000000000e+00 -7.889999999999999791e-02 -1.176999999999999991e-01 2.259999999999999856e-02 -4.920000000000000068e-02 -2.479999999999999982e-01 1.318999999999999895e-01 1.080000000000000404e-02 -2.960000000000000131e-02 4.899999999999998107e-03 2.690000000000000030e-02 1.748999999999999999e-01 9.159999999999998699e-02 6.225209999999999251e-03 1.385328999999999901e-02 5.107599999999999684e-04 2.420639999999999945e-03 6.150399999999999617e-02 1.739760999999999738e-02 1.166400000000000894e-04 8.761600000000000681e-04 2.400999999999998188e-05 7.236099999999999650e-04 3.059001000000000081e-02 8.390559999999998297e-03 1.633736625000000000e+06 1.882039625000000000e+06
1.000000000000000000e+00 -8.989999999999999380e-02 -2.179000000000000103e-01 4.209999999999999853e-02 -2.210000000000000159e-02 -9.420000000000000595e-02 1.446000000000000063e-01 -1.099999999999999589e-02 -1.002000000000000113e-01 1.949999999999999997e-02 2.709999999999999909e-02 1.537999999999999923e-01 1.270000000000001683e-02 8.082009999999998848e-03 4.748041000000000761e-02 1.772409999999999871e-03 4.884100000000001027e-04 8.873640000000000347e-03 2.090916000000000302e-02 1.209999999999999054e-04 1.004004000000000181e-02 3.802499999999999999e-04 7.344099999999999023e-04 2.365443999999999880e-02 1.612900000000004293e-04 1.634153625000000000e+06 1.884827000000000000e+06
1.000000000000000000e+00 -9.560000000000000442e-02 -1.218000000000000055e-01 -1.390000000000000124e-01 -8.129999999999999727e-02 4.429999999999999910e-02 4.030000000000000249e-02 -5.700000000000010614e-03 9.610000000000000486e-02 -1.811000000000000110e-01 -5.919999999999999568e-02 1.385000000000000120e-01 -1.043000000000000038e-01 9.139360000000000886e-03 1.483524000000000127e-02 1.932100000000000484e-02 6.609689999999999663e-03 1.962489999999999894e-03 1.624090000000000126e-03 3.249000000000012430e-05 9.235210000000000641e-03 3.279721000000000719e-02 3.504639999999999405e-03 1.918225000000000485e-02 1.087849000000000108e-02 1.635618500000000000e+06 1.891312250000000000e+06
1.000000000000000000e+00 -6.590000000000000024e-02 -1.711000000000000021e-01 9.039999999999999425e-02 -1.159999999999999920e-02 -5.369999999999999774e-02 1.089999999999999997e-02 2.970000000000000417e-02 -4.929999999999999660e-02 2.293999999999999928e-01 6.969999999999999807e-02 -9.800000000000000377e-02 -2.940000000000000252e-02 4.342809999999999900e-03 2.927520999999999943e-02 8.172159999999999494e-03 1.345599999999999856e-04 2.883689999999999951e-03 1.188099999999999958e-04 8.820900000000001960e-04 2.430489999999999561e-03 5.262435999999999503e-02 4.858089999999999804e-03 9.604000000000001425e-03 8.643600000000001065e-04 1.635552250000000000e+06 1.893278375000000000e+06
1.000000000000000000e+00 -5.949999999999999734e-02 -1.894000000000000128e-01 3.810000000000000192e-02 -1.899999999999999953e-02 -6.260000000000000286e-02 1.239999999999999956e-02 6.400000000000002909e-03 -1.830000000000001070e-02 -5.229999999999999233e-02 -7.400000000000000328e-03 -8.900000000000005129e-03 1.499999999999999598e-03 3.540249999999999560e-03 3.587236000000000591e-02 1.451610000000000096e-03 3.609999999999999928e-04 3.918760000000000299e-03 1.537599999999999915e-04 4.096000000000003474e-05 3.348900000000003935e-04 2.735289999999999163e-03 5.476000000000000426e-05 7.921000000000009034e-05 2.249999999999998786e-06 1.637083375000000000e+06 1.888900750000000000e+06
1.000000000000000000e+00 -1.023000000000000020e-01 -2.474000000000000088e-01 -9.089999999999999469e-02 -1.925999999999999934e-01 -1.842999999999999916e-01 1.409999999999999969e-02 -4.280000000000000471e-02 -5.799999999999999600e-02 -1.290000000000000036e-01 -1.736000000000000043e-01 -1.216999999999999887e-01 1.700000000000000122e-03 1.046529000000000036e-02 6.120676000000000588e-02 8.262809999999998906e-03 3.709475999999999746e-02 3.396648999999999502e-02 1.988100000000000023e-04 1.831840000000000378e-03 3.363999999999999369e-03 1.664099999999999954e-02 3.013696000000000083e-02 1.481088999999999670e-02 2.890000000000000282e-06 1.629893000000000000e+06 1.872887375000000000e+06
1.000000000000000000e+00 -1.441000000000000059e-01 -2.659000000000000252e-01 1.887000000000000066e-01 -1.975000000000000089e-01 -3.271000000000000019e-01 3.289999999999999869e-02 -4.180000000000000382e-02 -1.850000000000001643e-02 2.796000000000000152e-01 -4.900000000000015454e-03 -1.428000000000000103e-01 1.879999999999999727e-02 2.076481000000000160e-02 7.070281000000001870e-02 3.560769000000000434e-02 3.900625000000000620e-02 1.069944099999999981e-01 1.082410000000000013e-03 1.747240000000000381e-03 3.422500000000005941e-04 7.817616000000000842e-02 2.401000000000015128e-05 2.039184000000000135e-02 3.534399999999998957e-04 1.630994000000000000e+06 1.876298125000000000e+06
1.000000000000000000e+00 -1.285000000000000031e-01 -1.689999999999999836e-02 -1.510000000000000057e-02 -1.103999999999999981e-01 -2.288000000000000034e-01 3.139999999999999736e-02 1.560000000000000275e-02 2.490000000000000269e-01 -2.038000000000000089e-01 8.710000000000001075e-02 9.829999999999999849e-02 -1.500000000000001332e-03 1.651224999999999915e-02 2.856099999999999438e-04 2.280100000000000074e-04 1.218815999999999997e-02 5.234944000000000403e-02 9.859599999999999181e-04 2.433600000000000823e-04 6.200100000000001443e-02 4.153444000000000580e-02 7.586410000000001763e-03 9.662890000000000368e-03 2.250000000000003869e-06 1.633459375000000000e+06 1.883967500000000000e+06
1.000000000000000000e+00 -2.910000000000000087e-02 3.899999999999999821e-03 -6.999999999999999929e-04 -1.097999999999999948e-01 -2.242000000000000104e-01 5.850000000000000339e-02 9.940000000000000224e-02 2.079999999999999905e-02 1.440000000000000134e-02 6.000000000000033085e-04 4.599999999999992983e-03 2.710000000000000603e-02 8.468100000000000323e-04 1.520999999999999837e-05 4.899999999999999672e-07 1.205603999999999877e-02 5.026564000000000726e-02 3.422250000000000379e-03 9.880360000000001225e-03 4.326399999999999777e-04 2.073600000000000475e-04 3.600000000000039648e-07 2.115999999999993632e-05 7.344100000000003360e-04 1.632269125000000000e+06 1.882546375000000000e+06
1.000000000000000000e+00 -2.659999999999999865e-02 -2.200999999999999901e-01 1.030999999999999972e-01 -1.232000000000000040e-01 -2.053999999999999992e-01 5.430000000000000104e-02 2.500000000000002220e-03 -2.239999999999999769e-01 1.038000000000000034e-01 -1.340000000000000913e-02 1.880000000000001115e-02 -4.200000000000002343e-03 7.075599999999999815e-04 4.844400999999999569e-02 1.062960999999999941e-02 1.517824000000000083e-02 4.218915999999999639e-02 2.948490000000000225e-03 6.250000000000011311e-06 5.017599999999999144e-02 1.077444000000000145e-02 1.795600000000002392e-04 3.534400000000004378e-04 1.764000000000002084e-05 1.633497125000000000e+06 1.886593625000000000e+06
1.000000000000000000e+00 -4.220000000000000140e-02 -1.166999999999999982e-01 -1.187000000000000000e-01 -1.282999999999999974e-01 -5.940000000000000141e-02 5.000000000000000278e-02 -1.560000000000000275e-02 1.033999999999999919e-01 -2.217999999999999972e-01 -5.099999999999993427e-03 1.459999999999999909e-01 -4.299999999999998268e-03 1.780840000000000114e-03 1.361888999999999982e-02 1.408969000000000020e-02 1.646088999999999886e-02 3.528360000000000350e-03 2.500000000000000486e-03 2.433600000000000823e-04 1.069155999999999752e-02 4.919524000000000119e-02 2.600999999999993224e-05 2.131599999999999814e-02 1.848999999999998391e-05 1.632407000000000000e+06 1.886493125000000000e+06
1.000000000000000000e+00 -7.199999999999999803e-03 -1.063000000000000056e-01 2.026000000000000023e-01 -1.035999999999999976e-01 -1.643000000000000016e-01 5.879999999999999810e-02 3.500000000000000333e-02 1.039999999999999258e-02 3.213000000000000300e-01 2.469999999999999973e-02 -1.048999999999999932e-01 8.799999999999995326e-03 5.183999999999999833e-05 1.129969000000000112e-02 4.104676000000000158e-02 1.073295999999999972e-02 2.699448999999999946e-02 3.457439999999999992e-03 1.225000000000000177e-03 1.081599999999998454e-04 1.032336900000000168e-01 6.100899999999999813e-04 1.100400999999999810e-02 7.743999999999992263e-05 1.632577750000000000e+06 1.889097500000000000e+06
1.000000000000000000e+00 -3.080000000000000099e-02 -8.719999999999999973e-02 -4.199999999999999740e-03 -1.303999999999999881e-01 -1.107000000000000067e-01 6.260000000000000286e-02 -2.360000000000000292e-02 1.910000000000000586e-02 -2.068000000000000116e-01 -2.679999999999999050e-02 5.359999999999999487e-02 3.800000000000004763e-03 9.486400000000000518e-04 7.603839999999999731e-03 1.763999999999999713e-05 1.700415999999999733e-02 1.225449000000000156e-02 3.918760000000000299e-03 5.569600000000001156e-04 3.648100000000002426e-04 4.276624000000000397e-02 7.182399999999994388e-04 2.872959999999999490e-03 1.444000000000003623e-05 1.632971000000000000e+06 1.887364125000000000e+06
1.000000000000000000e+00 -7.539999999999999480e-02 -9.170000000000000373e-02 -5.870000000000000218e-02 -1.224999999999999978e-01 -9.059999999999999998e-02 5.970000000000000306e-02 -4.459999999999999382e-02 -4.500000000000003997e-03 -5.449999999999999983e-02 7.899999999999990363e-03 2.010000000000000675e-02 -2.899999999999999800e-03 5.685159999999998999e-03 8.408890000000000461e-03 3.445690000000000384e-03 1.500624999999999876e-02 8.208359999999999615e-03 3.564090000000000227e-03 1.989159999999999366e-03 2.025000000000003482e-05 2.970249999999999800e-03 6.240999999999984461e-05 4.040100000000002738e-04 8.409999999999999101e-06 1.632582000000000000e+06 1.889096500000000000e+06
1.000000000000000000e+00 -2.050000000000000086e-02 -2.934999999999999831e-01 6.600000000000000311e-02 -1.272000000000000075e-01 -1.526000000000000134e-01 4.399999999999999745e-02 5.489999999999999047e-02 -2.017999999999999794e-01 1.247000000000000053e-01 -4.700000000000009726e-03 -6.200000000000001343e-02 -1.570000000000000562e-02 4.202500000000000506e-04 8.614224999999998966e-02 4.356000000000000497e-03 1.617984000000000089e-02 2.328676000000000357e-02 1.935999999999999787e-03 3.014009999999998825e-03 4.072323999999999389e-02 1.555009000000000079e-02 2.209000000000009174e-05 3.844000000000001496e-03 2.464900000000001964e-04 1.633688875000000000e+06 1.892998625000000000e+06
1.000000000000000000e+00 -9.919999999999999651e-02 -1.574000000000000121e-01 -1.499000000000000055e-01 -1.441999999999999948e-01 -3.679999999999999938e-02 2.779999999999999832e-02 -7.869999999999999218e-02 1.360999999999999710e-01 -2.159000000000000086e-01 -1.699999999999998734e-02 1.158000000000000140e-01 -1.619999999999999912e-02 9.840639999999999457e-03 2.477476000000000331e-02 2.247001000000000207e-02 2.079363999999999865e-02 1.354240000000000044e-03 7.728399999999998986e-04 6.193689999999999092e-03 1.852320999999999135e-02 4.661281000000000452e-02 2.889999999999995437e-04 1.340964000000000392e-02 2.624399999999999606e-04 1.632400000000000000e+06 1.891681750000000000e+06
1.000000000000000000e+00 -2.539999999999999897e-02 -2.503000000000000225e-01 1.208999999999999936e-01 -1.288999999999999868e-01 -1.587000000000000077e-01 2.369999999999999885e-02 7.380000000000000449e-02 -9.290000000000001035e-02 2.707999999999999852e-01 1.530000000000000804e-02 -1.219000000000000083e-01 -4.099999999999999478e-03 6.451599999999999826e-04 6.265009000000000550e-02 1.461680999999999918e-02 1.661520999999999831e-02 2.518569000000000363e-02 5.616899999999999974e-04 5.446440000000000309e-03 8.630410000000001552e-03 7.333263999999999061e-02 2.340900000000002473e-04 1.485961000000000226e-02 1.680999999999999660e-05 1.630125000000000000e+06 1.888710500000000000e+06
1.000000000000000000e+00 -1.057000000000000023e-01 -1.973000000000000032e-01 1.048000000000000043e-01 -8.880000000000000393e-02 -1.247999999999999943e-01 1.949999999999999997e-02 -8.030000000000001026e-02 5.300000000000001932e-02 -1.609999999999998932e-02 4.009999999999998288e-02 3.390000000000001346e-02 -4.199999999999998873e-03 1.117249000000000020e-02 3.892729000000000328e-02 1.098304000000000120e-02 7.885440000000000504e-03 1.557503999999999833e-02 3.802499999999999999e-04 6.448090000000001806e-03 2.809000000000002033e-03 2.592099999999996815e-04 1.608009999999998694e-03 1.149210000000000986e-03 1.763999999999999035e-05 1.630729000000000000e+06 1.883832875000000000e+06
1.000000000000000000e+00 -4.070000000000000007e-02 -2.730000000000000135e-02 -3.559999999999999970e-02 -1.464999999999999913e-01 -9.180000000000000659e-02 2.350000000000000006e-02 6.500000000000000222e-02 1.700000000000000122e-01 -1.403999999999999970e-01 -5.769999999999998741e-02 3.299999999999998768e-02 4.000000000000000083e-03 1.656490000000000046e-03 7.452900000000001234e-04 1.267359999999999928e-03 2.146224999999999869e-02 8.427240000000000772e-03 5.522500000000000065e-04 4.225000000000000457e-03 2.890000000000000555e-02 1.971215999999999940e-02 3.329289999999998639e-03 1.088999999999999257e-03 1.599999999999999928e-05 1.630117000000000000e+06 1.882227750000000000e+06
1.000000000000000000e+00 -5.349999999999999895e-02 -1.315999999999999948e-01 -0.000000000000000000e+00 -9.990000000000000269e-02 -4.089999999999999886e-02 8.399999999999999481e-03 -1.279999999999999888e-02 -1.042999999999999899e-01 3.559999999999999970e-02 4.659999999999998865e-02 5.090000000000000774e-02 -1.510000000000000057e-02 2.862249999999999777e-03 1.731856000000000020e-02 0.000000000000000000e+00 9.980010000000000964e-03 1.672809999999999835e-03 7.055999999999998851e-05 1.638399999999999763e-04 1.087848999999999761e-02 1.267359999999999928e-03 2.171559999999999029e-03 2.590810000000000682e-03 2.280100000000000074e-04 1.634776375000000000e+06 1.897563375000000000e+06
1.000000000000000000e+00 -4.819999999999999979e-02 -3.055999999999999828e-01 1.102000000000000063e-01 -8.369999999999999662e-02 -1.241000000000000020e-01 1.490000000000000005e-02 5.299999999999999156e-03 -1.739999999999999880e-01 1.102000000000000063e-01 1.620000000000000606e-02 -8.319999999999999618e-02 6.500000000000000569e-03 2.323239999999999854e-03 9.339135999999999271e-02 1.214404000000000178e-02 7.005689999999999314e-03 1.540081000000000089e-02 2.220099999999999971e-04 2.808999999999999025e-05 3.027599999999999736e-02 1.214404000000000178e-02 2.624400000000001775e-04 6.922239999999999643e-03 4.225000000000001053e-05 1.633083000000000000e+06 1.893947125000000000e+06
1.000000000000000000e+00 -4.460000000000000075e-02 -1.542000000000000037e-01 7.820000000000000562e-02 -9.629999999999999671e-02 -1.203999999999999931e-01 1.810000000000000150e-02 3.599999999999999034e-03 1.513999999999999790e-01 -3.200000000000000067e-02 -1.260000000000000009e-02 3.700000000000008837e-03 3.200000000000001454e-03 1.989160000000000234e-03 2.377764000000000266e-02 6.115240000000000953e-03 9.273689999999999364e-03 1.449615999999999752e-02 3.276100000000000431e-04 1.295999999999999281e-05 2.292195999999999470e-02 1.023999999999999954e-03 1.587600000000000046e-04 1.369000000000006544e-05 1.024000000000000868e-05 1.632889375000000000e+06 1.889569375000000000e+06
1.000000000000000000e+00 -7.939999999999999836e-02 7.710000000000000187e-02 -9.289999999999999647e-02 -1.539000000000000090e-01 -6.040000000000000230e-02 -3.200000000000000067e-02 -3.479999999999999760e-02 2.313000000000000056e-01 -1.711000000000000021e-01 -5.760000000000001230e-02 5.999999999999999084e-02 -5.010000000000000564e-02 6.304360000000000172e-03 5.944410000000000666e-03 8.630409999999999818e-03 2.368521000000000168e-02 3.648160000000000118e-03 1.023999999999999954e-03 1.211039999999999816e-03 5.349969000000000252e-02 2.927520999999999943e-02 3.317760000000001628e-03 3.599999999999999034e-03 2.510010000000000453e-03 1.632353750000000000e+06 1.888908125000000000e+06
1.000000000000000000e+00 -4.809999999999999692e-02 -1.328999999999999904e-01 1.421000000000000041e-01 -1.142999999999999988e-01 -1.991999999999999882e-01 -5.779999999999999721e-02 3.130000000000000143e-02 -2.099999999999999922e-01 2.349999999999999867e-01 3.960000000000001019e-02 -1.387999999999999790e-01 -2.579999999999999655e-02 2.313609999999999799e-03 1.766240999999999645e-02 2.019241000000000091e-02 1.306448999999999978e-02 3.968063999999999619e-02 3.340839999999999869e-03 9.796900000000000747e-04 4.409999999999999337e-02 5.522499999999999631e-02 1.568160000000000734e-03 1.926543999999999479e-02 6.656399999999997865e-04 1.631976500000000000e+06 1.887710750000000000e+06
1.000000000000000000e+00 -1.716999999999999915e-01 -3.630999999999999783e-01 -5.800000000000000294e-02 -5.960000000000000020e-02 3.309999999999999748e-02 -1.439999999999999891e-01 -1.235999999999999877e-01 -2.301999999999999880e-01 -2.001000000000000001e-01 5.469999999999999862e-02 2.322999999999999787e-01 -8.619999999999999885e-02 2.948088999999999571e-02 1.318416099999999980e-01 3.364000000000000237e-03 3.552159999999999953e-03 1.095609999999999900e-03 2.073599999999999749e-02 1.527695999999999742e-02 5.299203999999999720e-02 4.004001000000000088e-02 2.992089999999999767e-03 5.396328999999999015e-02 7.430439999999999962e-03 1.634442750000000000e+06 1.887215125000000000e+06
1.000000000000000000e+00 -1.194000000000000061e-01 -7.789999999999999702e-02 -2.474999999999999978e-01 -1.189000000000000057e-01 7.470000000000000251e-02 -1.675999999999999990e-01 5.229999999999998539e-02 2.852000000000000091e-01 -1.895000000000000018e-01 -5.930000000000000548e-02 4.160000000000000503e-02 -2.360000000000000986e-02 1.425636000000000091e-02 6.068409999999999777e-03 6.125624999999999820e-02 1.413721000000000075e-02 5.580090000000000224e-03 2.808975999999999834e-02 2.735289999999998296e-03 8.133904000000000134e-02 3.591024999999999773e-02 3.516490000000000588e-03 1.730560000000000345e-03 5.569600000000004408e-04 1.633111500000000000e+06 1.880974500000000000e+06
1.000000000000000000e+00 -3.899999999999999821e-03 -2.147999999999999909e-01 1.884000000000000119e-01 -2.939999999999999905e-02 -1.706999999999999906e-01 -1.420000000000000082e-02 1.155000000000000054e-01 -1.368999999999999939e-01 4.359000000000000097e-01 8.950000000000001010e-02 -2.454000000000000070e-01 1.534000000000000086e-01 1.520999999999999837e-05 4.613903999999999922e-02 3.549456000000000139e-02 8.643599999999999981e-04 2.913848999999999606e-02 2.016400000000000278e-04 1.334025000000000141e-02 1.874160999999999883e-02 1.900088100000000002e-01 8.010250000000001744e-03 6.022116000000000274e-02 2.353156000000000345e-02 1.623530500000000000e+06 1.859279875000000000e+06
1.000000000000000000e+00 -2.450000000000000094e-02 -1.925999999999999934e-01 1.688999999999999946e-01 -8.989999999999999380e-02 -1.213000000000000050e-01 3.099999999999999891e-03 -2.060000000000000026e-02 2.219999999999999751e-02 -1.950000000000001732e-02 -6.049999999999999822e-02 4.939999999999998559e-02 1.729999999999999941e-02 6.002500000000000890e-04 3.709475999999999746e-02 2.852720999999999729e-02 8.082009999999998848e-03 1.471369000000000149e-02 9.609999999999999470e-06 4.243600000000000367e-04 4.928399999999999231e-04 3.802500000000006504e-04 3.660249999999999875e-03 2.440359999999998624e-03 2.992899999999999619e-04 1.623197250000000000e+06 1.854463875000000000e+06
1.000000000000000000e+00 -5.199999999999999761e-02 2.189999999999999933e-02 -9.900000000000000813e-03 -1.137999999999999984e-01 -2.006000000000000005e-01 9.379999999999999449e-02 -2.749999999999999667e-02 2.144999999999999962e-01 -1.787999999999999867e-01 -2.390000000000000457e-02 -7.929999999999999549e-02 9.069999999999998896e-02 2.703999999999999806e-03 4.796099999999999973e-04 9.801000000000001876e-05 1.295043999999999883e-02 4.024036000000000279e-02 8.798439999999999386e-03 7.562499999999998694e-04 4.601024999999999560e-02 3.196943999999999481e-02 5.712100000000002722e-04 6.288489999999999011e-03 8.226489999999997763e-03 1.620898750000000000e+06 1.848270000000000000e+06
1.000000000000000000e+00 4.799999999999999580e-03 -1.403999999999999970e-01 2.074999999999999900e-01 -8.939999999999999336e-02 -2.733999999999999764e-01 6.880000000000000004e-02 5.679999999999999633e-02 -1.622999999999999998e-01 2.173999999999999821e-01 2.440000000000000502e-02 -7.279999999999997584e-02 -2.499999999999999445e-02 2.303999999999999625e-05 1.971215999999999940e-02 4.305624999999999730e-02 7.992359999999998701e-03 7.474755999999999068e-02 4.733440000000000217e-03 3.226239999999999577e-03 2.634128999999999984e-02 4.726275999999999394e-02 5.953600000000002900e-04 5.299839999999996637e-03 6.249999999999996877e-04 1.617720875000000000e+06 1.849087375000000000e+06
1.000000000000000000e+00 -3.520000000000000212e-02 -1.950000000000000067e-01 1.590000000000000094e-02 -1.115000000000000019e-01 -1.423000000000000098e-01 7.910000000000000364e-02 -4.000000000000000083e-02 -5.460000000000000964e-02 -1.915999999999999925e-01 -2.210000000000000853e-02 1.310999999999999666e-01 1.030000000000000360e-02 1.239040000000000063e-03 3.802500000000000324e-02 2.528100000000000139e-04 1.243225000000000059e-02 2.024929000000000312e-02 6.256810000000000670e-03 1.600000000000000077e-03 2.981160000000000927e-03 3.671055999999999625e-02 4.884100000000004280e-04 1.718720999999999097e-02 1.060900000000000769e-04 1.623129500000000000e+06 1.865720625000000000e+06
1.000000000000000000e+00 -8.999999999999999667e-02 -2.038000000000000089e-01 -1.247999999999999943e-01 -1.013000000000000012e-01 -7.610000000000000098e-02 8.069999999999999396e-02 -5.479999999999999455e-02 -8.800000000000002265e-03 -1.406999999999999917e-01 1.020000000000000073e-02 6.620000000000000884e-02 1.599999999999990319e-03 8.099999999999999561e-03 4.153444000000000580e-02 1.557503999999999833e-02 1.026169000000000039e-02 5.791209999999999761e-03 6.512489999999999252e-03 3.003039999999999356e-03 7.744000000000004461e-05 1.979648999999999645e-02 1.040400000000000135e-04 4.382440000000001334e-03 2.559999999999969137e-06 1.623024500000000000e+06 1.871061500000000000e+06
1.000000000000000000e+00 -4.580000000000000043e-02 -2.043000000000000094e-01 -3.629999999999999893e-02 -1.116999999999999937e-01 -6.389999999999999847e-02 7.480000000000000537e-02 4.419999999999999624e-02 -5.000000000000004441e-04 8.849999999999999534e-02 -1.039999999999999258e-02 1.220000000000000251e-02 -5.899999999999988587e-03 2.097640000000000008e-03 4.173849000000000309e-02 1.317689999999999834e-03 1.247688999999999916e-02 4.083209999999999444e-03 5.595040000000000777e-03 1.953639999999999544e-03 2.500000000000004651e-07 7.832249999999998935e-03 1.081599999999998454e-04 1.488400000000000725e-04 3.480999999999986492e-05 1.624731750000000000e+06 1.879703250000000000e+06
1.000000000000000000e+00 -9.070000000000000284e-02 -1.842999999999999916e-01 1.179000000000000048e-01 -1.034000000000000058e-01 -1.771000000000000074e-01 5.319999999999999729e-02 -4.490000000000000241e-02 2.000000000000001776e-02 1.542000000000000037e-01 8.299999999999987943e-03 -1.132000000000000089e-01 -2.160000000000000808e-02 8.226490000000001232e-03 3.396648999999999502e-02 1.390041000000000193e-02 1.069156000000000099e-02 3.136441000000000229e-02 2.830239999999999926e-03 2.016010000000000371e-03 4.000000000000007239e-04 2.377764000000000266e-02 6.888999999999979613e-05 1.281424000000000278e-02 4.665600000000003577e-04 1.620817625000000000e+06 1.874419125000000000e+06
1.000000000000000000e+00 -4.809999999999999692e-02 -1.905999999999999917e-01 -3.710000000000000103e-02 -1.063000000000000056e-01 -5.399999999999999939e-02 7.359999999999999876e-02 4.260000000000000592e-02 -6.300000000000000044e-03 -1.549999999999999989e-01 -2.899999999999999800e-03 1.231000000000000150e-01 2.040000000000000147e-02 2.313609999999999799e-03 3.632835999999999704e-02 1.376410000000000003e-03 1.129969000000000112e-02 2.915999999999999755e-03 5.416960000000000178e-03 1.814760000000000548e-03 3.969000000000000116e-05 2.402500000000000122e-02 8.409999999999999101e-06 1.515361000000000312e-02 4.161600000000000542e-04 1.624201500000000000e+06 1.881709750000000000e+06
1.000000000000000000e+00 -5.190000000000000169e-02 -2.079000000000000015e-01 2.050000000000000086e-02 -5.149999999999999717e-02 -3.549999999999999684e-02 7.359999999999999876e-02 -3.800000000000004763e-03 -1.730000000000000981e-02 5.759999999999999842e-02 5.480000000000000843e-02 1.850000000000000255e-02 0.000000000000000000e+00 2.693610000000000362e-03 4.322241000000000277e-02 4.202500000000000506e-04 2.652249999999999660e-03 1.260249999999999869e-03 5.416960000000000178e-03 1.444000000000003623e-05 2.992900000000003414e-04 3.317759999999999893e-03 3.003040000000001090e-03 3.422500000000001062e-04 0.000000000000000000e+00 1.622625250000000000e+06 1.877554000000000000e+06
1.000000000000000000e+00 1.209999999999999964e-02 -1.126999999999999946e-01 2.328999999999999959e-01 -6.310000000000000331e-02 -1.491999999999999993e-01 1.045999999999999985e-01 6.400000000000000133e-02 9.520000000000000684e-02 2.124000000000000055e-01 -1.160000000000000614e-02 -1.136999999999999955e-01 3.099999999999999978e-02 1.464100000000000026e-04 1.270128999999999876e-02 5.424240999999999785e-02 3.981610000000000010e-03 2.226063999999999821e-02 1.094116000000000012e-02 4.095999999999999815e-03 9.063040000000001373e-03 4.511376000000000275e-02 1.345600000000001482e-04 1.292768999999999863e-02 9.609999999999999402e-04 1.625975375000000000e+06 1.881587250000000000e+06
1.000000000000000000e+00 -8.050000000000000211e-02 -2.409999999999999920e-01 -1.491000000000000103e-01 -8.770000000000000018e-02 -8.519999999999999796e-02 5.140000000000000124e-02 -9.260000000000000175e-02 -1.282999999999999974e-01 -3.820000000000000062e-01 -2.459999999999999687e-02 6.400000000000000133e-02 -5.319999999999999729e-02 6.480250000000000767e-03 5.808099999999999374e-02 2.223081000000000362e-02 7.691289999999999932e-03 7.259039999999999590e-03 2.641960000000000055e-03 8.574760000000000715e-03 1.646088999999999886e-02 1.459239999999999982e-01 6.051599999999998777e-04 4.095999999999999815e-03 2.830239999999999926e-03 1.623406125000000000e+06 1.876951500000000000e+06
1.000000000000000000e+00 -6.519999999999999407e-02 -1.809999999999999942e-01 6.329999999999999516e-02 -9.429999999999999494e-02 -8.309999999999999332e-02 8.210000000000000631e-02 1.530000000000000804e-02 5.999999999999999778e-02 2.124000000000000055e-01 -6.599999999999994760e-03 2.100000000000004641e-03 3.070000000000000506e-02 4.251039999999999333e-03 3.276099999999999846e-02 4.006889999999999064e-03 8.892489999999999423e-03 6.905609999999998659e-03 6.740410000000001366e-03 2.340900000000002473e-04 3.599999999999999901e-03 4.511376000000000275e-02 4.355999999999992853e-05 4.410000000000019610e-06 9.424900000000003631e-04 1.619996250000000000e+06 1.864665625000000000e+06
1.000000000000000000e+00 -6.980000000000000093e-02 -1.110000000000000049e-02 1.976999999999999869e-01 -1.033000000000000029e-01 -1.323000000000000009e-01 7.620000000000000384e-02 -4.600000000000006861e-03 1.698999999999999955e-01 1.343999999999999917e-01 -9.000000000000007994e-03 -4.920000000000000762e-02 -5.900000000000002465e-03 4.872040000000000225e-03 1.232100000000000079e-04 3.908528999999999476e-02 1.067089000000000058e-02 1.750329000000000121e-02 5.806440000000000386e-03 2.116000000000006168e-05 2.886600999999999750e-02 1.806335999999999706e-02 8.100000000000013927e-05 2.420640000000000812e-03 3.481000000000002755e-05 1.623816375000000000e+06 1.873004750000000000e+06
1.000000000000000000e+00 -9.610000000000000486e-02 -1.459000000000000019e-01 -1.603999999999999870e-01 -1.190999999999999975e-01 2.369999999999999885e-02 6.600000000000000311e-02 -2.630000000000000393e-02 -1.348000000000000032e-01 -3.580999999999999739e-01 -1.579999999999999460e-02 1.559999999999999998e-01 -1.020000000000000073e-02 9.235210000000000641e-03 2.128680999999999976e-02 2.572815999999999645e-02 1.418480999999999909e-02 5.616899999999999974e-04 4.356000000000000497e-03 6.916900000000002300e-04 1.817103999999999941e-02 1.282356099999999721e-01 2.496399999999998121e-04 2.433599999999999999e-02 1.040400000000000135e-04 1.625992000000000000e+06 1.878637875000000000e+06
1.000000000000000000e+00 -4.950000000000000233e-02 -3.309000000000000274e-01 1.140999999999999931e-01 -8.840000000000000635e-02 -1.202000000000000013e-01 6.740000000000000158e-02 4.660000000000000253e-02 -1.850000000000000255e-01 2.744999999999999662e-01 3.069999999999999118e-02 -1.439000000000000001e-01 1.399999999999998468e-03 2.450250000000000171e-03 1.094948100000000119e-01 1.301880999999999872e-02 7.814560000000001644e-03 1.444804000000000054e-02 4.542759999999999854e-03 2.171560000000000330e-03 3.422500000000001236e-02 7.535024999999997974e-02 9.424899999999994957e-04 2.070721000000000020e-02 1.959999999999995634e-06 1.626433750000000000e+06 1.884452375000000000e+06
1.000000000000000000e+00 -9.199999999999999845e-02 -1.691999999999999893e-01 8.169999999999999485e-02 -1.066000000000000003e-01 -1.010000000000000064e-01 7.910000000000000364e-02 -4.249999999999999611e-02 1.617000000000000381e-01 -3.239999999999999825e-02 -1.819999999999999396e-02 1.919999999999999485e-02 1.170000000000000207e-02 8.463999999999999302e-03 2.862863999999999687e-02 6.674889999999999296e-03 1.136355999999999998e-02 1.020100000000000173e-02 6.256810000000000670e-03 1.806249999999999696e-03 2.614689000000001290e-02 1.049759999999999843e-03 3.312399999999997898e-04 3.686399999999997773e-04 1.368900000000000531e-04 1.632433250000000000e+06 1.886686000000000000e+06
1.000000000000000000e+00 -6.600000000000000311e-02 -3.300000000000000155e-02 -1.685000000000000109e-01 -1.006999999999999978e-01 -3.080000000000000099e-02 7.049999999999999323e-02 2.599999999999999534e-02 1.361999999999999877e-01 -2.501999999999999780e-01 5.900000000000002465e-03 7.020000000000001239e-02 -8.600000000000010414e-03 4.356000000000000497e-03 1.089000000000000124e-03 2.839225000000000429e-02 1.014049000000000027e-02 9.486400000000000518e-04 4.970249999999998974e-03 6.759999999999997348e-04 1.855043999999999790e-02 6.260003999999999569e-02 3.481000000000002755e-05 4.928040000000001586e-03 7.396000000000017957e-05 1.631794125000000000e+06 1.886616625000000000e+06
1.000000000000000000e+00 -4.839999999999999858e-02 -1.882999999999999952e-01 2.043999999999999984e-01 -1.064999999999999974e-01 -1.922999999999999987e-01 8.229999999999999816e-02 1.760000000000000453e-02 -1.552999999999999936e-01 3.729000000000000092e-01 -5.799999999999999600e-03 -1.615000000000000047e-01 1.180000000000000493e-02 2.342560000000000042e-03 3.545688999999999785e-02 4.177936000000000150e-02 1.134224999999999990e-02 3.697928999999999800e-02 6.773289999999999519e-03 3.097600000000001784e-04 2.411808999999999828e-02 1.390544100000000172e-01 3.363999999999999640e-05 2.608225000000000127e-02 1.392400000000001102e-04 1.628292750000000000e+06 1.877083500000000000e+06
1.000000000000000000e+00 -9.410000000000000309e-02 -1.489999999999999936e-01 -4.070000000000000007e-02 -1.234999999999999987e-01 -2.299999999999999961e-03 7.420000000000000207e-02 -4.570000000000000451e-02 3.930000000000000160e-02 -2.450999999999999845e-01 -1.700000000000000122e-02 1.900000000000000022e-01 -8.099999999999996092e-03 8.854810000000001152e-03 2.220099999999999851e-02 1.656490000000000046e-03 1.525225000000000018e-02 5.290000000000000174e-06 5.505640000000000013e-03 2.088490000000000572e-03 1.544490000000000142e-03 6.007400999999999019e-02 2.890000000000000316e-04 3.610000000000000014e-02 6.560999999999993595e-05 1.626072500000000000e+06 1.869918500000000000e+06
1.000000000000000000e+00 -6.329999999999999516e-02 -1.642000000000000126e-01 2.000000000000000096e-04 -1.086000000000000021e-01 -7.119999999999999940e-02 8.160000000000000586e-02 3.080000000000000793e-02 -1.520000000000001905e-02 4.089999999999999886e-02 1.489999999999999658e-02 -6.890000000000000291e-02 7.400000000000003797e-03 4.006889999999999064e-03 2.696164000000000546e-02 4.000000000000000084e-08 1.179396000000000090e-02 5.069439999999999710e-03 6.658560000000000867e-03 9.486400000000004855e-04 2.310400000000005798e-04 1.672809999999999835e-03 2.220099999999998886e-04 4.747209999999999971e-03 5.476000000000005847e-05 1.622990125000000000e+06 1.866912500000000000e+06
1.000000000000000000e+00 -9.070000000000000284e-02 -2.421999999999999986e-01 1.283999999999999864e-01 -1.171999999999999986e-01 -1.411999999999999922e-01 8.100000000000000255e-02 -2.740000000000000768e-02 -7.799999999999998601e-02 1.281999999999999806e-01 -8.599999999999996536e-03 -6.999999999999999278e-02 -6.000000000000033085e-04 8.226490000000001232e-03 5.866083999999999882e-02 1.648655999999999733e-02 1.373583999999999916e-02 1.993743999999999725e-02 6.560999999999999992e-03 7.507600000000003810e-04 6.083999999999997396e-03 1.643523999999999333e-02 7.395999999999993562e-05 4.899999999999998974e-03 3.600000000000039648e-07 1.623368125000000000e+06 1.869943500000000000e+06
1.000000000000000000e+00 -8.840000000000000635e-02 -1.852000000000000035e-01 -1.330999999999999961e-01 -1.168000000000000010e-01 -5.510000000000000314e-02 7.009999999999999565e-02 2.299999999999996492e-03 5.699999999999999512e-02 -2.614999999999999547e-01 3.999999999999975797e-04 8.609999999999998210e-02 -1.090000000000000691e-02 7.814560000000001644e-03 3.429904000000000286e-02 1.771560999999999969e-02 1.364223999999999992e-02 3.036010000000000444e-03 4.914009999999999039e-03 5.289999999999984080e-06 3.248999999999999284e-03 6.838224999999997777e-02 1.599999999999980711e-07 7.413209999999997336e-03 1.188100000000001449e-04 1.625660125000000000e+06 1.875386375000000000e+06
1.000000000000000000e+00 -9.349999999999999978e-02 -2.217000000000000082e-01 6.079999999999999988e-02 -1.145999999999999935e-01 -1.582999999999999963e-01 7.399999999999999634e-02 -5.099999999999993427e-03 -3.650000000000000466e-02 1.938999999999999890e-01 2.200000000000007505e-03 -1.031999999999999862e-01 3.900000000000000688e-03 8.742250000000000021e-03 4.915089000000000263e-02 3.696640000000000169e-03 1.313315999999999789e-02 2.505889000000000033e-02 5.475999999999999097e-03 2.600999999999993224e-05 1.332250000000000318e-03 3.759720999999999896e-02 4.840000000000033281e-06 1.065023999999999658e-02 1.521000000000000515e-05 1.628488625000000000e+06 1.880381125000000000e+06
1.000000000000000000e+00 -1.194000000000000061e-01 -2.316999999999999893e-01 -5.090000000000000080e-02 -1.274000000000000132e-01 -5.840000000000000052e-02 7.270000000000000073e-02 -2.590000000000000635e-02 -9.999999999999981126e-03 -1.116999999999999937e-01 -1.280000000000001970e-02 9.989999999999998881e-02 -1.299999999999995604e-03 1.425636000000000091e-02 5.368488999999999206e-02 2.590810000000000248e-03 1.623076000000000380e-02 3.410559999999999981e-03 5.285289999999999780e-03 6.708100000000003079e-04 9.999999999999962532e-05 1.247688999999999916e-02 1.638400000000004913e-04 9.980009999999997494e-03 1.689999999999988478e-06 1.628079375000000000e+06 1.883266750000000000e+06
1.000000000000000000e+00 -9.420000000000000595e-02 -6.840000000000000246e-02 7.679999999999999327e-02 -1.144000000000000017e-01 -1.096000000000000030e-01 7.699999999999999900e-02 2.520000000000000018e-02 1.633000000000000007e-01 1.276999999999999802e-01 1.300000000000001155e-02 -5.120000000000000245e-02 4.299999999999998268e-03 8.873640000000000347e-03 4.678560000000000010e-03 5.898239999999999039e-03 1.308736000000000101e-02 1.201216000000000089e-02 5.929000000000000242e-03 6.350400000000000185e-04 2.666688999999999865e-02 1.630728999999999512e-02 1.690000000000003132e-04 2.621440000000000055e-03 1.848999999999998391e-05 1.627191625000000000e+06 1.883004875000000000e+06
1.000000000000000000e+00 8.200000000000000691e-03 -1.274000000000000132e-01 1.743999999999999995e-01 -1.137999999999999984e-01 -9.629999999999999671e-02 7.459999999999999964e-02 1.024000000000000049e-01 -5.900000000000001077e-02 9.760000000000000620e-02 6.000000000000033085e-04 1.330000000000000626e-02 -2.399999999999999356e-03 6.724000000000001352e-05 1.623076000000000380e-02 3.041535999999999892e-02 1.295043999999999883e-02 9.273689999999999364e-03 5.565159999999999552e-03 1.048576000000000022e-02 3.481000000000001454e-03 9.525760000000001171e-03 3.600000000000039648e-07 1.768900000000001580e-04 5.759999999999996521e-06 1.628590500000000000e+06 1.885531500000000000e+06
1.000000000000000000e+00 -1.129000000000000004e-01 -1.137999999999999984e-01 -1.081000000000000016e-01 -1.325999999999999956e-01 -7.100000000000000408e-03 6.199999999999999956e-02 -1.210999999999999993e-01 1.360000000000001485e-02 -2.824999999999999734e-01 -1.879999999999999727e-02 8.920000000000000151e-02 -1.260000000000000009e-02 1.274640999999999968e-02 1.295043999999999883e-02 1.168561000000000079e-02 1.758275999999999936e-02 5.041000000000000694e-05 3.843999999999999761e-03 1.466520999999999970e-02 1.849600000000003975e-04 7.980624999999998137e-02 3.534399999999998957e-04 7.956640000000000934e-03 1.587600000000000046e-04 1.628449000000000000e+06 1.885516375000000000e+06
1.000000000000000000e+00 -5.809999999999999887e-02 -1.683000000000000052e-01 1.655000000000000082e-01 -1.068000000000000060e-01 -1.729999999999999871e-01 8.319999999999999618e-02 5.480000000000000149e-02 -5.450000000000000677e-02 2.736000000000000099e-01 2.579999999999998961e-02 -1.658999999999999919e-01 2.119999999999999662e-02 3.375609999999999809e-03 2.832489000000000187e-02 2.739025000000000140e-02 1.140624000000000152e-02 2.992899999999999727e-02 6.922239999999999643e-03 3.003040000000000223e-03 2.970250000000000667e-03 7.485696000000000017e-02 6.656399999999994613e-04 2.752280999999999825e-02 4.494399999999998440e-04 1.627683500000000000e+06 1.883053500000000000e+06
1.000000000000000000e+00 1.640000000000000138e-02 -1.378999999999999948e-01 2.876000000000000223e-01 -9.489999999999999825e-02 -2.144000000000000072e-01 8.550000000000000655e-02 7.449999999999999678e-02 3.040000000000001035e-02 1.221000000000000141e-01 1.190000000000000779e-02 -4.140000000000002012e-02 2.300000000000010369e-03 2.689600000000000541e-04 1.901640999999999748e-02 8.271376000000001116e-02 9.006010000000000057e-03 4.596736000000000572e-02 7.310250000000000775e-03 5.550249999999999628e-03 9.241600000000005843e-04 1.490841000000000388e-02 1.416100000000001841e-04 1.713960000000001567e-03 5.290000000000047607e-06 1.627198250000000000e+06 1.883760250000000000e+06
1.000000000000000000e+00 -2.009999999999999981e-02 -1.139000000000000012e-01 -1.110000000000000014e-01 -7.850000000000000033e-02 -6.429999999999999605e-02 5.090000000000000080e-02 -3.650000000000000466e-02 2.399999999999999356e-02 -3.986000000000000099e-01 1.639999999999999791e-02 1.501000000000000112e-01 -3.460000000000000575e-02 4.040100000000000028e-04 1.297321000000000064e-02 1.232100000000000035e-02 6.162250000000000193e-03 4.134489999999999346e-03 2.590810000000000248e-03 1.332250000000000318e-03 5.759999999999996893e-04 1.588819600000000165e-01 2.689599999999999456e-04 2.253001000000000309e-02 1.197160000000000498e-03 1.625138000000000000e+06 1.882108375000000000e+06
1.000000000000000000e+00 -9.799999999999999684e-03 -2.106999999999999984e-01 3.799999999999999992e-03 -8.409999999999999420e-02 -5.929999999999999855e-02 5.269999999999999685e-02 1.030000000000000013e-02 -9.679999999999999716e-02 1.147999999999999993e-01 -5.599999999999993872e-03 4.999999999999997502e-03 1.799999999999996048e-03 9.603999999999999527e-05 4.439449000000000173e-02 1.444000000000000066e-05 7.072809999999998820e-03 3.516489999999999720e-03 2.777289999999999533e-03 1.060900000000000092e-04 9.370240000000000166e-03 1.317903999999999951e-02 3.135999999999993014e-05 2.499999999999997409e-05 3.239999999999985920e-06 1.628750250000000000e+06 1.879158500000000000e+06
1.000000000000000000e+00 -3.989999999999999797e-02 -2.223999999999999866e-01 3.459999999999999881e-02 -1.125000000000000028e-01 1.000000000000000021e-02 4.739999999999999769e-02 -3.009999999999999828e-02 -1.169999999999998819e-02 3.079999999999999752e-02 -2.840000000000000857e-02 6.930000000000000049e-02 -5.299999999999999156e-03 1.592009999999999823e-03 4.946175999999999351e-02 1.197159999999999848e-03 1.265625000000000083e-02 1.000000000000000048e-04 2.246759999999999990e-03 9.060099999999998450e-04 1.368899999999997278e-04 9.486399999999998349e-04 8.065600000000004363e-04 4.802490000000000404e-03 2.808999999999999025e-05 1.626541750000000000e+06 1.868314500000000000e+06
1.000000000000000000e+00 -8.480000000000000038e-02 -9.679999999999999716e-02 1.004000000000000031e-01 -1.078999999999999959e-01 -7.040000000000000424e-02 6.469999999999999363e-02 -4.490000000000000241e-02 1.255999999999999894e-01 6.579999999999999738e-02 4.600000000000006861e-03 -8.039999999999999925e-02 1.729999999999999594e-02 7.191040000000000106e-03 9.370240000000000166e-03 1.008016000000000120e-02 1.164240999999999887e-02 4.956160000000000253e-03 4.186089999999999083e-03 2.016010000000000371e-03 1.577535999999999869e-02 4.329640000000000051e-03 2.116000000000006168e-05 6.464160000000000045e-03 2.992899999999998535e-04 1.625475750000000000e+06 1.868022875000000000e+06
1.000000000000000000e+00 -8.440000000000000280e-02 6.429999999999999605e-02 -7.520000000000000295e-02 -1.381000000000000005e-01 -4.410000000000000031e-02 6.869999999999999718e-02 3.999999999999975797e-04 1.610999999999999932e-01 -1.756000000000000061e-01 -3.020000000000000462e-02 2.630000000000000393e-02 4.000000000000003553e-03 7.123360000000000455e-03 4.134489999999999346e-03 5.655040000000000067e-03 1.907160999999999926e-02 1.944809999999999942e-03 4.719689999999999476e-03 1.599999999999980711e-07 2.595320999999999739e-02 3.083536000000000263e-02 9.120400000000002463e-04 6.916900000000002300e-04 1.600000000000002977e-05 1.625570500000000000e+06 1.864863500000000000e+06
1.000000000000000000e+00 -1.108999999999999986e-01 -1.159000000000000030e-01 -5.999999999999999778e-02 -1.275000000000000022e-01 -2.200000000000000133e-03 6.859999999999999432e-02 -2.649999999999999578e-02 -1.801999999999999991e-01 1.520000000000000517e-02 1.059999999999999831e-02 4.189999999999999974e-02 -1.000000000000028644e-04 1.229881000000000030e-02 1.343280999999999989e-02 3.599999999999999901e-03 1.625624999999999987e-02 4.840000000000000247e-06 4.705959999999999484e-03 7.022499999999997494e-04 3.247204000000000063e-02 2.310400000000001461e-04 1.123599999999999610e-04 1.755609999999999896e-03 1.000000000000057262e-08 1.621914500000000000e+06 1.864992625000000000e+06
1.000000000000000000e+00 -9.249999999999999889e-02 -4.118999999999999884e-01 7.270000000000000073e-02 -1.275999999999999912e-01 -7.290000000000000646e-02 6.250000000000000000e-02 1.839999999999999969e-02 -2.959999999999999853e-01 1.326999999999999846e-01 -9.999999999998898659e-05 -7.070000000000001283e-02 -6.099999999999994316e-03 8.556249999999999620e-03 1.696616099999999905e-01 5.285289999999999780e-03 1.628175999999999929e-02 5.314410000000001182e-03 3.906250000000000000e-03 3.385600000000000111e-04 8.761599999999998556e-02 1.760928999999999620e-02 9.999999999997796600e-09 4.998490000000002133e-03 3.720999999999993003e-05 1.629493000000000000e+06 1.879741500000000000e+06
1.000000000000000000e+00 -1.073999999999999955e-01 -2.594000000000000195e-01 -1.879000000000000115e-01 -1.408000000000000085e-01 -7.109999999999999654e-02 5.240000000000000213e-02 -1.489999999999999658e-02 1.524999999999999689e-01 -2.605999999999999983e-01 -1.320000000000001728e-02 1.800000000000009925e-03 -1.009999999999999787e-02 1.153475999999999980e-02 6.728836000000000539e-02 3.530641000000000335e-02 1.982464000000000101e-02 5.055209999999999218e-03 2.745760000000000301e-03 2.220099999999998886e-04 2.325624999999999221e-02 6.791236000000000494e-02 1.742400000000004460e-04 3.240000000000035895e-06 1.020099999999999534e-04 1.627846875000000000e+06 1.877989625000000000e+06
1.000000000000000000e+00 -8.050000000000000211e-02 -1.117999999999999966e-01 1.995000000000000107e-01 -1.250000000000000000e-01 -1.703000000000000069e-01 7.209999999999999742e-02 2.689999999999999336e-02 1.476000000000000090e-01 3.874000000000000221e-01 1.580000000000000848e-02 -9.920000000000001039e-02 1.969999999999999529e-02 6.480250000000000767e-03 1.249924000000000000e-02 3.980025000000000229e-02 1.562500000000000000e-02 2.900209000000000120e-02 5.198409999999999663e-03 7.236099999999996398e-04 2.178576000000000124e-02 1.500787600000000055e-01 2.496400000000002458e-04 9.840640000000002927e-03 3.880899999999997893e-04 1.625412875000000000e+06 1.876406125000000000e+06
1.000000000000000000e+00 -6.040000000000000230e-02 -5.709999999999999798e-02 2.489999999999999852e-02 -9.320000000000000506e-02 -7.729999999999999372e-02 5.800000000000000294e-02 2.009999999999999981e-02 5.469999999999999862e-02 -1.746000000000000052e-01 3.179999999999999494e-02 9.300000000000001321e-02 -1.409999999999999448e-02 3.648160000000000118e-03 3.260409999999999611e-03 6.200099999999999405e-04 8.686240000000001321e-03 5.975289999999999421e-03 3.364000000000000237e-03 4.040100000000000028e-04 2.992089999999999767e-03 3.048516000000000073e-02 1.011239999999999622e-03 8.649000000000002172e-03 1.988099999999998397e-04 1.628826250000000000e+06 1.880142750000000000e+06
1.000000000000000000e+00 -1.033000000000000029e-01 -4.899999999999999842e-03 -1.026999999999999996e-01 -1.365999999999999992e-01 -6.829999999999999960e-02 6.379999999999999560e-02 -4.290000000000000063e-02 5.219999999999999640e-02 -1.275999999999999912e-01 -4.339999999999999414e-02 8.999999999999994116e-03 5.799999999999992661e-03 1.067089000000000058e-02 2.400999999999999882e-05 1.054728999999999910e-02 1.865955999999999865e-02 4.664889999999999662e-03 4.070439999999999822e-03 1.840410000000000006e-03 2.724839999999999641e-03 1.628175999999999929e-02 1.883559999999999401e-03 8.099999999999989533e-05 3.363999999999991509e-05 1.627521250000000000e+06 1.881275625000000000e+06
1.000000000000000000e+00 -4.900000000000000189e-02 -2.371999999999999942e-01 1.030999999999999972e-01 -8.770000000000000018e-02 -1.013000000000000012e-01 4.979999999999999705e-02 5.430000000000000104e-02 -2.323000000000000065e-01 2.057999999999999829e-01 4.889999999999999902e-02 -3.300000000000000155e-02 -1.399999999999999856e-02 2.401000000000000356e-03 5.626383999999999552e-02 1.062960999999999941e-02 7.691289999999999932e-03 1.026169000000000039e-02 2.480039999999999762e-03 2.948490000000000225e-03 5.396329000000000403e-02 4.235363999999999102e-02 2.391209999999999950e-03 1.089000000000000124e-03 1.959999999999999666e-04 1.628727375000000000e+06 1.884970875000000000e+06
1.000000000000000000e+00 -4.540000000000000285e-02 -8.150000000000000300e-02 1.312000000000000111e-01 -1.363999999999999935e-01 -1.018000000000000016e-01 7.130000000000000226e-02 3.599999999999999034e-03 1.557000000000000051e-01 2.810000000000001386e-02 -4.869999999999999329e-02 -5.000000000000004441e-04 2.150000000000000522e-02 2.061160000000000249e-03 6.642250000000000584e-03 1.721344000000000346e-02 1.860495999999999678e-02 1.036324000000000099e-02 5.083690000000000084e-03 1.295999999999999281e-05 2.424249000000000195e-02 7.896100000000008104e-04 2.371689999999999215e-03 2.500000000000004651e-07 4.622500000000002041e-04 1.628739750000000000e+06 1.881961875000000000e+06
1.000000000000000000e+00 -6.310000000000000331e-02 -1.048000000000000043e-01 -1.208000000000000046e-01 -9.470000000000000639e-02 -4.070000000000000007e-02 5.929999999999999855e-02 -1.770000000000000046e-02 -2.330000000000000127e-02 -2.520000000000000018e-01 4.169999999999998708e-02 6.110000000000000153e-02 -1.200000000000000372e-02 3.981610000000000010e-03 1.098304000000000120e-02 1.459264000000000047e-02 8.968090000000001477e-03 1.656490000000000046e-03 3.516489999999999720e-03 3.132900000000000311e-04 5.428900000000000826e-04 6.350400000000000489e-02 1.738889999999999013e-03 3.733210000000000261e-03 1.440000000000000850e-04 1.631383125000000000e+06 1.890803750000000000e+06
1.000000000000000000e+00 -1.890000000000000013e-02 -3.997999999999999887e-01 8.060000000000000497e-02 -1.194000000000000061e-01 -1.145999999999999935e-01 6.429999999999999605e-02 4.420000000000000318e-02 -2.949999999999999845e-01 2.014000000000000234e-01 -2.469999999999999973e-02 -7.389999999999999347e-02 4.999999999999997502e-03 3.572100000000000036e-04 1.598400399999999888e-01 6.496360000000000502e-03 1.425636000000000091e-02 1.313315999999999789e-02 4.134489999999999346e-03 1.953640000000000411e-03 8.702499999999999125e-02 4.056196000000000801e-02 6.100899999999999813e-04 5.461209999999999329e-03 2.499999999999997409e-05 1.629230500000000000e+06 1.887483000000000000e+06
1.000000000000000000e+00 -5.290000000000000258e-02 -1.507000000000000006e-01 1.277999999999999969e-01 -8.890000000000000679e-02 -9.869999999999999607e-02 6.759999999999999343e-02 -3.400000000000000244e-02 2.490999999999999881e-01 4.719999999999999196e-02 3.049999999999999933e-02 1.589999999999999747e-02 3.299999999999997380e-03 2.798410000000000307e-03 2.271048999999999984e-02 1.633283999999999778e-02 7.903210000000000790e-03 9.741689999999999031e-03 4.569759999999999101e-03 1.156000000000000126e-03 6.205080999999999097e-02 2.227839999999999161e-03 9.302499999999999788e-04 2.528099999999999055e-04 1.088999999999998213e-05 1.626206375000000000e+06 1.884963000000000000e+06
1.000000000000000000e+00 -3.230000000000000232e-02 -1.060000000000000005e-02 -1.008000000000000007e-01 -1.398999999999999966e-01 -5.999999999999999778e-02 6.550000000000000266e-02 2.060000000000000026e-02 1.401000000000000023e-01 -2.285999999999999976e-01 -5.099999999999998979e-02 3.869999999999999829e-02 -2.099999999999990763e-03 1.043290000000000103e-03 1.123600000000000016e-04 1.016064000000000030e-02 1.957200999999999733e-02 3.599999999999999901e-03 4.290250000000000660e-03 4.243600000000000367e-04 1.962801000000000129e-02 5.225795999999999913e-02 2.600999999999999146e-03 1.497689999999999872e-03 4.409999999999961165e-06 1.628745250000000000e+06 1.886739250000000000e+06
1.000000000000000000e+00 -1.129999999999999928e-02 -7.119999999999999940e-02 2.270000000000000073e-01 -6.310000000000000331e-02 -1.839000000000000079e-01 6.719999999999999585e-02 2.100000000000000477e-02 -6.060000000000000109e-02 3.277999999999999803e-01 7.679999999999999327e-02 -1.239000000000000101e-01 1.699999999999993183e-03 1.276899999999999921e-04 5.069439999999999710e-03 5.152900000000000535e-02 3.981610000000000010e-03 3.381921000000000233e-02 4.515839999999999264e-03 4.410000000000002026e-04 3.672359999999999947e-03 1.074528399999999939e-01 5.898239999999999039e-03 1.535121000000000228e-02 2.889999999999976989e-06 1.628161125000000000e+06 1.889231875000000000e+06
1.000000000000000000e+00 -1.890000000000000013e-02 -2.409999999999999989e-02 -3.599999999999999728e-02 -5.850000000000000339e-02 2.580000000000000002e-02 6.850000000000000533e-02 -7.600000000000000852e-03 4.710000000000000298e-02 -2.630000000000000115e-01 4.599999999999999922e-03 2.096999999999999975e-01 1.300000000000009481e-03 3.572100000000000036e-04 5.808099999999999635e-04 1.295999999999999843e-03 3.422250000000000379e-03 6.656400000000000034e-04 4.692250000000001108e-03 5.776000000000001619e-05 2.218410000000000087e-03 6.916900000000000825e-02 2.116000000000000069e-05 4.397409000000000040e-02 1.690000000000024689e-06 1.630952125000000000e+06 1.886129250000000000e+06
1.000000000000000000e+00 -3.280000000000000276e-02 -2.432999999999999885e-01 -2.001999999999999891e-01 -7.679999999999999327e-02 4.399999999999999745e-02 5.850000000000000339e-02 -1.390000000000000263e-02 -2.191999999999999782e-01 -1.641999999999999849e-01 -1.829999999999998989e-02 1.819999999999999743e-02 -1.000000000000000194e-02 1.075840000000000216e-03 5.919488999999999307e-02 4.008003999999999734e-02 5.898239999999999039e-03 1.935999999999999787e-03 3.422250000000000379e-03 1.932100000000000831e-04 4.804863999999998969e-02 2.696163999999999505e-02 3.348899999999996346e-04 3.312399999999998982e-04 1.000000000000000454e-04 1.631934250000000000e+06 1.884461750000000000e+06
1.000000000000000000e+00 -2.690000000000000030e-02 -5.036000000000000476e-01 2.006999999999999895e-01 -8.309999999999999332e-02 -1.270999999999999908e-01 7.860000000000000320e-02 5.900000000000002465e-03 -2.603000000000000869e-01 4.008999999999999786e-01 -6.300000000000000044e-03 -1.710999999999999743e-01 2.009999999999999981e-02 7.236099999999999650e-04 2.536129600000000539e-01 4.028048999999999519e-02 6.905609999999998659e-03 1.615440999999999752e-02 6.177960000000000569e-03 3.481000000000002755e-05 6.775609000000004656e-02 1.607208099999999917e-01 3.969000000000000116e-05 2.927520999999999249e-02 4.040100000000000028e-04 1.621206000000000000e+06 1.857787000000000000e+06
1.000000000000000000e+00 -2.450000000000000094e-02 -1.453000000000000125e-01 1.971999999999999864e-01 -8.390000000000000235e-02 -1.610999999999999932e-01 8.379999999999999949e-02 2.399999999999999356e-03 3.583000000000000629e-01 -3.500000000000003109e-03 -8.000000000000090372e-04 -3.400000000000000244e-02 5.199999999999996292e-03 6.002500000000000890e-04 2.111209000000000349e-02 3.888783999999999297e-02 7.039210000000000605e-03 2.595320999999999739e-02 7.022439999999999585e-03 5.759999999999996521e-06 1.283788900000000510e-01 1.225000000000002163e-05 6.400000000000144130e-07 1.156000000000000126e-03 2.703999999999996134e-05 1.625643250000000000e+06 1.870043875000000000e+06
1.000000000000000000e+00 -5.729999999999999677e-02 1.083999999999999964e-01 -1.940999999999999948e-01 -1.082999999999999935e-01 -1.000999999999999945e-01 8.400000000000000522e-02 -3.279999999999999583e-02 2.537000000000000366e-01 -3.912999999999999812e-01 -2.439999999999999114e-02 6.099999999999999867e-02 2.000000000000057288e-04 3.283289999999999473e-03 1.175055999999999844e-02 3.767480999999999608e-02 1.172888999999999876e-02 1.002000999999999933e-02 7.056000000000000640e-03 1.075839999999999783e-03 6.436369000000001506e-02 1.531156899999999987e-01 5.953599999999995311e-04 3.720999999999999915e-03 4.000000000000229047e-08 1.623201125000000000e+06 1.863835375000000000e+06
1.000000000000000000e+00 -2.740000000000000074e-02 -1.958999999999999908e-01 -3.219999999999999946e-02 -9.690000000000000002e-02 -9.650000000000000244e-02 5.390000000000000346e-02 2.989999999999999603e-02 -3.043000000000000149e-01 1.618999999999999884e-01 1.139999999999999347e-02 3.599999999999992095e-03 -3.010000000000000175e-02 7.507600000000000558e-04 3.837680999999999731e-02 1.036840000000000027e-03 9.389609999999999623e-03 9.312250000000001082e-03 2.905210000000000518e-03 8.940099999999997701e-04 9.259849000000000552e-02 2.621160999999999630e-02 1.299599999999998467e-04 1.295999999999994368e-05 9.060100000000000618e-04 1.625227500000000000e+06 1.868397000000000000e+06
1.000000000000000000e+00 -4.240000000000000019e-02 -3.911999999999999922e-01 1.229999999999999982e-01 -9.660000000000000531e-02 -1.312000000000000111e-01 5.489999999999999741e-02 -1.499999999999999944e-02 -1.953000000000000014e-01 1.552000000000000046e-01 2.999999999999947153e-04 -3.470000000000000862e-02 9.999999999999939493e-04 1.797760000000000026e-03 1.530374399999999968e-01 1.512900000000000009e-02 9.331560000000000896e-03 1.721344000000000346e-02 3.014009999999999693e-03 2.249999999999999938e-04 3.814209000000000349e-02 2.408704000000000053e-02 8.999999999999683544e-08 1.204090000000000542e-03 9.999999999999878845e-07 1.627804750000000000e+06 1.874906125000000000e+06
1.000000000000000000e+00 -5.210000000000000048e-02 -6.180000000000000077e-02 -1.247999999999999943e-01 -1.048999999999999932e-01 -5.960000000000000020e-02 4.519999999999999712e-02 -9.700000000000000289e-03 3.293999999999999706e-01 -2.477999999999999925e-01 -8.299999999999987943e-03 7.160000000000001086e-02 -9.700000000000000289e-03 2.714410000000000000e-03 3.819240000000000222e-03 1.557503999999999833e-02 1.100400999999999810e-02 3.552159999999999953e-03 2.043039999999999873e-03 9.409000000000000208e-05 1.085043599999999803e-01 6.140483999999999526e-02 6.888999999999979613e-05 5.126560000000001359e-03 9.409000000000000208e-05 1.629816250000000000e+06 1.879969000000000000e+06
1.000000000000000000e+00 -2.120000000000000009e-02 -5.899999999999999689e-02 1.155999999999999944e-01 -8.409999999999999420e-02 -2.046000000000000041e-01 4.950000000000000233e-02 3.090000000000000038e-02 2.800000000000003875e-03 2.404000000000000026e-01 2.079999999999999905e-02 -1.450000000000000178e-01 4.300000000000005207e-03 4.494400000000000066e-04 3.480999999999999719e-03 1.336335999999999948e-02 7.072809999999998820e-03 4.186116000000000142e-02 2.450250000000000171e-03 9.548100000000000554e-04 7.840000000000021499e-06 5.779216000000000214e-02 4.326399999999999777e-04 2.102500000000000549e-02 1.849000000000004489e-05 1.628679250000000000e+06 1.881578125000000000e+06
1.000000000000000000e+00 -5.630000000000000282e-02 -1.274000000000000132e-01 1.080000000000000057e-02 -1.060999999999999999e-01 -4.639999999999999680e-02 4.630000000000000088e-02 -3.510000000000000620e-02 -6.840000000000001634e-02 -1.047999999999999904e-01 -2.200000000000000566e-02 1.582000000000000073e-01 -3.200000000000001454e-03 3.169690000000000181e-03 1.623076000000000380e-02 1.166400000000000081e-04 1.125721000000000013e-02 2.152959999999999770e-03 2.143690000000000179e-03 1.232010000000000396e-03 4.678560000000002612e-03 1.098303999999999774e-02 4.840000000000002720e-04 2.502724000000000268e-02 1.024000000000000868e-05 1.630301125000000000e+06 1.881399625000000000e+06
1.000000000000000000e+00 -2.620000000000000107e-02 -7.929999999999999549e-02 -2.800000000000000058e-02 -9.130000000000000615e-02 -1.252000000000000057e-01 4.970000000000000112e-02 3.010000000000000175e-02 4.810000000000001774e-02 -3.880000000000000115e-02 1.479999999999999372e-02 -7.880000000000000893e-02 3.400000000000000244e-03 6.864400000000000753e-04 6.288489999999999011e-03 7.840000000000000831e-04 8.335690000000001501e-03 1.567504000000000119e-02 2.470090000000000306e-03 9.060100000000000618e-04 2.313610000000001533e-03 1.505440000000000033e-03 2.190399999999998273e-04 6.209440000000001833e-03 1.156000000000000113e-05 1.628325000000000000e+06 1.876880000000000000e+06
1.000000000000000000e+00 -3.230000000000000232e-02 -2.177000000000000046e-01 1.663999999999999924e-01 -8.989999999999999380e-02 -1.290999999999999925e-01 5.759999999999999842e-02 -6.100000000000001255e-03 -1.384000000000000230e-01 1.943999999999999895e-01 1.400000000000012346e-03 -3.899999999999986811e-03 7.899999999999997302e-03 1.043290000000000103e-03 4.739329000000000458e-02 2.768895999999999857e-02 8.082009999999998848e-03 1.666680999999999718e-02 3.317759999999999893e-03 3.721000000000001813e-05 1.915456000000000797e-02 3.779135999999999607e-02 1.960000000000034597e-06 1.520999999999989673e-05 6.240999999999995303e-05 1.627074875000000000e+06 1.882470125000000000e+06
1.000000000000000000e+00 -5.949999999999999734e-02 -1.625999999999999945e-01 -1.282999999999999974e-01 -1.059999999999999970e-01 -8.369999999999999662e-02 4.870000000000000023e-02 -2.719999999999999502e-02 5.510000000000001008e-02 -2.946999999999999620e-01 -1.610000000000000320e-02 4.539999999999999591e-02 -8.899999999999998190e-03 3.540249999999999560e-03 2.643875999999999865e-02 1.646088999999999886e-02 1.123599999999999946e-02 7.005689999999999314e-03 2.371690000000000083e-03 7.398399999999997470e-04 3.036010000000001312e-03 8.684808999999997503e-02 2.592100000000001152e-04 2.061159999999999815e-03 7.920999999999996837e-05 1.628986375000000000e+06 1.883674000000000000e+06
1.000000000000000000e+00 -2.489999999999999852e-02 -1.655999999999999972e-01 5.489999999999999741e-02 -8.859999999999999820e-02 -1.272999999999999965e-01 5.240000000000000213e-02 3.459999999999999881e-02 -3.000000000000002665e-03 1.832000000000000017e-01 1.739999999999999880e-02 -4.359999999999999987e-02 3.700000000000001898e-03 6.200099999999999405e-04 2.742336000000000079e-02 3.014009999999999693e-03 7.849959999999999577e-03 1.620529000000000067e-02 2.745760000000000301e-03 1.197159999999999848e-03 9.000000000000015475e-06 3.356224000000000013e-02 3.027599999999999541e-04 1.900959999999999933e-03 1.369000000000001462e-05 1.631454625000000000e+06 1.884041250000000000e+06
1.000000000000000000e+00 -5.469999999999999862e-02 -2.442000000000000004e-01 5.999999999999999778e-02 -1.019999999999999934e-01 -3.470000000000000168e-02 4.440000000000000197e-02 -2.980000000000000010e-02 -7.860000000000000320e-02 5.100000000000000366e-03 -1.339999999999999525e-02 9.259999999999998788e-02 -8.000000000000000167e-03 2.992089999999999767e-03 5.963364000000000165e-02 3.599999999999999901e-03 1.040399999999999832e-02 1.204090000000000108e-03 1.971360000000000126e-03 8.880399999999999882e-04 6.177960000000000569e-03 2.601000000000000339e-05 1.795599999999998597e-04 8.574759999999997245e-03 6.399999999999999710e-05 1.635010875000000000e+06 1.889842000000000000e+06
1.000000000000000000e+00 -4.390000000000000152e-02 -8.140000000000000013e-02 -4.059999999999999720e-02 -1.015000000000000069e-01 -1.145999999999999935e-01 5.190000000000000169e-02 1.079999999999999710e-02 1.628000000000000003e-01 -1.005999999999999950e-01 4.999999999999865663e-04 -7.989999999999999880e-02 7.499999999999999722e-03 1.927210000000000164e-03 6.625960000000000183e-03 1.648359999999999756e-03 1.030225000000000064e-02 1.313315999999999789e-02 2.693610000000000362e-03 1.166399999999999403e-04 2.650384000000000073e-02 1.012035999999999838e-02 2.499999999999865420e-07 6.384009999999999858e-03 5.624999999999999846e-05 1.633463500000000000e+06 1.883705625000000000e+06
1.000000000000000000e+00 -5.170000000000000290e-02 2.879999999999999921e-02 2.424000000000000044e-01 -1.102000000000000063e-01 -1.045999999999999985e-01 6.069999999999999701e-02 -7.800000000000001377e-03 1.101999999999999924e-01 2.830000000000000293e-01 -8.699999999999999400e-03 9.999999999999995004e-03 8.799999999999995326e-03 2.672890000000000248e-03 8.294399999999999733e-04 5.875775999999999916e-02 1.214404000000000178e-02 1.094116000000000012e-02 3.684489999999999467e-03 6.084000000000002058e-05 1.214403999999999831e-02 8.008900000000002128e-02 7.568999999999998852e-05 9.999999999999989637e-05 7.743999999999992263e-05 1.631342250000000000e+06 1.884718250000000000e+06
1.000000000000000000e+00 -6.579999999999999738e-02 -1.433999999999999997e-01 -4.780000000000000221e-02 -1.169000000000000039e-01 -5.160000000000000003e-02 5.750000000000000250e-02 -1.409999999999999448e-02 -1.721999999999999920e-01 -2.902000000000000135e-01 -6.699999999999997624e-03 5.299999999999999850e-02 -3.199999999999994515e-03 4.329640000000000051e-03 2.056356000000000156e-02 2.284840000000000221e-03 1.366561000000000164e-02 2.662560000000000014e-03 3.306250000000000161e-03 1.988099999999998397e-04 2.965283999999999628e-02 8.421604000000000589e-02 4.488999999999996492e-05 2.808999999999999865e-03 1.023999999999996464e-05 1.629681375000000000e+06 1.882415750000000000e+06
1.000000000000000000e+00 -3.180000000000000188e-02 -4.455999999999999961e-01 -8.300000000000000086e-03 -9.710000000000000575e-02 -1.700000000000000122e-01 5.619999999999999996e-02 3.399999999999999550e-02 -3.022000000000000242e-01 3.950000000000000039e-02 1.979999999999999816e-02 -1.184000000000000052e-01 -1.300000000000002542e-03 1.011240000000000056e-03 1.985593599999999903e-01 6.888999999999999941e-05 9.428410000000001651e-03 2.890000000000000555e-02 3.158440000000000206e-03 1.155999999999999693e-03 9.132484000000001823e-02 1.560250000000000005e-03 3.920399999999999124e-04 1.401856000000000109e-02 1.690000000000006689e-06 1.629200000000000000e+06 1.878492500000000000e+06
1.000000000000000000e+00 -3.200000000000000067e-02 -1.925000000000000044e-01 2.078000000000000125e-01 -1.048000000000000043e-01 -1.025999999999999968e-01 6.029999999999999943e-02 -1.999999999999987899e-04 2.530999999999999917e-01 2.161000000000000143e-01 -7.699999999999998512e-03 6.740000000000001545e-02 4.099999999999999478e-03 1.023999999999999954e-03 3.705624999999999891e-02 4.318084000000000505e-02 1.098304000000000120e-02 1.052675999999999959e-02 3.636089999999999808e-03 3.999999999999951776e-08 6.405960999999998906e-02 4.669921000000000488e-02 5.928999999999997613e-05 4.542760000000002456e-03 1.680999999999999660e-05 1.629043375000000000e+06 1.880894875000000000e+06
1.000000000000000000e+00 -4.870000000000000023e-02 1.849999999999999908e-02 -1.890000000000000013e-01 -1.213000000000000050e-01 -2.000000000000000096e-04 4.649999999999999967e-02 -1.669999999999999957e-02 2.109999999999999931e-01 -3.968000000000000416e-01 -1.650000000000000078e-02 1.023999999999999910e-01 -1.379999999999999977e-02 2.371690000000000083e-03 3.422499999999999436e-04 3.572100000000000275e-02 1.471369000000000149e-02 4.000000000000000084e-08 2.162250000000000109e-03 2.788900000000000081e-04 4.452099999999999808e-02 1.574502400000000468e-01 2.722500000000000310e-04 1.048575999999999848e-02 1.904399999999999995e-04 1.632670375000000000e+06 1.890749250000000000e+06
1.000000000000000000e+00 -1.710000000000000062e-02 -3.966000000000000081e-01 6.110000000000000153e-02 -8.509999999999999509e-02 -1.658000000000000029e-01 5.299999999999999850e-02 3.160000000000000309e-02 -4.151000000000000245e-01 2.500999999999999890e-01 3.620000000000000995e-02 -1.655999999999999972e-01 6.499999999999998834e-03 2.924100000000000006e-04 1.572915599999999969e-01 3.733210000000000261e-03 7.242009999999999247e-03 2.748964000000000268e-02 2.808999999999999865e-03 9.985600000000001159e-04 1.723080100000000114e-01 6.255000999999998923e-02 1.310440000000000823e-03 2.742336000000000079e-02 4.224999999999998342e-05 1.631900125000000000e+06 1.890175625000000000e+06
1.000000000000000000e+00 -4.370000000000000273e-02 -9.769999999999999518e-02 1.424999999999999878e-01 -1.066000000000000003e-01 -1.705000000000000127e-01 6.130000000000000032e-02 -2.660000000000000211e-02 2.988999999999999990e-01 8.139999999999998626e-02 -2.150000000000000522e-02 -4.700000000000009726e-03 8.300000000000001821e-03 1.909690000000000346e-03 9.545289999999999678e-03 2.030624999999999791e-02 1.136355999999999998e-02 2.907025000000000581e-02 3.757690000000000162e-03 7.075600000000000899e-04 8.934121000000000423e-02 6.625959999999997581e-03 4.622500000000002041e-04 2.209000000000009174e-05 6.889000000000002652e-05 1.633032250000000000e+06 1.886375500000000000e+06
1.000000000000000000e+00 -3.529999999999999805e-02 1.087000000000000050e-01 -3.690000000000000224e-02 -1.077000000000000041e-01 -5.079999999999999793e-02 5.419999999999999818e-02 8.400000000000004685e-03 2.064000000000000001e-01 -1.794000000000000039e-01 -1.100000000000003753e-03 1.197000000000000147e-01 -7.100000000000002143e-03 1.246089999999999828e-03 1.181569000000000022e-02 1.361610000000000077e-03 1.159929000000000168e-02 2.580639999999999930e-03 2.937639999999999609e-03 7.056000000000008337e-05 4.260096000000000022e-02 3.218436000000000213e-02 1.210000000000008320e-06 1.432809000000000339e-02 5.041000000000002727e-05 1.628652625000000000e+06 1.885523625000000000e+06
1.000000000000000000e+00 -3.620000000000000301e-02 -4.007999999999999896e-01 1.014000000000000040e-01 -9.969999999999999696e-02 -1.567000000000000060e-01 6.270000000000000573e-02 -9.000000000000049627e-04 -5.094999999999999529e-01 1.383000000000000063e-01 8.000000000000007105e-03 -1.059000000000000080e-01 8.500000000000007550e-03 1.310440000000000172e-03 1.606406400000000012e-01 1.028196000000000145e-02 9.940089999999998649e-03 2.455489000000000283e-02 3.931290000000000479e-03 8.100000000000089737e-07 2.595902499999999669e-01 1.912689000000000056e-02 6.400000000000011908e-05 1.121481000000000214e-02 7.225000000000012987e-05 1.629899250000000000e+06 1.883188375000000000e+06
1.000000000000000000e+00 -3.470000000000000168e-02 -8.160000000000000586e-02 1.247999999999999943e-01 -1.078999999999999959e-01 -8.229999999999999816e-02 6.389999999999999847e-02 1.500000000000001332e-03 3.191999999999999837e-01 2.339999999999999025e-02 -8.199999999999998956e-03 7.440000000000000779e-02 1.199999999999992739e-03 1.204090000000000108e-03 6.658560000000000867e-03 1.557503999999999833e-02 1.164240999999999887e-02 6.773289999999999519e-03 4.083209999999999444e-03 2.250000000000003869e-06 1.018886399999999887e-01 5.475599999999995618e-04 6.723999999999998641e-05 5.535360000000001321e-03 1.439999999999982613e-06 1.627812125000000000e+06 1.874041625000000000e+06
1.000000000000000000e+00 -6.040000000000000230e-02 -1.739999999999999880e-02 -1.355999999999999983e-01 -1.221000000000000002e-01 -2.060000000000000026e-02 5.600000000000000117e-02 -2.570000000000000062e-02 6.420000000000000706e-02 -2.603999999999999648e-01 -1.420000000000000429e-02 6.169999999999999790e-02 -7.899999999999997302e-03 3.648160000000000118e-03 3.027599999999999541e-04 1.838735999999999843e-02 1.490841000000000041e-02 4.243600000000000367e-04 3.136000000000000332e-03 6.604900000000000137e-04 4.121640000000001067e-03 6.780815999999997845e-02 2.016400000000001091e-04 3.806889999999999840e-03 6.240999999999995303e-05 1.631605250000000000e+06 1.882190375000000000e+06
1.000000000000000000e+00 -3.660000000000000059e-02 -3.452999999999999958e-01 5.990000000000000185e-02 -1.082999999999999935e-01 -8.229999999999999816e-02 6.529999999999999694e-02 2.380000000000000171e-02 -3.278999999999999693e-01 1.955000000000000071e-01 1.380000000000000671e-02 -6.169999999999999790e-02 9.299999999999995770e-03 1.339560000000000056e-03 1.192320899999999989e-01 3.588010000000000418e-03 1.172888999999999876e-02 6.773289999999999519e-03 4.264089999999999894e-03 5.664400000000000858e-04 1.075184099999999809e-01 3.822025000000000422e-02 1.904400000000001892e-04 3.806889999999999840e-03 8.648999999999992577e-05 1.628824375000000000e+06 1.879360000000000000e+06
1.000000000000000000e+00 -2.160000000000000114e-02 -2.136000000000000121e-01 2.808999999999999830e-01 -1.025999999999999968e-01 -1.618999999999999884e-01 6.769999999999999629e-02 1.499999999999999944e-02 1.316999999999999837e-01 2.209999999999999742e-01 5.699999999999996736e-03 -7.959999999999999021e-02 2.399999999999999356e-03 4.665600000000000324e-04 4.562496000000000607e-02 7.890480999999999190e-02 1.052675999999999959e-02 2.621160999999999630e-02 4.583289999999999413e-03 2.249999999999999938e-04 1.734488999999999476e-02 4.884099999999998859e-02 3.248999999999996167e-05 6.336159999999998668e-03 5.759999999999996521e-06 1.630303125000000000e+06 1.881882125000000000e+06
1.000000000000000000e+00 -6.350000000000000089e-02 -2.202999999999999958e-01 -1.408000000000000085e-01 -1.236000000000000015e-01 -7.599999999999999985e-03 5.929999999999999855e-02 -4.189999999999999974e-02 -6.699999999999983746e-03 -4.216999999999999638e-01 -2.100000000000000477e-02 1.542999999999999927e-01 -8.399999999999997746e-03 4.032250000000000244e-03 4.853208999999999995e-02 1.982464000000000101e-02 1.527696000000000089e-02 5.776000000000000264e-05 3.516489999999999720e-03 1.755609999999999896e-03 4.488999999999978196e-05 1.778308899999999637e-01 4.410000000000002026e-04 2.380848999999999813e-02 7.055999999999996140e-05 1.628124500000000000e+06 1.878203500000000000e+06
1.000000000000000000e+00 -4.399999999999999745e-02 -7.929999999999999549e-02 -5.619999999999999996e-02 -1.098999999999999977e-01 -8.980000000000000482e-02 7.140000000000000513e-02 1.950000000000000344e-02 1.410000000000000142e-01 8.460000000000000853e-02 1.370000000000000384e-02 -8.220000000000000917e-02 1.210000000000000658e-02 1.935999999999999787e-03 6.288489999999999011e-03 3.158440000000000206e-03 1.207801000000000013e-02 8.064040000000001485e-03 5.097960000000000338e-03 3.802500000000001083e-04 1.988100000000000284e-02 7.157160000000001819e-03 1.876900000000000953e-04 6.756840000000001803e-03 1.464100000000001652e-04 1.627079000000000000e+06 1.874551250000000000e+06
1.000000000000000000e+00 -4.390000000000000152e-02 -1.328000000000000014e-01 1.887000000000000066e-01 -1.100000000000000006e-01 -1.373999999999999944e-01 6.469999999999999363e-02 9.999999999999592548e-05 -5.350000000000000588e-02 2.449000000000000066e-01 -1.000000000000028644e-04 -4.759999999999998954e-02 -6.700000000000011502e-03 1.927210000000000164e-03 1.763583999999999985e-02 3.560769000000000434e-02 1.209999999999999964e-02 1.887875999999999790e-02 4.186089999999999083e-03 9.999999999999184609e-09 2.862250000000000644e-03 5.997601000000000321e-02 1.000000000000057262e-08 2.265759999999999042e-03 4.489000000000015466e-05 1.628995250000000000e+06 1.879438125000000000e+06
1.000000000000000000e+00 -5.899999999999999689e-02 -1.985999999999999988e-01 -1.433000000000000107e-01 -1.233000000000000068e-01 1.779999999999999985e-02 5.469999999999999862e-02 -1.509999999999999537e-02 -6.579999999999999738e-02 -3.320000000000000173e-01 -1.330000000000000626e-02 1.552000000000000046e-01 -9.999999999999995004e-03 3.480999999999999719e-03 3.944195999999999813e-02 2.053489000000000356e-02 1.520289000000000189e-02 3.168399999999999819e-04 2.992089999999999767e-03 2.280099999999998718e-04 4.329640000000000051e-03 1.102240000000000164e-01 1.768900000000001580e-04 2.408704000000000053e-02 9.999999999999989637e-05 1.627068875000000000e+06 1.879905750000000000e+06
1.000000000000000000e+00 -4.929999999999999660e-02 -1.295000000000000040e-01 4.170000000000000095e-02 -1.097000000000000058e-01 -1.076000000000000012e-01 6.400000000000000133e-02 9.700000000000000289e-03 6.909999999999999476e-02 1.849999999999999978e-01 1.360000000000000098e-02 -1.254000000000000115e-01 9.300000000000002709e-03 2.430489999999999561e-03 1.677025000000000043e-02 1.738890000000000097e-03 1.203409000000000076e-02 1.157775999999999944e-02 4.095999999999999815e-03 9.409000000000000208e-05 4.774809999999999124e-03 3.422499999999999848e-02 1.849600000000000181e-04 1.572516000000000191e-02 8.649000000000004774e-05 1.631219250000000000e+06 1.881765250000000000e+06
1.000000000000000000e+00 -5.639999999999999875e-02 4.499999999999999660e-03 9.529999999999999583e-02 -1.219999999999999973e-01 -1.451999999999999957e-01 6.719999999999999585e-02 -7.100000000000002143e-03 1.340000000000000080e-01 5.359999999999999487e-02 -1.229999999999999150e-02 -3.759999999999999454e-02 3.199999999999994515e-03 3.180960000000000037e-03 2.024999999999999755e-05 9.082089999999999261e-03 1.488399999999999966e-02 2.108303999999999734e-02 4.515839999999999264e-03 5.041000000000002727e-05 1.795600000000000321e-02 2.872959999999999490e-03 1.512899999999997797e-04 1.413759999999999583e-03 1.023999999999996464e-05 1.635051375000000000e+06 1.881675375000000000e+06
1.000000000000000000e+00 -5.800000000000000294e-02 -8.930000000000000437e-02 -1.180999999999999966e-01 -1.300999999999999934e-01 -2.210000000000000159e-02 6.489999999999999936e-02 -1.600000000000004197e-03 -9.380000000000000837e-02 -2.133999999999999786e-01 -8.099999999999996092e-03 1.230999999999999872e-01 -2.299999999999996492e-03 3.364000000000000237e-03 7.974490000000000745e-03 1.394760999999999918e-02 1.692600999999999828e-02 4.884100000000001027e-04 4.212009999999999539e-03 2.560000000000013606e-06 8.798440000000001121e-03 4.553955999999999282e-02 6.560999999999993595e-05 1.515360999999999618e-02 5.289999999999984080e-06 1.632813250000000000e+06 1.875771000000000000e+06
1.000000000000000000e+00 -5.550000000000000072e-02 -3.363999999999999768e-01 1.701999999999999902e-01 -1.199000000000000066e-01 -7.330000000000000404e-02 8.569999999999999840e-02 2.500000000000002220e-03 -2.470999999999999863e-01 2.883000000000000007e-01 1.019999999999998685e-02 -5.120000000000000245e-02 2.079999999999999905e-02 3.080250000000000089e-03 1.131649599999999811e-01 2.896803999999999699e-02 1.437601000000000157e-02 5.372890000000000825e-03 7.344489999999999526e-03 6.250000000000011311e-06 6.105840999999999352e-02 8.311688999999999883e-02 1.040399999999997289e-04 2.621440000000000055e-03 4.326399999999999777e-04 1.627803500000000000e+06 1.861985250000000000e+06
1.000000000000000000e+00 -5.299999999999999850e-02 -9.600000000000000200e-02 1.184999999999999942e-01 -1.283999999999999864e-01 -1.443000000000000116e-01 8.590000000000000413e-02 2.500000000000002220e-03 2.403999999999999748e-01 -5.169999999999999596e-02 -8.499999999999979794e-03 -7.100000000000000755e-02 2.000000000000057288e-04 2.808999999999999865e-03 9.216000000000000233e-03 1.404224999999999918e-02 1.648655999999999733e-02 2.082249000000000252e-02 7.378810000000000403e-03 6.250000000000011311e-06 5.779215999999998826e-02 2.672889999999999381e-03 7.224999999999965554e-05 5.041000000000001209e-03 4.000000000000229047e-08 1.630844375000000000e+06 1.867372375000000000e+06
1.000000000000000000e+00 -5.170000000000000290e-02 6.539999999999999980e-02 -1.011999999999999983e-01 -1.444999999999999896e-01 -2.230000000000000038e-02 5.279999999999999971e-02 1.299999999999995604e-03 1.613999999999999879e-01 -2.197000000000000064e-01 -1.610000000000000320e-02 1.220000000000000112e-01 -3.310000000000000442e-02 2.672890000000000248e-03 4.277160000000000337e-03 1.024143999999999922e-02 2.088024999999999604e-02 4.972900000000000584e-04 2.787839999999999763e-03 1.689999999999988478e-06 2.604995999999999701e-02 4.826808999999999961e-02 2.592100000000001152e-04 1.488400000000000313e-02 1.095610000000000334e-03 1.629115125000000000e+06 1.870327125000000000e+06
1.000000000000000000e+00 -3.239999999999999825e-02 -2.696000000000000063e-01 1.029000000000000054e-01 -1.204999999999999960e-01 -1.416999999999999926e-01 5.639999999999999875e-02 1.930000000000000465e-02 -3.350000000000000200e-01 2.041000000000000036e-01 2.399999999999999356e-02 -1.193999999999999923e-01 3.599999999999999034e-03 1.049759999999999843e-03 7.268415999999999766e-02 1.058841000000000122e-02 1.452024999999999844e-02 2.007888999999999854e-02 3.180960000000000037e-03 3.724900000000001691e-04 1.122250000000000192e-01 4.165681000000000245e-02 5.759999999999996893e-04 1.425635999999999744e-02 1.295999999999999281e-05 1.629658250000000000e+06 1.871159000000000000e+06
1.000000000000000000e+00 -6.099999999999999867e-02 -3.237999999999999767e-01 -3.740000000000000269e-02 -8.019999999999999352e-02 -6.790000000000000202e-02 3.860000000000000236e-02 -2.860000000000000042e-02 -5.419999999999997042e-02 -1.403000000000000080e-01 4.030000000000000249e-02 7.379999999999999061e-02 -1.779999999999999638e-02 3.720999999999999915e-03 1.048464399999999852e-01 1.398760000000000194e-03 6.432039999999999112e-03 4.610410000000000549e-03 1.489960000000000243e-03 8.179600000000000629e-04 2.937639999999997007e-03 1.968409000000000131e-02 1.624090000000000126e-03 5.446439999999998574e-03 3.168399999999998735e-04 1.633091875000000000e+06 1.878229375000000000e+06
1.000000000000000000e+00 -4.290000000000000063e-02 -1.421999999999999931e-01 -6.510000000000000508e-02 -1.270999999999999908e-01 -4.490000000000000241e-02 5.360000000000000181e-02 1.809999999999999803e-02 1.815999999999999837e-01 -2.770000000000000240e-02 -4.689999999999999725e-02 2.299999999999999961e-02 1.499999999999999944e-02 1.840410000000000006e-03 2.022083999999999687e-02 4.238010000000000388e-03 1.615440999999999752e-02 2.016010000000000371e-03 2.872960000000000357e-03 3.276099999999999347e-04 3.297855999999999704e-02 7.672900000000001160e-04 2.199609999999999847e-03 5.289999999999999564e-04 2.249999999999999938e-04 1.628686500000000000e+06 1.870693500000000000e+06
1.000000000000000000e+00 -6.049999999999999822e-02 -1.489999999999999936e-01 1.063999999999999946e-01 -7.799999999999999989e-02 -1.396999999999999909e-01 4.979999999999999705e-02 -1.759999999999999759e-02 -6.800000000000000488e-03 1.714999999999999858e-01 4.909999999999999087e-02 -9.479999999999999538e-02 -3.800000000000004763e-03 3.660249999999999875e-03 2.220099999999999851e-02 1.132095999999999970e-02 6.083999999999999998e-03 1.951608999999999636e-02 2.480039999999999762e-03 3.097599999999999074e-04 4.624000000000000451e-05 2.941224999999999395e-02 2.410809999999998909e-03 8.987039999999999959e-03 1.444000000000003623e-05 1.631088875000000000e+06 1.875384750000000000e+06
1.000000000000000000e+00 -7.290000000000000646e-02 -1.479000000000000037e-01 -1.744999999999999885e-01 -1.441999999999999948e-01 3.899999999999999821e-03 4.070000000000000007e-02 -1.240000000000000824e-02 1.099999999999989875e-03 -2.808999999999999830e-01 -6.619999999999999496e-02 1.435999999999999777e-01 -9.099999999999996980e-03 5.314410000000001182e-03 2.187441000000000038e-02 3.045024999999999468e-02 2.079363999999999865e-02 1.520999999999999837e-05 1.656490000000000046e-03 1.537600000000002084e-04 1.209999999999977827e-06 7.890480999999999190e-02 4.382439999999999600e-03 2.062095999999999374e-02 8.280999999999994745e-05 1.633779875000000000e+06 1.879861250000000000e+06
1.000000000000000000e+00 -4.340000000000000108e-02 -3.459999999999999881e-02 1.655999999999999972e-01 -6.230000000000000121e-02 -1.479000000000000037e-01 5.390000000000000346e-02 2.950000000000000538e-02 1.133000000000000118e-01 3.400999999999999579e-01 8.190000000000000058e-02 -1.517999999999999905e-01 1.320000000000000340e-02 1.883560000000000052e-03 1.197159999999999848e-03 2.742336000000000079e-02 3.881290000000000347e-03 2.187441000000000038e-02 2.905210000000000518e-03 8.702500000000003635e-04 1.283689000000000184e-02 1.156680099999999739e-01 6.707610000000000135e-03 2.304323999999999609e-02 1.742400000000000936e-04 1.634164125000000000e+06 1.884464125000000000e+06
1.000000000000000000e+00 -6.919999999999999762e-02 -1.058000000000000052e-01 8.450000000000000566e-02 -7.810000000000000275e-02 -6.850000000000000533e-02 4.469999999999999668e-02 -2.579999999999999655e-02 -7.120000000000001328e-02 -8.109999999999999154e-02 -1.580000000000000154e-02 7.939999999999999836e-02 -9.200000000000006783e-03 4.788639999999999390e-03 1.119364000000000123e-02 7.140250000000000763e-03 6.099610000000000101e-03 4.692250000000001108e-03 1.998089999999999675e-03 6.656399999999997865e-04 5.069440000000002312e-03 6.577209999999998266e-03 2.496400000000000290e-04 6.304360000000000172e-03 8.464000000000012475e-05 1.632944875000000000e+06 1.879860875000000000e+06
1.000000000000000000e+00 -4.449999999999999789e-02 -1.419999999999999873e-01 -4.599999999999999922e-03 -5.960000000000000020e-02 -7.860000000000000320e-02 5.070000000000000201e-02 2.469999999999999973e-02 -3.619999999999998219e-02 -8.910000000000001252e-02 1.850000000000000255e-02 -1.009999999999999787e-02 6.000000000000005329e-03 1.980249999999999806e-03 2.016399999999999790e-02 2.116000000000000069e-05 3.552159999999999953e-03 6.177960000000000569e-03 2.570490000000000361e-03 6.100899999999999813e-04 1.310439999999998655e-03 7.938810000000002740e-03 3.422500000000001062e-04 1.020099999999999534e-04 3.600000000000006190e-05 1.631326500000000000e+06 1.881096375000000000e+06
1.000000000000000000e+00 -5.269999999999999685e-02 -3.355000000000000204e-01 8.669999999999999929e-02 -6.489999999999999936e-02 -8.390000000000000235e-02 4.669999999999999846e-02 -8.199999999999998956e-03 -1.935000000000000331e-01 9.129999999999999227e-02 -5.299999999999999156e-03 -5.299999999999999156e-03 -4.000000000000003553e-03 2.777289999999999533e-03 1.125602500000000145e-01 7.516890000000000030e-03 4.212009999999999539e-03 7.039210000000000605e-03 2.180889999999999999e-03 6.723999999999998641e-05 3.744225000000001025e-02 8.335689999999998032e-03 2.808999999999999025e-05 2.808999999999999025e-05 1.600000000000002977e-05 1.632579000000000000e+06 1.887429125000000000e+06
1.000000000000000000e+00 -5.750000000000000250e-02 -2.101999999999999980e-01 -1.413000000000000089e-01 -7.099999999999999367e-02 -4.139999999999999930e-02 3.939999999999999752e-02 -4.800000000000005651e-03 1.253000000000000225e-01 -2.280000000000000082e-01 -6.099999999999994316e-03 4.250000000000000305e-02 -7.300000000000000933e-03 3.306250000000000161e-03 4.418404000000000081e-02 1.996569000000000121e-02 5.040999999999999474e-03 1.713960000000000049e-03 1.552359999999999808e-03 2.304000000000005385e-05 1.570009000000000682e-02 5.198400000000000243e-02 3.720999999999993003e-05 1.806250000000000347e-03 5.329000000000001325e-05 1.633380125000000000e+06 1.890113875000000000e+06
1.000000000000000000e+00 -4.299999999999999656e-02 -2.819999999999999937e-02 9.959999999999999409e-02 -6.079999999999999988e-02 -1.451000000000000068e-01 4.189999999999999974e-02 1.450000000000000594e-02 1.819999999999999951e-01 2.409000000000000030e-01 1.019999999999999379e-02 -1.037000000000000144e-01 2.500000000000002220e-03 1.848999999999999732e-03 7.952400000000000094e-04 9.920159999999999048e-03 3.696640000000000169e-03 2.105401000000000147e-02 1.755609999999999896e-03 2.102500000000001774e-04 3.312400000000000067e-02 5.803281000000000411e-02 1.040399999999998780e-04 1.075369000000000325e-02 6.250000000000011311e-06 1.634567750000000000e+06 1.887950250000000000e+06
1.000000000000000000e+00 -5.260000000000000092e-02 -8.669999999999999929e-02 9.100000000000000450e-03 -7.220000000000000029e-02 -1.078000000000000069e-01 4.870000000000000023e-02 -9.600000000000004363e-03 -5.849999999999999645e-02 -9.049999999999999711e-02 -1.140000000000000041e-02 3.729999999999999982e-02 6.800000000000000488e-03 2.766760000000000053e-03 7.516890000000000030e-03 8.281000000000000166e-05 5.212839999999999835e-03 1.162084000000000207e-02 2.371690000000000083e-03 9.216000000000007986e-05 3.422249999999999511e-03 8.190249999999999614e-03 1.299600000000000093e-04 1.391289999999999888e-03 4.624000000000000451e-05 1.633732375000000000e+06 1.885062125000000000e+06
1.000000000000000000e+00 -4.560000000000000164e-02 -1.091000000000000025e-01 -1.020000000000000073e-02 -7.119999999999999940e-02 -6.099999999999999867e-02 4.200000000000000261e-02 6.999999999999999278e-03 -2.240000000000000324e-02 -1.930000000000000118e-02 1.000000000000000888e-03 4.680000000000000826e-02 -6.699999999999997624e-03 2.079360000000000149e-03 1.190280999999999978e-02 1.040400000000000135e-04 5.069439999999999710e-03 3.720999999999999915e-03 1.764000000000000160e-03 4.899999999999999164e-05 5.017600000000001833e-04 3.724900000000000606e-04 1.000000000000001861e-06 2.190240000000000849e-03 4.488999999999996492e-05 1.631923000000000000e+06 1.883763750000000000e+06
1.000000000000000000e+00 -3.119999999999999857e-02 -3.275000000000000133e-01 1.642000000000000126e-01 -5.500000000000000028e-02 -1.620000000000000051e-01 4.309999999999999942e-02 1.440000000000000308e-02 -2.184000000000000108e-01 1.743999999999999995e-01 1.619999999999999912e-02 -1.010000000000000064e-01 1.099999999999996814e-03 9.734399999999998956e-04 1.072562500000000113e-01 2.696164000000000546e-02 3.024999999999999911e-03 2.624399999999999997e-02 1.857609999999999990e-03 2.073600000000001017e-04 4.769856000000000790e-02 3.041535999999999892e-02 2.624399999999999606e-04 1.020100000000000173e-02 1.209999999999993074e-06 1.631814625000000000e+06 1.886063750000000000e+06
1.000000000000000000e+00 -5.489999999999999741e-02 -7.779999999999999416e-02 -7.630000000000000671e-02 -7.290000000000000646e-02 -5.179999999999999882e-02 4.739999999999999769e-02 -2.369999999999999885e-02 2.497000000000000330e-01 -2.405000000000000193e-01 -1.790000000000000618e-02 1.102000000000000063e-01 4.299999999999998268e-03 3.014009999999999693e-03 6.052839999999999436e-03 5.821690000000000892e-03 5.314410000000001182e-03 2.683239999999999931e-03 2.246759999999999990e-03 5.616899999999999974e-04 6.235009000000001772e-02 5.784025000000000971e-02 3.204100000000002476e-04 1.214404000000000178e-02 1.848999999999998391e-05 1.630306500000000000e+06 1.880275750000000000e+06
1.000000000000000000e+00 -4.739999999999999769e-02 -8.800000000000000530e-03 -9.729999999999999760e-02 -7.280000000000000360e-02 -6.479999999999999649e-02 4.070000000000000007e-02 7.499999999999999722e-03 6.899999999999999190e-02 -2.099999999999999090e-02 1.000000000000028644e-04 -1.299999999999999767e-02 -6.699999999999997624e-03 2.246759999999999990e-03 7.744000000000000395e-05 9.467289999999999733e-03 5.299840000000000106e-03 4.199039999999999370e-03 1.656490000000000046e-03 5.624999999999999846e-05 4.760999999999998740e-03 4.409999999999996063e-04 1.000000000000057262e-08 1.689999999999999337e-04 4.488999999999996492e-05 1.631737000000000000e+06 1.887131625000000000e+06
1.000000000000000000e+00 -3.799999999999999906e-02 -3.466000000000000192e-01 1.668000000000000038e-01 -6.169999999999999790e-02 -9.410000000000000309e-02 4.270000000000000184e-02 9.399999999999998634e-03 -3.378000000000000447e-01 2.641000000000000014e-01 1.110000000000000570e-02 -2.930000000000000659e-02 2.000000000000001776e-03 1.443999999999999971e-03 1.201315600000000122e-01 2.782224000000000155e-02 3.806889999999999840e-03 8.854810000000001152e-03 1.823290000000000197e-03 8.835999999999997394e-05 1.141088400000000308e-01 6.974880999999999442e-02 1.232100000000001163e-04 8.584900000000003813e-04 4.000000000000007442e-06 1.631605375000000000e+06 1.887992875000000000e+06
