1.000000000000000000e+00 -0.000000000000000000e+00 -0.000000000000000000e+00 -0.000000000000000000e+00 0.000000000000000000e+00 0.000000000000000000e+00 0.000000000000000000e+00 0.000000000000000000e+00 0.000000000000000000e+00 0.000000000000000000e+00 0.000000000000000000e+00 0.000000000000000000e+00 0.000000000000000000e+00 0.000000000000000000e+00 0.000000000000000000e+00 0.000000000000000000e+00 0.000000000000000000e+00 0.000000000000000000e+00 0.000000000000000000e+00 0.000000000000000000e+00 0.000000000000000000e+00 0.000000000000000000e+00 0.000000000000000000e+00 0.000000000000000000e+00 0.000000000000000000e+00 1.268336625000000000e+06 1.360731125000000000e+06
1.000000000000000000e+00 2.369999999999999885e-02 -4.170000000000000095e-02 3.049999999999999933e-02 2.160000000000000114e-02 -1.409999999999999969e-02 2.759999999999999953e-02 2.369999999999999885e-02 -4.170000000000000095e-02 3.049999999999999933e-02 2.160000000000000114e-02 -1.409999999999999969e-02 2.759999999999999953e-02 5.616899999999999974e-04 1.738890000000000097e-03 9.302499999999999788e-04 4.665600000000000324e-04 1.988100000000000023e-04 7.617599999999999979e-04 5.616899999999999974e-04 1.738890000000000097e-03 9.302499999999999788e-04 4.665600000000000324e-04 1.988100000000000023e-04 7.617599999999999979e-04 1.268977000000000000e+06 1.359968000000000000e+06
1.000000000000000000e+00 3.780000000000000027e-02 -2.759999999999999953e-02 1.650000000000000078e-02 2.779999999999999832e-02 1.450000000000000074e-02 6.119999999999999746e-02 1.410000000000000142e-02 1.410000000000000142e-02 -1.399999999999999856e-02 6.199999999999997180e-03 2.860000000000000042e-02 3.359999999999999792e-02 1.428840000000000015e-03 7.617599999999999979e-04 2.722500000000000310e-04 7.728399999999998986e-04 2.102500000000000148e-04 3.745439999999999620e-03 1.988100000000000294e-04 1.988100000000000294e-04 1.959999999999999666e-04 3.843999999999996400e-05 8.179600000000000629e-04 1.128959999999999816e-03 1.267948250000000000e+06 1.359396875000000000e+06
1.000000000000000000e+00 4.359999999999999987e-02 1.689999999999999836e-02 7.370000000000000162e-02 5.269999999999999685e-02 -4.279999999999999777e-02 2.850000000000000103e-02 5.799999999999999600e-03 4.449999999999999789e-02 5.720000000000000084e-02 2.489999999999999852e-02 -5.729999999999999677e-02 -3.269999999999999296e-02 1.900959999999999933e-03 2.856099999999999438e-04 5.431690000000000303e-03 2.777289999999999533e-03 1.831839999999999727e-03 8.122500000000000379e-04 3.363999999999999640e-05 1.980249999999999806e-03 3.271840000000000252e-03 6.200099999999999405e-04 3.283289999999999473e-03 1.069289999999999434e-03 1.262663250000000000e+06 1.357070375000000000e+06
1.000000000000000000e+00 4.159999999999999809e-02 -2.460000000000000034e-02 -1.859999999999999848e-02 4.070000000000000007e-02 1.409999999999999969e-02 5.070000000000000201e-02 -2.000000000000001776e-03 -4.149999999999999523e-02 -9.229999999999999316e-02 -1.199999999999999678e-02 5.689999999999999919e-02 2.220000000000000098e-02 1.730559999999999911e-03 6.051599999999999861e-04 3.459599999999999199e-04 1.656490000000000046e-03 1.988100000000000023e-04 2.570490000000000361e-03 4.000000000000007442e-06 1.722249999999999606e-03 8.519289999999998808e-03 1.439999999999999223e-04 3.237609999999999707e-03 4.928400000000000315e-04 1.267362250000000000e+06 1.361830000000000000e+06
1.000000000000000000e+00 3.020000000000000115e-02 3.622000000000000219e-01 -1.875999999999999890e-01 2.529999999999999957e-02 1.620000000000000051e-01 4.469999999999999668e-02 -1.139999999999999694e-02 3.868000000000000327e-01 -1.689999999999999836e-01 -1.540000000000000049e-02 1.479000000000000037e-01 -6.000000000000005329e-03 9.120400000000000295e-04 1.311888400000000288e-01 3.519375999999999755e-02 6.400899999999999515e-04 2.624399999999999997e-02 1.998089999999999675e-03 1.299599999999999280e-04 1.496142400000000372e-01 2.856099999999999611e-02 2.371600000000000129e-04 2.187441000000000038e-02 3.600000000000006190e-05 1.271953750000000000e+06 1.375251875000000000e+06
1.000000000000000000e+00 -2.170000000000000054e-02 -1.136999999999999955e-01 -2.427999999999999881e-01 6.599999999999999964e-03 5.500000000000000028e-02 5.929999999999999855e-02 -5.190000000000000169e-02 -4.758999999999999897e-01 -5.519999999999999907e-02 -1.870000000000000134e-02 -1.070000000000000118e-01 1.460000000000000187e-02 4.708900000000000130e-04 1.292768999999999863e-02 5.895183999999999147e-02 4.355999999999999629e-05 3.024999999999999911e-03 3.516489999999999720e-03 2.693610000000000362e-03 2.264808099999999769e-01 3.047039999999999992e-03 3.496900000000000485e-04 1.144900000000000258e-02 2.131600000000000530e-04 1.271195250000000000e+06 1.368787875000000000e+06
1.000000000000000000e+00 -1.799999999999999951e-03 -3.704999999999999960e-01 -2.121000000000000107e-01 2.170000000000000054e-02 -2.001000000000000001e-01 4.510000000000000120e-02 1.990000000000000102e-02 -2.568000000000000282e-01 3.069999999999997731e-02 1.510000000000000057e-02 -2.550999999999999934e-01 -1.419999999999999735e-02 3.239999999999999896e-06 1.372702500000000103e-01 4.498641000000000445e-02 4.708900000000000130e-04 4.004001000000000088e-02 2.034010000000000158e-03 3.960100000000000252e-04 6.594624000000001707e-02 9.424899999999986283e-04 2.280100000000000074e-04 6.507601000000000357e-02 2.016399999999999193e-04 1.270759625000000000e+06 1.370431000000000000e+06
1.000000000000000000e+00 1.340000000000000045e-02 -9.370000000000000551e-02 6.599999999999999964e-03 3.350000000000000200e-02 -9.009999999999999953e-02 9.760000000000000620e-02 1.519999999999999997e-02 2.767999999999999905e-01 2.187000000000000055e-01 1.180000000000000146e-02 1.100000000000000006e-01 5.250000000000000500e-02 1.795600000000000223e-04 8.779690000000001451e-03 4.355999999999999629e-05 1.122250000000000201e-03 8.118010000000000156e-03 9.525760000000001171e-03 2.310400000000000106e-04 7.661823999999999024e-02 4.782969000000000109e-02 1.392400000000000289e-04 1.209999999999999964e-02 2.756250000000000453e-03 1.267143375000000000e+06 1.358216500000000000e+06
1.000000000000000000e+00 6.300000000000000044e-03 -3.520000000000000212e-02 -2.089000000000000024e-01 3.880000000000000115e-02 -4.989999999999999991e-02 1.199999999999999956e-01 -7.100000000000000408e-03 5.850000000000000339e-02 -2.154999999999999971e-01 5.299999999999999156e-03 4.019999999999999962e-02 2.239999999999998936e-02 3.969000000000000116e-05 1.239040000000000063e-03 4.363920999999999772e-02 1.505440000000000033e-03 2.490009999999999966e-03 1.439999999999999961e-02 5.041000000000000694e-05 3.422250000000000379e-03 4.644024999999999542e-02 2.808999999999999025e-05 1.616040000000000011e-03 5.017599999999995328e-04 1.266790250000000000e+06 1.356464500000000000e+06
1.000000000000000000e+00 1.000000000000000056e-01 -9.170000000000000373e-02 1.140000000000000041e-02 5.619999999999999996e-02 -1.909999999999999892e-02 -3.700000000000000164e-03 9.370000000000000551e-02 -5.650000000000000161e-02 2.202999999999999958e-01 1.739999999999999880e-02 3.080000000000000099e-02 -1.236999999999999905e-01 1.000000000000000194e-02 8.408890000000000461e-03 1.299600000000000093e-04 3.158440000000000206e-03 3.648099999999999715e-04 1.369000000000000106e-05 8.779690000000001451e-03 3.192250000000000209e-03 4.853208999999999995e-02 3.027599999999999541e-04 9.486400000000000518e-04 1.530168999999999800e-02 1.263847750000000000e+06 1.352606000000000000e+06
1.000000000000000000e+00 1.110000000000000014e-01 -6.669999999999999540e-02 -2.399000000000000021e-01 7.059999999999999609e-02 -1.930000000000000118e-02 1.529999999999999936e-02 1.099999999999999589e-02 2.500000000000000833e-02 -2.513000000000000234e-01 1.439999999999999614e-02 -2.000000000000022593e-04 1.899999999999999953e-02 1.232100000000000035e-02 4.448889999999999616e-03 5.755201000000000067e-02 4.984359999999999312e-03 3.724900000000000606e-04 2.340899999999999763e-04 1.209999999999999054e-04 6.250000000000004467e-04 6.315169000000001032e-02 2.073599999999998849e-04 4.000000000000090081e-08 3.609999999999999928e-04 1.267120750000000000e+06 1.357700125000000000e+06
1.000000000000000000e+00 1.110000000000000014e-01 -5.790000000000000008e-02 3.889999999999999708e-02 5.439999999999999697e-02 3.529999999999999805e-02 3.540000000000000091e-02 0.000000000000000000e+00 8.799999999999995326e-03 2.787999999999999923e-01 -1.619999999999999912e-02 5.459999999999999576e-02 2.009999999999999981e-02 1.232100000000000035e-02 3.352410000000000112e-03 1.513209999999999859e-03 2.959359999999999855e-03 1.246089999999999828e-03 1.253160000000000125e-03 0.000000000000000000e+00 7.743999999999992263e-05 7.772943999999999687e-02 2.624399999999999606e-04 2.981159999999999626e-03 4.040100000000000028e-04 1.267866375000000000e+06 1.358990250000000000e+06
1.000000000000000000e+00 1.170999999999999958e-01 -5.820000000000000173e-02 1.580000000000000154e-02 5.480000000000000149e-02 3.960000000000000325e-02 5.909999999999999976e-02 6.099999999999994316e-03 -3.000000000000016542e-04 -2.309999999999999554e-02 4.000000000000045186e-04 4.300000000000005207e-03 2.369999999999999885e-02 1.371240999999999953e-02 3.387240000000000129e-03 2.496400000000000290e-04 3.003040000000000223e-03 1.568160000000000300e-03 3.492809999999999838e-03 3.720999999999993003e-05 9.000000000000099119e-08 5.336099999999997920e-04 1.600000000000036032e-07 1.849000000000004489e-05 5.616899999999999974e-04 1.270560375000000000e+06 1.363248375000000000e+06
1.000000000000000000e+00 1.163000000000000006e-01 -1.222000000000000031e-01 -5.519999999999999907e-02 6.489999999999999936e-02 -1.466000000000000081e-01 8.240000000000000102e-02 -7.999999999999951594e-04 -6.400000000000000133e-02 -7.100000000000000755e-02 1.009999999999999787e-02 -1.862000000000000044e-01 2.330000000000000127e-02 1.352568999999999994e-02 1.493284000000000104e-02 3.047039999999999992e-03 4.212009999999999539e-03 2.149156000000000330e-02 6.789760000000000587e-03 6.399999999999922842e-07 4.095999999999999815e-03 5.041000000000001209e-03 1.020099999999999534e-04 3.467044000000000376e-02 5.428900000000000826e-04 1.267393000000000000e+06 1.362551875000000000e+06
1.000000000000000000e+00 1.219999999999999973e-01 -8.840000000000000635e-02 -4.130000000000000338e-02 7.920000000000000651e-02 -1.154000000000000026e-01 8.019999999999999352e-02 5.699999999999996736e-03 3.379999999999999671e-02 1.389999999999999569e-02 1.430000000000000715e-02 3.120000000000000551e-02 -2.200000000000007505e-03 1.488399999999999966e-02 7.814560000000001644e-03 1.705690000000000374e-03 6.272640000000001201e-03 1.331715999999999976e-02 6.432039999999999112e-03 3.248999999999996167e-05 1.142439999999999775e-03 1.932099999999998933e-04 2.044900000000002055e-04 9.734400000000003293e-04 4.840000000000033281e-06 1.269531000000000000e+06 1.365773750000000000e+06
1.000000000000000000e+00 1.200999999999999984e-01 -4.200000000000000261e-02 -5.709999999999999798e-02 7.090000000000000469e-02 -7.839999999999999747e-02 7.359999999999999876e-02 -1.899999999999998912e-03 4.640000000000000374e-02 -1.579999999999999460e-02 -8.300000000000001821e-03 3.700000000000000511e-02 -6.599999999999994760e-03 1.442400999999999926e-02 1.764000000000000160e-03 3.260409999999999611e-03 5.026810000000000479e-03 6.146559999999999697e-03 5.416960000000000178e-03 3.609999999999995930e-06 2.152960000000000203e-03 2.496399999999998121e-04 6.889000000000002652e-05 1.369000000000000425e-03 4.355999999999992853e-05 1.267511250000000000e+06 1.365019250000000000e+06
1.000000000000000000e+00 1.232000000000000040e-01 -1.116999999999999937e-01 -1.170000000000000033e-02 5.290000000000000258e-02 -6.180000000000000077e-02 7.009999999999999565e-02 3.100000000000005529e-03 -6.969999999999998419e-02 4.539999999999999591e-02 -1.800000000000000211e-02 1.659999999999999670e-02 -3.500000000000003109e-03 1.517824000000000083e-02 1.247688999999999916e-02 1.368899999999999989e-04 2.798410000000000307e-03 3.819240000000000222e-03 4.914009999999999039e-03 9.610000000000035045e-06 4.858089999999998070e-03 2.061159999999999815e-03 3.240000000000000692e-04 2.755599999999998892e-04 1.225000000000002163e-05 1.269525250000000000e+06 1.367684750000000000e+06
1.000000000000000000e+00 1.300000000000000044e-01 -1.043000000000000038e-01 -3.289999999999999869e-02 5.519999999999999907e-02 -2.160000000000000114e-02 8.500000000000000611e-02 6.800000000000000488e-03 7.399999999999989919e-03 -2.119999999999999662e-02 2.299999999999996492e-03 4.019999999999999962e-02 1.490000000000001046e-02 1.690000000000000183e-02 1.087849000000000108e-02 1.082410000000000013e-03 3.047039999999999992e-03 4.665600000000000324e-04 7.225000000000001386e-03 4.624000000000000451e-05 5.475999999999984840e-05 4.494399999999998440e-04 5.289999999999984080e-06 1.616040000000000011e-03 2.220100000000003223e-04 1.267221500000000000e+06 1.363333875000000000e+06
1.000000000000000000e+00 1.338000000000000023e-01 -4.859999999999999737e-02 3.429999999999999716e-02 6.069999999999999701e-02 -2.899999999999999800e-03 6.850000000000000533e-02 3.799999999999997824e-03 5.570000000000000645e-02 6.719999999999999585e-02 5.499999999999997946e-03 1.870000000000000134e-02 -1.650000000000000078e-02 1.790244000000000210e-02 2.361959999999999754e-03 1.176489999999999871e-03 3.684489999999999467e-03 8.409999999999999101e-06 4.692250000000001108e-03 1.443999999999998372e-05 3.102490000000000716e-03 4.515839999999999264e-03 3.024999999999997634e-05 3.496900000000000485e-04 2.722500000000000310e-04 1.265189750000000000e+06 1.359413875000000000e+06
1.000000000000000000e+00 1.544000000000000095e-01 -4.569999999999999757e-02 -5.009999999999999870e-02 7.270000000000000073e-02 -3.309999999999999748e-02 8.250000000000000389e-02 2.060000000000000719e-02 2.899999999999999800e-03 -8.440000000000000280e-02 1.200000000000000372e-02 -3.019999999999999768e-02 1.399999999999999856e-02 2.383936000000000388e-02 2.088489999999999704e-03 2.510010000000000019e-03 5.285289999999999780e-03 1.095609999999999900e-03 6.806250000000000668e-03 4.243600000000003077e-04 8.409999999999999101e-06 7.123360000000000455e-03 1.440000000000000850e-04 9.120399999999998127e-04 1.959999999999999666e-04 1.271622375000000000e+06 1.370695875000000000e+06
1.000000000000000000e+00 1.582999999999999963e-01 -2.850000000000000103e-02 1.149999999999999981e-02 8.309999999999999332e-02 -6.790000000000000202e-02 8.050000000000000211e-02 3.899999999999986811e-03 1.719999999999999654e-02 6.160000000000000198e-02 1.039999999999999258e-02 -3.480000000000000454e-02 -2.000000000000001776e-03 2.505889000000000033e-02 8.122500000000000379e-04 1.322499999999999891e-04 6.905609999999998659e-03 4.610410000000000549e-03 6.480250000000000767e-03 1.520999999999989673e-05 2.958399999999999051e-04 3.794560000000000207e-03 1.081599999999998454e-04 1.211040000000000250e-03 4.000000000000007442e-06 1.271675000000000000e+06 1.368792375000000000e+06
1.000000000000000000e+00 1.668999999999999928e-01 1.400000000000000029e-02 -3.849999999999999950e-02 9.760000000000000620e-02 1.580000000000000154e-02 7.480000000000000537e-02 8.599999999999996536e-03 4.250000000000000305e-02 -5.000000000000000278e-02 1.450000000000001288e-02 8.369999999999999662e-02 -5.699999999999996736e-03 2.785560999999999593e-02 1.960000000000000208e-04 1.482250000000000061e-03 9.525760000000001171e-03 2.496400000000000290e-04 5.595040000000000777e-03 7.395999999999993562e-05 1.806250000000000347e-03 2.500000000000000486e-03 2.102500000000003672e-04 7.005689999999999314e-03 3.248999999999996167e-05 1.271298875000000000e+06 1.368923875000000000e+06
1.000000000000000000e+00 1.703999999999999959e-01 -2.730000000000000135e-02 -1.949999999999999997e-02 9.500000000000000111e-02 -3.059999999999999873e-02 8.210000000000000631e-02 3.500000000000003109e-03 -4.130000000000000338e-02 1.899999999999999953e-02 -2.600000000000005085e-03 -4.639999999999999680e-02 7.300000000000000933e-03 2.903615999999999836e-02 7.452900000000001234e-04 3.802499999999999999e-04 9.025000000000000036e-03 9.363599999999999051e-04 6.740410000000001366e-03 1.225000000000002163e-05 1.705690000000000374e-03 3.609999999999999928e-04 6.760000000000026757e-06 2.152959999999999770e-03 5.329000000000001325e-05 1.269279250000000000e+06 1.366396000000000000e+06
1.000000000000000000e+00 -6.610000000000000597e-02 3.839999999999999664e-02 -1.000000000000000021e-02 -1.179999999999999938e-01 -6.800000000000000488e-02 2.699999999999999969e-02 -2.364999999999999880e-01 6.569999999999999452e-02 9.499999999999999764e-03 -2.129999999999999949e-01 -3.740000000000000269e-02 -5.510000000000001008e-02 4.369210000000000975e-03 1.474559999999999760e-03 1.000000000000000048e-04 1.392399999999999888e-02 4.624000000000000506e-03 7.289999999999999388e-04 5.593224999999999586e-02 4.316489999999999216e-03 9.024999999999999819e-05 4.536899999999999961e-02 1.398760000000000194e-03 3.036010000000001312e-03 1.268487000000000000e+06 1.365625375000000000e+06
1.000000000000000000e+00 -7.109999999999999654e-02 2.840000000000000163e-02 3.440000000000000002e-02 -1.221000000000000002e-01 -3.520000000000000212e-02 -1.030000000000000013e-02 -4.999999999999990563e-03 -9.999999999999995004e-03 4.440000000000000197e-02 -4.100000000000006417e-03 3.280000000000000276e-02 -3.729999999999999982e-02 5.055209999999999218e-03 8.065600000000001111e-04 1.183360000000000054e-03 1.490841000000000041e-02 1.239040000000000063e-03 1.060900000000000092e-04 2.499999999999990633e-05 9.999999999999989637e-05 1.971360000000000126e-03 1.681000000000005420e-05 1.075840000000000216e-03 1.391289999999999888e-03 1.271403000000000000e+06 1.366861500000000000e+06
1.000000000000000000e+00 -6.569999999999999452e-02 -4.410000000000000031e-02 -5.380000000000000060e-02 -1.471999999999999975e-01 2.000000000000000042e-03 4.000000000000000083e-03 5.400000000000002021e-03 -7.250000000000000888e-02 -8.820000000000000062e-02 -2.509999999999999731e-02 3.720000000000000390e-02 1.430000000000000021e-02 4.316489999999999216e-03 1.944809999999999942e-03 2.894439999999999860e-03 2.166784000000000071e-02 3.999999999999999819e-06 1.599999999999999928e-05 2.916000000000002236e-05 5.256250000000001373e-03 7.779239999999999766e-03 6.300099999999998583e-04 1.383840000000000330e-03 2.044900000000000157e-04 1.270115875000000000e+06 1.365084125000000000e+06
1.000000000000000000e+00 -5.890000000000000097e-02 -2.850000000000000103e-02 2.299999999999999961e-03 -1.335000000000000075e-01 4.549999999999999878e-02 3.899999999999999821e-03 6.799999999999993550e-03 1.559999999999999928e-02 5.609999999999999709e-02 1.369999999999998996e-02 4.349999999999999700e-02 -1.000000000000002623e-04 3.469209999999999915e-03 8.122500000000000379e-04 5.290000000000000174e-06 1.782225000000000129e-02 2.070250000000000042e-03 1.520999999999999837e-05 4.623999999999990965e-05 2.433599999999999739e-04 3.147209999999999678e-03 1.876899999999997158e-04 1.892249999999999835e-03 1.000000000000005315e-08 1.270640000000000000e+06 1.364128125000000000e+06
1.000000000000000000e+00 -6.090000000000000274e-02 7.870000000000000606e-02 5.369999999999999774e-02 -1.298999999999999877e-01 6.500000000000000222e-02 -3.599999999999999901e-03 -2.000000000000001776e-03 1.072000000000000036e-01 5.140000000000000124e-02 3.600000000000019851e-03 1.950000000000000344e-02 -7.499999999999999722e-03 3.708810000000000318e-03 6.193690000000000827e-03 2.883689999999999951e-03 1.687400999999999832e-02 4.225000000000000457e-03 1.295999999999999958e-05 4.000000000000007442e-06 1.149184000000000143e-02 2.641960000000000055e-03 1.296000000000014358e-05 3.802500000000001083e-04 5.624999999999999846e-05 1.267613250000000000e+06 1.355279250000000000e+06
1.000000000000000000e+00 -4.019999999999999962e-02 -8.759999999999999731e-02 -1.020999999999999963e-01 -1.038000000000000034e-01 -9.289999999999999647e-02 2.630000000000000046e-02 2.070000000000000312e-02 -1.663000000000000034e-01 -1.557999999999999940e-01 2.609999999999998432e-02 -1.578999999999999848e-01 2.989999999999999949e-02 1.616040000000000011e-03 7.673759999999999956e-03 1.042440999999999854e-02 1.077444000000000145e-02 8.630409999999999818e-03 6.916900000000000132e-04 4.284900000000001208e-04 2.765569000000000013e-02 2.427363999999999911e-02 6.812099999999991513e-04 2.493240999999999513e-02 8.940099999999999870e-04 1.263293625000000000e+06 1.359281875000000000e+06
1.000000000000000000e+00 -4.789999999999999813e-02 -5.269999999999999685e-02 -7.799999999999999989e-02 -1.102999999999999953e-01 -7.910000000000000364e-02 1.039999999999999952e-02 -7.699999999999998512e-03 3.490000000000000047e-02 2.409999999999999643e-02 -6.499999999999991895e-03 1.379999999999999283e-02 -1.590000000000000094e-02 2.294409999999999766e-03 2.777289999999999533e-03 6.083999999999999998e-03 1.216608999999999920e-02 6.256810000000000670e-03 1.081599999999999944e-04 5.928999999999997613e-05 1.218010000000000056e-03 5.808099999999998550e-04 4.224999999999989533e-05 1.904399999999998097e-04 2.528100000000000139e-04 1.266127750000000000e+06 1.359734500000000000e+06
1.000000000000000000e+00 -6.460000000000000464e-02 -3.559999999999999970e-02 -1.215999999999999998e-01 -1.340000000000000080e-01 -1.479999999999999927e-01 -2.750000000000000014e-02 -1.670000000000000651e-02 1.709999999999999715e-02 -4.359999999999999987e-02 -2.370000000000001272e-02 -6.889999999999998903e-02 -3.790000000000000313e-02 4.173160000000000411e-03 1.267359999999999928e-03 1.478656000000000068e-02 1.795600000000000321e-02 2.190399999999999639e-02 7.562499999999999778e-04 2.788900000000002250e-04 2.924099999999998922e-04 1.900959999999999933e-03 5.616900000000006480e-04 4.747209999999998237e-03 1.436410000000000161e-03 1.272018000000000000e+06 1.370234750000000000e+06
1.000000000000000000e+00 -8.939999999999999336e-02 -1.029999999999999943e-01 -1.433999999999999997e-01 -1.625000000000000056e-01 -1.771999999999999964e-01 -5.120000000000000245e-02 -2.479999999999998872e-02 -6.739999999999998770e-02 -2.179999999999999993e-02 -2.849999999999999756e-02 -2.920000000000000373e-02 -2.370000000000000231e-02 7.992359999999998701e-03 1.060899999999999864e-02 2.056356000000000156e-02 2.640625000000000264e-02 3.139983999999999831e-02 2.621440000000000055e-03 6.150399999999994240e-04 4.542759999999998119e-03 4.752399999999999832e-04 8.122499999999998211e-04 8.526400000000002120e-04 5.616900000000001059e-04 1.271672125000000000e+06 1.368035500000000000e+06
1.000000000000000000e+00 -7.570000000000000340e-02 -6.439999999999999891e-02 -1.376999999999999891e-01 -1.602000000000000091e-01 -1.050000000000000065e-02 -1.990000000000000102e-02 1.369999999999998996e-02 3.859999999999999543e-02 5.700000000000010614e-03 2.299999999999996492e-03 1.666999999999999871e-01 3.130000000000000143e-02 5.730490000000000410e-03 4.147360000000000109e-03 1.896128999999999870e-02 2.566404000000000254e-02 1.102500000000000100e-04 3.960100000000000252e-04 1.876899999999997158e-04 1.489959999999999592e-03 3.249000000000012430e-05 5.289999999999984080e-06 2.778888999999999665e-02 9.796900000000000747e-04 1.269824625000000000e+06 1.365992125000000000e+06
1.000000000000000000e+00 -7.009999999999999565e-02 -7.220000000000000029e-02 -8.859999999999999820e-02 -1.612000000000000099e-01 1.110000000000000049e-02 -3.790000000000000313e-02 5.600000000000007749e-03 -7.800000000000001377e-03 4.909999999999999087e-02 -1.000000000000000888e-03 2.160000000000000114e-02 -1.800000000000000211e-02 4.914009999999999039e-03 5.212839999999999835e-03 7.849959999999999577e-03 2.598544000000000201e-02 1.232100000000000079e-04 1.436410000000000161e-03 3.136000000000008599e-05 6.084000000000002058e-05 2.410809999999998909e-03 1.000000000000001861e-06 4.665600000000000324e-04 3.240000000000000692e-04 1.268097875000000000e+06 1.362375625000000000e+06
1.000000000000000000e+00 -6.850000000000000533e-02 2.900000000000000147e-02 -7.030000000000000138e-02 -1.605999999999999928e-01 1.540000000000000049e-02 -3.020000000000000115e-02 1.599999999999990319e-03 1.011999999999999983e-01 1.829999999999999682e-02 6.000000000000171863e-04 4.300000000000000003e-03 7.700000000000001982e-03 4.692250000000001108e-03 8.410000000000000591e-04 4.942090000000000545e-03 2.579235999999999682e-02 2.371600000000000129e-04 9.120400000000000295e-04 2.559999999999969137e-06 1.024143999999999922e-02 3.348899999999999056e-04 3.600000000000206407e-07 1.849000000000000085e-05 5.929000000000003034e-05 1.267605500000000000e+06 1.362221125000000000e+06
1.000000000000000000e+00 -4.170000000000000095e-02 1.409999999999999969e-02 -1.239999999999999991e-01 -1.418000000000000094e-01 6.450000000000000178e-02 7.199999999999999803e-03 2.680000000000000437e-02 -1.490000000000000178e-02 -5.369999999999999774e-02 1.879999999999998339e-02 4.910000000000000475e-02 3.740000000000000269e-02 1.738890000000000097e-03 1.988100000000000023e-04 1.537599999999999904e-02 2.010724000000000192e-02 4.160249999999999886e-03 5.183999999999999833e-05 7.182400000000001977e-04 2.220100000000000513e-04 2.883689999999999951e-03 3.534399999999993536e-04 2.410810000000000643e-03 1.398760000000000194e-03 1.270782125000000000e+06 1.365371625000000000e+06
1.000000000000000000e+00 -4.870000000000000023e-02 6.909999999999999476e-02 -4.449999999999999789e-02 -1.355000000000000093e-01 4.000000000000000192e-04 -6.199999999999999782e-03 -6.999999999999999278e-03 5.499999999999999334e-02 7.950000000000000122e-02 6.300000000000000044e-03 -6.410000000000000420e-02 -1.339999999999999872e-02 2.371690000000000083e-03 4.774809999999999124e-03 1.980249999999999806e-03 1.836025000000000157e-02 1.600000000000000033e-07 3.843999999999999788e-05 4.899999999999999164e-05 3.024999999999999478e-03 6.320250000000000347e-03 3.969000000000000116e-05 4.108810000000000934e-03 1.795599999999999681e-04 1.272767750000000000e+06 1.367064875000000000e+06
1.000000000000000000e+00 -5.609999999999999709e-02 2.500000000000000052e-03 -1.308999999999999886e-01 -1.421999999999999931e-01 -1.615000000000000047e-01 2.929999999999999966e-02 -7.399999999999996858e-03 -6.659999999999999254e-02 -8.639999999999999070e-02 -6.699999999999983746e-03 -1.619000000000000161e-01 3.549999999999999684e-02 3.147209999999999678e-03 6.250000000000000300e-06 1.713480999999999685e-02 2.022083999999999687e-02 2.608225000000000127e-02 8.584899999999999476e-04 5.475999999999995682e-05 4.435559999999998983e-03 7.464959999999998784e-03 4.488999999999978196e-05 2.621161000000000671e-02 1.260249999999999869e-03 1.273050750000000000e+06 1.368584125000000000e+06
1.000000000000000000e+00 -3.769999999999999740e-02 1.275999999999999912e-01 -7.589999999999999525e-02 -1.239999999999999991e-01 8.609999999999999598e-02 2.110000000000000070e-02 1.839999999999999969e-02 1.250999999999999890e-01 5.499999999999999334e-02 1.819999999999999396e-02 2.475999999999999868e-01 -8.199999999999998956e-03 1.421289999999999750e-03 1.628175999999999929e-02 5.760809999999999022e-03 1.537599999999999904e-02 7.413209999999999071e-03 4.452100000000000285e-04 3.385600000000000111e-04 1.565000999999999892e-02 3.024999999999999478e-03 3.312399999999997898e-04 6.130575999999999387e-02 6.723999999999998641e-05 1.271092250000000000e+06 1.366829875000000000e+06
1.000000000000000000e+00 -2.599999999999999881e-02 1.799999999999999864e-02 -1.665000000000000091e-01 -9.779999999999999805e-02 -9.149999999999999800e-02 4.410000000000000031e-02 1.169999999999999860e-02 -1.095999999999999891e-01 -9.060000000000001386e-02 2.620000000000000107e-02 -1.775999999999999801e-01 2.299999999999999961e-02 6.759999999999999516e-04 3.239999999999999608e-04 2.772225000000000383e-02 9.564839999999999801e-03 8.372249999999999484e-03 1.944809999999999942e-03 1.368899999999999718e-04 1.201215999999999742e-02 8.208360000000003084e-03 6.864400000000000753e-04 3.154175999999999508e-02 5.289999999999999564e-04 1.269350750000000000e+06 1.365101625000000000e+06
1.000000000000000000e+00 -2.040000000000000147e-02 8.099999999999999561e-03 -1.401999999999999913e-01 -9.800000000000000377e-02 -1.095000000000000001e-01 4.379999999999999866e-02 5.599999999999997341e-03 -9.899999999999999079e-03 2.630000000000001781e-02 -2.000000000000057288e-04 -1.800000000000000211e-02 -3.000000000000016542e-04 4.161600000000000542e-04 6.560999999999999016e-05 1.965603999999999615e-02 9.604000000000001425e-03 1.199024999999999917e-02 1.918439999999999989e-03 3.135999999999997080e-05 9.800999999999997811e-05 6.916900000000009889e-04 4.000000000000229047e-08 3.240000000000000692e-04 9.000000000000099119e-08 1.271786750000000000e+06 1.366981125000000000e+06
1.000000000000000000e+00 -2.899999999999999800e-03 5.380000000000000060e-02 -1.472999999999999865e-01 -8.369999999999999662e-02 -5.850000000000000339e-02 7.220000000000000029e-02 1.750000000000000167e-02 4.570000000000000451e-02 -7.099999999999995204e-03 1.430000000000000715e-02 5.099999999999999672e-02 2.840000000000000163e-02 8.409999999999999101e-06 2.894439999999999860e-03 2.169728999999999755e-02 7.005689999999999314e-03 3.422250000000000379e-03 5.212839999999999835e-03 3.062500000000000443e-04 2.088490000000000572e-03 5.040999999999993240e-05 2.044900000000002055e-04 2.600999999999999580e-03 8.065600000000001111e-04 1.271685500000000000e+06 1.365603250000000000e+06
1.000000000000000000e+00 8.399999999999999481e-03 1.044999999999999957e-01 -4.220000000000000140e-02 -6.410000000000000420e-02 -8.859999999999999820e-02 6.569999999999999452e-02 1.129999999999999928e-02 5.069999999999999507e-02 1.050999999999999851e-01 1.959999999999999243e-02 -3.009999999999999482e-02 -6.500000000000005773e-03 7.055999999999998851e-05 1.092024999999999940e-02 1.780840000000000114e-03 4.108810000000000934e-03 7.849959999999999577e-03 4.316489999999999216e-03 1.276899999999999921e-04 2.570489999999999494e-03 1.104600999999999673e-02 3.841599999999997100e-04 9.060099999999997366e-04 4.225000000000007829e-05 1.269152750000000000e+06 1.359624625000000000e+06
1.000000000000000000e+00 1.739999999999999880e-02 6.600000000000000311e-02 -8.190000000000000058e-02 -4.680000000000000132e-02 -1.127999999999999975e-01 7.660000000000000142e-02 8.999999999999999320e-03 -3.849999999999999256e-02 -3.969999999999999918e-02 1.730000000000000288e-02 -2.419999999999999929e-02 1.090000000000000691e-02 3.027599999999999541e-04 4.356000000000000497e-03 6.707610000000000135e-03 2.190239999999999982e-03 1.272384000000000015e-02 5.867559999999999963e-03 8.099999999999999019e-05 1.482249999999999410e-03 1.576090000000000043e-03 2.992900000000001245e-04 5.856400000000000104e-04 1.188100000000001449e-04 1.267369125000000000e+06 1.361356500000000000e+06
1.000000000000000000e+00 3.819999999999999785e-02 9.679999999999999716e-02 -7.330000000000000404e-02 -3.450000000000000289e-02 -6.400000000000000307e-03 9.740000000000000047e-02 2.079999999999999905e-02 3.079999999999999405e-02 8.599999999999996536e-03 1.229999999999999843e-02 1.063999999999999946e-01 2.079999999999999905e-02 1.459239999999999886e-03 9.370240000000000166e-03 5.372890000000000825e-03 1.190250000000000119e-03 4.096000000000000086e-05 9.486760000000000331e-03 4.326399999999999777e-04 9.486399999999996181e-04 7.395999999999993562e-05 1.512899999999999694e-04 1.132095999999999970e-02 4.326399999999999777e-04 1.267748500000000000e+06 1.361777625000000000e+06
1.000000000000000000e+00 4.370000000000000273e-02 1.122999999999999970e-01 -3.640000000000000180e-02 -3.189999999999999780e-02 -3.280000000000000276e-02 7.370000000000000162e-02 5.500000000000004885e-03 1.549999999999999989e-02 3.690000000000000224e-02 2.600000000000005085e-03 -2.640000000000000333e-02 -2.369999999999999885e-02 1.909690000000000346e-03 1.261128999999999896e-02 1.324960000000000027e-03 1.017609999999999956e-03 1.075840000000000216e-03 5.431690000000000303e-03 3.025000000000005427e-05 2.402499999999999851e-04 1.361610000000000077e-03 6.760000000000026757e-06 6.969600000000001575e-04 5.616899999999999974e-04 1.269446625000000000e+06 1.360806000000000000e+06
1.000000000000000000e+00 1.156999999999999973e-01 3.769999999999999740e-02 -1.024999999999999939e-01 -1.669999999999999957e-02 1.439999999999999961e-02 -4.059999999999999720e-02 7.199999999999999456e-02 -7.459999999999999964e-02 -6.609999999999999210e-02 1.519999999999999823e-02 4.720000000000000584e-02 -1.142999999999999988e-01 1.338648999999999915e-02 1.421289999999999750e-03 1.050624999999999823e-02 2.788900000000000081e-04 2.073599999999999933e-04 1.648359999999999756e-03 5.183999999999999372e-03 5.565159999999999552e-03 4.369209999999999240e-03 2.310399999999999563e-04 2.227840000000000462e-03 1.306448999999999978e-02 1.270395375000000000e+06 1.365403250000000000e+06
1.000000000000000000e+00 5.840000000000000052e-02 7.989999999999999880e-02 -8.469999999999999751e-02 -2.359999999999999945e-02 2.649999999999999925e-02 1.446000000000000063e-01 -5.729999999999999677e-02 4.220000000000000140e-02 1.779999999999999638e-02 -6.899999999999999883e-03 1.209999999999999964e-02 1.852000000000000035e-01 3.410559999999999981e-03 6.384009999999999858e-03 7.174089999999999287e-03 5.569600000000000072e-04 7.022499999999999663e-04 2.090916000000000302e-02 3.283289999999999473e-03 1.780840000000000114e-03 3.168399999999998735e-04 4.760999999999999987e-05 1.464100000000000026e-04 3.429904000000000286e-02 1.267680500000000000e+06 1.357787000000000000e+06
1.000000000000000000e+00 1.279000000000000137e-01 1.159000000000000030e-01 -1.386999999999999900e-01 -4.799999999999999580e-03 7.240000000000000602e-02 -1.629999999999999852e-02 6.950000000000000622e-02 3.600000000000000422e-02 -5.399999999999999245e-02 1.880000000000000074e-02 4.590000000000001024e-02 -1.609000000000000152e-01 1.635841000000000378e-02 1.343280999999999989e-02 1.923768999999999826e-02 2.303999999999999625e-05 5.241760000000000690e-03 2.656899999999999583e-04 4.830250000000001209e-03 1.296000000000000277e-03 2.915999999999999322e-03 3.534400000000000042e-04 2.106810000000001060e-03 2.588881000000000515e-02 1.270506875000000000e+06 1.365282875000000000e+06
1.000000000000000000e+00 1.187000000000000000e-01 3.710000000000000103e-02 -1.653999999999999915e-01 9.100000000000000450e-03 -1.446999999999999953e-01 3.500000000000000073e-03 -9.200000000000013722e-03 -7.880000000000000893e-02 -2.670000000000000151e-02 1.389999999999999916e-02 -2.171000000000000152e-01 1.979999999999999816e-02 1.408969000000000020e-02 1.376410000000000003e-03 2.735715999999999842e-02 8.281000000000000166e-05 2.093808999999999948e-02 1.225000000000000130e-05 8.464000000000024672e-05 6.209440000000001833e-03 7.128900000000000948e-04 1.932099999999999746e-04 4.713241000000000652e-02 3.920399999999999124e-04 1.269811500000000000e+06 1.365258625000000000e+06
1.000000000000000000e+00 1.129000000000000004e-01 8.550000000000000655e-02 -1.589000000000000135e-01 4.799999999999999580e-03 -1.181999999999999995e-01 -3.700000000000000164e-03 -5.799999999999999600e-03 4.840000000000000552e-02 6.499999999999978018e-03 -4.300000000000000870e-03 2.649999999999999578e-02 -7.199999999999999803e-03 1.274640999999999968e-02 7.310250000000000775e-03 2.524921000000000457e-02 2.303999999999999625e-05 1.397123999999999935e-02 1.369000000000000106e-05 3.363999999999999640e-05 2.342560000000000475e-03 4.224999999999971237e-05 1.849000000000000762e-05 7.022499999999997494e-04 5.183999999999999833e-05 1.268361750000000000e+06 1.363140500000000000e+06
1.000000000000000000e+00 1.040999999999999981e-01 6.140000000000000319e-02 -2.230999999999999928e-01 -2.599999999999999881e-03 -6.919999999999999762e-02 -2.230000000000000038e-02 -8.800000000000002265e-03 -2.410000000000000336e-02 -6.419999999999997931e-02 -7.399999999999999460e-03 4.900000000000000189e-02 -1.859999999999999848e-02 1.083680999999999880e-02 3.769960000000000585e-03 4.977360999999999591e-02 6.759999999999999652e-06 4.788639999999999390e-03 4.972900000000000584e-04 7.744000000000004461e-05 5.808100000000001803e-04 4.121639999999997597e-03 5.475999999999999070e-05 2.401000000000000356e-03 3.459599999999999199e-04 1.270711625000000000e+06 1.368302625000000000e+06
1.000000000000000000e+00 1.019000000000000045e-01 6.400000000000000133e-02 -2.059999999999999887e-01 -7.300000000000000065e-03 -1.068999999999999950e-01 -1.409999999999999969e-02 -2.199999999999993627e-03 2.599999999999998146e-03 1.710000000000000409e-02 -4.700000000000000185e-03 -3.769999999999999740e-02 8.200000000000000691e-03 1.038361000000000145e-02 4.095999999999999815e-03 4.243599999999999456e-02 5.328999999999999970e-05 1.142760999999999950e-02 1.988100000000000023e-04 4.839999999999972295e-06 6.759999999999990334e-06 2.924100000000001633e-04 2.209000000000000026e-05 1.421289999999999750e-03 6.724000000000001352e-05 1.273683000000000000e+06 1.370981375000000000e+06
1.000000000000000000e+00 1.086000000000000021e-01 6.909999999999999476e-02 -2.187999999999999945e-01 4.300000000000000003e-03 -8.500000000000000611e-02 -1.940000000000000058e-02 6.699999999999997624e-03 5.099999999999993427e-03 -1.280000000000000582e-02 1.159999999999999920e-02 2.189999999999998892e-02 -5.300000000000000891e-03 1.179396000000000090e-02 4.774809999999999124e-03 4.787343999999999627e-02 1.849000000000000085e-05 7.225000000000001386e-03 3.763600000000000083e-04 4.488999999999996492e-05 2.600999999999993224e-05 1.638400000000001390e-04 1.345599999999999856e-04 4.796099999999995094e-04 2.809000000000001058e-05 1.271685375000000000e+06 1.366389125000000000e+06
1.000000000000000000e+00 1.000000000000000056e-01 7.670000000000000429e-02 -2.210999999999999910e-01 7.400000000000000328e-03 -1.184000000000000052e-01 2.000000000000000042e-03 -8.599999999999996536e-03 7.600000000000009526e-03 -2.299999999999996492e-03 3.100000000000000325e-03 -3.339999999999999913e-02 2.140000000000000235e-02 1.000000000000000194e-02 5.882890000000000862e-03 4.888520999999999839e-02 5.476000000000000426e-05 1.401856000000000109e-02 3.999999999999999819e-06 7.395999999999993562e-05 5.776000000000014494e-05 5.289999999999984080e-06 9.610000000000002858e-06 1.115560000000000032e-03 4.579600000000000944e-04 1.269985125000000000e+06 1.365267000000000000e+06
1.000000000000000000e+00 1.003000000000000003e-01 1.242000000000000048e-01 -2.250000000000000056e-01 1.030000000000000013e-02 -4.900000000000000189e-02 -2.000000000000000042e-03 2.999999999999947153e-04 4.750000000000000056e-02 -3.900000000000014566e-03 2.899999999999999800e-03 6.940000000000000335e-02 -4.000000000000000083e-03 1.006009000000000070e-02 1.542564000000000088e-02 5.062500000000000333e-02 1.060900000000000092e-04 2.401000000000000356e-03 3.999999999999999819e-06 8.999999999999683544e-08 2.256250000000000009e-03 1.521000000000011357e-05 8.409999999999999101e-06 4.816360000000000433e-03 1.599999999999999928e-05 1.269155000000000000e+06 1.362039500000000000e+06
1.000000000000000000e+00 1.126000000000000056e-01 1.219999999999999973e-01 -2.084000000000000019e-01 1.760000000000000106e-02 -6.210000000000000242e-02 -9.700000000000000289e-03 1.230000000000000537e-02 -2.200000000000007505e-03 1.660000000000000364e-02 7.300000000000000933e-03 -1.310000000000000053e-02 -7.700000000000000247e-03 1.267876000000000072e-02 1.488399999999999966e-02 4.343056000000000000e-02 3.097600000000000158e-04 3.856410000000000220e-03 9.409000000000000208e-05 1.512900000000001321e-04 4.840000000000033281e-06 2.755600000000001061e-04 5.329000000000001325e-05 1.716100000000000188e-04 5.929000000000000324e-05 1.270373500000000000e+06 1.364648000000000000e+06
1.000000000000000000e+00 1.073999999999999955e-01 1.019999999999999934e-01 -2.051000000000000045e-01 1.559999999999999928e-02 -7.130000000000000226e-02 5.300000000000000024e-03 -5.200000000000010170e-03 -2.000000000000000389e-02 3.299999999999997380e-03 -2.000000000000001776e-03 -9.199999999999999845e-03 1.499999999999999944e-02 1.153475999999999980e-02 1.040399999999999832e-02 4.206601000000000090e-02 2.433599999999999739e-04 5.083690000000000084e-03 2.809000000000000041e-05 2.704000000000010703e-05 4.000000000000001818e-04 1.088999999999998213e-05 4.000000000000007442e-06 8.464000000000000278e-05 2.249999999999999938e-04 1.271322375000000000e+06 1.364375125000000000e+06
1.000000000000000000e+00 1.345999999999999974e-01 1.247000000000000053e-01 -2.323000000000000065e-01 4.000000000000000083e-02 -5.279999999999999971e-02 7.599999999999999985e-03 2.720000000000000195e-02 2.270000000000001183e-02 -2.720000000000000195e-02 2.440000000000000155e-02 1.850000000000000255e-02 2.299999999999999961e-03 1.811716000000000021e-02 1.555009000000000079e-02 5.396329000000000403e-02 1.600000000000000077e-03 2.787839999999999763e-03 5.776000000000000264e-05 7.398400000000000722e-04 5.152900000000004959e-04 7.398400000000000722e-04 5.953600000000000732e-04 3.422500000000001062e-04 5.290000000000000174e-06 1.271201625000000000e+06 1.367186250000000000e+06
1.000000000000000000e+00 1.250000000000000000e-01 2.093000000000000138e-01 -2.296999999999999875e-01 3.379999999999999671e-02 1.609999999999999973e-02 3.399999999999999811e-03 -9.599999999999997424e-03 8.460000000000000853e-02 2.600000000000018963e-03 -6.200000000000004119e-03 6.890000000000000291e-02 -4.200000000000000608e-03 1.562500000000000000e-02 4.380649000000000348e-02 5.276208999999999760e-02 1.142439999999999775e-03 2.592100000000000068e-04 1.155999999999999943e-05 9.215999999999994433e-05 7.157160000000001819e-03 6.760000000000098755e-06 3.844000000000005209e-05 4.747209999999999971e-03 1.764000000000000390e-05 1.268152000000000000e+06 1.364404875000000000e+06
1.000000000000000000e+00 1.288999999999999868e-01 1.272000000000000075e-01 -1.689999999999999836e-02 2.489999999999999852e-02 -1.319999999999999993e-02 2.249999999999999917e-02 3.899999999999986811e-03 -8.210000000000000631e-02 2.127999999999999892e-01 -8.899999999999998190e-03 -2.929999999999999966e-02 1.909999999999999892e-02 1.661520999999999831e-02 1.617984000000000089e-02 2.856099999999999438e-04 6.200099999999999405e-04 1.742399999999999852e-04 5.062499999999999726e-04 1.520999999999989673e-05 6.740410000000001366e-03 4.528383999999999882e-02 7.920999999999996837e-05 8.584899999999999476e-04 3.648099999999999715e-04 1.268347250000000000e+06 1.363101250000000000e+06
1.000000000000000000e+00 1.197000000000000008e-01 1.468000000000000138e-01 -2.396999999999999964e-01 2.120000000000000009e-02 -5.000000000000000278e-02 1.069999999999999944e-02 -9.199999999999985967e-03 1.960000000000000631e-02 -2.227999999999999980e-01 -3.699999999999998429e-03 -3.679999999999999938e-02 -1.179999999999999973e-02 1.432808999999999992e-02 2.155024000000000522e-02 5.745609000000000133e-02 4.494400000000000066e-04 2.500000000000000486e-03 1.144899999999999830e-04 8.463999999999974528e-05 3.841600000000002521e-04 4.963983999999999758e-02 1.368999999999998921e-05 1.354240000000000044e-03 1.392400000000000018e-04 1.269998750000000000e+06 1.365251625000000000e+06
1.000000000000000000e+00 1.170999999999999958e-01 1.925999999999999934e-01 -2.299999999999999961e-03 1.140000000000000041e-02 -1.399999999999999986e-03 -8.099999999999999561e-03 -2.600000000000005085e-03 4.579999999999997962e-02 2.373999999999999999e-01 -9.799999999999999684e-03 4.860000000000000431e-02 -1.879999999999999727e-02 1.371240999999999953e-02 3.709475999999999746e-02 5.290000000000000174e-06 1.299600000000000093e-04 1.959999999999999869e-06 6.560999999999999016e-05 6.760000000000026757e-06 2.097639999999998273e-03 5.635876000000000080e-02 9.603999999999999527e-05 2.361960000000000622e-03 3.534399999999998957e-04 1.272835250000000000e+06 1.368355625000000000e+06
1.000000000000000000e+00 1.150000000000000050e-01 1.908999999999999864e-01 -7.470000000000000251e-02 1.549999999999999989e-02 2.309999999999999901e-02 -1.269999999999999948e-02 -2.099999999999990763e-03 -1.700000000000007061e-03 -7.240000000000000602e-02 4.099999999999999478e-03 2.449999999999999747e-02 -4.599999999999999922e-03 1.322500000000000064e-02 3.644280999999999215e-02 5.580090000000000224e-03 2.402499999999999851e-04 5.336099999999999004e-04 1.612899999999999957e-04 4.409999999999961165e-06 2.890000000000023999e-06 5.241760000000000690e-03 1.680999999999999660e-05 6.002499999999998722e-04 2.116000000000000069e-05 1.270820250000000000e+06 1.366730000000000000e+06
1.000000000000000000e+00 9.289999999999999647e-02 1.983000000000000040e-01 -6.600000000000000311e-02 -1.720000000000000001e-02 -1.320999999999999952e-01 -8.019999999999999352e-02 -2.210000000000000853e-02 7.400000000000017675e-03 8.699999999999999400e-03 -3.269999999999999990e-02 -1.552000000000000046e-01 -6.749999999999999056e-02 8.630409999999999818e-03 3.932288999999999923e-02 4.356000000000000497e-03 2.958400000000000135e-04 1.745040999999999953e-02 6.432039999999999112e-03 4.884100000000004280e-04 5.476000000000026175e-05 7.568999999999998852e-05 1.069290000000000084e-03 2.408704000000000053e-02 4.556249999999998669e-03 1.270867250000000000e+06 1.369882375000000000e+06
1.000000000000000000e+00 9.189999999999999558e-02 3.326000000000000068e-01 -1.569999999999999868e-02 -2.479999999999999913e-02 -3.090000000000000038e-02 -1.105000000000000010e-01 -1.000000000000000888e-03 1.343000000000000027e-01 5.030000000000000443e-02 -7.599999999999999117e-03 1.011999999999999983e-01 -3.030000000000000748e-02 8.445609999999999229e-03 1.106227600000000005e-01 2.464899999999999795e-04 6.150399999999999661e-04 9.548100000000000554e-04 1.221025000000000062e-02 1.000000000000001861e-06 1.803649000000000224e-02 2.530090000000000464e-03 5.775999999999998909e-05 1.024143999999999922e-02 9.180900000000004205e-04 1.271551250000000000e+06 1.370960125000000000e+06
1.000000000000000000e+00 9.589999999999999913e-02 2.200000000000000011e-01 -3.760000000000000148e-02 -2.249999999999999917e-02 -4.760000000000000342e-02 -6.590000000000000024e-02 4.000000000000003553e-03 -1.126000000000000056e-01 -2.190000000000000280e-02 2.299999999999999961e-03 -1.670000000000000304e-02 4.460000000000000075e-02 9.196809999999999707e-03 4.839999999999999858e-02 1.413760000000000017e-03 5.062499999999999726e-04 2.265760000000000343e-03 4.342809999999999900e-03 1.600000000000002977e-05 1.267876000000000072e-02 4.796100000000001057e-04 5.290000000000000174e-06 2.788900000000001165e-04 1.989160000000000234e-03 1.270964125000000000e+06 1.368542000000000000e+06
1.000000000000000000e+00 1.062000000000000027e-01 -8.599999999999999312e-02 -6.600000000000000311e-02 1.399999999999999986e-03 -1.000000000000000021e-02 -5.489999999999999741e-02 1.030000000000000360e-02 -3.059999999999999942e-01 -2.840000000000000163e-02 2.389999999999999764e-02 3.760000000000000148e-02 1.100000000000000283e-02 1.127844000000000069e-02 7.395999999999998929e-03 4.356000000000000497e-03 1.959999999999999869e-06 1.000000000000000048e-04 3.014009999999999693e-03 1.060900000000000769e-04 9.363599999999999701e-02 8.065600000000001111e-04 5.712099999999998385e-04 1.413760000000000017e-03 1.210000000000000680e-04 1.271992625000000000e+06 1.369268875000000000e+06
1.000000000000000000e+00 1.129000000000000004e-01 2.111000000000000099e-01 -3.559999999999999970e-02 5.799999999999999600e-03 -4.789999999999999813e-02 -4.970000000000000112e-02 6.699999999999997624e-03 2.971000000000000307e-01 3.040000000000000341e-02 4.399999999999999398e-03 -3.789999999999999619e-02 5.199999999999996292e-03 1.274640999999999968e-02 4.456321000000000587e-02 1.267359999999999928e-03 3.363999999999999640e-05 2.294409999999999766e-03 2.470090000000000306e-03 4.488999999999996492e-05 8.826841000000001936e-02 9.241600000000002590e-04 1.935999999999999421e-05 1.436409999999999727e-03 2.703999999999996134e-05 1.271437000000000000e+06 1.365941875000000000e+06
1.000000000000000000e+00 1.150999999999999940e-01 -7.499999999999999722e-02 -7.119999999999999940e-02 2.120000000000000009e-02 2.019999999999999921e-02 -1.919999999999999832e-02 2.199999999999993627e-03 -2.861000000000000210e-01 -3.559999999999999970e-02 1.540000000000000049e-02 6.809999999999999387e-02 3.050000000000000280e-02 1.324800999999999930e-02 5.624999999999999792e-03 5.069439999999999710e-03 4.494400000000000066e-04 4.080399999999999761e-04 3.686399999999999400e-04 4.839999999999972295e-06 8.185321000000000957e-02 1.267359999999999928e-03 2.371600000000000129e-04 4.637609999999999476e-03 9.302500000000001957e-04 1.267750875000000000e+06 1.361111875000000000e+06
1.000000000000000000e+00 1.233000000000000068e-01 2.129999999999999949e-01 -6.069999999999999701e-02 2.779999999999999832e-02 1.000000000000000048e-04 -2.019999999999999921e-02 8.200000000000012834e-03 2.879999999999999782e-01 1.050000000000000239e-02 6.599999999999998229e-03 -2.009999999999999981e-02 -1.000000000000000888e-03 1.520289000000000189e-02 4.536899999999999961e-02 3.684489999999999467e-03 7.728399999999998986e-04 1.000000000000000021e-08 4.080399999999999761e-04 6.724000000000021680e-05 8.294399999999998996e-02 1.102500000000000507e-04 4.355999999999997596e-05 4.040100000000000028e-04 1.000000000000001861e-06 1.268741375000000000e+06 1.362366875000000000e+06
1.000000000000000000e+00 1.264000000000000123e-01 -1.086000000000000021e-01 -8.219999999999999529e-02 3.579999999999999849e-02 2.319999999999999840e-02 -1.760000000000000106e-02 3.100000000000005529e-03 -3.215999999999999970e-01 -2.149999999999999828e-02 8.000000000000000167e-03 2.309999999999999901e-02 2.599999999999998146e-03 1.597696000000000185e-02 1.179396000000000090e-02 6.756839999999999201e-03 1.281639999999999906e-03 5.382399999999999424e-04 3.097600000000000158e-04 9.610000000000035045e-06 1.034265600000000007e-01 4.622499999999999331e-04 6.399999999999999710e-05 5.336099999999999004e-04 6.759999999999990334e-06 1.270313000000000000e+06 1.363730125000000000e+06
1.000000000000000000e+00 1.184999999999999942e-01 2.715000000000000191e-01 -4.130000000000000338e-02 1.660000000000000017e-02 -5.100000000000000366e-03 -3.339999999999999913e-02 -7.900000000000018119e-03 3.800999999999999934e-01 4.089999999999999192e-02 -1.919999999999999832e-02 -2.829999999999999877e-02 -1.579999999999999807e-02 1.404224999999999918e-02 7.371225000000000693e-02 1.705690000000000374e-03 2.755599999999999977e-04 2.601000000000000339e-05 1.115560000000000032e-03 6.241000000000029185e-05 1.444760099999999881e-01 1.672809999999999402e-03 3.686399999999999400e-04 8.008899999999999570e-04 2.496399999999999206e-04 1.271400875000000000e+06 1.364080875000000000e+06
1.000000000000000000e+00 1.260000000000000009e-01 -1.126999999999999946e-01 -1.320999999999999952e-01 4.270000000000000184e-02 -1.439999999999999891e-01 -1.480000000000000066e-02 7.500000000000006661e-03 -3.841999999999999860e-01 -9.079999999999999183e-02 2.610000000000000167e-02 -1.388999999999999957e-01 1.859999999999999848e-02 1.587600000000000122e-02 1.270128999999999876e-02 1.745040999999999953e-02 1.823290000000000197e-03 2.073599999999999749e-02 2.190400000000000170e-04 5.625000000000010010e-05 1.476096399999999864e-01 8.244639999999999261e-03 6.812100000000001271e-04 1.929320999999999814e-02 3.459599999999999199e-04 1.272432875000000000e+06 1.370360250000000000e+06
1.000000000000000000e+00 1.081000000000000016e-01 -1.430000000000000021e-02 -7.870000000000000606e-02 1.269999999999999948e-02 8.100000000000000255e-02 -4.590000000000000330e-02 -1.789999999999999925e-02 9.839999999999998748e-02 5.339999999999998914e-02 -3.000000000000000236e-02 2.249999999999999778e-01 -3.110000000000000264e-02 1.168561000000000079e-02 2.044900000000000157e-04 6.193690000000000827e-03 1.612899999999999957e-04 6.560999999999999992e-03 2.106810000000000193e-03 3.204099999999999765e-04 9.682559999999998043e-03 2.851559999999998644e-03 9.000000000000001922e-04 5.062499999999998945e-02 9.672100000000001399e-04 1.271942125000000000e+06 1.367406125000000000e+06
1.000000000000000000e+00 1.096000000000000030e-01 -1.238999999999999962e-01 -1.539000000000000090e-01 1.600000000000000033e-02 -1.658000000000000029e-01 -3.989999999999999797e-02 1.500000000000001332e-03 -1.096000000000000030e-01 -7.520000000000000295e-02 3.300000000000000849e-03 -2.468000000000000194e-01 6.000000000000005329e-03 1.201216000000000089e-02 1.535120999999999881e-02 2.368521000000000168e-02 2.559999999999999884e-04 2.748964000000000268e-02 1.592009999999999823e-03 2.250000000000003869e-06 1.201216000000000089e-02 5.655040000000000067e-03 1.089000000000000585e-05 6.091024000000001132e-02 3.600000000000006190e-05 1.272888500000000000e+06 1.371773875000000000e+06
1.000000000000000000e+00 1.068999999999999950e-01 -9.829999999999999849e-02 -5.340000000000000302e-02 1.099999999999999936e-02 -1.799000000000000044e-01 -5.890000000000000097e-02 -2.700000000000007949e-03 2.559999999999999776e-02 1.005000000000000060e-01 -5.000000000000000971e-03 -1.410000000000000142e-02 -1.900000000000000300e-02 1.142760999999999950e-02 9.662890000000000368e-03 2.851560000000000379e-03 1.209999999999999867e-04 3.236400999999999861e-02 3.469209999999999915e-03 7.290000000000042858e-06 6.553599999999999053e-04 1.010025000000000159e-02 2.500000000000001136e-05 1.988100000000000294e-04 3.610000000000001012e-04 1.272231125000000000e+06 1.369535750000000000e+06
1.000000000000000000e+00 6.800000000000000488e-02 -8.190000000000000058e-02 -7.109999999999999654e-02 -1.239999999999999956e-02 -1.746999999999999942e-01 -6.310000000000000331e-02 -3.889999999999999014e-02 1.639999999999999791e-02 -1.769999999999999352e-02 -2.339999999999999719e-02 5.200000000000010170e-03 -4.200000000000002343e-03 4.624000000000000506e-03 6.707610000000000135e-03 5.055209999999999218e-03 1.537599999999999915e-04 3.052008999999999625e-02 3.981610000000000010e-03 1.513209999999999208e-03 2.689599999999999456e-04 3.132899999999997601e-04 5.475599999999998871e-04 2.704000000000010703e-05 1.764000000000002084e-05 1.265082000000000000e+06 1.355719875000000000e+06
1.000000000000000000e+00 9.270000000000000462e-02 -1.830000000000000029e-02 -5.879999999999999810e-02 -2.340000000000000066e-02 -1.605999999999999928e-01 -7.839999999999999747e-02 2.469999999999999973e-02 6.360000000000000375e-02 1.229999999999999843e-02 -1.100000000000000110e-02 1.410000000000000142e-02 -1.529999999999999416e-02 8.593290000000001691e-03 3.348900000000000141e-04 3.457439999999999992e-03 5.475599999999999955e-04 2.579235999999999682e-02 6.146559999999999697e-03 6.100899999999999813e-04 4.044960000000000222e-03 1.512899999999999694e-04 1.210000000000000273e-04 1.988100000000000294e-04 2.340899999999998136e-04 1.270203000000000000e+06 1.367542625000000000e+06
1.000000000000000000e+00 1.089999999999999997e-01 -2.699999999999999969e-02 -1.025999999999999968e-01 -2.440000000000000155e-02 -1.102000000000000063e-01 -4.070000000000000007e-02 1.629999999999999505e-02 -8.699999999999999400e-03 -4.379999999999999866e-02 -1.000000000000000888e-03 5.039999999999998648e-02 3.769999999999999740e-02 1.188099999999999920e-02 7.289999999999999388e-04 1.052675999999999959e-02 5.953600000000000732e-04 1.214404000000000178e-02 1.656490000000000046e-03 2.656899999999998499e-04 7.568999999999998852e-05 1.918439999999999989e-03 1.000000000000001861e-06 2.540159999999998773e-03 1.421289999999999750e-03 1.275073375000000000e+06 1.371587250000000000e+06
1.000000000000000000e+00 1.034999999999999948e-01 -3.780000000000000027e-02 -1.203999999999999931e-01 -2.670000000000000151e-02 -5.920000000000000262e-02 -4.100000000000000172e-02 -5.500000000000004885e-03 -1.080000000000000057e-02 -1.779999999999999638e-02 -2.299999999999999961e-03 5.100000000000000366e-02 -3.000000000000016542e-04 1.071224999999999955e-02 1.428840000000000015e-03 1.449615999999999752e-02 7.128900000000000948e-04 3.504640000000000272e-03 1.681000000000000202e-03 3.025000000000005427e-05 1.166400000000000081e-04 3.168399999999998735e-04 5.290000000000000174e-06 2.601000000000000447e-03 9.000000000000099119e-08 1.272666250000000000e+06 1.365627250000000000e+06
1.000000000000000000e+00 1.121999999999999942e-01 -5.850000000000000339e-02 -8.340000000000000191e-02 -2.199999999999999872e-02 -7.409999999999999920e-02 -4.979999999999999705e-02 8.699999999999999400e-03 -2.070000000000000312e-02 3.699999999999999123e-02 4.700000000000002787e-03 -1.489999999999999658e-02 -8.799999999999995326e-03 1.258883999999999871e-02 3.422250000000000379e-03 6.955560000000000388e-03 4.839999999999999468e-04 5.490809999999999615e-03 2.480039999999999762e-03 7.568999999999998852e-05 4.284900000000001208e-04 1.368999999999999341e-03 2.209000000000002737e-05 2.220099999999998886e-04 7.743999999999992263e-05 1.270087625000000000e+06 1.364520000000000000e+06
1.000000000000000000e+00 1.149000000000000021e-01 3.500000000000000073e-03 -1.055999999999999994e-01 -1.810000000000000150e-02 -4.139999999999999930e-02 -4.359999999999999987e-02 2.700000000000007949e-03 6.200000000000000649e-02 -2.219999999999999751e-02 3.899999999999997219e-03 3.269999999999999990e-02 6.199999999999997180e-03 1.320201000000000013e-02 1.225000000000000130e-05 1.115135999999999905e-02 3.276100000000000431e-04 1.713960000000000049e-03 1.900959999999999933e-03 7.290000000000042858e-06 3.844000000000000628e-03 4.928399999999999231e-04 1.520999999999997804e-05 1.069290000000000084e-03 3.843999999999996400e-05 1.270513125000000000e+06 1.365838875000000000e+06
1.000000000000000000e+00 1.194999999999999951e-01 -5.499999999999999681e-03 -1.310999999999999943e-01 -4.899999999999999842e-03 7.199999999999999803e-03 -3.020000000000000115e-02 4.599999999999992983e-03 -8.999999999999999320e-03 -2.549999999999999489e-02 1.320000000000000166e-02 4.859999999999999737e-02 1.339999999999999872e-02 1.428024999999999954e-02 3.024999999999999667e-05 1.718720999999999791e-02 2.400999999999999882e-05 5.183999999999999833e-05 9.120400000000000295e-04 2.115999999999993632e-05 8.099999999999999019e-05 6.502499999999997865e-04 1.742400000000000394e-04 2.361959999999999754e-03 1.795599999999999681e-04 1.271902375000000000e+06 1.366421250000000000e+06
1.000000000000000000e+00 1.092000000000000054e-01 -2.440000000000000155e-02 -1.476000000000000090e-01 -2.799999999999999972e-03 1.009999999999999960e-02 -2.970000000000000070e-02 -1.029999999999998972e-02 -1.890000000000000013e-02 -1.650000000000001465e-02 2.099999999999999870e-03 2.899999999999999800e-03 5.000000000000004441e-04 1.192464000000000197e-02 5.953600000000000732e-04 2.178576000000000124e-02 7.839999999999999476e-06 1.020099999999999940e-04 8.820900000000000876e-04 1.060899999999997923e-04 3.572100000000000036e-04 2.722500000000004647e-04 4.409999999999999282e-06 8.409999999999999101e-06 2.500000000000004651e-07 1.272129000000000000e+06 1.366569500000000000e+06
1.000000000000000000e+00 1.004000000000000031e-01 1.650000000000000078e-02 -1.482999999999999874e-01 -1.909999999999999892e-02 -1.799999999999999951e-03 -3.629999999999999893e-02 -8.800000000000002265e-03 4.090000000000000580e-02 -6.999999999999784173e-04 -1.629999999999999852e-02 -1.189999999999999912e-02 -6.599999999999998229e-03 1.008016000000000120e-02 2.722500000000000310e-04 2.199288999999999758e-02 3.648099999999999715e-04 3.239999999999999896e-06 1.317689999999999834e-03 7.744000000000004461e-05 1.672810000000000486e-03 4.899999999999697917e-07 2.656899999999999583e-04 1.416099999999999672e-04 4.355999999999997596e-05 1.270275250000000000e+06 1.367652250000000000e+06
1.000000000000000000e+00 9.619999999999999385e-02 5.680000000000000326e-02 -1.318000000000000005e-01 -2.730000000000000135e-02 1.480000000000000066e-02 -4.059999999999999720e-02 -4.200000000000009281e-03 4.030000000000000249e-02 1.649999999999998690e-02 -8.200000000000002426e-03 1.660000000000000017e-02 -4.299999999999998268e-03 9.254439999999999195e-03 3.226240000000000444e-03 1.737123999999999960e-02 7.452900000000001234e-04 2.190400000000000170e-04 1.648359999999999756e-03 1.764000000000007844e-05 1.624090000000000126e-03 2.722499999999995431e-04 6.724000000000004062e-05 2.755599999999999977e-04 1.848999999999998391e-05 1.270375375000000000e+06 1.365898625000000000e+06
1.000000000000000000e+00 9.700000000000000289e-02 8.909999999999999865e-02 -1.163000000000000006e-01 -2.179999999999999993e-02 -1.159999999999999920e-02 -5.650000000000000161e-02 8.000000000000090372e-04 3.229999999999999538e-02 1.549999999999999989e-02 5.500000000000001416e-03 -2.639999999999999986e-02 -1.590000000000000441e-02 9.409000000000000696e-03 7.938809999999999270e-03 1.352568999999999994e-02 4.752399999999999832e-04 1.345599999999999856e-04 3.192250000000000209e-03 6.400000000000144130e-07 1.043289999999999669e-03 2.402499999999999851e-04 3.025000000000001700e-05 6.969599999999999407e-04 2.528100000000001223e-04 1.270665750000000000e+06 1.366259125000000000e+06
1.000000000000000000e+00 7.589999999999999525e-02 7.019999999999999851e-02 -3.629999999999999893e-02 -3.370000000000000079e-02 -1.013000000000000012e-01 -7.689999999999999614e-02 -2.110000000000000764e-02 -1.890000000000000013e-02 8.000000000000000167e-02 -1.190000000000000085e-02 -8.970000000000000195e-02 -2.039999999999999453e-02 5.760809999999999022e-03 4.928039999999999851e-03 1.317689999999999834e-03 1.135689999999999963e-03 1.026169000000000039e-02 5.913609999999999700e-03 4.452100000000002995e-04 3.572100000000000036e-04 6.400000000000000307e-03 1.416100000000000214e-04 8.046090000000000533e-03 4.161599999999997831e-04 1.272162250000000000e+06 1.364652750000000000e+06
1.000000000000000000e+00 7.610000000000000098e-02 -3.009999999999999828e-02 -1.950000000000000067e-01 -4.220000000000000140e-02 -4.120000000000000051e-02 -3.150000000000000022e-02 2.000000000000057288e-04 -1.003000000000000003e-01 -1.587000000000000077e-01 -8.500000000000000611e-03 6.010000000000000064e-02 4.539999999999999591e-02 5.791209999999999761e-03 9.060099999999998450e-04 3.802500000000000324e-02 1.780840000000000114e-03 1.697440000000000147e-03 9.922500000000000764e-04 4.000000000000229047e-08 1.006009000000000070e-02 2.518569000000000363e-02 7.225000000000000790e-05 3.612010000000000134e-03 2.061159999999999815e-03 1.270075250000000000e+06 1.360126125000000000e+06
1.000000000000000000e+00 6.339999999999999802e-02 1.267999999999999960e-01 -1.431999999999999940e-01 -5.190000000000000169e-02 4.469999999999999668e-02 -8.440000000000000280e-02 -1.270000000000000295e-02 1.568999999999999839e-01 5.180000000000001270e-02 -9.700000000000000289e-03 8.590000000000000413e-02 -5.290000000000000258e-02 4.019560000000000147e-03 1.607824000000000059e-02 2.050623999999999850e-02 2.693610000000000362e-03 1.998089999999999675e-03 7.123360000000000455e-03 1.612900000000000770e-04 2.461760999999999464e-02 2.683240000000001232e-03 9.409000000000000208e-05 7.378810000000000403e-03 2.798410000000000307e-03 1.268729125000000000e+06 1.362651625000000000e+06
1.000000000000000000e+00 4.299999999999999656e-02 1.179999999999999973e-02 -1.484999999999999931e-01 -5.960000000000000020e-02 -7.349999999999999589e-02 -7.030000000000000138e-02 -2.040000000000000147e-02 -1.149999999999999911e-01 -5.299999999999999156e-03 -7.699999999999998512e-03 -1.181999999999999995e-01 1.410000000000000142e-02 1.848999999999999732e-03 1.392400000000000018e-04 2.205224999999999894e-02 3.552159999999999953e-03 5.402249999999999067e-03 4.942090000000000545e-03 4.161600000000000542e-04 1.322499999999999717e-02 2.808999999999999025e-05 5.928999999999997613e-05 1.397123999999999935e-02 1.988100000000000294e-04 1.269813500000000000e+06 1.360520875000000000e+06
1.000000000000000000e+00 2.050000000000000086e-02 1.409999999999999969e-02 -1.781999999999999973e-01 -7.220000000000000029e-02 -2.591999999999999860e-01 -1.093999999999999972e-01 -2.249999999999999570e-02 2.299999999999999961e-03 -2.970000000000000417e-02 -1.260000000000000009e-02 -1.856999999999999762e-01 -3.909999999999999587e-02 4.202500000000000506e-04 1.988100000000000023e-04 3.175523999999999708e-02 5.212839999999999835e-03 6.718463999999998992e-02 1.196835999999999907e-02 5.062499999999997558e-04 5.290000000000000174e-06 8.820900000000001960e-04 1.587600000000000046e-04 3.448448999999999265e-02 1.528809999999999588e-03 1.268616000000000000e+06 1.359805250000000000e+06
1.000000000000000000e+00 2.520000000000000018e-02 1.210999999999999993e-01 -1.970999999999999974e-01 -9.529999999999999583e-02 3.080000000000000099e-02 -8.880000000000000393e-02 4.699999999999999317e-03 1.069999999999999979e-01 -1.890000000000000013e-02 -2.309999999999999554e-02 2.899999999999999800e-01 2.059999999999999332e-02 6.350400000000000185e-04 1.466520999999999970e-02 3.884840999999999989e-02 9.082089999999999261e-03 9.486400000000000518e-04 7.885440000000000504e-03 2.208999999999999348e-05 1.144899999999999911e-02 3.572100000000000036e-04 5.336099999999997920e-04 8.409999999999999420e-02 4.243599999999997114e-04 1.271201375000000000e+06 1.364954500000000000e+06
1.000000000000000000e+00 2.390000000000000110e-02 3.399999999999999811e-03 -1.900999999999999912e-01 -9.220000000000000417e-02 -2.772000000000000020e-01 -1.005000000000000060e-01 -1.299999999999999073e-03 -1.176999999999999991e-01 7.000000000000006217e-03 3.099999999999991651e-03 -3.079999999999999960e-01 -1.170000000000000207e-02 5.712100000000000554e-04 1.155999999999999943e-05 3.613800999999999819e-02 8.500840000000000826e-03 7.683984000000000647e-02 1.010025000000000159e-02 1.689999999999997584e-06 1.385328999999999901e-02 4.900000000000008651e-05 9.609999999999948648e-06 9.486400000000000388e-02 1.368900000000000531e-04 1.266765625000000000e+06 1.359015125000000000e+06
1.000000000000000000e+00 9.400000000000000369e-03 -6.410000000000000420e-02 -2.049999999999999878e-01 -1.160000000000000059e-01 -3.568000000000000060e-01 -1.000000000000000056e-01 -1.450000000000000074e-02 -6.750000000000000444e-02 -1.489999999999999658e-02 -2.380000000000000171e-02 -7.960000000000000409e-02 5.000000000000004441e-04 8.836000000000000104e-05 4.108810000000000934e-03 4.202499999999999292e-02 1.345600000000000095e-02 1.273062400000000149e-01 1.000000000000000194e-02 2.102500000000000148e-04 4.556250000000000404e-03 2.220099999999998886e-04 5.664400000000000858e-04 6.336160000000000403e-03 2.500000000000004651e-07 1.270197750000000000e+06 1.361631750000000000e+06
1.000000000000000000e+00 -5.199999999999999761e-03 2.539999999999999897e-02 -2.010000000000000120e-01 -1.574000000000000121e-01 -2.107999999999999874e-01 -1.695000000000000118e-01 -1.460000000000000013e-02 8.949999999999999623e-02 3.999999999999975797e-03 -4.140000000000000624e-02 1.460000000000000187e-01 -6.950000000000000622e-02 2.703999999999999861e-05 6.451599999999999826e-04 4.040100000000000635e-02 2.477476000000000331e-02 4.443663999999999253e-02 2.873025000000000231e-02 2.131599999999999988e-04 8.010250000000000009e-03 1.599999999999980615e-05 1.713960000000000483e-03 2.131600000000000508e-02 4.830250000000001209e-03 1.270222500000000000e+06 1.363368875000000000e+06
1.000000000000000000e+00 2.999999999999999737e-04 1.376999999999999891e-01 -1.033000000000000029e-01 -1.585000000000000020e-01 -1.978000000000000036e-01 -1.764000000000000012e-01 5.499999999999999681e-03 1.122999999999999832e-01 9.770000000000000906e-02 -1.099999999999989875e-03 1.299999999999998379e-02 -6.899999999999989475e-03 8.999999999999998534e-08 1.896128999999999870e-02 1.067089000000000058e-02 2.512225000000000222e-02 3.912484000000000101e-02 3.111695999999999906e-02 3.024999999999999667e-05 1.261128999999999549e-02 9.545290000000001412e-03 1.209999999999977827e-06 1.689999999999995813e-04 4.760999999999985757e-05 1.266032000000000000e+06 1.355972500000000000e+06
1.000000000000000000e+00 1.179999999999999973e-02 4.549999999999999878e-02 -1.365999999999999992e-01 -1.472999999999999865e-01 -2.710000000000000187e-01 -1.524000000000000077e-01 1.149999999999999981e-02 -9.219999999999999030e-02 -3.329999999999999627e-02 1.120000000000001550e-02 -7.320000000000001505e-02 2.399999999999999356e-02 1.392400000000000018e-04 2.070250000000000042e-03 1.865955999999999865e-02 2.169728999999999755e-02 7.344100000000000628e-02 2.322576000000000154e-02 1.322499999999999891e-04 8.500839999999997357e-03 1.108889999999999746e-03 1.254400000000003440e-04 5.358240000000001960e-03 5.759999999999996893e-04 1.266608375000000000e+06 1.358206250000000000e+06
1.000000000000000000e+00 1.930000000000000118e-02 8.179999999999999771e-02 -1.411999999999999922e-01 -1.358999999999999930e-01 -2.538000000000000256e-01 -1.408999999999999975e-01 7.500000000000001457e-03 3.629999999999999893e-02 -4.599999999999992983e-03 1.139999999999999347e-02 1.719999999999999307e-02 1.150000000000001021e-02 3.724900000000000606e-04 6.691239999999999341e-03 1.993743999999999725e-02 1.846880999999999870e-02 6.441444000000001724e-02 1.985280999999999851e-02 5.625000000000001879e-05 1.317689999999999834e-03 2.115999999999993632e-05 1.299599999999998467e-04 2.958399999999997425e-04 1.322500000000002330e-04 1.267573875000000000e+06 1.359920250000000000e+06
1.000000000000000000e+00 3.769999999999999740e-02 5.990000000000000185e-02 -1.635000000000000064e-01 -1.176999999999999991e-01 -2.441000000000000114e-01 -1.149000000000000021e-01 1.839999999999999622e-02 -2.189999999999999586e-02 -2.230000000000001426e-02 1.819999999999999396e-02 9.700000000000014166e-03 2.599999999999999534e-02 1.421289999999999750e-03 3.588010000000000418e-03 2.673225000000000254e-02 1.385328999999999901e-02 5.958481000000000888e-02 1.320201000000000013e-02 3.385599999999998485e-04 4.796099999999998346e-04 4.972900000000006005e-04 3.312399999999997898e-04 9.409000000000027313e-05 6.759999999999997348e-04 1.269825750000000000e+06 1.362954375000000000e+06
1.000000000000000000e+00 4.920000000000000068e-02 4.479999999999999954e-02 -1.610999999999999932e-01 -1.000000000000000056e-01 -2.556999999999999829e-01 -1.006999999999999978e-01 1.150000000000000328e-02 -1.510000000000000231e-02 2.400000000000013234e-03 1.769999999999999352e-02 -1.159999999999997145e-02 1.420000000000000429e-02 2.420639999999999945e-03 2.007039999999999866e-03 2.595320999999999739e-02 1.000000000000000194e-02 6.538248999999998756e-02 1.014049000000000027e-02 1.322500000000000704e-04 2.280100000000000616e-04 5.760000000000063436e-06 3.132899999999997601e-04 1.345599999999993351e-04 2.016400000000001091e-04 1.272840250000000000e+06 1.364871750000000000e+06
1.000000000000000000e+00 5.349999999999999895e-02 6.439999999999999891e-02 -1.039999999999999952e-01 -9.660000000000000531e-02 -2.549000000000000155e-01 -1.123999999999999999e-01 4.299999999999998268e-03 1.959999999999999937e-02 5.709999999999999798e-02 3.400000000000000244e-03 7.999999999999674039e-04 -1.170000000000000207e-02 2.862249999999999777e-03 4.147360000000000109e-03 1.081599999999999923e-02 9.331560000000000896e-03 6.497401000000001259e-02 1.263376000000000082e-02 1.848999999999998391e-05 3.841599999999999811e-04 3.260409999999999611e-03 1.156000000000000113e-05 6.399999999999478150e-07 1.368900000000000531e-04 1.267367625000000000e+06 1.357947500000000000e+06
1.000000000000000000e+00 4.669999999999999846e-02 6.729999999999999871e-02 -1.076000000000000012e-01 -1.000000000000000056e-01 -3.084999999999999964e-01 -1.127999999999999975e-01 -6.800000000000000488e-03 2.899999999999999800e-03 -3.600000000000005973e-03 -3.400000000000000244e-03 -5.359999999999998099e-02 -3.999999999999975797e-04 2.180889999999999999e-03 4.529290000000000052e-03 1.157775999999999944e-02 1.000000000000000194e-02 9.517224999999999990e-02 1.272384000000000015e-02 4.624000000000000451e-05 8.409999999999999101e-06 1.296000000000004363e-05 1.156000000000000113e-05 2.872959999999997755e-03 1.599999999999980711e-07 1.268646875000000000e+06 1.363221000000000000e+06
1.000000000000000000e+00 3.930000000000000160e-02 8.809999999999999776e-02 -1.366999999999999882e-01 -1.199000000000000066e-01 -2.888999999999999901e-01 -1.170999999999999958e-01 -7.399999999999996858e-03 2.079999999999999905e-02 -2.909999999999998699e-02 -1.990000000000000102e-02 1.960000000000000631e-02 -4.299999999999998268e-03 1.544490000000000142e-03 7.761609999999999517e-03 1.868688999999999767e-02 1.437601000000000157e-02 8.346320999999999601e-02 1.371240999999999953e-02 5.475999999999995682e-05 4.326399999999999777e-04 8.468099999999992734e-04 3.960100000000000252e-04 3.841600000000002521e-04 1.848999999999998391e-05 1.272631375000000000e+06 1.366047500000000000e+06
1.000000000000000000e+00 2.889999999999999861e-02 1.337000000000000133e-01 -1.547999999999999932e-01 -1.207000000000000017e-01 -2.637999999999999790e-01 -1.213000000000000050e-01 -1.040000000000000299e-02 4.560000000000001552e-02 -1.810000000000000497e-02 -7.999999999999951594e-04 2.510000000000001119e-02 -4.200000000000009281e-03 8.352099999999999672e-04 1.787569000000000310e-02 2.396303999999999795e-02 1.456848999999999991e-02 6.959043999999998953e-02 1.471369000000000149e-02 1.081600000000000622e-04 2.079360000000001450e-03 3.276100000000002057e-04 6.399999999999922842e-07 6.300100000000005088e-04 1.764000000000007844e-05 1.270826000000000000e+06 1.368006500000000000e+06
1.000000000000000000e+00 2.230000000000000038e-02 2.548000000000000265e-01 -1.016999999999999987e-01 -1.292999999999999983e-01 -2.511999999999999789e-01 -1.262000000000000066e-01 -6.599999999999998229e-03 1.211000000000000132e-01 5.309999999999999443e-02 -8.599999999999996536e-03 1.260000000000000009e-02 -4.900000000000001577e-03 4.972900000000000584e-04 6.492304000000001518e-02 1.034289000000000042e-02 1.671848999999999905e-02 6.310143999999999476e-02 1.592644000000000004e-02 4.355999999999997596e-05 1.466521000000000317e-02 2.819609999999999304e-03 7.395999999999993562e-05 1.587600000000000046e-04 2.401000000000001576e-05 1.268908125000000000e+06 1.361846125000000000e+06
1.000000000000000000e+00 3.679999999999999938e-02 1.003000000000000003e-01 -1.912999999999999978e-01 -1.244999999999999996e-01 -2.023000000000000076e-01 -1.021999999999999992e-01 1.449999999999999900e-02 -1.545000000000000262e-01 -8.959999999999999909e-02 4.799999999999998712e-03 4.889999999999997127e-02 2.400000000000000744e-02 1.354240000000000044e-03 1.006009000000000070e-02 3.659569000000000016e-02 1.550025000000000014e-02 4.092529000000000305e-02 1.044484000000000037e-02 2.102499999999999606e-04 2.387025000000000952e-02 8.028159999999999463e-03 2.303999999999998608e-05 2.391209999999997348e-03 5.760000000000003399e-04 1.268065125000000000e+06 1.364278375000000000e+06
1.000000000000000000e+00 3.379999999999999671e-02 -1.074999999999999983e-01 -1.998000000000000054e-01 -1.179999999999999938e-01 -1.567999999999999949e-01 -1.032000000000000001e-01 -3.000000000000002665e-03 -2.077999999999999847e-01 -8.500000000000007550e-03 6.500000000000005773e-03 4.550000000000001266e-02 -1.000000000000000888e-03 1.142439999999999775e-03 1.155624999999999881e-02 3.992004000000000385e-02 1.392399999999999888e-02 2.458623999999999879e-02 1.065024000000000005e-02 9.000000000000015475e-06 4.318083999999999117e-02 7.225000000000012987e-05 4.225000000000007829e-05 2.070250000000001343e-03 1.000000000000001861e-06 1.268545375000000000e+06 1.361936375000000000e+06
1.000000000000000000e+00 3.099999999999999978e-02 1.095000000000000001e-01 -2.164000000000000090e-01 -1.237000000000000044e-01 -1.797999999999999876e-01 -9.600000000000000200e-02 -2.799999999999996936e-03 2.169999999999999984e-01 -1.660000000000000364e-02 -5.700000000000010614e-03 -2.299999999999999267e-02 7.199999999999998068e-03 9.609999999999999402e-04 1.199024999999999917e-02 4.682896000000000281e-02 1.530169000000000147e-02 3.232803999999999539e-02 9.216000000000000233e-03 7.839999999999982535e-06 4.708899999999999891e-02 2.755600000000001061e-04 3.249000000000012430e-05 5.289999999999996311e-04 5.183999999999997123e-05 1.272285875000000000e+06 1.365814875000000000e+06
1.000000000000000000e+00 2.469999999999999973e-02 -7.309999999999999831e-02 -2.296999999999999875e-01 -1.208999999999999936e-01 -1.360000000000000098e-01 -9.450000000000000067e-02 -6.300000000000000044e-03 -1.825999999999999845e-01 -1.329999999999997851e-02 2.800000000000010814e-03 4.379999999999997784e-02 1.500000000000001332e-03 6.100899999999999813e-04 5.343609999999999506e-03 5.276208999999999760e-02 1.461680999999999918e-02 1.849600000000000202e-02 8.930250000000000687e-03 3.969000000000000116e-05 3.334275999999999213e-02 1.768899999999994262e-04 7.840000000000060462e-06 1.918439999999998037e-03 2.250000000000003869e-06 1.270000125000000000e+06 1.363640500000000000e+06
1.000000000000000000e+00 2.149999999999999828e-02 2.700000000000000178e-01 -1.570999999999999897e-01 -1.236000000000000015e-01 -1.821000000000000119e-01 -1.189000000000000057e-01 -3.200000000000001454e-03 3.431000000000000161e-01 7.259999999999999787e-02 -2.700000000000007949e-03 -4.610000000000000209e-02 -2.440000000000000502e-02 4.622499999999999331e-04 7.290000000000000646e-02 2.468040999999999638e-02 1.527696000000000089e-02 3.316041000000000127e-02 1.413721000000000075e-02 1.024000000000000868e-05 1.177176100000000142e-01 5.270759999999999335e-03 7.290000000000042858e-06 2.125210000000000207e-03 5.953600000000002900e-04 1.268613375000000000e+06 1.364326250000000000e+06
1.000000000000000000e+00 1.329999999999999932e-02 -4.189999999999999974e-02 -1.971999999999999864e-01 -1.343999999999999917e-01 -1.849000000000000088e-01 -1.014000000000000040e-01 -8.199999999999998956e-03 -3.119000000000000106e-01 -4.009999999999999676e-02 -1.079999999999999016e-02 -2.799999999999996936e-03 1.750000000000000167e-02 1.768899999999999954e-04 1.755609999999999896e-03 3.888783999999999297e-02 1.806335999999999706e-02 3.418801000000000478e-02 1.028196000000000145e-02 6.723999999999998641e-05 9.728161000000000447e-02 1.608009999999999778e-03 1.166399999999997913e-04 7.839999999999982535e-06 3.062500000000000443e-04 1.269203875000000000e+06 1.365678875000000000e+06
1.000000000000000000e+00 1.859999999999999848e-02 -2.529999999999999957e-02 -2.235000000000000042e-01 -1.213000000000000050e-01 -1.527000000000000024e-01 -1.044000000000000067e-01 5.299999999999999156e-03 1.660000000000000017e-02 -2.630000000000001781e-02 1.309999999999998666e-02 3.220000000000000639e-02 -3.000000000000002665e-03 3.459599999999999199e-04 6.400899999999999515e-04 4.995225000000000359e-02 1.471369000000000149e-02 2.331729000000000093e-02 1.089936000000000203e-02 2.808999999999999025e-05 2.755599999999999977e-04 6.916900000000009889e-04 1.716099999999996393e-04 1.036840000000000461e-03 9.000000000000015475e-06 1.268609875000000000e+06 1.364823875000000000e+06
1.000000000000000000e+00 1.799999999999999864e-02 -5.770000000000000129e-02 -2.343000000000000083e-01 -1.192000000000000004e-01 -1.670000000000000095e-01 -7.729999999999999372e-02 -5.999999999999998390e-04 -3.239999999999999825e-02 -1.080000000000000404e-02 2.100000000000004641e-03 -1.430000000000000715e-02 2.710000000000001297e-02 3.239999999999999608e-04 3.329289999999999940e-03 5.489649000000000612e-02 1.420863999999999981e-02 2.788900000000000406e-02 5.975289999999999421e-03 3.599999999999997825e-07 1.049759999999999843e-03 1.166400000000000894e-04 4.410000000000019610e-06 2.044900000000002055e-04 7.344100000000006612e-04 1.267436875000000000e+06 1.363691625000000000e+06
1.000000000000000000e+00 1.700000000000000122e-02 4.590000000000000330e-02 -2.530999999999999917e-01 -1.149000000000000021e-01 -1.265000000000000013e-01 -8.569999999999999840e-02 -9.999999999999974187e-04 1.035999999999999976e-01 -1.879999999999998339e-02 4.299999999999998268e-03 4.050000000000000822e-02 -8.400000000000004685e-03 2.890000000000000316e-04 2.106810000000000193e-03 6.405960999999998906e-02 1.320201000000000013e-02 1.600224999999999911e-02 7.344489999999999526e-03 9.999999999999948726e-07 1.073295999999999972e-02 3.534399999999993536e-04 1.848999999999998391e-05 1.640250000000000648e-03 7.056000000000008337e-05 1.269117250000000000e+06 1.364314000000000000e+06
1.000000000000000000e+00 4.799999999999999580e-03 1.338000000000000023e-01 4.009999999999999676e-02 -1.219999999999999973e-01 -1.932999999999999996e-01 -1.081000000000000016e-01 -1.220000000000000251e-02 8.790000000000000591e-02 2.932000000000000162e-01 -7.099999999999995204e-03 -6.679999999999999827e-02 -2.240000000000000324e-02 2.303999999999999625e-05 1.790244000000000210e-02 1.608009999999999778e-03 1.488399999999999966e-02 3.736488999999999783e-02 1.168561000000000079e-02 1.488400000000000725e-04 7.726410000000001263e-03 8.596624000000001320e-02 5.040999999999993240e-05 4.462240000000000130e-03 5.017600000000001833e-04 1.268964625000000000e+06 1.365835875000000000e+06
1.000000000000000000e+00 1.089999999999999997e-02 -3.080000000000000099e-02 -2.999999999999999889e-02 -1.287000000000000088e-01 -1.963000000000000023e-01 -7.249999999999999500e-02 6.100000000000000387e-03 -1.645999999999999963e-01 -7.009999999999999565e-02 -6.700000000000011502e-03 -3.000000000000002665e-03 3.560000000000000664e-02 1.188099999999999958e-04 9.486400000000000518e-04 8.999999999999999754e-04 1.656369000000000244e-02 3.853369000000000238e-02 5.256249999999999638e-03 3.721000000000000457e-05 2.709315999999999808e-02 4.914009999999999039e-03 4.489000000000015466e-05 9.000000000000015475e-06 1.267360000000000578e-03 1.269521375000000000e+06 1.364353625000000000e+06
1.000000000000000000e+00 1.080000000000000057e-02 -6.599999999999999964e-03 -1.400000000000000029e-02 -1.310000000000000053e-01 -1.930999999999999939e-01 -9.160000000000000087e-02 -9.999999999999939493e-05 2.419999999999999929e-02 1.600000000000000033e-02 -2.299999999999996492e-03 3.200000000000008393e-03 -1.910000000000000586e-02 1.166400000000000081e-04 4.355999999999999629e-05 1.960000000000000208e-04 1.716100000000000264e-02 3.728760999999999881e-02 8.390560000000000032e-03 9.999999999999879441e-09 5.856400000000000104e-04 2.559999999999999884e-04 5.289999999999984080e-06 1.024000000000005442e-05 3.648100000000002426e-04 1.270053000000000000e+06 1.367700750000000000e+06
1.000000000000000000e+00 -3.599999999999999901e-03 2.288999999999999924e-01 -3.429999999999999716e-02 -1.463000000000000134e-01 -1.300999999999999934e-01 -1.307000000000000106e-01 -1.439999999999999961e-02 2.354999999999999871e-01 -2.029999999999999860e-02 -1.530000000000000804e-02 6.300000000000000044e-02 -3.910000000000000975e-02 1.295999999999999958e-05 5.239520999999999762e-02 1.176489999999999871e-03 2.140369000000000299e-02 1.692600999999999828e-02 1.708249000000000226e-02 2.073599999999999933e-04 5.546024999999999566e-02 4.120899999999999390e-04 2.340900000000002473e-04 3.969000000000000306e-03 1.528810000000000672e-03 1.271619750000000000e+06 1.368080750000000000e+06
1.000000000000000000e+00 -1.129999999999999928e-02 -5.999999999999999778e-02 -6.320000000000000617e-02 -1.613999999999999879e-01 -3.005999999999999783e-01 -1.044999999999999957e-01 -7.699999999999999380e-03 -2.888999999999999901e-01 -2.890000000000000902e-02 -1.509999999999997455e-02 -1.704999999999999849e-01 2.620000000000001494e-02 1.276899999999999921e-04 3.599999999999999901e-03 3.994240000000000464e-03 2.604995999999999701e-02 9.036035999999998680e-02 1.092024999999999940e-02 5.928999999999998968e-05 8.346320999999999601e-02 8.352100000000005093e-04 2.280099999999992213e-04 2.907024999999999540e-02 6.864400000000008342e-04 1.267767000000000000e+06 1.363752875000000000e+06
1.000000000000000000e+00 -6.899999999999999883e-03 -1.985999999999999988e-01 -5.829999999999999766e-02 -1.555999999999999883e-01 -2.126000000000000112e-01 -1.069999999999999979e-01 4.399999999999999398e-03 -1.386000000000000010e-01 4.900000000000008515e-03 5.799999999999999600e-03 8.799999999999996714e-02 -2.500000000000002220e-03 4.760999999999999987e-05 3.944195999999999813e-02 3.398889999999999897e-03 2.421135999999999774e-02 4.519876000000000449e-02 1.144899999999999911e-02 1.935999999999999421e-05 1.920996000000000162e-02 2.401000000000008352e-05 3.363999999999999640e-05 7.743999999999993944e-03 6.250000000000011311e-06 1.269316125000000000e+06 1.365347750000000000e+06
1.000000000000000000e+00 -7.700000000000000247e-03 -4.030000000000000249e-02 -5.310000000000000137e-02 -1.524999999999999967e-01 -2.134999999999999953e-01 -1.062000000000000027e-01 -8.000000000000003636e-04 1.582999999999999963e-01 5.199999999999996292e-03 3.099999999999991651e-03 -8.999999999999841460e-04 7.999999999999951594e-04 5.929000000000000324e-05 1.624090000000000126e-03 2.819610000000000172e-03 2.325624999999999915e-02 4.558224999999999777e-02 1.127844000000000069e-02 6.400000000000005428e-07 2.505889000000000033e-02 2.703999999999996134e-05 9.609999999999948648e-06 8.099999999999714925e-07 6.399999999999922842e-07 1.268169250000000000e+06 1.361879125000000000e+06
1.000000000000000000e+00 -5.439999999999999697e-02 8.619999999999999885e-02 -1.272000000000000075e-01 -1.721000000000000030e-01 -1.849000000000000088e-01 -1.340999999999999970e-01 -4.669999999999999846e-02 1.265000000000000013e-01 -7.409999999999999920e-02 -1.960000000000000631e-02 2.859999999999998654e-02 -2.789999999999999425e-02 2.959359999999999855e-03 7.430439999999999962e-03 1.617984000000000089e-02 2.961841000000000126e-02 3.418801000000000478e-02 1.798280999999999838e-02 2.180889999999999999e-03 1.600224999999999911e-02 5.490809999999999615e-03 3.841600000000002521e-04 8.179599999999991955e-04 7.784099999999996708e-04 1.262377250000000000e+06 1.351008250000000000e+06
1.000000000000000000e+00 -4.519999999999999712e-02 -1.299999999999999940e-02 -1.345000000000000084e-01 -1.983000000000000040e-01 -1.635999999999999954e-01 -1.174999999999999933e-01 9.199999999999999845e-03 -9.919999999999999651e-02 -7.300000000000000933e-03 -2.620000000000000107e-02 2.130000000000001337e-02 1.660000000000000364e-02 2.043039999999999873e-03 1.689999999999999879e-04 1.809025000000000216e-02 3.932288999999999923e-02 2.676495999999999736e-02 1.380624999999999908e-02 8.464000000000000278e-05 9.840639999999999457e-03 5.329000000000001325e-05 6.864400000000000753e-04 4.536900000000005707e-04 2.755600000000001061e-04 1.268269625000000000e+06 1.365271625000000000e+06
1.000000000000000000e+00 -7.080000000000000182e-02 7.240000000000000602e-02 -1.200999999999999984e-01 -2.293999999999999928e-01 -1.145999999999999935e-01 -1.433999999999999997e-01 -2.560000000000000470e-02 8.540000000000000369e-02 1.440000000000001001e-02 -3.109999999999998876e-02 4.900000000000000189e-02 -2.590000000000000635e-02 5.012640000000000498e-03 5.241760000000000690e-03 1.442400999999999926e-02 5.262435999999999503e-02 1.313315999999999789e-02 2.056356000000000156e-02 6.553600000000002306e-04 7.293160000000000788e-03 2.073600000000002915e-04 9.672099999999992726e-04 2.401000000000000356e-03 6.708100000000003079e-04 1.272015125000000000e+06 1.366930000000000000e+06
1.000000000000000000e+00 -8.369999999999999662e-02 1.370000000000000037e-02 -1.386000000000000010e-01 -2.366000000000000048e-01 -9.199999999999999845e-02 -1.168000000000000010e-01 -1.289999999999999480e-02 -5.870000000000000218e-02 -1.850000000000000255e-02 -7.200000000000011946e-03 2.259999999999999509e-02 2.659999999999999865e-02 7.005689999999999314e-03 1.876900000000000139e-04 1.920996000000000162e-02 5.597956000000000459e-02 8.463999999999999302e-03 1.364223999999999992e-02 1.664099999999998653e-04 3.445690000000000384e-03 3.422500000000001062e-04 5.184000000000017451e-05 5.107599999999997515e-04 7.075599999999999815e-04 1.268828500000000000e+06 1.362694000000000000e+06
1.000000000000000000e+00 -9.389999999999999736e-02 6.439999999999999891e-02 -2.124000000000000055e-01 -2.545999999999999930e-01 -3.400000000000000244e-02 -1.429999999999999882e-01 -1.020000000000000073e-02 5.069999999999999507e-02 -7.380000000000000449e-02 -1.799999999999998823e-02 5.799999999999999600e-02 -2.619999999999998719e-02 8.817209999999998937e-03 4.147360000000000109e-03 4.511376000000000275e-02 6.482116000000000267e-02 1.156000000000000126e-03 2.044899999999999496e-02 1.040400000000000135e-04 2.570489999999999494e-03 5.446440000000000309e-03 3.239999999999995813e-04 3.363999999999999369e-03 6.864399999999993163e-04 1.268382500000000000e+06 1.365126875000000000e+06
1.000000000000000000e+00 -1.203000000000000042e-01 -4.150000000000000216e-02 -2.945999999999999730e-01 -2.713999999999999746e-01 -1.323000000000000009e-01 -1.645000000000000073e-01 -2.640000000000000679e-02 -1.058999999999999941e-01 -8.219999999999996754e-02 -1.679999999999998161e-02 -9.829999999999999849e-02 -2.150000000000001910e-02 1.447209000000000169e-02 1.722250000000000256e-03 8.678915999999999020e-02 7.365795999999998067e-02 1.750329000000000121e-02 2.706025000000000097e-02 6.969600000000003744e-04 1.121480999999999867e-02 6.756839999999994864e-03 2.822399999999993577e-04 9.662890000000000368e-03 4.622500000000008004e-04 1.267064250000000000e+06 1.364917625000000000e+06
1.000000000000000000e+00 -1.044999999999999957e-01 2.406999999999999973e-01 -1.418000000000000094e-01 -3.032000000000000250e-01 -2.850000000000000103e-02 -2.099999999999999922e-01 1.580000000000000848e-02 2.822000000000000064e-01 1.527999999999999636e-01 -3.180000000000005045e-02 1.038000000000000034e-01 -4.549999999999998490e-02 1.092024999999999940e-02 5.793649000000000021e-02 2.010724000000000192e-02 9.193024000000001028e-02 8.122500000000000379e-04 4.409999999999999337e-02 2.496400000000002458e-04 7.963684000000000041e-02 2.334783999999998777e-02 1.011240000000003308e-03 1.077444000000000145e-02 2.070249999999998741e-03 1.268672375000000000e+06 1.367448625000000000e+06
1.000000000000000000e+00 -1.106000000000000039e-01 2.479999999999999913e-02 1.491000000000000103e-01 -3.402000000000000024e-01 -1.419999999999999873e-01 -1.910000000000000031e-01 -6.100000000000008193e-03 -2.159000000000000086e-01 2.909000000000000474e-01 -3.699999999999997735e-02 -1.134999999999999898e-01 1.899999999999998912e-02 1.223236000000000115e-02 6.150399999999999661e-04 2.223081000000000362e-02 1.157360399999999984e-01 2.016399999999999790e-02 3.648099999999999954e-02 3.721000000000009944e-05 4.661281000000000452e-02 8.462281000000003439e-02 1.368999999999998256e-03 1.288224999999999787e-02 3.609999999999996133e-04 1.268549000000000000e+06 1.359696625000000000e+06
1.000000000000000000e+00 -1.115000000000000019e-01 -1.015000000000000069e-01 -2.358000000000000096e-01 -8.719999999999999973e-02 -7.549999999999999767e-02 -1.857000000000000040e-01 -8.999999999999980238e-04 -1.262999999999999956e-01 -3.849000000000000199e-01 2.530000000000000027e-01 6.649999999999998967e-02 5.299999999999999156e-03 1.243225000000000059e-02 1.030225000000000064e-02 5.560164000000000772e-02 7.603839999999999731e-03 5.700249999999999588e-03 3.448448999999999959e-02 8.099999999999964799e-07 1.595168999999999754e-02 1.481480100000000244e-01 6.400899999999999646e-02 4.422249999999998231e-03 2.808999999999999025e-05 1.266802000000000000e+06 1.366773125000000000e+06
1.000000000000000000e+00 -1.055999999999999994e-01 3.549999999999999684e-02 -1.953000000000000014e-01 -1.005999999999999950e-01 -7.080000000000000182e-02 -1.834999999999999964e-01 5.900000000000002465e-03 1.370000000000000107e-01 4.050000000000000822e-02 -1.339999999999999525e-02 4.699999999999995848e-03 2.200000000000007505e-03 1.115135999999999905e-02 1.260249999999999869e-03 3.814209000000000349e-02 1.012035999999999838e-02 5.012640000000000498e-03 3.367225000000000079e-02 3.481000000000002755e-05 1.876900000000000443e-02 1.640250000000000648e-03 1.795599999999998597e-04 2.208999999999995960e-05 4.840000000000033281e-06 1.266100500000000000e+06 1.361551000000000000e+06
1.000000000000000000e+00 -1.102999999999999953e-01 -1.738000000000000100e-01 2.670000000000000151e-02 -1.183000000000000024e-01 -1.529999999999999936e-02 -1.766999999999999960e-01 -4.699999999999995848e-03 -2.093000000000000138e-01 2.220000000000000029e-01 -1.770000000000000739e-02 5.550000000000000072e-02 6.800000000000000488e-03 1.216608999999999920e-02 3.020644000000000454e-02 7.128900000000000948e-04 1.399489000000000115e-02 2.340899999999999763e-04 3.122288999999999967e-02 2.208999999999995960e-05 4.380649000000000348e-02 4.928400000000000142e-02 3.132900000000002480e-04 3.080250000000000089e-03 4.624000000000000451e-05 1.265205000000000000e+06 1.358459500000000000e+06
