1.000000000000000000e+00 -0.000000000000000000e+00 -0.000000000000000000e+00 0.000000000000000000e+00 0.000000000000000000e+00 -0.000000000000000000e+00 0.000000000000000000e+00 0.000000000000000000e+00 0.000000000000000000e+00 0.000000000000000000e+00 0.000000000000000000e+00 0.000000000000000000e+00 0.000000000000000000e+00 0.000000000000000000e+00 0.000000000000000000e+00 0.000000000000000000e+00 0.000000000000000000e+00 0.000000000000000000e+00 0.000000000000000000e+00 0.000000000000000000e+00 0.000000000000000000e+00 0.000000000000000000e+00 0.000000000000000000e+00 0.000000000000000000e+00 0.000000000000000000e+00 1.429315375000000000e+06 1.514834250000000000e+06
1.000000000000000000e+00 -6.899999999999999883e-03 2.462000000000000022e-01 2.570000000000000062e-02 -1.760000000000000106e-02 -4.120000000000000051e-02 -8.899999999999999925e-03 -6.899999999999999883e-03 2.462000000000000022e-01 2.570000000000000062e-02 -1.760000000000000106e-02 -4.120000000000000051e-02 -8.899999999999999925e-03 4.760999999999999987e-05 6.061443999999999860e-02 6.604900000000000137e-04 3.097600000000000158e-04 1.697440000000000147e-03 7.920999999999999547e-05 4.760999999999999987e-05 6.061443999999999860e-02 6.604900000000000137e-04 3.097600000000000158e-04 1.697440000000000147e-03 7.920999999999999547e-05 1.427498375000000000e+06 1.509896625000000000e+06
1.000000000000000000e+00 -1.409999999999999969e-02 -3.699999999999999817e-02 2.160000000000000114e-02 -1.679999999999999896e-02 -2.889999999999999861e-02 -7.700000000000000247e-03 -7.199999999999999803e-03 -2.832000000000000073e-01 -4.099999999999999478e-03 8.000000000000020983e-04 1.230000000000000190e-02 1.199999999999999678e-03 1.988100000000000023e-04 1.368999999999999774e-03 4.665600000000000324e-04 2.822399999999999540e-04 8.352099999999999672e-04 5.929000000000000324e-05 5.183999999999999833e-05 8.020224000000000797e-02 1.680999999999999660e-05 6.400000000000034015e-07 1.512900000000000507e-04 1.439999999999999130e-06 1.428365750000000000e+06 1.509171250000000000e+06
1.000000000000000000e+00 -2.630000000000000046e-02 1.535999999999999865e-01 2.500000000000000139e-02 -2.750000000000000014e-02 -6.619999999999999496e-02 -2.419999999999999929e-02 -1.220000000000000077e-02 1.905999999999999917e-01 3.400000000000000244e-03 -1.070000000000000118e-02 -3.729999999999999982e-02 -1.650000000000000078e-02 6.916900000000000132e-04 2.359295999999999616e-02 6.250000000000001214e-04 7.562499999999999778e-04 4.382439999999999600e-03 5.856400000000000104e-04 1.488400000000000183e-04 3.632835999999999704e-02 1.156000000000000113e-05 1.144900000000000236e-04 1.391289999999999888e-03 2.722500000000000310e-04 1.426381250000000000e+06 1.505515625000000000e+06
1.000000000000000000e+00 -3.289999999999999869e-02 1.160999999999999949e-01 1.919999999999999832e-02 -4.150000000000000216e-02 -6.500000000000000222e-02 -2.549999999999999836e-02 -6.599999999999998229e-03 -3.749999999999999167e-02 -5.800000000000003070e-03 -1.400000000000000203e-02 1.199999999999992739e-03 -1.299999999999999073e-03 1.082410000000000013e-03 1.347920999999999842e-02 3.686399999999999400e-04 1.722250000000000256e-03 4.225000000000000457e-03 6.502499999999998949e-04 4.355999999999997596e-05 1.406249999999999297e-03 3.364000000000003706e-05 1.960000000000000479e-04 1.439999999999982613e-06 1.689999999999997584e-06 1.425124625000000000e+06 1.503244500000000000e+06
1.000000000000000000e+00 -3.899999999999999994e-02 8.290000000000000147e-02 1.880000000000000074e-02 -4.370000000000000273e-02 -5.659999999999999754e-02 -3.219999999999999946e-02 -6.100000000000001255e-03 -3.319999999999999341e-02 -3.999999999999975797e-04 -2.200000000000000566e-03 8.400000000000004685e-03 -6.700000000000001094e-03 1.521000000000000000e-03 6.872410000000000671e-03 3.534400000000000042e-04 1.909690000000000346e-03 3.203559999999999828e-03 1.036840000000000027e-03 3.721000000000001813e-05 1.102239999999999557e-03 1.599999999999980711e-07 4.840000000000002788e-06 7.056000000000008337e-05 4.489000000000001236e-05 1.426153625000000000e+06 1.504578750000000000e+06
1.000000000000000000e+00 -5.550000000000000072e-02 1.280000000000000027e-01 4.000000000000000083e-03 -5.879999999999999810e-02 -1.209999999999999964e-02 -3.219999999999999946e-02 -1.650000000000000078e-02 4.510000000000000120e-02 -1.480000000000000066e-02 -1.509999999999999537e-02 4.449999999999999789e-02 0.000000000000000000e+00 3.080250000000000089e-03 1.638399999999999926e-02 1.599999999999999928e-05 3.457439999999999992e-03 1.464100000000000026e-04 1.036840000000000027e-03 2.722500000000000310e-04 2.034010000000000158e-03 2.190400000000000170e-04 2.280099999999998718e-04 1.980249999999999806e-03 0.000000000000000000e+00 1.426809750000000000e+06 1.506475250000000000e+06
1.000000000000000000e+00 -7.499999999999999722e-02 1.175999999999999962e-01 2.050000000000000086e-02 -7.330000000000000404e-02 -2.630000000000000046e-02 -4.410000000000000031e-02 -1.949999999999999650e-02 -1.040000000000000646e-02 1.650000000000000078e-02 -1.450000000000000594e-02 -1.420000000000000082e-02 -1.190000000000000085e-02 5.624999999999999792e-03 1.382975999999999997e-02 4.202500000000000506e-04 5.372890000000000825e-03 6.916900000000000132e-04 1.944809999999999942e-03 3.802499999999998373e-04 1.081600000000001300e-04 2.722500000000000310e-04 2.102500000000001774e-04 2.016400000000000278e-04 1.416100000000000214e-04 1.427061250000000000e+06 1.505461875000000000e+06
1.000000000000000000e+00 -6.239999999999999714e-02 9.579999999999999627e-02 3.049999999999999933e-02 -5.859999999999999931e-02 -3.099999999999999978e-02 -4.100000000000000172e-02 1.260000000000000009e-02 -2.179999999999999993e-02 9.999999999999998473e-03 1.470000000000000473e-02 -4.699999999999999317e-03 3.099999999999998590e-03 3.893759999999999583e-03 9.177639999999999063e-03 9.302499999999999788e-04 3.433959999999999790e-03 9.609999999999999402e-04 1.681000000000000202e-03 1.587600000000000046e-04 4.752399999999999832e-04 9.999999999999996413e-05 2.160900000000001351e-04 2.208999999999999348e-05 9.609999999999991000e-06 1.426440500000000000e+06 1.503411625000000000e+06
1.000000000000000000e+00 -6.900000000000000577e-02 7.359999999999999876e-02 2.610000000000000167e-02 -6.419999999999999318e-02 -4.329999999999999821e-02 -4.649999999999999967e-02 -6.600000000000008638e-03 -2.219999999999999751e-02 -4.399999999999997663e-03 -5.599999999999993872e-03 -1.229999999999999843e-02 -5.499999999999997946e-03 4.761000000000000475e-03 5.416960000000000178e-03 6.812100000000001271e-04 4.121639999999999332e-03 1.874889999999999933e-03 2.162250000000000109e-03 4.356000000000011149e-05 4.928399999999999231e-04 1.935999999999998066e-05 3.135999999999993014e-05 1.512899999999999694e-04 3.024999999999997634e-05 1.426546875000000000e+06 1.501774625000000000e+06
1.000000000000000000e+00 -6.729999999999999871e-02 9.110000000000000042e-02 3.579999999999999849e-02 -5.999999999999999778e-02 -4.089999999999999886e-02 -4.649999999999999967e-02 1.700000000000007061e-03 1.750000000000000167e-02 9.699999999999996819e-03 4.199999999999995404e-03 2.399999999999999356e-03 0.000000000000000000e+00 4.529290000000000052e-03 8.299209999999999574e-03 1.281639999999999906e-03 3.599999999999999901e-03 1.672809999999999835e-03 2.162250000000000109e-03 2.890000000000023999e-06 3.062500000000000443e-04 9.408999999999993432e-05 1.763999999999995986e-05 5.759999999999996521e-06 0.000000000000000000e+00 1.427238000000000000e+06 1.501736875000000000e+06
1.000000000000000000e+00 -7.729999999999999372e-02 5.539999999999999786e-02 2.769999999999999893e-02 -5.890000000000000097e-02 -1.014000000000000040e-01 -6.350000000000000089e-02 -9.999999999999995004e-03 -3.570000000000000256e-02 -8.099999999999999561e-03 1.099999999999996814e-03 -6.050000000000000516e-02 -1.700000000000000122e-02 5.975289999999999421e-03 3.069159999999999597e-03 7.672899999999998992e-04 3.469209999999999915e-03 1.028196000000000145e-02 4.032250000000000244e-03 9.999999999999989637e-05 1.274490000000000085e-03 6.560999999999999016e-05 1.209999999999993074e-06 3.660250000000000743e-03 2.890000000000000316e-04 1.424946250000000000e+06 1.501629750000000000e+06
1.000000000000000000e+00 -8.250000000000000389e-02 -5.000000000000000104e-04 6.279999999999999472e-02 -6.479999999999999649e-02 -2.099000000000000032e-01 -7.910000000000000364e-02 -5.200000000000010170e-03 -5.589999999999999830e-02 3.509999999999999232e-02 -5.899999999999995526e-03 -1.084999999999999992e-01 -1.560000000000000275e-02 6.806250000000000668e-03 2.499999999999999887e-07 3.943839999999999672e-03 4.199039999999999370e-03 4.405801000000000162e-02 6.256810000000000670e-03 2.704000000000010703e-05 3.124810000000000001e-03 1.232009999999999529e-03 3.480999999999994624e-05 1.177224999999999973e-02 2.433600000000000823e-04 1.423741750000000000e+06 1.496983500000000000e+06
1.000000000000000000e+00 -9.360000000000000264e-02 -5.400000000000000286e-03 5.000000000000000278e-02 -8.210000000000000631e-02 -1.570999999999999897e-01 -6.460000000000000464e-02 -1.109999999999999876e-02 -4.899999999999999842e-03 -1.279999999999999194e-02 -1.730000000000000981e-02 5.280000000000001359e-02 1.449999999999999900e-02 8.760959999999999928e-03 2.916000000000000203e-05 2.500000000000000486e-03 6.740410000000001366e-03 2.468040999999999638e-02 4.173160000000000411e-03 1.232099999999999808e-04 2.400999999999999882e-05 1.638399999999997866e-04 2.992900000000003414e-04 2.787840000000001497e-03 2.102499999999999606e-04 1.424450625000000000e+06 1.496557750000000000e+06
1.000000000000000000e+00 -9.700000000000000289e-02 2.805000000000000271e-01 5.800000000000000294e-02 -7.910000000000000364e-02 8.909999999999999865e-02 -6.729999999999999871e-02 -3.400000000000000244e-03 2.859000000000000430e-01 8.000000000000000167e-03 3.000000000000002665e-03 2.461999999999999744e-01 -2.699999999999994071e-03 9.409000000000000696e-03 7.868025000000002100e-02 3.364000000000000237e-03 6.256810000000000670e-03 7.938809999999999270e-03 4.529290000000000052e-03 1.156000000000000113e-05 8.173881000000002284e-02 6.399999999999999710e-05 9.000000000000015475e-06 6.061443999999998472e-02 7.289999999999968319e-06 1.424050750000000000e+06 1.499500000000000000e+06
1.000000000000000000e+00 -9.600000000000000200e-02 3.032000000000000250e-01 5.430000000000000104e-02 -8.039999999999999925e-02 9.579999999999999627e-02 -6.010000000000000064e-02 1.000000000000000888e-03 2.269999999999999796e-02 -3.700000000000001898e-03 -1.299999999999995604e-03 6.699999999999997624e-03 7.199999999999998068e-03 9.216000000000000233e-03 9.193024000000001028e-02 2.948490000000000225e-03 6.464160000000000045e-03 9.177639999999999063e-03 3.612010000000000134e-03 1.000000000000001861e-06 5.152899999999999538e-04 1.369000000000001462e-05 1.689999999999988478e-06 4.488999999999996492e-05 5.183999999999997123e-05 1.424929250000000000e+06 1.500400625000000000e+06
1.000000000000000000e+00 -8.809999999999999776e-02 3.235999999999999988e-01 7.430000000000000493e-02 -7.580000000000000626e-02 7.370000000000000162e-02 -6.569999999999999452e-02 7.900000000000004241e-03 2.039999999999997371e-02 2.000000000000000389e-02 4.599999999999992983e-03 -2.209999999999999465e-02 -5.599999999999993872e-03 7.761609999999999517e-03 1.047169599999999978e-01 5.520490000000001160e-03 5.745640000000000643e-03 5.431690000000000303e-03 4.316489999999999216e-03 6.241000000000006146e-05 4.161599999999989158e-04 4.000000000000001818e-04 2.115999999999993632e-05 4.884099999999997775e-04 3.135999999999993014e-05 1.424405500000000000e+06 1.499001625000000000e+06
1.000000000000000000e+00 -8.949999999999999623e-02 3.029000000000000026e-01 6.900000000000000577e-02 -7.989999999999999880e-02 7.130000000000000226e-02 -6.619999999999999496e-02 -1.399999999999998468e-03 -2.069999999999999618e-02 -5.299999999999999156e-03 -4.099999999999992539e-03 -2.399999999999999356e-03 -5.000000000000004441e-04 8.010250000000000009e-03 9.174841000000000246e-02 4.761000000000000475e-03 6.384009999999999858e-03 5.083690000000000084e-03 4.382439999999999600e-03 1.959999999999995634e-06 4.284899999999998497e-04 2.808999999999999025e-05 1.680999999999993900e-05 5.759999999999996521e-06 2.500000000000004651e-07 1.424583750000000000e+06 1.497517750000000000e+06
1.000000000000000000e+00 -8.309999999999999332e-02 3.200999999999999956e-01 6.560000000000000553e-02 -7.580000000000000626e-02 7.969999999999999307e-02 -6.310000000000000331e-02 6.400000000000002909e-03 1.719999999999999307e-02 -3.400000000000000244e-03 4.099999999999992539e-03 8.399999999999990807e-03 3.099999999999991651e-03 6.905609999999998659e-03 1.024640099999999943e-01 4.303360000000000865e-03 5.745640000000000643e-03 6.352089999999998605e-03 3.981610000000000010e-03 4.096000000000003474e-05 2.958399999999997425e-04 1.156000000000000113e-05 1.680999999999993900e-05 7.055999999999983943e-05 9.609999999999948648e-06 1.424037000000000000e+06 1.499327250000000000e+06
1.000000000000000000e+00 -8.599999999999999312e-02 3.212999999999999745e-01 6.429999999999999605e-02 -6.800000000000000488e-02 5.920000000000000262e-02 -6.090000000000000274e-02 -2.899999999999999800e-03 1.199999999999978861e-03 -1.300000000000009481e-03 7.800000000000001377e-03 -2.049999999999999045e-02 2.200000000000000566e-03 7.395999999999998929e-03 1.032336899999999891e-01 4.134489999999999346e-03 4.624000000000000506e-03 3.504640000000000272e-03 3.708810000000000318e-03 8.409999999999999101e-06 1.439999999999949367e-06 1.690000000000024689e-06 6.084000000000002058e-05 4.202499999999996169e-04 4.840000000000002788e-06 1.423777625000000000e+06 1.499714875000000000e+06
1.000000000000000000e+00 -8.129999999999999727e-02 2.612999999999999767e-01 5.709999999999999798e-02 -6.959999999999999520e-02 5.210000000000000048e-02 -7.309999999999999831e-02 4.699999999999995848e-03 -5.999999999999999778e-02 -7.199999999999998068e-03 -1.599999999999990319e-03 -7.100000000000002143e-03 -1.219999999999999557e-02 6.609689999999999663e-03 6.827768999999998811e-02 3.260409999999999611e-03 4.844159999999999265e-03 2.714410000000000000e-03 5.343609999999999506e-03 2.208999999999995960e-05 3.599999999999999901e-03 5.183999999999997123e-05 2.559999999999969137e-06 5.041000000000002727e-05 1.488399999999998828e-04 1.423582625000000000e+06 1.498561125000000000e+06
1.000000000000000000e+00 -8.699999999999999400e-02 2.641999999999999904e-01 4.449999999999999789e-02 -7.449999999999999678e-02 5.949999999999999734e-02 -7.470000000000000251e-02 -5.699999999999996736e-03 2.900000000000013678e-03 -1.260000000000000009e-02 -4.900000000000001577e-03 7.399999999999996858e-03 -1.600000000000004197e-03 7.568999999999999340e-03 6.980163999999999813e-02 1.980249999999999806e-03 5.550249999999999628e-03 3.540249999999999560e-03 5.580090000000000224e-03 3.248999999999996167e-05 8.410000000000078722e-06 1.587600000000000046e-04 2.401000000000001576e-05 5.475999999999995682e-05 2.560000000000013606e-06 1.424623875000000000e+06 1.496262500000000000e+06
1.000000000000000000e+00 -1.005999999999999950e-01 3.148000000000000242e-01 3.889999999999999708e-02 -8.140000000000000013e-02 9.479999999999999538e-02 -7.720000000000000473e-02 -1.360000000000000098e-02 5.060000000000003384e-02 -5.600000000000000810e-03 -6.900000000000003353e-03 3.529999999999999805e-02 -2.500000000000002220e-03 1.012035999999999838e-02 9.909904000000001323e-02 1.513209999999999859e-03 6.625960000000000183e-03 8.987039999999999959e-03 5.959840000000000970e-03 1.849600000000000181e-04 2.560360000000003276e-03 3.136000000000001146e-05 4.761000000000004730e-05 1.246089999999999828e-03 6.250000000000011311e-06 1.425176250000000000e+06 1.498186750000000000e+06
1.000000000000000000e+00 -9.039999999999999425e-02 3.568999999999999950e-01 7.080000000000000182e-02 -6.779999999999999916e-02 5.840000000000000052e-02 -8.129999999999999727e-02 1.020000000000000073e-02 4.209999999999997078e-02 3.190000000000000474e-02 1.360000000000000098e-02 -3.639999999999999486e-02 -4.099999999999992539e-03 8.172159999999999494e-03 1.273776100000000022e-01 5.012640000000000498e-03 4.596839999999999607e-03 3.410559999999999981e-03 6.609689999999999663e-03 1.040400000000000135e-04 1.772409999999997486e-03 1.017610000000000389e-03 1.849600000000000181e-04 1.324959999999999593e-03 1.680999999999993900e-05 1.424784000000000000e+06 1.499187625000000000e+06
1.000000000000000000e+00 -9.610000000000000486e-02 3.496000000000000218e-01 7.270000000000000073e-02 -6.619999999999999496e-02 3.020000000000000115e-02 -8.250000000000000389e-02 -5.700000000000010614e-03 -7.299999999999973177e-03 1.899999999999998912e-03 1.600000000000004197e-03 -2.819999999999999937e-02 -1.200000000000006617e-03 9.235210000000000641e-03 1.222201600000000221e-01 5.285289999999999780e-03 4.382439999999999600e-03 9.120400000000000295e-04 6.806250000000000668e-03 3.249000000000012430e-05 5.328999999999960667e-05 3.609999999999995930e-06 2.560000000000013606e-06 7.952400000000000094e-04 1.440000000000015859e-06 1.424052875000000000e+06 1.497459250000000000e+06
1.000000000000000000e+00 -9.929999999999999938e-02 3.665999999999999814e-01 6.230000000000000121e-02 -6.750000000000000444e-02 5.720000000000000084e-02 -7.850000000000000033e-02 -3.199999999999994515e-03 1.699999999999995959e-02 -1.039999999999999952e-02 -1.300000000000009481e-03 2.699999999999999969e-02 4.000000000000003553e-03 9.860489999999999533e-03 1.343955599999999972e-01 3.881290000000000347e-03 4.556250000000000404e-03 3.271840000000000252e-03 6.162250000000000193e-03 1.023999999999996464e-05 2.889999999999986221e-04 1.081599999999999944e-04 1.690000000000024689e-06 7.289999999999999388e-04 1.600000000000002977e-05 1.425088500000000000e+06 1.497764875000000000e+06
1.000000000000000000e+00 -8.619999999999999885e-02 4.061000000000000165e-01 8.319999999999999618e-02 -5.170000000000000290e-02 2.680000000000000090e-02 -6.629999999999999782e-02 1.310000000000000053e-02 3.950000000000003508e-02 2.089999999999999497e-02 1.580000000000000154e-02 -3.039999999999999994e-02 1.220000000000000251e-02 7.430439999999999962e-03 1.649172100000000085e-01 6.922239999999999643e-03 2.672890000000000248e-03 7.182400000000000893e-04 4.395689999999999840e-03 1.716100000000000188e-04 1.560250000000002824e-03 4.368099999999997701e-04 2.496400000000000290e-04 9.241600000000000422e-04 1.488400000000000725e-04 1.424638125000000000e+06 1.498275125000000000e+06
1.000000000000000000e+00 -9.210000000000000131e-02 3.743000000000000216e-01 7.130000000000000226e-02 -6.650000000000000355e-02 3.520000000000000212e-02 -7.969999999999999307e-02 -5.900000000000002465e-03 -3.179999999999999494e-02 -1.189999999999999392e-02 -1.480000000000000066e-02 8.400000000000001216e-03 -1.339999999999999525e-02 8.482410000000000991e-03 1.401004900000000220e-01 5.083690000000000084e-03 4.422250000000000833e-03 1.239040000000000063e-03 6.352089999999998605e-03 3.481000000000002755e-05 1.011239999999999622e-03 1.416099999999998588e-04 2.190400000000000170e-04 7.056000000000001561e-05 1.795599999999998597e-04 1.424476000000000000e+06 1.497599250000000000e+06
1.000000000000000000e+00 -8.920000000000000151e-02 1.176999999999999991e-01 6.600000000000000311e-02 -6.410000000000000420e-02 1.640000000000000138e-02 -8.989999999999999380e-02 2.899999999999999800e-03 -2.566000000000000503e-01 -5.299999999999999156e-03 2.399999999999999356e-03 -1.880000000000000074e-02 -1.020000000000000073e-02 7.956640000000000934e-03 1.385328999999999901e-02 4.356000000000000497e-03 4.108810000000000934e-03 2.689600000000000541e-04 8.082009999999998848e-03 8.409999999999999101e-06 6.584356000000002318e-02 2.808999999999999025e-05 5.759999999999996521e-06 3.534400000000000042e-04 1.040400000000000135e-04 1.424175375000000000e+06 1.494664500000000000e+06
1.000000000000000000e+00 -9.629999999999999671e-02 3.541000000000000258e-01 3.529999999999999805e-02 -6.279999999999999472e-02 4.809999999999999692e-02 -8.690000000000000502e-02 -7.099999999999995204e-03 2.364000000000000268e-01 -3.070000000000000506e-02 1.300000000000009481e-03 3.169999999999999207e-02 2.999999999999988787e-03 9.273689999999999364e-03 1.253868100000000152e-01 1.246089999999999828e-03 3.943839999999999672e-03 2.313609999999999799e-03 7.551610000000001134e-03 5.040999999999993240e-05 5.588496000000001129e-02 9.424900000000003631e-04 1.690000000000024689e-06 1.004889999999999603e-03 8.999999999999932465e-06 1.424731875000000000e+06 1.495161000000000000e+06
1.000000000000000000e+00 -1.024999999999999939e-01 1.433999999999999997e-01 4.100000000000000172e-02 -7.119999999999999940e-02 8.590000000000000413e-02 -9.389999999999999736e-02 -6.199999999999997180e-03 -2.107000000000000262e-01 5.700000000000003675e-03 -8.400000000000004685e-03 3.780000000000000721e-02 -6.999999999999992339e-03 1.050624999999999823e-02 2.056356000000000156e-02 1.681000000000000202e-03 5.069439999999999710e-03 7.378810000000000403e-03 8.817209999999998937e-03 3.843999999999996400e-05 4.439449000000000867e-02 3.249000000000004299e-05 7.056000000000008337e-05 1.428840000000000448e-03 4.899999999999989000e-05 1.424518875000000000e+06 1.496415750000000000e+06
1.000000000000000000e+00 -9.020000000000000240e-02 4.249999999999999889e-01 7.190000000000000557e-02 -6.260000000000000286e-02 3.080000000000000099e-02 -9.510000000000000397e-02 1.229999999999999150e-02 2.815999999999999615e-01 3.090000000000000385e-02 8.599999999999996536e-03 -5.510000000000000314e-02 -1.200000000000006617e-03 8.136040000000000633e-03 1.806249999999999800e-01 5.169610000000000698e-03 3.918760000000000299e-03 9.486400000000000518e-04 9.044009999999999896e-03 1.512899999999997797e-04 7.929855999999997629e-02 9.548100000000002722e-04 7.395999999999993562e-05 3.036010000000000444e-03 1.440000000000015859e-06 1.423957000000000000e+06 1.495646125000000000e+06
1.000000000000000000e+00 -1.026999999999999996e-01 1.988999999999999935e-01 7.049999999999999323e-02 -7.789999999999999702e-02 3.239999999999999825e-02 -1.059999999999999970e-01 -1.249999999999999722e-02 -2.260999999999999954e-01 -1.400000000000012346e-03 -1.529999999999999416e-02 1.599999999999997258e-03 -1.089999999999999303e-02 1.054728999999999910e-02 3.956120999999999943e-02 4.970249999999998974e-03 6.068409999999999777e-03 1.049759999999999843e-03 1.123599999999999946e-02 1.562499999999999219e-04 5.112121000000000026e-02 1.960000000000034597e-06 2.340899999999998136e-04 2.559999999999991160e-06 1.188099999999998467e-04 1.423721625000000000e+06 1.494752625000000000e+06
1.000000000000000000e+00 -9.220000000000000417e-02 2.785000000000000253e-01 1.026999999999999996e-01 -6.740000000000000158e-02 1.480000000000000066e-02 -1.029999999999999943e-01 1.049999999999999545e-02 7.960000000000003184e-02 3.220000000000000639e-02 1.049999999999999545e-02 -1.759999999999999759e-02 3.000000000000002665e-03 8.500840000000000826e-03 7.756225000000001313e-02 1.054728999999999910e-02 4.542759999999999854e-03 2.190400000000000170e-04 1.060899999999999864e-02 1.102499999999999016e-04 6.336160000000004740e-03 1.036840000000000461e-03 1.102499999999999016e-04 3.097599999999999074e-04 9.000000000000015475e-06 1.423172375000000000e+06 1.495013750000000000e+06
1.000000000000000000e+00 -9.320000000000000506e-02 3.125999999999999890e-01 1.066000000000000003e-01 -7.099999999999999367e-02 3.080000000000000099e-02 -9.750000000000000333e-02 -1.000000000000000888e-03 3.409999999999996367e-02 3.900000000000000688e-03 -3.599999999999992095e-03 1.600000000000000033e-02 5.499999999999991007e-03 8.686240000000001321e-03 9.771875999999998785e-02 1.136355999999999998e-02 5.040999999999999474e-03 9.486400000000000518e-04 9.506250000000000810e-03 1.000000000000001861e-06 1.162809999999997630e-03 1.521000000000000515e-05 1.295999999999994368e-05 2.559999999999999884e-04 3.024999999999990180e-05 1.424344000000000000e+06 1.496810500000000000e+06
1.000000000000000000e+00 -8.649999999999999356e-02 3.079000000000000070e-01 1.068999999999999950e-01 -6.519999999999999407e-02 1.810000000000000150e-02 -9.990000000000000269e-02 6.700000000000011502e-03 -4.699999999999981970e-03 2.999999999999947153e-04 5.799999999999999600e-03 -1.269999999999999948e-02 -2.399999999999999356e-03 7.482249999999999318e-03 9.480241000000000362e-02 1.142760999999999950e-02 4.251039999999999333e-03 3.276100000000000431e-04 9.980010000000000964e-03 4.489000000000015466e-05 2.208999999999983085e-05 8.999999999999683544e-08 3.363999999999999640e-05 1.612899999999999957e-04 5.759999999999996521e-06 1.425140750000000000e+06 1.499673875000000000e+06
1.000000000000000000e+00 -8.550000000000000655e-02 2.958000000000000074e-01 8.890000000000000679e-02 -6.550000000000000266e-02 -2.599999999999999881e-03 -1.028000000000000025e-01 9.999999999999870104e-04 -1.209999999999999964e-02 -1.799999999999998823e-02 -3.000000000000085931e-04 -2.070000000000000312e-02 -2.899999999999999800e-03 7.310250000000000775e-03 8.749764000000000153e-02 7.903210000000000790e-03 4.290250000000000660e-03 6.759999999999999652e-06 1.056784000000000022e-02 9.999999999999741202e-07 1.464100000000000026e-04 3.239999999999995813e-04 9.000000000000516018e-08 4.284900000000001208e-04 8.409999999999999101e-06 1.425207250000000000e+06 1.499319500000000000e+06
1.000000000000000000e+00 -7.670000000000000429e-02 2.722999999999999865e-01 8.500000000000000611e-02 -5.809999999999999887e-02 -1.290000000000000001e-02 -1.021999999999999992e-01 8.800000000000002265e-03 -2.350000000000002087e-02 -3.900000000000000688e-03 7.400000000000003797e-03 -1.030000000000000013e-02 6.000000000000033085e-04 5.882890000000000862e-03 7.414728999999999071e-02 7.225000000000001386e-03 3.375609999999999809e-03 1.664100000000000008e-04 1.044484000000000037e-02 7.744000000000004461e-05 5.522500000000009823e-04 1.521000000000000515e-05 5.476000000000005847e-05 1.060900000000000092e-04 3.600000000000039648e-07 1.425689000000000000e+06 1.497505875000000000e+06
1.000000000000000000e+00 -7.960000000000000409e-02 2.711000000000000076e-01 4.639999999999999680e-02 -5.650000000000000161e-02 2.649999999999999925e-02 -9.510000000000000397e-02 -2.899999999999999800e-03 -1.199999999999978861e-03 -3.860000000000000930e-02 1.599999999999997258e-03 3.939999999999999752e-02 7.099999999999995204e-03 6.336160000000000403e-03 7.349521000000000526e-02 2.152959999999999770e-03 3.192250000000000209e-03 7.022499999999999663e-04 9.044009999999999896e-03 8.409999999999999101e-06 1.439999999999949367e-06 1.489960000000000676e-03 2.559999999999991160e-06 1.552359999999999808e-03 5.040999999999993240e-05 1.425882125000000000e+06 1.497524125000000000e+06
1.000000000000000000e+00 -8.409999999999999420e-02 3.457999999999999963e-01 1.053000000000000047e-01 -6.160000000000000198e-02 8.300000000000000086e-03 -1.057000000000000023e-01 -4.499999999999990119e-03 7.469999999999998863e-02 5.890000000000000790e-02 -5.100000000000000366e-03 -1.820000000000000090e-02 -1.059999999999999831e-02 7.072809999999998820e-03 1.195776399999999989e-01 1.108809000000000183e-02 3.794560000000000207e-03 6.888999999999999941e-05 1.117249000000000020e-02 2.024999999999990946e-05 5.580089999999998489e-03 3.469210000000000783e-03 2.601000000000000339e-05 3.312400000000000067e-04 1.123599999999999610e-04 1.425486500000000000e+06 1.498038375000000000e+06
1.000000000000000000e+00 -8.609999999999999598e-02 3.207999999999999741e-01 8.930000000000000437e-02 -6.800000000000000488e-02 1.280000000000000061e-02 -1.033000000000000029e-01 -2.000000000000001776e-03 -2.500000000000002220e-02 -1.600000000000000033e-02 -6.400000000000002909e-03 4.500000000000000527e-03 2.399999999999999356e-03 7.413209999999999071e-03 1.029126399999999858e-01 7.974490000000000745e-03 4.624000000000000506e-03 1.638400000000000034e-04 1.067089000000000058e-02 4.000000000000007442e-06 6.250000000000010972e-04 2.559999999999999884e-04 4.096000000000003474e-05 2.025000000000000432e-05 5.759999999999996521e-06 1.424705500000000000e+06 1.496473250000000000e+06
1.000000000000000000e+00 -8.730000000000000260e-02 2.913000000000000034e-01 9.589999999999999913e-02 -7.699999999999999900e-02 -1.559999999999999928e-02 -1.146999999999999964e-01 -1.200000000000006617e-03 -2.949999999999997069e-02 6.599999999999994760e-03 -8.999999999999994116e-03 -2.840000000000000163e-02 -1.139999999999999347e-02 7.621290000000000182e-03 8.485568999999999751e-02 9.196809999999999707e-03 5.929000000000000242e-03 2.433599999999999739e-04 1.315608999999999876e-02 1.440000000000015859e-06 8.702499999999983036e-04 4.355999999999992853e-05 8.099999999999989533e-05 8.065600000000001111e-04 1.299599999999998467e-04 1.424097500000000000e+06 1.496538250000000000e+06
1.000000000000000000e+00 -7.699999999999999900e-02 2.803999999999999826e-01 7.969999999999999307e-02 -6.629999999999999782e-02 -7.199999999999999803e-03 -1.123999999999999999e-01 1.030000000000000360e-02 -1.090000000000002078e-02 -1.620000000000000606e-02 1.070000000000000118e-02 8.399999999999999481e-03 2.299999999999996492e-03 5.929000000000000242e-03 7.862415999999998462e-02 6.352089999999998605e-03 4.395689999999999840e-03 5.183999999999999833e-05 1.263376000000000082e-02 1.060900000000000769e-04 1.188100000000004566e-04 2.624400000000001775e-04 1.144900000000000236e-04 7.055999999999998851e-05 5.289999999999984080e-06 1.424883625000000000e+06 1.496635875000000000e+06
1.000000000000000000e+00 -9.619999999999999385e-02 3.659000000000000030e-01 7.309999999999999831e-02 -8.160000000000000586e-02 2.840000000000000163e-02 -1.207000000000000017e-01 -1.919999999999999485e-02 8.550000000000002043e-02 -6.599999999999994760e-03 -1.530000000000000804e-02 3.559999999999999970e-02 -8.300000000000001821e-03 9.254439999999999195e-03 1.338828099999999910e-01 5.343609999999999506e-03 6.658560000000000867e-03 8.065600000000001111e-04 1.456848999999999991e-02 3.686399999999997773e-04 7.310250000000003377e-03 4.355999999999992853e-05 2.340900000000002473e-04 1.267359999999999928e-03 6.889000000000002652e-05 1.424245000000000000e+06 1.500123625000000000e+06
1.000000000000000000e+00 -9.479999999999999538e-02 3.890000000000000124e-01 9.059999999999999998e-02 -7.620000000000000384e-02 9.700000000000000289e-03 -1.292999999999999983e-01 1.399999999999998468e-03 2.310000000000000941e-02 1.750000000000000167e-02 5.400000000000002021e-03 -1.870000000000000134e-02 -8.599999999999996536e-03 8.987039999999999959e-03 1.513210000000000111e-01 8.208359999999999615e-03 5.806440000000000386e-03 9.409000000000000208e-05 1.671848999999999905e-02 1.959999999999995634e-06 5.336100000000004425e-04 3.062500000000000443e-04 2.916000000000002236e-05 3.496900000000000485e-04 7.395999999999993562e-05 1.424307625000000000e+06 1.499355375000000000e+06
1.000000000000000000e+00 -9.020000000000000240e-02 4.189999999999999836e-01 9.089999999999999469e-02 -7.040000000000000424e-02 1.679999999999999896e-02 -1.297000000000000097e-01 4.599999999999992983e-03 2.999999999999997113e-02 2.999999999999947153e-04 5.799999999999999600e-03 7.099999999999998673e-03 -4.000000000000114575e-04 8.136040000000000633e-03 1.755609999999999948e-01 8.262809999999998906e-03 4.956160000000000253e-03 2.822399999999999540e-04 1.682209000000000135e-02 2.115999999999993632e-05 8.999999999999982406e-04 8.999999999999683544e-08 3.363999999999999640e-05 5.040999999999997984e-05 1.600000000000091619e-07 1.424026000000000000e+06 1.499997125000000000e+06
1.000000000000000000e+00 -8.590000000000000413e-02 1.731000000000000039e-01 6.060000000000000109e-02 -7.240000000000000602e-02 5.000000000000000104e-03 -1.265999999999999903e-01 4.299999999999998268e-03 -2.458999999999999797e-01 -3.029999999999999361e-02 -2.000000000000001776e-03 -1.179999999999999799e-02 3.100000000000019407e-03 7.378810000000000403e-03 2.996361000000000163e-02 3.672359999999999947e-03 5.241760000000000690e-03 2.500000000000000120e-05 1.602755999999999625e-02 1.848999999999998391e-05 6.046680999999998890e-02 9.180899999999996616e-04 4.000000000000007442e-06 1.392399999999999476e-04 9.610000000000119749e-06 1.424104875000000000e+06 1.501311750000000000e+06
1.000000000000000000e+00 -8.590000000000000413e-02 1.834000000000000075e-01 5.899999999999999689e-02 -7.320000000000000118e-02 1.370000000000000037e-02 -1.283999999999999864e-01 0.000000000000000000e+00 1.030000000000000360e-02 -1.600000000000004197e-03 -7.999999999999951594e-04 8.699999999999999400e-03 -1.799999999999996048e-03 7.378810000000000403e-03 3.363556000000000185e-02 3.480999999999999719e-03 5.358240000000000225e-03 1.876900000000000139e-04 1.648655999999999733e-02 0.000000000000000000e+00 1.060900000000000769e-04 2.560000000000013606e-06 6.399999999999922842e-07 7.568999999999998852e-05 3.239999999999985920e-06 1.425312125000000000e+06 1.502370625000000000e+06
1.000000000000000000e+00 -1.081000000000000016e-01 2.575999999999999956e-01 3.209999999999999659e-02 -8.619999999999999885e-02 5.639999999999999875e-02 -1.355000000000000093e-01 -2.219999999999999751e-02 7.419999999999998819e-02 -2.690000000000000030e-02 -1.299999999999999767e-02 4.270000000000000184e-02 -7.100000000000022959e-03 1.168561000000000079e-02 6.635776000000000174e-02 1.030409999999999833e-03 7.430439999999999962e-03 3.180960000000000037e-03 1.836025000000000157e-02 4.928399999999999231e-04 5.505639999999998278e-03 7.236099999999999650e-04 1.689999999999999337e-04 1.823290000000000197e-03 5.041000000000032543e-05 1.426574375000000000e+06 1.503665375000000000e+06
1.000000000000000000e+00 -1.149000000000000021e-01 3.094999999999999973e-01 8.039999999999999925e-02 -9.539999999999999869e-02 4.680000000000000132e-02 -1.358000000000000040e-01 -6.800000000000000488e-03 5.190000000000000169e-02 4.830000000000000265e-02 -9.199999999999999845e-03 -9.599999999999997424e-03 -2.999999999999947153e-04 1.320201000000000013e-02 9.579024999999999346e-02 6.464160000000000045e-03 9.101160000000000500e-03 2.190239999999999982e-03 1.844164000000000220e-02 4.624000000000000451e-05 2.693610000000000362e-03 2.332890000000000224e-03 8.464000000000000278e-05 9.215999999999994433e-05 8.999999999999683544e-08 1.426075000000000000e+06 1.500570750000000000e+06
1.000000000000000000e+00 -1.091000000000000025e-01 2.955999999999999739e-01 6.370000000000000662e-02 -9.080000000000000571e-02 4.429999999999999910e-02 -1.358000000000000040e-01 5.799999999999999600e-03 -1.390000000000002345e-02 -1.669999999999999263e-02 4.599999999999992983e-03 -2.500000000000002220e-03 0.000000000000000000e+00 1.190280999999999978e-02 8.737935999999998926e-02 4.057690000000000949e-03 8.244640000000000996e-03 1.962489999999999894e-03 1.844164000000000220e-02 3.363999999999999640e-05 1.932100000000006523e-04 2.788899999999997371e-04 2.115999999999993632e-05 6.250000000000011311e-06 0.000000000000000000e+00 1.425757375000000000e+06 1.498969750000000000e+06
1.000000000000000000e+00 -1.125000000000000028e-01 3.081999999999999740e-01 5.630000000000000282e-02 -8.659999999999999643e-02 2.319999999999999840e-02 -1.409999999999999865e-01 -3.400000000000000244e-03 1.260000000000000009e-02 -7.400000000000003797e-03 4.200000000000009281e-03 -2.110000000000000070e-02 -5.199999999999982414e-03 1.265625000000000083e-02 9.498723999999998668e-02 3.169690000000000181e-03 7.499559999999999733e-03 5.382399999999999424e-04 1.988099999999999590e-02 1.156000000000000113e-05 1.587600000000000046e-04 5.476000000000005847e-05 1.764000000000007844e-05 4.452100000000000285e-04 2.703999999999981565e-05 1.426923375000000000e+06 1.500654500000000000e+06
1.000000000000000000e+00 -1.035999999999999976e-01 2.520999999999999908e-01 5.439999999999999697e-02 -8.509999999999999509e-02 -3.000000000000000062e-03 -1.383000000000000063e-01 8.900000000000005129e-03 -5.609999999999998321e-02 -1.900000000000005851e-03 1.500000000000001332e-03 -2.619999999999999760e-02 2.699999999999980194e-03 1.073295999999999972e-02 6.355440999999999174e-02 2.959359999999999855e-03 7.242009999999999247e-03 9.000000000000000228e-06 1.912689000000000056e-02 7.921000000000009034e-05 3.147209999999997943e-03 3.610000000000022188e-06 2.250000000000003869e-06 6.864399999999998584e-04 7.289999999999892933e-06 1.425718250000000000e+06 1.497340625000000000e+06
1.000000000000000000e+00 -1.091000000000000025e-01 2.831000000000000183e-01 5.319999999999999729e-02 -9.289999999999999647e-02 1.590000000000000094e-02 -1.312000000000000111e-01 -5.500000000000004885e-03 3.100000000000002753e-02 -1.199999999999999678e-03 -7.800000000000001377e-03 1.890000000000000013e-02 7.099999999999995204e-03 1.190280999999999978e-02 8.014561000000000601e-02 2.830239999999999926e-03 8.630409999999999818e-03 2.528100000000000139e-04 1.721344000000000346e-02 3.025000000000005427e-05 9.610000000000016749e-04 1.439999999999999130e-06 6.084000000000002058e-05 3.572100000000000036e-04 5.040999999999993240e-05 1.425662500000000000e+06 1.497053250000000000e+06
1.000000000000000000e+00 -1.043000000000000038e-01 3.032000000000000250e-01 5.029999999999999749e-02 -9.429999999999999494e-02 5.929999999999999855e-02 -1.272999999999999965e-01 4.799999999999998712e-03 2.010000000000000675e-02 -2.899999999999999800e-03 -1.399999999999998468e-03 4.339999999999999414e-02 3.900000000000014566e-03 1.087849000000000108e-02 9.193024000000001028e-02 2.530089999999999596e-03 8.892489999999999423e-03 3.516489999999999720e-03 1.620529000000000067e-02 2.303999999999998608e-05 4.040100000000002738e-04 8.409999999999999101e-06 1.959999999999995634e-06 1.883559999999999401e-03 1.521000000000011357e-05 1.427264250000000000e+06 1.499316375000000000e+06
1.000000000000000000e+00 -9.779999999999999805e-02 3.728000000000000203e-01 7.209999999999999742e-02 -8.690000000000000502e-02 6.289999999999999758e-02 -1.320000000000000062e-01 6.500000000000005773e-03 6.959999999999999520e-02 2.179999999999999993e-02 7.399999999999989919e-03 3.599999999999999034e-03 -4.700000000000009726e-03 9.564839999999999801e-03 1.389798400000000211e-01 5.198409999999999663e-03 7.551610000000001134e-03 3.956409999999999615e-03 1.742400000000000199e-02 4.225000000000007829e-05 4.844159999999999265e-03 4.752399999999999832e-04 5.475999999999984840e-05 1.295999999999999281e-05 2.209000000000009174e-05 1.427040750000000000e+06 1.500006750000000000e+06
1.000000000000000000e+00 -9.379999999999999449e-02 3.991000000000000103e-01 8.309999999999999332e-02 -8.640000000000000457e-02 2.040000000000000147e-02 -1.338000000000000023e-01 4.000000000000003553e-03 2.629999999999999005e-02 1.099999999999999589e-02 5.000000000000004441e-04 -4.249999999999999611e-02 -1.799999999999996048e-03 8.798439999999999386e-03 1.592808099999999949e-01 6.905609999999998659e-03 7.464960000000000519e-03 4.161600000000000542e-04 1.790244000000000210e-02 1.600000000000002977e-05 6.916899999999994711e-04 1.209999999999999054e-04 2.500000000000004651e-07 1.806249999999999696e-03 3.239999999999985920e-06 1.426388250000000000e+06 1.499103125000000000e+06
1.000000000000000000e+00 -9.439999999999999780e-02 4.042999999999999927e-01 9.009999999999999953e-02 -8.440000000000000280e-02 2.929999999999999966e-02 -1.285000000000000031e-01 -6.000000000000033085e-04 5.199999999999982414e-03 7.000000000000006217e-03 2.000000000000001776e-03 8.899999999999998190e-03 5.299999999999999156e-03 8.911360000000000114e-03 1.634584899999999841e-01 8.118010000000000156e-03 7.123360000000000455e-03 8.584899999999999476e-04 1.651224999999999915e-02 3.600000000000039648e-07 2.703999999999981565e-05 4.900000000000008651e-05 4.000000000000007442e-06 7.920999999999996837e-05 2.808999999999999025e-05 1.426736750000000000e+06 1.498551875000000000e+06
1.000000000000000000e+00 -7.530000000000000582e-02 2.650000000000000133e-01 1.264000000000000123e-01 -8.690000000000000502e-02 2.009999999999999981e-02 -8.790000000000000591e-02 1.909999999999999198e-02 -1.392999999999999794e-01 3.630000000000001281e-02 -2.500000000000002220e-03 -9.199999999999999845e-03 4.059999999999999720e-02 5.670090000000000893e-03 7.022500000000000964e-02 1.597696000000000185e-02 7.551610000000001134e-03 4.040100000000000028e-04 7.726410000000001263e-03 3.648099999999997005e-04 1.940448999999999299e-02 1.317690000000000918e-03 6.250000000000011311e-06 8.464000000000000278e-05 1.648359999999999756e-03 1.425383750000000000e+06 1.498972875000000000e+06
1.000000000000000000e+00 -2.500000000000000052e-03 8.021000000000000352e-01 2.220000000000000098e-02 -9.400000000000000369e-03 3.124000000000000110e-01 7.430000000000000493e-02 7.280000000000000360e-02 5.371000000000000218e-01 -1.042000000000000148e-01 7.749999999999999944e-02 2.923000000000000043e-01 1.622000000000000108e-01 6.250000000000000300e-06 6.433644100000001087e-01 4.928400000000000315e-04 8.836000000000000104e-05 9.759376000000000162e-02 5.520490000000001160e-03 5.299840000000000106e-03 2.884764100000000164e-01 1.085764000000000347e-02 6.006250000000000304e-03 8.543929000000000107e-02 2.630884000000000347e-02 1.428198250000000000e+06 1.498513125000000000e+06
1.000000000000000000e+00 -3.950000000000000039e-02 1.633999999999999897e-01 -3.185999999999999943e-01 4.710000000000000298e-02 -1.670000000000000095e-01 -5.600000000000000117e-02 -3.699999999999999817e-02 -6.387000000000000455e-01 -3.407999999999999918e-01 5.650000000000000161e-02 -4.794000000000000483e-01 -1.302999999999999992e-01 1.560250000000000005e-03 2.669955999999999718e-02 1.015059599999999923e-01 2.218410000000000087e-03 2.788900000000000406e-02 3.136000000000000332e-03 1.368999999999999774e-03 4.079376900000000750e-01 1.161446399999999934e-01 3.192250000000000209e-03 2.298243600000000331e-01 1.697809000000000124e-02 1.423692750000000000e+06 1.498057000000000000e+06
1.000000000000000000e+00 -5.249999999999999806e-02 -3.997999999999999887e-01 8.190000000000000058e-02 -4.599999999999999922e-03 -1.905999999999999917e-01 -8.580000000000000127e-02 -1.299999999999999767e-02 -5.631999999999999229e-01 4.004999999999999671e-01 -5.170000000000000290e-02 -2.359999999999998210e-02 -2.980000000000000010e-02 2.756249999999999586e-03 1.598400399999999888e-01 6.707610000000000135e-03 2.116000000000000069e-05 3.632835999999999704e-02 7.361640000000000024e-03 1.689999999999999337e-04 3.171942399999999052e-01 1.604002499999999665e-01 2.672890000000000248e-03 5.569599999999991398e-04 8.880399999999999882e-04 1.422429750000000000e+06 1.492089375000000000e+06
1.000000000000000000e+00 -7.370000000000000162e-02 1.580999999999999905e-01 -3.599999999999999901e-03 -3.230000000000000232e-02 1.970999999999999974e-01 -1.386999999999999900e-01 -2.120000000000000356e-02 5.578999999999999515e-01 -8.550000000000000655e-02 -2.770000000000000240e-02 3.876999999999999891e-01 -5.289999999999998870e-02 5.431690000000000303e-03 2.499560999999999797e-02 1.295999999999999958e-05 1.043290000000000103e-03 3.884840999999999989e-02 1.923768999999999826e-02 4.494400000000001692e-04 3.112524099999999239e-01 7.310250000000000775e-03 7.672900000000001160e-04 1.503112899999999863e-01 2.798409999999999006e-03 1.426683000000000000e+06 1.501353250000000000e+06
1.000000000000000000e+00 -8.820000000000000062e-02 1.308999999999999886e-01 -1.020000000000000073e-02 -4.920000000000000068e-02 1.870000000000000134e-02 -1.378000000000000058e-01 -1.449999999999999900e-02 -2.720000000000000195e-02 -6.600000000000000831e-03 -1.689999999999999836e-02 -1.784000000000000030e-01 8.999999999999841460e-04 7.779239999999999766e-03 1.713480999999999685e-02 1.040400000000000135e-04 2.420639999999999945e-03 3.496900000000000485e-04 1.898883999999999989e-02 2.102499999999999606e-04 7.398400000000000722e-04 4.356000000000000984e-05 2.856099999999999438e-04 3.182656000000000374e-02 8.099999999999714925e-07 1.428930500000000000e+06 1.498420125000000000e+06
1.000000000000000000e+00 -9.020000000000000240e-02 2.467999999999999916e-01 1.549999999999999989e-02 -5.390000000000000346e-02 2.114000000000000046e-01 -1.441000000000000059e-01 -2.000000000000001776e-03 1.159000000000000030e-01 2.570000000000000062e-02 -4.700000000000002787e-03 1.927000000000000102e-01 -6.300000000000000044e-03 8.136040000000000633e-03 6.091023999999999744e-02 2.402499999999999851e-04 2.905210000000000518e-03 4.468996000000000079e-02 2.076481000000000160e-02 4.000000000000007442e-06 1.343280999999999989e-02 6.604900000000000137e-04 2.209000000000002737e-05 3.713329000000000629e-02 3.969000000000000116e-05 1.428657375000000000e+06 1.492439250000000000e+06
1.000000000000000000e+00 -8.859999999999999820e-02 1.905999999999999917e-01 2.120000000000000009e-02 -4.669999999999999846e-02 8.399999999999999481e-03 -1.320999999999999952e-01 1.600000000000004197e-03 -5.619999999999999996e-02 5.700000000000000205e-03 7.200000000000005007e-03 -2.030000000000000138e-01 1.200000000000001066e-02 7.849959999999999577e-03 3.632835999999999704e-02 4.494400000000000066e-04 2.180889999999999999e-03 7.055999999999998851e-05 1.745040999999999953e-02 2.560000000000013606e-06 3.158440000000000206e-03 3.249000000000000233e-05 5.184000000000007287e-05 4.120900000000000257e-02 1.440000000000002476e-04 1.428641000000000000e+06 1.490306750000000000e+06
1.000000000000000000e+00 -7.470000000000000251e-02 2.974999999999999867e-01 1.880000000000000074e-02 -2.610000000000000167e-02 1.666999999999999871e-01 -1.303999999999999881e-01 1.389999999999999569e-02 1.068999999999999950e-01 -2.399999999999999356e-03 2.059999999999999679e-02 1.582999999999999963e-01 1.700000000000007061e-03 5.580090000000000224e-03 8.850624999999999465e-02 3.534400000000000042e-04 6.812100000000001271e-04 2.778888999999999665e-02 1.700415999999999733e-02 1.932099999999998933e-04 1.142760999999999950e-02 5.759999999999996521e-06 4.243599999999998740e-04 2.505889000000000033e-02 2.890000000000023999e-06 1.426694875000000000e+06 1.491089000000000000e+06
1.000000000000000000e+00 -6.519999999999999407e-02 3.396000000000000130e-01 4.379999999999999866e-02 -2.210000000000000159e-02 1.430000000000000021e-02 -1.087000000000000050e-01 9.500000000000008438e-03 4.210000000000002629e-02 2.499999999999999792e-02 4.000000000000000083e-03 -1.523999999999999799e-01 2.169999999999998319e-02 4.251039999999999333e-03 1.153281600000000129e-01 1.918439999999999989e-03 4.884100000000001027e-04 2.044900000000000157e-04 1.181569000000000022e-02 9.025000000000016082e-05 1.772410000000002256e-03 6.249999999999999046e-04 1.599999999999999928e-05 2.322575999999999460e-02 4.708899999999992540e-04 1.428643250000000000e+06 1.497459000000000000e+06
1.000000000000000000e+00 -7.080000000000000182e-02 4.072000000000000064e-01 5.330000000000000016e-02 -3.009999999999999828e-02 1.822999999999999898e-01 -1.155999999999999944e-01 -5.600000000000007749e-03 6.759999999999999343e-02 9.500000000000001499e-03 -7.999999999999996697e-03 1.679999999999999827e-01 -6.899999999999989475e-03 5.012640000000000498e-03 1.658118400000000159e-01 2.840889999999999995e-03 9.060099999999998450e-04 3.323328999999999867e-02 1.336335999999999948e-02 3.136000000000008599e-05 4.569759999999999101e-03 9.025000000000002530e-05 6.399999999999994289e-05 2.822399999999999562e-02 4.760999999999985757e-05 1.427584625000000000e+06 1.501192125000000000e+06
1.000000000000000000e+00 -8.980000000000000482e-02 3.708000000000000185e-01 3.819999999999999785e-02 -2.929999999999999966e-02 -1.164000000000000035e-01 -5.020000000000000157e-02 -1.900000000000000300e-02 -3.639999999999998792e-02 -1.510000000000000231e-02 7.999999999999986289e-04 -2.986999999999999655e-01 6.539999999999998592e-02 8.064040000000001485e-03 1.374926400000000271e-01 1.459239999999999886e-03 8.584899999999999476e-04 1.354896000000000052e-02 2.520040000000000301e-03 3.610000000000001012e-04 1.324959999999999159e-03 2.280100000000000616e-04 6.399999999999977899e-07 8.922168999999997852e-02 4.277159999999997735e-03 1.426795125000000000e+06 1.504681875000000000e+06
1.000000000000000000e+00 -7.220000000000000029e-02 1.398999999999999966e-01 3.009999999999999828e-02 -2.469999999999999973e-02 1.388999999999999957e-01 -9.579999999999999627e-02 1.760000000000000453e-02 -2.309000000000000219e-01 -8.099999999999999561e-03 4.599999999999999922e-03 2.552999999999999714e-01 -4.559999999999999470e-02 5.212839999999999835e-03 1.957200999999999733e-02 9.060099999999998450e-04 6.100899999999999813e-04 1.929320999999999814e-02 9.177639999999999063e-03 3.097600000000001784e-04 5.331481000000001108e-02 6.560999999999999016e-05 2.116000000000000069e-05 6.517808999999998021e-02 2.079359999999999715e-03 1.428043625000000000e+06 1.507794875000000000e+06
1.000000000000000000e+00 -8.060000000000000497e-02 4.027999999999999914e-01 7.599999999999999985e-03 -2.740000000000000074e-02 -9.700000000000000289e-03 -9.080000000000000571e-02 -8.400000000000004685e-03 2.629000000000000226e-01 -2.249999999999999917e-02 -2.700000000000001010e-03 -1.486000000000000099e-01 4.999999999999990563e-03 6.496360000000000502e-03 1.622478400000000043e-01 5.776000000000000264e-05 7.507600000000000558e-04 9.409000000000000208e-05 8.244640000000000996e-03 7.056000000000008337e-05 6.911641000000001700e-02 5.062499999999999726e-04 7.290000000000005589e-06 2.208196000000000464e-02 2.499999999999990633e-05 1.429589500000000000e+06 1.512112250000000000e+06
1.000000000000000000e+00 -8.129999999999999727e-02 2.006999999999999895e-01 3.130000000000000143e-02 -3.780000000000000027e-02 1.821000000000000119e-01 -1.044000000000000067e-01 -6.999999999999922951e-04 -2.021000000000000019e-01 2.370000000000000231e-02 -1.039999999999999952e-02 1.918000000000000260e-01 -1.360000000000000098e-02 6.609689999999999663e-03 4.028048999999999519e-02 9.796900000000000747e-04 1.428840000000000015e-03 3.316041000000000127e-02 1.089936000000000203e-02 4.899999999999891676e-07 4.084440999999999766e-02 5.616900000000001059e-04 1.081599999999999944e-04 3.678724000000001271e-02 1.849600000000000181e-04 1.428677125000000000e+06 1.511197500000000000e+06
1.000000000000000000e+00 -9.189999999999999558e-02 1.859000000000000097e-01 7.700000000000000247e-03 -3.719999999999999696e-02 2.299999999999999961e-03 -9.669999999999999429e-02 -1.059999999999999831e-02 -1.479999999999997984e-02 -2.360000000000000292e-02 6.000000000000033085e-04 -1.798000000000000154e-01 7.700000000000012390e-03 8.445609999999999229e-03 3.455881000000000230e-02 5.929000000000000324e-05 1.383839999999999680e-03 5.290000000000000174e-06 9.350889999999998856e-03 1.123599999999999610e-04 2.190399999999993936e-04 5.569600000000001156e-04 3.600000000000039648e-07 3.232804000000000233e-02 5.929000000000019297e-05 1.430120625000000000e+06 1.510523875000000000e+06
1.000000000000000000e+00 -1.015999999999999959e-01 2.326000000000000012e-01 1.980000000000000163e-02 -4.739999999999999769e-02 1.661999999999999866e-01 -1.181999999999999995e-01 -9.700000000000000289e-03 4.669999999999999152e-02 1.210000000000000138e-02 -1.020000000000000073e-02 1.638999999999999901e-01 -2.150000000000000522e-02 1.032255999999999972e-02 5.410275999999999974e-02 3.920400000000000751e-04 2.246759999999999990e-03 2.762243999999999464e-02 1.397123999999999935e-02 9.409000000000000208e-05 2.180889999999999131e-03 1.464100000000000297e-04 1.040400000000000135e-04 2.686320999999999848e-02 4.622500000000002041e-04 1.429126750000000000e+06 1.510827125000000000e+06
1.000000000000000000e+00 -1.004000000000000031e-01 1.796000000000000096e-01 1.069999999999999944e-02 -4.479999999999999954e-02 -2.500000000000000139e-02 -1.122999999999999970e-01 1.199999999999992739e-03 -5.299999999999999156e-02 -9.100000000000002184e-03 2.599999999999998146e-03 -1.911999999999999811e-01 5.900000000000002465e-03 1.008016000000000120e-02 3.225616000000000594e-02 1.144899999999999830e-04 2.007039999999999866e-03 6.250000000000001214e-04 1.261128999999999896e-02 1.439999999999982613e-06 2.808999999999998998e-03 8.281000000000004232e-05 6.759999999999990334e-06 3.655743999999998967e-02 3.481000000000002755e-05 1.429065625000000000e+06 1.508517875000000000e+06
1.000000000000000000e+00 -1.026999999999999996e-01 2.555000000000000049e-01 8.600000000000000006e-03 -4.680000000000000132e-02 1.491999999999999993e-01 -1.092999999999999944e-01 -2.299999999999996492e-03 7.589999999999999525e-02 -2.099999999999999437e-03 -2.000000000000001776e-03 1.741999999999999937e-01 3.000000000000002665e-03 1.054728999999999910e-02 6.528024999999999800e-02 7.396000000000000339e-05 2.190239999999999982e-03 2.226063999999999821e-02 1.194648999999999885e-02 5.289999999999984080e-06 5.760809999999999022e-03 4.409999999999997588e-06 4.000000000000007442e-06 3.034563999999999664e-02 9.000000000000015475e-06 1.429102875000000000e+06 1.507705875000000000e+06
1.000000000000000000e+00 -9.110000000000000042e-02 3.408999999999999808e-01 7.779999999999999416e-02 -1.009999999999999960e-02 -2.943999999999999950e-01 -6.049999999999999822e-02 1.159999999999999920e-02 8.539999999999997593e-02 6.919999999999999762e-02 3.670000000000000345e-02 -4.435999999999999943e-01 4.879999999999999616e-02 8.299209999999999574e-03 1.162128099999999858e-01 6.052839999999999436e-03 1.020099999999999940e-04 8.667136000000000284e-02 3.660249999999999875e-03 1.345599999999999856e-04 7.293159999999995584e-03 4.788639999999999390e-03 1.346890000000000327e-03 1.967809600000000048e-01 2.381439999999999425e-03 1.428944750000000000e+06 1.508283000000000000e+06
1.000000000000000000e+00 -6.729999999999999871e-02 4.298000000000000154e-01 2.046000000000000041e-01 7.620000000000000384e-02 -7.006999999999999895e-01 -2.529999999999999957e-02 2.380000000000000171e-02 8.890000000000003455e-02 1.268000000000000238e-01 8.630000000000000171e-02 -4.062999999999999945e-01 3.519999999999999518e-02 4.529290000000000052e-03 1.847280400000000100e-01 4.186116000000000142e-02 5.806440000000000386e-03 4.909804899999999916e-01 6.400899999999999515e-04 5.664400000000000858e-04 7.903210000000005994e-03 1.607824000000000753e-02 7.447689999999999866e-03 1.650796900000000011e-01 1.239039999999999630e-03 1.425931750000000000e+06 1.510932625000000000e+06
1.000000000000000000e+00 -7.729999999999999372e-02 4.561000000000000054e-01 1.728999999999999981e-01 5.380000000000000060e-02 -4.539000000000000257e-01 -9.120000000000000329e-02 -9.999999999999995004e-03 2.629999999999999005e-02 -3.170000000000000595e-02 -2.240000000000000324e-02 2.467999999999999639e-01 -6.590000000000000024e-02 5.975289999999999421e-03 2.080272100000000179e-01 2.989440999999999973e-02 2.894439999999999860e-03 2.060252100000000142e-01 8.317440000000000597e-03 9.999999999999989637e-05 6.916899999999994711e-04 1.004890000000000470e-03 5.017600000000001833e-04 6.091023999999998356e-02 4.342809999999999900e-03 1.426675750000000000e+06 1.506528125000000000e+06
1.000000000000000000e+00 -9.420000000000000595e-02 3.266000000000000014e-01 -1.366999999999999882e-01 1.430000000000000021e-02 2.806000000000000161e-01 -1.105000000000000010e-01 -1.690000000000001223e-02 -1.295000000000000040e-01 -3.095999999999999863e-01 -3.950000000000000039e-02 7.345000000000000417e-01 -1.929999999999999771e-02 8.873640000000000347e-03 1.066675599999999946e-01 1.868688999999999767e-02 2.044900000000000157e-04 7.873636000000000523e-02 1.221025000000000062e-02 2.856100000000004317e-04 1.677025000000000043e-02 9.585215999999999181e-02 1.560250000000000005e-03 5.394902500000000600e-01 3.724899999999998980e-04 1.423802875000000000e+06 1.508148250000000000e+06
1.000000000000000000e+00 -1.062000000000000027e-01 2.562999999999999723e-01 -1.686999999999999889e-01 -5.400000000000000286e-03 1.587999999999999967e-01 -1.005000000000000060e-01 -1.199999999999999678e-02 -7.030000000000002913e-02 -3.200000000000000067e-02 -1.970000000000000223e-02 -1.218000000000000194e-01 9.999999999999995004e-03 1.127844000000000069e-02 6.568968999999998115e-02 2.845968999999999582e-02 2.916000000000000203e-05 2.521744000000000069e-02 1.010025000000000159e-02 1.439999999999999223e-04 4.942090000000004014e-03 1.023999999999999954e-03 3.880900000000001146e-04 1.483524000000000474e-02 9.999999999999989637e-05 1.424810750000000000e+06 1.503986750000000000e+06
1.000000000000000000e+00 -8.240000000000000102e-02 2.829999999999999738e-01 -1.388000000000000067e-01 2.910000000000000087e-02 2.983999999999999986e-01 -1.105000000000000010e-01 2.380000000000000171e-02 2.670000000000000151e-02 2.989999999999998215e-02 3.450000000000000289e-02 1.396000000000000019e-01 -9.999999999999995004e-03 6.789760000000000587e-03 8.008899999999997965e-02 1.926544000000000173e-02 8.468100000000000323e-04 8.904255999999999283e-02 1.221025000000000062e-02 5.664400000000000858e-04 7.128900000000000948e-04 8.940099999999989028e-04 1.190250000000000119e-03 1.948816000000000090e-02 9.999999999999989637e-05 1.423245250000000000e+06 1.501757000000000000e+06
1.000000000000000000e+00 -8.599999999999999312e-02 1.852000000000000035e-01 -1.948000000000000009e-01 2.400000000000000050e-02 1.275000000000000022e-01 -1.188000000000000028e-01 -3.599999999999992095e-03 -9.779999999999997029e-02 -5.599999999999999423e-02 -5.100000000000000366e-03 -1.708999999999999964e-01 -8.300000000000001821e-03 7.395999999999998929e-03 3.429904000000000286e-02 3.794704000000000133e-02 5.760000000000000146e-04 1.625624999999999987e-02 1.411344000000000140e-02 1.295999999999994368e-05 9.564839999999994596e-03 3.135999999999999465e-03 2.601000000000000339e-05 2.920680999999999972e-02 6.889000000000002652e-05 1.424210625000000000e+06 1.500552875000000000e+06
1.000000000000000000e+00 -1.096000000000000030e-01 2.656999999999999917e-01 -1.743000000000000105e-01 1.399999999999999986e-03 2.036999999999999922e-01 -1.325000000000000067e-01 -2.360000000000000986e-02 8.049999999999998823e-02 2.049999999999999045e-02 -2.260000000000000203e-02 7.619999999999998996e-02 -1.370000000000000384e-02 1.201216000000000089e-02 7.059648999999999786e-02 3.038049000000000305e-02 1.959999999999999869e-06 4.149368999999999974e-02 1.755625000000000241e-02 5.569600000000004408e-04 6.480249999999998164e-03 4.202499999999996169e-04 5.107600000000000768e-04 5.806439999999998651e-03 1.876900000000000953e-04 1.422751250000000000e+06 1.500917750000000000e+06
1.000000000000000000e+00 -1.078999999999999959e-01 2.857000000000000095e-01 -1.544999999999999984e-01 1.089999999999999997e-02 1.549999999999999989e-01 -1.297999999999999987e-01 1.700000000000007061e-03 2.000000000000001776e-02 1.980000000000001203e-02 9.499999999999999764e-03 -4.869999999999999329e-02 2.700000000000007949e-03 1.164240999999999887e-02 8.162449000000000787e-02 2.387024999999999911e-02 1.188099999999999958e-04 2.402500000000000122e-02 1.684803999999999816e-02 2.890000000000023999e-06 4.000000000000007239e-04 3.920400000000004545e-04 9.024999999999999819e-05 2.371689999999999215e-03 7.290000000000042858e-06 1.423223500000000000e+06 1.498787875000000000e+06
1.000000000000000000e+00 -1.048999999999999932e-01 3.023000000000000131e-01 -1.736000000000000043e-01 1.779999999999999985e-02 1.703000000000000069e-01 -1.202000000000000013e-01 3.000000000000002665e-03 1.660000000000000364e-02 -1.910000000000000586e-02 6.899999999999999883e-03 1.530000000000000804e-02 9.599999999999997424e-03 1.100400999999999810e-02 9.138529000000000790e-02 3.013696000000000083e-02 3.168399999999999819e-04 2.900209000000000120e-02 1.444804000000000054e-02 9.000000000000015475e-06 2.755600000000001061e-04 3.648100000000002426e-04 4.760999999999999987e-05 2.340900000000002473e-04 9.215999999999994433e-05 1.422326000000000000e+06 1.498938500000000000e+06
1.000000000000000000e+00 -1.025999999999999968e-01 3.443999999999999839e-01 -1.544999999999999984e-01 1.349999999999999985e-02 1.814999999999999947e-01 -1.169000000000000039e-01 2.299999999999996492e-03 4.209999999999997078e-02 1.910000000000000586e-02 -4.300000000000000003e-03 1.119999999999998774e-02 3.299999999999997380e-03 1.052675999999999959e-02 1.186113599999999851e-01 2.387024999999999911e-02 1.822499999999999847e-04 3.294224999999999931e-02 1.366561000000000164e-02 5.289999999999984080e-06 1.772409999999997486e-03 3.648100000000002426e-04 1.849000000000000085e-05 1.254399999999997206e-04 1.088999999999998213e-05 1.423074375000000000e+06 1.500195000000000000e+06
1.000000000000000000e+00 -1.045999999999999985e-01 3.563000000000000056e-01 -1.701000000000000012e-01 1.600000000000000033e-02 1.749999999999999889e-01 -1.198000000000000037e-01 -2.000000000000001776e-03 1.190000000000002167e-02 -1.560000000000000275e-02 2.500000000000000486e-03 -6.500000000000005773e-03 -2.899999999999999800e-03 1.094116000000000012e-02 1.269496900000000039e-01 2.893400999999999959e-02 2.559999999999999884e-04 3.062499999999999598e-02 1.435204000000000167e-02 4.000000000000007442e-06 1.416100000000005093e-04 2.433600000000000823e-04 6.250000000000002841e-06 4.225000000000007829e-05 8.409999999999999101e-06 1.423227500000000000e+06 1.501696875000000000e+06
1.000000000000000000e+00 -1.074999999999999983e-01 3.700999999999999845e-01 -1.710000000000000131e-01 1.580000000000000154e-02 1.857999999999999929e-01 -1.179999999999999938e-01 -2.899999999999999800e-03 1.379999999999997895e-02 -9.000000000000119016e-04 -1.999999999999987899e-04 1.080000000000000404e-02 1.800000000000009925e-03 1.155624999999999881e-02 1.369740099999999794e-01 2.924100000000000310e-02 2.496400000000000290e-04 3.452163999999999927e-02 1.392399999999999888e-02 8.409999999999999101e-06 1.904399999999994303e-04 8.100000000000214674e-07 3.999999999999951776e-08 1.166400000000000894e-04 3.240000000000035895e-06 1.422465500000000000e+06 1.499900875000000000e+06
1.000000000000000000e+00 -1.097000000000000058e-01 3.592000000000000193e-01 -1.557999999999999940e-01 1.750000000000000167e-02 1.812999999999999889e-01 -1.267999999999999960e-01 -2.200000000000007505e-03 -1.089999999999996527e-02 1.520000000000001905e-02 1.700000000000000122e-03 -4.500000000000003997e-03 -8.800000000000002265e-03 1.203409000000000076e-02 1.290246400000000238e-01 2.427363999999999911e-02 3.062500000000000443e-04 3.286968999999999308e-02 1.607824000000000059e-02 4.840000000000033281e-06 1.188099999999992369e-04 2.310400000000005798e-04 2.890000000000000282e-06 2.025000000000003482e-05 7.744000000000004461e-05 1.423016375000000000e+06 1.498929375000000000e+06
1.000000000000000000e+00 -1.023000000000000020e-01 3.925000000000000155e-01 -1.454999999999999905e-01 1.750000000000000167e-02 1.904000000000000137e-01 -1.259000000000000119e-01 7.400000000000003797e-03 3.329999999999999627e-02 1.030000000000000360e-02 0.000000000000000000e+00 9.100000000000024736e-03 8.999999999999841460e-04 1.046529000000000036e-02 1.540562500000000057e-01 2.117024999999999810e-02 3.062500000000000443e-04 3.625216000000000549e-02 1.585081000000000337e-02 5.476000000000005847e-05 1.108889999999999746e-03 1.060900000000000769e-04 0.000000000000000000e+00 8.281000000000044890e-05 8.099999999999714925e-07 1.422469500000000000e+06 1.497265500000000000e+06
1.000000000000000000e+00 -1.008000000000000007e-01 3.876000000000000001e-01 -1.386000000000000010e-01 2.120000000000000009e-02 1.965999999999999970e-01 -1.279000000000000137e-01 1.500000000000001332e-03 -4.900000000000015454e-03 6.899999999999989475e-03 3.699999999999998429e-03 6.199999999999983302e-03 -2.000000000000001776e-03 1.016064000000000030e-02 1.502337599999999940e-01 1.920996000000000162e-02 4.494400000000000066e-04 3.865156000000000147e-02 1.635841000000000378e-02 2.250000000000003869e-06 2.401000000000015128e-05 4.760999999999985757e-05 1.368999999999998921e-05 3.843999999999979459e-05 4.000000000000007442e-06 1.423260750000000000e+06 1.498161000000000000e+06
1.000000000000000000e+00 -9.180000000000000659e-02 1.817999999999999894e-01 -1.494999999999999940e-01 3.950000000000000039e-02 1.869000000000000106e-01 -1.160000000000000059e-01 8.999999999999994116e-03 -2.058000000000000107e-01 -1.089999999999999303e-02 1.830000000000000029e-02 -9.699999999999986411e-03 1.190000000000000779e-02 8.427240000000000772e-03 3.305123999999999562e-02 2.235024999999999859e-02 1.560250000000000005e-03 3.493161000000000183e-02 1.345600000000000095e-02 8.099999999999989533e-05 4.235364000000000489e-02 1.188099999999998467e-04 3.348900000000000141e-04 9.408999999999973103e-05 1.416100000000001841e-04 1.422448875000000000e+06 1.497384250000000000e+06
1.000000000000000000e+00 -9.310000000000000220e-02 3.670999999999999819e-01 -1.706999999999999906e-01 4.059999999999999720e-02 1.938999999999999890e-01 -1.194999999999999951e-01 -1.299999999999995604e-03 1.852999999999999925e-01 -2.119999999999999662e-02 1.099999999999996814e-03 6.999999999999978462e-03 -3.499999999999989231e-03 8.667610000000000939e-03 1.347624099999999991e-01 2.913848999999999606e-02 1.648359999999999756e-03 3.759720999999999896e-02 1.428024999999999954e-02 1.689999999999988478e-06 3.433608999999999967e-02 4.494399999999998440e-04 1.209999999999993074e-06 4.899999999999970026e-05 1.224999999999992507e-05 1.422254250000000000e+06 1.496260500000000000e+06
1.000000000000000000e+00 -9.660000000000000531e-02 2.162999999999999923e-01 -1.638999999999999901e-01 2.989999999999999949e-02 2.462000000000000022e-01 -1.184000000000000052e-01 -3.500000000000003109e-03 -1.507999999999999896e-01 6.800000000000000488e-03 -1.069999999999999771e-02 5.230000000000001315e-02 1.099999999999989875e-03 9.331560000000000896e-03 4.678568999999999783e-02 2.686320999999999848e-02 8.940099999999999870e-04 6.061443999999999860e-02 1.401856000000000109e-02 1.225000000000002163e-05 2.274063999999999600e-02 4.624000000000000451e-05 1.144899999999999558e-04 2.735290000000001331e-03 1.209999999999977827e-06 1.423629250000000000e+06 1.498205625000000000e+06
1.000000000000000000e+00 -1.068999999999999950e-01 4.642999999999999905e-01 -1.625999999999999945e-01 2.670000000000000151e-02 1.945000000000000062e-01 -1.246000000000000024e-01 -1.029999999999998972e-02 2.479999999999999982e-01 1.299999999999995604e-03 -3.199999999999997985e-03 -5.169999999999999596e-02 -6.199999999999997180e-03 1.142760999999999950e-02 2.155744899999999797e-01 2.643875999999999865e-02 7.128900000000000948e-04 3.783025000000000276e-02 1.552516000000000139e-02 1.060899999999997923e-04 6.150399999999999617e-02 1.689999999999988478e-06 1.023999999999998666e-05 2.672889999999999381e-03 3.843999999999996400e-05 1.422335250000000000e+06 1.498342000000000000e+06
1.000000000000000000e+00 -9.610000000000000486e-02 2.285000000000000087e-01 -1.892999999999999960e-01 6.529999999999999694e-02 1.547000000000000042e-01 -9.539999999999999869e-02 1.079999999999999016e-02 -2.357999999999999818e-01 -2.670000000000000151e-02 3.859999999999999543e-02 -3.980000000000000204e-02 2.920000000000000373e-02 9.235210000000000641e-03 5.221225000000000172e-02 3.583448999999999662e-02 4.264089999999999894e-03 2.393208999999999961e-02 9.101160000000000500e-03 1.166399999999997913e-04 5.560163999999999385e-02 7.128900000000000948e-04 1.489959999999999592e-03 1.584040000000000101e-03 8.526400000000002120e-04 1.423754750000000000e+06 1.498265875000000000e+06
1.000000000000000000e+00 -1.044000000000000067e-01 2.844999999999999751e-01 -1.632000000000000117e-01 4.760000000000000342e-02 1.768000000000000127e-01 -1.015999999999999959e-01 -8.300000000000001821e-03 5.599999999999996647e-02 2.609999999999998432e-02 -1.769999999999999352e-02 2.210000000000000853e-02 -6.199999999999997180e-03 1.089936000000000203e-02 8.094024999999999137e-02 2.663424000000000347e-02 2.265760000000000343e-03 3.125824000000000658e-02 1.032255999999999972e-02 6.889000000000002652e-05 3.135999999999996429e-03 6.812099999999991513e-04 3.132899999999997601e-04 4.884100000000004280e-04 3.843999999999996400e-05 1.422001750000000000e+06 1.498294000000000000e+06
1.000000000000000000e+00 -1.131000000000000061e-01 2.913000000000000034e-01 -1.726999999999999924e-01 3.509999999999999926e-02 1.668000000000000038e-01 -1.120000000000000023e-01 -8.699999999999999400e-03 6.800000000000028244e-03 -9.499999999999980682e-03 -1.250000000000000416e-02 -1.000000000000000888e-02 -1.040000000000000646e-02 1.279161000000000187e-02 8.485568999999999751e-02 2.982528999999999736e-02 1.232009999999999963e-03 2.782224000000000155e-02 1.254400000000000133e-02 7.568999999999998852e-05 4.624000000000038399e-05 9.024999999999963227e-05 1.562500000000001117e-04 1.000000000000001810e-04 1.081600000000001300e-04 1.422392250000000000e+06 1.498438875000000000e+06
1.000000000000000000e+00 -1.171999999999999986e-01 2.645000000000000129e-01 -1.759999999999999898e-01 3.099999999999999978e-02 1.729999999999999871e-01 -1.239999999999999991e-01 -4.099999999999992539e-03 -2.679999999999999050e-02 -3.299999999999997380e-03 -4.099999999999999478e-03 6.199999999999983302e-03 -1.199999999999999678e-02 1.373583999999999916e-02 6.996025000000000160e-02 3.097599999999999659e-02 9.609999999999999402e-04 2.992899999999999727e-02 1.537599999999999904e-02 1.680999999999993900e-05 7.182399999999994388e-04 1.088999999999998213e-05 1.680999999999999660e-05 3.843999999999979459e-05 1.439999999999999223e-04 1.422470000000000000e+06 1.497286625000000000e+06
1.000000000000000000e+00 -1.140000000000000041e-01 2.740000000000000213e-01 -2.137999999999999901e-01 3.899999999999999994e-02 2.010000000000000120e-01 -1.071000000000000008e-01 3.199999999999994515e-03 9.500000000000008438e-03 -3.780000000000000027e-02 8.000000000000000167e-03 2.800000000000002487e-02 1.689999999999999836e-02 1.299600000000000061e-02 7.507600000000001772e-02 4.571043999999999802e-02 1.521000000000000000e-03 4.040100000000000635e-02 1.147041000000000033e-02 1.023999999999996464e-05 9.025000000000016082e-05 1.428840000000000015e-03 6.399999999999999710e-05 7.840000000000013841e-04 2.856099999999999438e-04 1.424029750000000000e+06 1.500700375000000000e+06
1.000000000000000000e+00 -9.279999999999999361e-02 3.135999999999999899e-01 -1.643999999999999906e-01 6.230000000000000121e-02 1.575999999999999901e-01 -1.145999999999999935e-01 2.120000000000001050e-02 3.959999999999996856e-02 4.939999999999999947e-02 2.330000000000000127e-02 -4.340000000000002189e-02 -7.499999999999992784e-03 8.611839999999999079e-03 9.834495999999999516e-02 2.702735999999999680e-02 3.881290000000000347e-03 2.483775999999999692e-02 1.313315999999999789e-02 4.494400000000004403e-04 1.568159999999997481e-03 2.440359999999999925e-03 5.428900000000000826e-04 1.883560000000002004e-03 5.624999999999989004e-05 1.422883250000000000e+06 1.501428250000000000e+06
1.000000000000000000e+00 -1.116999999999999937e-01 3.458999999999999853e-01 -1.809999999999999942e-01 3.910000000000000281e-02 1.811000000000000110e-01 -1.298999999999999877e-01 -1.890000000000000013e-02 3.229999999999999538e-02 -1.660000000000000364e-02 -2.319999999999999840e-02 2.350000000000002087e-02 -1.529999999999999416e-02 1.247688999999999916e-02 1.196468099999999923e-01 3.276099999999999846e-02 1.528810000000000238e-03 3.279721000000000719e-02 1.687400999999999832e-02 3.572100000000000036e-04 1.043289999999999669e-03 2.755600000000001061e-04 5.382399999999999424e-04 5.522500000000009823e-04 2.340899999999998136e-04 1.424104875000000000e+06 1.498506500000000000e+06
1.000000000000000000e+00 -1.419999999999999873e-01 3.210000000000000075e-01 -2.184000000000000108e-01 2.040000000000000147e-02 1.713000000000000078e-01 -1.391000000000000014e-01 -3.029999999999999361e-02 -2.489999999999997771e-02 -3.740000000000001656e-02 -1.870000000000000134e-02 -9.800000000000003153e-03 -9.200000000000013722e-03 2.016399999999999790e-02 1.030410000000000076e-01 4.769856000000000790e-02 4.161600000000000542e-04 2.934369000000000213e-02 1.934881000000000101e-02 9.180899999999996616e-04 6.200099999999988563e-04 1.398760000000001278e-03 3.496900000000000485e-04 9.604000000000006304e-05 8.464000000000024672e-05 1.422920875000000000e+06 1.498413375000000000e+06
1.000000000000000000e+00 -1.275000000000000022e-01 3.589999999999999858e-01 -1.854000000000000092e-01 2.999999999999999889e-02 1.695000000000000118e-01 -1.391999999999999904e-01 1.449999999999998512e-02 3.799999999999997824e-02 3.300000000000000155e-02 9.599999999999997424e-03 -1.799999999999996048e-03 -9.999999999998898659e-05 1.625624999999999987e-02 1.288809999999999956e-01 3.437316000000000676e-02 8.999999999999999754e-04 2.873025000000000231e-02 1.937663999999999706e-02 2.102499999999995811e-04 1.443999999999998453e-03 1.089000000000000124e-03 9.215999999999994433e-05 3.239999999999985920e-06 9.999999999997796600e-09 1.422042875000000000e+06 1.494806750000000000e+06
1.000000000000000000e+00 -1.132999999999999979e-01 4.294999999999999929e-01 -1.668999999999999928e-01 3.049999999999999933e-02 1.786999999999999977e-01 -1.340000000000000080e-01 1.420000000000000429e-02 7.050000000000000711e-02 1.850000000000001643e-02 5.000000000000004441e-04 9.199999999999985967e-03 5.199999999999982414e-03 1.283689000000000011e-02 1.844702500000000023e-01 2.785560999999999593e-02 9.302499999999999788e-04 3.193369000000000069e-02 1.795600000000000321e-02 2.016400000000001091e-04 4.970250000000000709e-03 3.422500000000005941e-04 2.500000000000004651e-07 8.463999999999974528e-05 2.703999999999981565e-05 1.423756500000000000e+06 1.497374250000000000e+06
1.000000000000000000e+00 -1.106000000000000039e-01 4.484000000000000208e-01 -1.632000000000000117e-01 3.139999999999999736e-02 2.039999999999999869e-01 -1.275999999999999912e-01 2.699999999999994071e-03 1.890000000000002789e-02 3.699999999999981082e-03 8.999999999999980238e-04 2.529999999999998916e-02 6.400000000000016787e-03 1.223236000000000115e-02 2.010625600000000290e-01 2.663424000000000347e-02 9.859599999999999181e-04 4.161599999999999328e-02 1.628175999999999929e-02 7.289999999999968319e-06 3.572100000000010336e-04 1.368999999999986046e-05 8.099999999999964799e-07 6.400899999999994094e-04 4.096000000000021770e-05 1.425248875000000000e+06 1.502584125000000000e+06
1.000000000000000000e+00 -1.529999999999999971e-01 2.369999999999999885e-01 -1.648999999999999910e-01 3.440000000000000002e-02 1.792999999999999872e-01 -2.280000000000000082e-02 -4.239999999999999325e-02 -2.114000000000000323e-01 -1.699999999999979305e-03 3.000000000000002665e-03 -2.469999999999999973e-02 1.047999999999999904e-01 2.340899999999999925e-02 5.616899999999999671e-02 2.719200999999999563e-02 1.183360000000000054e-03 3.214848999999999485e-02 5.198400000000000373e-04 1.797759999999999376e-03 4.468996000000001467e-02 2.889999999999929555e-06 9.000000000000015475e-06 6.100899999999999813e-04 1.098303999999999774e-02 1.424983375000000000e+06 1.505191375000000000e+06
1.000000000000000000e+00 -1.184999999999999942e-01 2.474999999999999978e-01 -1.376999999999999891e-01 2.249999999999999917e-02 1.015999999999999959e-01 -1.545999999999999874e-01 3.450000000000000289e-02 1.050000000000000933e-02 2.720000000000000195e-02 -1.190000000000000085e-02 -7.769999999999999130e-02 -1.317999999999999727e-01 1.404224999999999918e-02 6.125624999999999820e-02 1.896128999999999870e-02 5.062499999999999726e-04 1.032255999999999972e-02 2.390115999999999769e-02 1.190250000000000119e-03 1.102500000000001997e-04 7.398400000000000722e-04 1.416100000000000214e-04 6.037289999999998977e-03 1.737123999999999266e-02 1.425712375000000000e+06 1.504674625000000000e+06
1.000000000000000000e+00 -1.751000000000000056e-01 2.746000000000000107e-01 -1.562000000000000055e-01 1.549999999999999989e-02 1.317000000000000115e-01 -4.549999999999999878e-02 -5.660000000000001141e-02 2.710000000000001297e-02 -1.850000000000001643e-02 -6.999999999999999278e-03 3.010000000000001563e-02 1.090999999999999887e-01 3.066001000000000143e-02 7.540516000000001273e-02 2.439844000000000040e-02 2.402499999999999851e-04 1.734489000000000170e-02 2.070250000000000042e-03 3.203560000000001129e-03 7.344100000000006612e-04 3.422500000000005941e-04 4.899999999999999164e-05 9.060100000000009292e-04 1.190280999999999804e-02 1.425588500000000000e+06 1.503405125000000000e+06
1.000000000000000000e+00 -1.203000000000000042e-01 2.953999999999999959e-01 -1.469999999999999918e-01 1.720000000000000001e-02 1.617000000000000104e-01 -1.816000000000000114e-01 5.480000000000000149e-02 2.079999999999998517e-02 9.200000000000013722e-03 1.700000000000000122e-03 2.999999999999999889e-02 -1.360999999999999988e-01 1.447209000000000169e-02 8.726116000000000428e-02 2.160899999999999627e-02 2.958400000000000135e-04 2.614689000000000249e-02 3.297856000000000398e-02 3.003040000000000223e-03 4.326399999999993814e-04 8.464000000000024672e-05 2.890000000000000282e-06 8.999999999999999754e-04 1.852320999999999829e-02 1.425485250000000000e+06 1.503008125000000000e+06
1.000000000000000000e+00 9.429999999999999494e-02 3.090999999999999859e-01 -1.589000000000000135e-01 2.129999999999999949e-02 1.585999999999999910e-01 -5.319999999999999729e-02 2.146000000000000130e-01 1.369999999999998996e-02 -1.190000000000002167e-02 4.099999999999999478e-03 -3.100000000000019407e-03 1.284000000000000141e-01 8.892489999999999423e-03 9.554280999999999191e-02 2.524921000000000457e-02 4.536899999999999744e-04 2.515395999999999604e-02 2.830239999999999926e-03 4.605316000000000271e-02 1.876899999999997158e-04 1.416100000000005093e-04 1.680999999999999660e-05 9.610000000000119749e-06 1.648656000000000427e-02 1.425699250000000000e+06 1.502824500000000000e+06
1.000000000000000000e+00 -1.570999999999999897e-01 3.244000000000000217e-01 -1.507999999999999896e-01 3.209999999999999659e-02 1.313999999999999890e-01 -6.940000000000000335e-02 -2.513999999999999568e-01 1.530000000000003579e-02 8.100000000000023848e-03 1.079999999999999710e-02 -2.720000000000000195e-02 -1.620000000000000606e-02 2.468040999999999638e-02 1.052353600000000139e-01 2.274063999999999600e-02 1.030409999999999833e-03 1.726595999999999687e-02 4.816360000000000433e-03 6.320195999999997372e-02 2.340900000000010876e-04 6.561000000000038318e-05 1.166399999999999403e-04 7.398400000000000722e-04 2.624400000000001775e-04 1.425687375000000000e+06 1.501210000000000000e+06
1.000000000000000000e+00 1.199999999999999956e-01 2.494999999999999996e-01 -1.875000000000000000e-01 4.950000000000000233e-02 7.439999999999999392e-02 -3.839999999999999664e-02 2.771000000000000130e-01 -7.490000000000002212e-02 -3.670000000000001039e-02 1.740000000000000574e-02 -5.699999999999999512e-02 3.100000000000000672e-02 1.439999999999999961e-02 6.225025000000000003e-02 3.515625000000000000e-02 2.450250000000000171e-03 5.535359999999998719e-03 1.474559999999999760e-03 7.678441000000001126e-02 5.610010000000002946e-03 1.346890000000000760e-03 3.027600000000002251e-04 3.248999999999999284e-03 9.610000000000003739e-04 1.425448000000000000e+06 1.497182875000000000e+06
1.000000000000000000e+00 -1.484000000000000041e-01 3.222999999999999754e-01 -1.633000000000000007e-01 4.080000000000000293e-02 1.759999999999999898e-01 -6.519999999999999407e-02 -2.683999999999999719e-01 7.279999999999997584e-02 2.419999999999999929e-02 -8.699999999999999400e-03 1.015999999999999959e-01 -2.679999999999999744e-02 2.202256000000000005e-02 1.038772899999999832e-01 2.666688999999999865e-02 1.664640000000000217e-03 3.097599999999999659e-02 4.251039999999999333e-03 7.203855999999998760e-02 5.299839999999996637e-03 5.856400000000000104e-04 7.568999999999998852e-05 1.032255999999999972e-02 7.182399999999998725e-04 1.425937875000000000e+06 1.500529250000000000e+06
1.000000000000000000e+00 1.072000000000000036e-01 3.574999999999999845e-01 -1.391000000000000014e-01 3.400000000000000244e-02 1.600000000000000033e-01 -7.370000000000000162e-02 2.555999999999999939e-01 3.520000000000000906e-02 2.419999999999999929e-02 -6.800000000000000488e-03 -1.599999999999998646e-02 -8.500000000000007550e-03 1.149184000000000143e-02 1.278062499999999824e-01 1.934881000000000101e-02 1.156000000000000126e-03 2.560000000000000123e-02 5.431690000000000303e-03 6.533135999999999111e-02 1.239040000000000714e-03 5.856400000000000104e-04 4.624000000000000451e-05 2.559999999999995547e-04 7.225000000000012987e-05 1.424901000000000000e+06 1.498778500000000000e+06
1.000000000000000000e+00 -1.560999999999999888e-01 3.649000000000000021e-01 -1.484000000000000041e-01 3.930000000000000160e-02 1.904000000000000137e-01 -8.409999999999999420e-02 -2.632999999999999785e-01 7.400000000000017675e-03 -9.300000000000002709e-03 5.299999999999999156e-03 3.040000000000001035e-02 -1.039999999999999258e-02 2.436720999999999679e-02 1.331520100000000151e-01 2.202256000000000005e-02 1.544490000000000142e-03 3.625216000000000549e-02 7.072809999999998820e-03 6.932688999999998825e-02 5.476000000000026175e-05 8.649000000000004774e-05 2.808999999999999025e-05 9.241600000000005843e-04 1.081599999999998454e-04 1.425715625000000000e+06 1.499669125000000000e+06
1.000000000000000000e+00 1.275000000000000022e-01 3.778000000000000247e-01 -1.532000000000000028e-01 6.980000000000000093e-02 1.749999999999999889e-01 -8.060000000000000497e-02 2.835999999999999632e-01 1.290000000000002256e-02 -4.799999999999998712e-03 3.049999999999999933e-02 -1.540000000000002478e-02 3.499999999999989231e-03 1.625624999999999987e-02 1.427328400000000275e-01 2.347023999999999985e-02 4.872040000000000225e-03 3.062499999999999598e-02 6.496360000000000502e-03 8.042895999999997991e-02 1.664100000000005701e-04 2.303999999999998608e-05 9.302499999999999788e-04 2.371600000000007719e-04 1.224999999999992507e-05 1.425128375000000000e+06 1.501318875000000000e+06
1.000000000000000000e+00 -1.218999999999999945e-01 3.536000000000000254e-01 -2.210000000000000020e-01 9.700000000000000289e-02 3.306999999999999940e-01 -9.279999999999999361e-02 -2.494000000000000106e-01 -2.419999999999999929e-02 -6.779999999999999916e-02 2.720000000000000195e-02 1.557000000000000051e-01 -1.219999999999998863e-02 1.485960999999999879e-02 1.250329600000000263e-01 4.884100000000000247e-02 9.409000000000000696e-03 1.093624899999999928e-01 8.611839999999999079e-03 6.220036000000000315e-02 5.856400000000000104e-04 4.596839999999999607e-03 7.398400000000000722e-04 2.424249000000000195e-02 1.488399999999997201e-04 1.425092875000000000e+06 1.500621375000000000e+06
1.000000000000000000e+00 1.100000000000000006e-01 3.614999999999999880e-01 -2.199000000000000121e-01 6.519999999999999407e-02 3.163000000000000256e-01 -1.006999999999999978e-01 2.318999999999999950e-01 7.899999999999962608e-03 1.099999999999989875e-03 -3.180000000000000882e-02 -1.439999999999996838e-02 -7.900000000000004241e-03 1.209999999999999964e-02 1.306822499999999998e-01 4.835601000000000482e-02 4.251039999999999333e-03 1.000456900000000204e-01 1.014049000000000027e-02 5.377760999999999653e-02 6.240999999999941093e-05 1.209999999999977827e-06 1.011240000000000489e-03 2.073599999999990989e-04 6.241000000000006146e-05 1.425772250000000000e+06 1.500546375000000000e+06
1.000000000000000000e+00 -1.564000000000000112e-01 3.971999999999999975e-01 -2.122999999999999887e-01 5.879999999999999810e-02 1.205999999999999989e-01 -1.035999999999999976e-01 -2.664000000000000257e-01 3.570000000000000950e-02 7.600000000000023404e-03 -6.399999999999995970e-03 -1.957000000000000406e-01 -2.899999999999999800e-03 2.446096000000000381e-02 1.577678399999999925e-01 4.507128999999999303e-02 3.457439999999999992e-03 1.454435999999999923e-02 1.073295999999999972e-02 7.096896000000001148e-02 1.274490000000000735e-03 5.776000000000035500e-05 4.095999999999994665e-05 3.829849000000001835e-02 8.409999999999999101e-06 1.427131875000000000e+06 1.502113625000000000e+06
1.000000000000000000e+00 1.058999999999999941e-01 4.289000000000000035e-01 -1.773000000000000131e-01 4.809999999999999692e-02 1.102999999999999953e-01 -1.020999999999999963e-01 2.622999999999999776e-01 3.170000000000000595e-02 3.499999999999997558e-02 -1.070000000000000118e-02 -1.030000000000000360e-02 1.500000000000001332e-03 1.121480999999999867e-02 1.839552100000000079e-01 3.143529000000000462e-02 2.313609999999999799e-03 1.216608999999999920e-02 1.042440999999999854e-02 6.880128999999998718e-02 1.004890000000000470e-03 1.224999999999998226e-03 1.144900000000000236e-04 1.060900000000000769e-04 2.250000000000003869e-06 1.427993250000000000e+06 1.499495375000000000e+06
1.000000000000000000e+00 1.063000000000000056e-01 2.146000000000000130e-01 -2.053999999999999992e-01 6.160000000000000198e-02 1.102999999999999953e-01 -9.700000000000000289e-02 4.000000000000114575e-04 -2.142999999999999905e-01 -2.809999999999998610e-02 1.350000000000000505e-02 0.000000000000000000e+00 5.099999999999993427e-03 1.129969000000000112e-02 4.605316000000000271e-02 4.218915999999999639e-02 3.794560000000000207e-03 1.216608999999999920e-02 9.409000000000000696e-03 1.600000000000091619e-07 4.592448999999999837e-02 7.896099999999991841e-04 1.822500000000001473e-04 0.000000000000000000e+00 2.600999999999993224e-05 1.426731500000000000e+06 1.499484125000000000e+06
1.000000000000000000e+00 1.187000000000000000e-01 2.842000000000000082e-01 -1.723999999999999977e-01 7.610000000000000098e-02 8.279999999999999860e-02 -8.129999999999999727e-02 1.239999999999999436e-02 6.959999999999999520e-02 3.300000000000000155e-02 1.449999999999999900e-02 -2.749999999999999667e-02 1.570000000000000562e-02 1.408969000000000020e-02 8.076964000000000365e-02 2.972175999999999985e-02 5.791209999999999761e-03 6.855840000000000198e-03 6.609689999999999663e-03 1.537599999999998560e-04 4.844159999999999265e-03 1.089000000000000124e-03 2.102499999999999606e-04 7.562499999999998694e-04 2.464900000000001964e-04 1.425657125000000000e+06 1.499251125000000000e+06
1.000000000000000000e+00 1.117999999999999966e-01 2.894999999999999796e-01 -1.940000000000000058e-01 6.990000000000000380e-02 9.810000000000000664e-02 -9.520000000000000684e-02 -6.900000000000003353e-03 5.299999999999971401e-03 -2.160000000000000808e-02 -6.199999999999997180e-03 1.530000000000000804e-02 -1.390000000000000957e-02 1.249924000000000000e-02 8.381024999999998892e-02 3.763600000000000279e-02 4.886010000000000526e-03 9.623610000000001191e-03 9.063040000000001373e-03 4.761000000000004730e-05 2.808999999999969548e-05 4.665600000000003577e-04 3.843999999999996400e-05 2.340900000000002473e-04 1.932100000000002728e-04 1.426542500000000000e+06 1.500363875000000000e+06
1.000000000000000000e+00 1.154000000000000026e-01 2.904999999999999805e-01 -2.013999999999999957e-01 8.160000000000000586e-02 1.005999999999999950e-01 -9.539999999999999869e-02 3.600000000000005973e-03 1.000000000000000888e-03 -7.399999999999989919e-03 1.170000000000000207e-02 2.499999999999988343e-03 -1.999999999999918510e-04 1.331715999999999976e-02 8.439024999999998611e-02 4.056196000000000107e-02 6.658560000000000867e-03 1.012035999999999838e-02 9.101160000000000500e-03 1.296000000000004363e-05 1.000000000000001861e-06 5.475999999999984840e-05 1.368900000000000531e-04 6.249999999999941854e-06 3.999999999999673844e-08 1.425833250000000000e+06 1.501015250000000000e+06
1.000000000000000000e+00 1.073999999999999955e-01 3.552000000000000157e-01 -1.784999999999999920e-01 7.539999999999999480e-02 1.173000000000000015e-01 -9.099999999999999756e-02 -8.000000000000007105e-03 6.470000000000003526e-02 2.290000000000000369e-02 -6.200000000000011058e-03 1.670000000000000651e-02 4.400000000000001132e-03 1.153475999999999980e-02 1.261670400000000081e-01 3.186224999999999474e-02 5.685159999999998999e-03 1.375929000000000041e-02 8.281000000000000166e-03 6.400000000000011908e-05 4.186090000000004287e-03 5.244100000000002188e-04 3.844000000000014018e-05 2.788900000000002250e-04 1.936000000000001115e-05 1.427238000000000000e+06 1.501637125000000000e+06
1.000000000000000000e+00 1.021999999999999992e-01 2.994999999999999885e-01 -2.156000000000000139e-01 7.929999999999999549e-02 1.122999999999999970e-01 -9.260000000000000175e-02 -5.199999999999996292e-03 -5.570000000000002727e-02 -3.710000000000002185e-02 3.900000000000000688e-03 -5.000000000000004441e-03 -1.600000000000004197e-03 1.044484000000000037e-02 8.970024999999999527e-02 4.648336000000000828e-02 6.288489999999999011e-03 1.261128999999999896e-02 8.574760000000000715e-03 2.703999999999996134e-05 3.102490000000002884e-03 1.376410000000001521e-03 1.521000000000000515e-05 2.500000000000004524e-05 2.560000000000013606e-06 1.427595000000000000e+06 1.500975875000000000e+06
1.000000000000000000e+00 1.232000000000000040e-01 3.680999999999999828e-01 -1.819999999999999951e-01 1.013000000000000012e-01 1.248999999999999971e-01 -8.359999999999999376e-02 2.100000000000000477e-02 6.859999999999999432e-02 3.360000000000001874e-02 2.200000000000000566e-02 1.260000000000000009e-02 9.000000000000007994e-03 1.517824000000000083e-02 1.354976099999999906e-01 3.312400000000000067e-02 1.026169000000000039e-02 1.560000999999999922e-02 6.988959999999998923e-03 4.410000000000002026e-04 4.705959999999999484e-03 1.128960000000001334e-03 4.840000000000002720e-04 1.587600000000000046e-04 8.100000000000013927e-05 1.427085625000000000e+06 1.502199625000000000e+06
1.000000000000000000e+00 1.408999999999999975e-01 3.810999999999999943e-01 -1.675999999999999990e-01 1.265000000000000013e-01 8.210000000000000631e-02 -7.199999999999999456e-02 1.769999999999999352e-02 1.300000000000001155e-02 1.439999999999999614e-02 2.520000000000000018e-02 -4.279999999999999083e-02 1.159999999999999920e-02 1.985280999999999851e-02 1.452372100000000055e-01 2.808975999999999834e-02 1.600224999999999911e-02 6.740410000000001366e-03 5.183999999999999372e-03 3.132899999999997601e-04 1.690000000000003132e-04 2.073599999999998849e-04 6.350400000000000185e-04 1.831839999999999294e-03 1.345599999999999856e-04 1.427969375000000000e+06 1.500316500000000000e+06
1.000000000000000000e+00 1.522000000000000020e-01 4.177000000000000157e-01 -1.842000000000000026e-01 1.403000000000000080e-01 6.029999999999999943e-02 -5.299999999999999850e-02 1.130000000000000449e-02 3.660000000000002141e-02 -1.660000000000000364e-02 1.380000000000000671e-02 -2.180000000000000687e-02 1.899999999999999606e-02 2.316483999999999904e-02 1.744732900000000031e-01 3.392964000000000396e-02 1.968409000000000131e-02 3.636089999999999808e-03 2.808999999999999865e-03 1.276900000000001005e-04 1.339560000000001574e-03 2.755600000000001061e-04 1.904400000000001892e-04 4.752400000000003085e-04 3.609999999999998301e-04 1.427673250000000000e+06 1.500930250000000000e+06
1.000000000000000000e+00 1.441999999999999948e-01 4.445999999999999952e-01 -1.938999999999999890e-01 1.295000000000000040e-01 8.590000000000000413e-02 -5.390000000000000346e-02 -8.000000000000007105e-03 2.689999999999997948e-02 -9.699999999999986411e-03 -1.080000000000000404e-02 2.560000000000000470e-02 -9.000000000000049627e-04 2.079363999999999865e-02 1.976691599999999827e-01 3.759720999999999896e-02 1.677025000000000043e-02 7.378810000000000403e-03 2.905210000000000518e-03 6.400000000000011908e-05 7.236099999999988808e-04 9.408999999999973103e-05 1.166400000000000894e-04 6.553600000000002306e-04 8.100000000000089737e-07 1.428486625000000000e+06 1.501087750000000000e+06
1.000000000000000000e+00 1.328999999999999904e-01 1.925999999999999934e-01 -1.968000000000000027e-01 1.217000000000000026e-01 6.130000000000000032e-02 -6.160000000000000198e-02 -1.130000000000000449e-02 -2.520000000000000018e-01 -2.900000000000013678e-03 -7.800000000000001377e-03 -2.460000000000000381e-02 -7.699999999999998512e-03 1.766240999999999645e-02 3.709475999999999746e-02 3.873023999999999911e-02 1.481089000000000017e-02 3.757690000000000162e-03 3.794560000000000207e-03 1.276900000000001005e-04 6.350400000000000489e-02 8.410000000000078722e-06 6.084000000000002058e-05 6.051600000000002030e-04 5.928999999999997613e-05 1.426844250000000000e+06 1.499863375000000000e+06
1.000000000000000000e+00 1.180999999999999966e-01 1.716000000000000025e-01 -2.232999999999999985e-01 1.145999999999999935e-01 7.320000000000000118e-02 -6.909999999999999476e-02 -1.479999999999999372e-02 -2.099999999999999090e-02 -2.649999999999999578e-02 -7.100000000000009082e-03 1.190000000000000085e-02 -7.499999999999992784e-03 1.394760999999999918e-02 2.944656000000000010e-02 4.986288999999999999e-02 1.313315999999999789e-02 5.358240000000000225e-03 4.774809999999999124e-03 2.190399999999998273e-04 4.409999999999996063e-04 7.022499999999997494e-04 5.041000000000012891e-05 1.416100000000000214e-04 5.624999999999989004e-05 1.425833125000000000e+06 1.498123125000000000e+06
