1.000000000000000000e+00 0.000000000000000000e+00 0.000000000000000000e+00 0.000000000000000000e+00 -0.000000000000000000e+00 -0.000000000000000000e+00 -0.000000000000000000e+00 0.000000000000000000e+00 0.000000000000000000e+00 0.000000000000000000e+00 0.000000000000000000e+00 0.000000000000000000e+00 0.000000000000000000e+00 0.000000000000000000e+00 0.000000000000000000e+00 0.000000000000000000e+00 0.000000000000000000e+00 0.000000000000000000e+00 0.000000000000000000e+00 0.000000000000000000e+00 0.000000000000000000e+00 0.000000000000000000e+00 0.000000000000000000e+00 0.000000000000000000e+00 0.000000000000000000e+00 1.943204125000000000e+06 2.038430625000000000e+06
1.000000000000000000e+00 -5.990000000000000185e-02 -1.129999999999999928e-02 -3.099999999999999891e-03 5.899999999999999863e-03 1.919999999999999832e-02 2.000000000000000042e-03 -5.990000000000000185e-02 -1.129999999999999928e-02 -3.099999999999999891e-03 5.899999999999999863e-03 1.919999999999999832e-02 2.000000000000000042e-03 3.588010000000000418e-03 1.276899999999999921e-04 9.609999999999999470e-06 3.481000000000000045e-05 3.686399999999999400e-04 3.999999999999999819e-06 3.588010000000000418e-03 1.276899999999999921e-04 9.609999999999999470e-06 3.481000000000000045e-05 3.686399999999999400e-04 3.999999999999999819e-06 1.941038875000000000e+06 2.035919875000000000e+06
1.000000000000000000e+00 -6.350000000000000089e-02 -2.419999999999999929e-02 -4.359999999999999987e-02 -5.580000000000000238e-02 4.540000000000000285e-02 -1.750000000000000167e-02 -3.599999999999999034e-03 -1.290000000000000001e-02 -4.050000000000000128e-02 -6.170000000000000484e-02 2.620000000000000454e-02 -1.950000000000000344e-02 4.032250000000000244e-03 5.856400000000000104e-04 1.900959999999999933e-03 3.113640000000000418e-03 2.061160000000000249e-03 3.062500000000000443e-04 1.295999999999999281e-05 1.664100000000000008e-04 1.640249999999999998e-03 3.806890000000000707e-03 6.864400000000001837e-04 3.802500000000001083e-04 1.942265875000000000e+06 2.038491500000000000e+06
1.000000000000000000e+00 -6.840000000000000246e-02 6.499999999999999702e-03 -2.469999999999999973e-02 -6.990000000000000380e-02 3.300000000000000155e-02 -1.140000000000000041e-02 -4.900000000000001577e-03 3.069999999999999812e-02 1.890000000000000013e-02 -1.410000000000000142e-02 -1.240000000000000130e-02 6.100000000000001255e-03 4.678560000000000010e-03 4.224999999999999698e-05 6.100899999999999813e-04 4.886010000000000526e-03 1.089000000000000124e-03 1.299600000000000093e-04 2.401000000000001576e-05 9.424899999999999294e-04 3.572100000000000036e-04 1.988100000000000294e-04 1.537600000000000457e-04 3.721000000000001813e-05 1.944468500000000000e+06 2.040677625000000000e+06
1.000000000000000000e+00 -7.649999999999999856e-02 2.170000000000000054e-02 -4.449999999999999789e-02 -7.149999999999999412e-02 4.059999999999999720e-02 -1.409999999999999969e-02 -8.099999999999996092e-03 1.520000000000000170e-02 -1.979999999999999816e-02 -1.599999999999990319e-03 7.599999999999995648e-03 -2.699999999999999276e-03 5.852249999999999813e-03 4.708900000000000130e-04 1.980249999999999806e-03 5.112249999999998740e-03 1.648359999999999756e-03 1.988100000000000023e-04 6.560999999999993595e-05 2.310400000000000648e-04 3.920399999999999124e-04 2.559999999999969137e-06 5.775999999999993488e-05 7.289999999999996271e-06 1.944506000000000000e+06 2.042746375000000000e+06
1.000000000000000000e+00 -6.219999999999999835e-02 3.699999999999999817e-02 -7.449999999999999678e-02 -6.149999999999999911e-02 3.710000000000000103e-02 -5.799999999999999600e-03 1.430000000000000021e-02 1.529999999999999763e-02 -2.999999999999999889e-02 9.999999999999995004e-03 -3.499999999999996170e-03 8.300000000000000086e-03 3.868839999999999692e-03 1.368999999999999774e-03 5.550249999999999628e-03 3.782250000000000022e-03 1.376410000000000003e-03 3.363999999999999640e-05 2.044900000000000157e-04 2.340899999999999221e-04 8.999999999999999754e-04 9.999999999999989637e-05 1.224999999999997250e-05 6.888999999999999941e-05 1.945232500000000000e+06 2.047076000000000000e+06
1.000000000000000000e+00 -6.199999999999999956e-02 3.009999999999999828e-02 -9.539999999999999869e-02 -5.960000000000000020e-02 1.329999999999999932e-02 -7.700000000000000247e-03 1.999999999999987899e-04 -6.899999999999999883e-03 -2.090000000000000191e-02 1.899999999999998912e-03 -2.380000000000000171e-02 -1.900000000000000647e-03 3.843999999999999761e-03 9.060099999999998450e-04 9.101160000000000500e-03 3.552159999999999953e-03 1.768899999999999954e-04 5.929000000000000324e-05 3.999999999999951776e-08 4.760999999999999987e-05 4.368100000000000953e-04 3.609999999999995930e-06 5.664400000000000858e-04 3.610000000000002282e-06 1.946160625000000000e+06 2.048140375000000000e+06
1.000000000000000000e+00 -7.630000000000000671e-02 -1.409999999999999969e-02 -4.080000000000000293e-02 -6.750000000000000444e-02 7.199999999999999456e-02 7.700000000000000247e-03 -1.430000000000000715e-02 -4.419999999999999624e-02 5.459999999999999576e-02 -7.900000000000004241e-03 5.869999999999999524e-02 1.540000000000000049e-02 5.821690000000000892e-03 1.988100000000000023e-04 1.664640000000000217e-03 4.556250000000000404e-03 5.183999999999999372e-03 5.929000000000000324e-05 2.044900000000002055e-04 1.953639999999999544e-03 2.981159999999999626e-03 6.241000000000006146e-05 3.445689999999999517e-03 2.371600000000000129e-04 1.946593000000000000e+06 2.045898000000000000e+06
1.000000000000000000e+00 -9.020000000000000240e-02 4.329999999999999821e-02 -2.350000000000000006e-02 -6.919999999999999762e-02 2.029999999999999860e-02 -2.330000000000000127e-02 -1.389999999999999569e-02 5.739999999999999963e-02 1.730000000000000288e-02 -1.699999999999993183e-03 -5.169999999999999596e-02 -3.099999999999999978e-02 8.136040000000000633e-03 1.874889999999999933e-03 5.522500000000000065e-04 4.788639999999999390e-03 4.120899999999999390e-04 5.428900000000000826e-04 1.932099999999998933e-04 3.294759999999999876e-03 2.992900000000001245e-04 2.889999999999976989e-06 2.672889999999999381e-03 9.609999999999999402e-04 1.946308375000000000e+06 2.050985125000000000e+06
1.000000000000000000e+00 -1.102000000000000063e-01 3.559999999999999970e-02 -4.560000000000000164e-02 -7.109999999999999654e-02 -1.069999999999999944e-02 -4.089999999999999886e-02 -2.000000000000000389e-02 -7.699999999999998512e-03 -2.210000000000000159e-02 -1.899999999999998912e-03 -3.099999999999999978e-02 -1.759999999999999759e-02 1.214404000000000178e-02 1.267359999999999928e-03 2.079360000000000149e-03 5.055209999999999218e-03 1.144899999999999830e-04 1.672809999999999835e-03 4.000000000000001818e-04 5.928999999999997613e-05 4.884100000000001027e-04 3.609999999999995930e-06 9.609999999999999402e-04 3.097599999999999074e-04 1.947755375000000000e+06 2.052754125000000000e+06
1.000000000000000000e+00 -9.220000000000000417e-02 -2.750000000000000014e-02 -4.809999999999999692e-02 -6.019999999999999657e-02 7.699999999999999900e-02 -2.560000000000000123e-02 1.800000000000000211e-02 -6.310000000000000331e-02 -2.499999999999995282e-03 1.089999999999999997e-02 8.770000000000000018e-02 1.529999999999999763e-02 8.500840000000000826e-03 7.562499999999999778e-04 2.313609999999999799e-03 3.624039999999999380e-03 5.929000000000000242e-03 6.553600000000000137e-04 3.240000000000000692e-04 3.981610000000000010e-03 6.249999999999976583e-06 1.188099999999999958e-04 7.691289999999999932e-03 2.340899999999999221e-04 1.946947750000000000e+06 2.054128625000000000e+06
1.000000000000000000e+00 -8.340000000000000191e-02 -5.170000000000000290e-02 -5.859999999999999931e-02 -5.290000000000000258e-02 5.799999999999999600e-03 -3.989999999999999797e-02 8.800000000000002265e-03 -2.420000000000000276e-02 -1.050000000000000239e-02 7.299999999999993994e-03 -7.119999999999999940e-02 -1.429999999999999674e-02 6.955560000000000388e-03 2.672890000000000248e-03 3.433959999999999790e-03 2.798410000000000307e-03 3.363999999999999640e-05 1.592009999999999823e-03 7.744000000000004461e-05 5.856400000000001188e-04 1.102500000000000507e-04 5.328999999999991160e-05 5.069439999999999710e-03 2.044899999999999073e-04 1.947491000000000000e+06 2.055381375000000000e+06
1.000000000000000000e+00 -9.520000000000000684e-02 -3.370000000000000079e-02 -2.380000000000000171e-02 -5.059999999999999915e-02 -4.279999999999999777e-02 -8.039999999999999925e-02 -1.180000000000000493e-02 1.800000000000000211e-02 3.479999999999999760e-02 2.300000000000003431e-03 -4.859999999999999737e-02 -4.050000000000000128e-02 9.063040000000001373e-03 1.135689999999999963e-03 5.664400000000000858e-04 2.560359999999999806e-03 1.831839999999999727e-03 6.464160000000000045e-03 1.392400000000001102e-04 3.240000000000000692e-04 1.211039999999999816e-03 5.290000000000015420e-06 2.361959999999999754e-03 1.640249999999999998e-03 1.946443875000000000e+06 2.051944750000000000e+06
1.000000000000000000e+00 -1.059999999999999970e-01 -3.640000000000000180e-02 -2.699999999999999969e-02 -5.630000000000000282e-02 4.959999999999999826e-02 -5.779999999999999721e-02 -1.079999999999999016e-02 -2.700000000000001010e-03 -3.199999999999997985e-03 -5.700000000000003675e-03 9.239999999999999603e-02 2.260000000000000203e-02 1.123599999999999946e-02 1.324960000000000027e-03 7.289999999999999388e-04 3.169690000000000181e-03 2.460159999999999864e-03 3.340839999999999869e-03 1.166399999999997913e-04 7.290000000000005589e-06 1.023999999999998666e-05 3.249000000000004299e-05 8.537759999999998406e-03 5.107600000000000768e-04 1.945466000000000000e+06 2.050599375000000000e+06
1.000000000000000000e+00 -1.280000000000000027e-01 6.899999999999999883e-03 -5.059999999999999915e-02 -7.090000000000000469e-02 8.329999999999999905e-02 -5.439999999999999697e-02 -2.200000000000000566e-02 4.330000000000000515e-02 -2.359999999999999945e-02 -1.460000000000000187e-02 3.370000000000000079e-02 3.400000000000000244e-03 1.638399999999999926e-02 4.760999999999999987e-05 2.560359999999999806e-03 5.026810000000000479e-03 6.938889999999999642e-03 2.959359999999999855e-03 4.840000000000002720e-04 1.874890000000000367e-03 5.569600000000000072e-04 2.131600000000000530e-04 1.135689999999999963e-03 1.156000000000000113e-05 1.942465500000000000e+06 2.047879375000000000e+06
1.000000000000000000e+00 -9.360000000000000264e-02 1.519999999999999997e-02 3.099999999999999891e-03 -6.329999999999999516e-02 2.759999999999999953e-02 -8.669999999999999929e-02 3.440000000000000002e-02 8.300000000000000086e-03 5.369999999999999774e-02 7.600000000000009526e-03 -5.569999999999999951e-02 -3.230000000000000232e-02 8.760959999999999928e-03 2.310400000000000106e-04 9.609999999999999470e-06 4.006889999999999064e-03 7.617599999999999979e-04 7.516890000000000030e-03 1.183360000000000054e-03 6.888999999999999941e-05 2.883689999999999951e-03 5.776000000000014494e-05 3.102489999999999849e-03 1.043290000000000103e-03 1.943851125000000000e+06 2.047609750000000000e+06
1.000000000000000000e+00 -4.329999999999999821e-02 -4.000000000000000192e-04 -5.970000000000000306e-02 -6.069999999999999701e-02 3.280000000000000276e-02 -4.710000000000000298e-02 5.030000000000000443e-02 -1.559999999999999928e-02 -6.280000000000000859e-02 2.599999999999998146e-03 5.200000000000003231e-03 3.959999999999999631e-02 1.874889999999999933e-03 1.600000000000000033e-07 3.564090000000000227e-03 3.684489999999999467e-03 1.075840000000000216e-03 2.218410000000000087e-03 2.530090000000000464e-03 2.433599999999999739e-04 3.943840000000001407e-03 6.759999999999990334e-06 2.704000000000003249e-05 1.568159999999999650e-03 1.943386375000000000e+06 2.045894000000000000e+06
1.000000000000000000e+00 -1.026999999999999996e-01 2.500000000000000139e-02 2.290000000000000022e-02 -4.989999999999999991e-02 3.049999999999999933e-02 -5.310000000000000137e-02 -5.940000000000000141e-02 2.540000000000000244e-02 8.260000000000000675e-02 1.079999999999999710e-02 -2.300000000000003431e-03 -5.999999999999998390e-03 1.054728999999999910e-02 6.250000000000001214e-04 5.244100000000000020e-04 2.490009999999999966e-03 9.302499999999999788e-04 2.819610000000000172e-03 3.528360000000000350e-03 6.451600000000000910e-04 6.822760000000001497e-03 1.166399999999999403e-04 5.290000000000015420e-06 3.599999999999998058e-05 1.943798500000000000e+06 2.046023250000000000e+06
1.000000000000000000e+00 -3.450000000000000289e-02 2.309999999999999901e-02 1.789999999999999925e-02 -4.750000000000000056e-02 3.749999999999999861e-02 -5.380000000000000060e-02 6.819999999999999674e-02 -1.900000000000002381e-03 -5.000000000000000971e-03 2.399999999999999356e-03 6.999999999999999278e-03 -6.999999999999992339e-04 1.190250000000000119e-03 5.336099999999999004e-04 3.204099999999999765e-04 2.256250000000000009e-03 1.406249999999999948e-03 2.894439999999999860e-03 4.651239999999999195e-03 3.610000000000009059e-06 2.500000000000001136e-05 5.759999999999996521e-06 4.899999999999999164e-05 4.899999999999989084e-07 1.943525000000000000e+06 2.044511000000000000e+06
1.000000000000000000e+00 -8.890000000000000679e-02 4.270000000000000184e-02 3.889999999999999708e-02 -3.849999999999999950e-02 3.889999999999999708e-02 -6.079999999999999988e-02 -5.440000000000000391e-02 1.960000000000000284e-02 2.099999999999999784e-02 9.000000000000001055e-03 1.399999999999998468e-03 -6.999999999999999278e-03 7.903210000000000790e-03 1.823290000000000197e-03 1.513209999999999859e-03 1.482250000000000061e-03 1.513209999999999859e-03 3.696640000000000169e-03 2.959360000000000289e-03 3.841600000000000895e-04 4.409999999999999316e-04 8.100000000000001730e-05 1.959999999999995634e-06 4.899999999999999164e-05 1.940398625000000000e+06 2.039235750000000000e+06
1.000000000000000000e+00 -2.429999999999999868e-02 7.639999999999999569e-02 5.319999999999999729e-02 -3.810000000000000192e-02 3.119999999999999857e-02 -6.790000000000000202e-02 6.460000000000000464e-02 3.369999999999999385e-02 1.430000000000000021e-02 3.999999999999975797e-04 -7.699999999999998512e-03 -7.100000000000002143e-03 5.904899999999999385e-04 5.836959999999999545e-03 2.830239999999999926e-03 1.451610000000000096e-03 9.734399999999998956e-04 4.610410000000000549e-03 4.173160000000000411e-03 1.135689999999999530e-03 2.044900000000000157e-04 1.599999999999980711e-07 5.928999999999997613e-05 5.041000000000002727e-05 1.938686000000000000e+06 2.036678625000000000e+06
1.000000000000000000e+00 -9.520000000000000684e-02 2.869999999999999982e-02 -2.589999999999999941e-02 -3.939999999999999752e-02 5.759999999999999842e-02 -7.420000000000000207e-02 -7.090000000000000469e-02 -4.769999999999999241e-02 -7.910000000000000364e-02 -1.299999999999995604e-03 2.639999999999999986e-02 -6.300000000000000044e-03 9.063040000000001373e-03 8.236899999999999691e-04 6.708099999999999827e-04 1.552359999999999808e-03 3.317759999999999893e-03 5.505640000000000013e-03 5.026810000000000479e-03 2.275289999999999258e-03 6.256810000000000670e-03 1.689999999999988478e-06 6.969599999999999407e-04 3.969000000000000116e-05 1.942483375000000000e+06 2.040182750000000000e+06
1.000000000000000000e+00 -8.250000000000000389e-02 3.520000000000000212e-02 -2.779999999999999832e-02 -3.690000000000000224e-02 6.660000000000000642e-02 -8.069999999999999396e-02 1.270000000000000295e-02 6.500000000000002304e-03 -1.899999999999998912e-03 2.499999999999995282e-03 9.000000000000007994e-03 -6.499999999999991895e-03 6.806250000000000668e-03 1.239040000000000063e-03 7.728399999999998986e-04 1.361610000000000077e-03 4.435560000000000717e-03 6.512489999999999252e-03 1.612900000000000770e-04 4.225000000000003086e-05 3.609999999999995930e-06 6.249999999999976583e-06 8.100000000000013927e-05 4.224999999999989533e-05 1.943432375000000000e+06 2.040785375000000000e+06
1.000000000000000000e+00 -6.819999999999999674e-02 2.120000000000000009e-02 -9.840000000000000135e-02 -1.050000000000000065e-02 8.099999999999999561e-03 -1.264000000000000123e-01 1.430000000000000715e-02 -1.400000000000000203e-02 -7.059999999999999609e-02 2.639999999999999986e-02 -5.850000000000001033e-02 -4.570000000000001839e-02 4.651239999999999195e-03 4.494400000000000066e-04 9.682559999999999778e-03 1.102500000000000100e-04 6.560999999999999016e-05 1.597696000000000185e-02 2.044900000000002055e-04 1.960000000000000479e-04 4.984359999999999312e-03 6.969599999999999407e-04 3.422250000000001246e-03 2.088490000000001873e-03 1.945289500000000000e+06 2.046600000000000000e+06
1.000000000000000000e+00 -1.016999999999999987e-01 -3.660000000000000059e-02 -1.297000000000000097e-01 -4.619999999999999801e-02 9.479999999999999538e-02 -8.079999999999999682e-02 -3.350000000000000200e-02 -5.780000000000000415e-02 -3.130000000000000837e-02 -3.569999999999999563e-02 8.669999999999999929e-02 4.560000000000001552e-02 1.034289000000000042e-02 1.339560000000000056e-03 1.682209000000000135e-02 2.134439999999999601e-03 8.987039999999999959e-03 6.528639999999999617e-03 1.122250000000000201e-03 3.340840000000000302e-03 9.796900000000005083e-04 1.274489999999999651e-03 7.516890000000000030e-03 2.079360000000001450e-03 1.943988750000000000e+06 2.046893250000000000e+06
1.000000000000000000e+00 -1.095000000000000001e-01 -3.849999999999999950e-02 -2.500000000000000052e-03 -5.349999999999999895e-02 1.068000000000000060e-01 -7.109999999999999654e-02 -7.800000000000001377e-03 -1.899999999999998912e-03 1.272000000000000075e-01 -7.300000000000000933e-03 1.200000000000001066e-02 9.700000000000000289e-03 1.199024999999999917e-02 1.482250000000000061e-03 6.250000000000000300e-06 2.862249999999999777e-03 1.140624000000000152e-02 5.055209999999999218e-03 6.084000000000002058e-05 3.609999999999995930e-06 1.617984000000000089e-02 5.329000000000001325e-05 1.440000000000002476e-04 9.409000000000000208e-05 1.942199000000000000e+06 2.042824625000000000e+06
1.000000000000000000e+00 -1.223999999999999949e-01 -8.179999999999999771e-02 -1.549999999999999989e-02 -4.929999999999999660e-02 2.800000000000000058e-02 -5.689999999999999919e-02 -1.289999999999999480e-02 -4.329999999999999821e-02 -1.299999999999999940e-02 4.200000000000002343e-03 -7.880000000000000893e-02 1.419999999999999735e-02 1.498175999999999848e-02 6.691239999999999341e-03 2.402499999999999851e-04 2.430489999999999561e-03 7.840000000000000831e-04 3.237609999999999707e-03 1.664099999999998653e-04 1.874889999999999933e-03 1.689999999999999879e-04 1.764000000000002084e-05 6.209440000000001833e-03 2.016399999999999193e-04 1.941003375000000000e+06 2.037858125000000000e+06
1.000000000000000000e+00 -1.068000000000000060e-01 -4.080000000000000293e-02 1.260000000000000009e-02 -4.639999999999999680e-02 9.400000000000000369e-03 -9.879999999999999893e-02 1.559999999999998888e-02 4.099999999999999478e-02 2.809999999999999998e-02 2.899999999999999800e-03 -1.859999999999999848e-02 -4.189999999999999974e-02 1.140624000000000152e-02 1.664640000000000217e-03 1.587600000000000046e-04 2.152959999999999770e-03 8.836000000000000104e-05 9.761439999999999700e-03 2.433599999999996486e-04 1.680999999999999552e-03 7.896100000000000514e-04 8.409999999999999101e-06 3.459599999999999199e-04 1.755609999999999896e-03 1.941164375000000000e+06 2.037927625000000000e+06
1.000000000000000000e+00 -8.340000000000000191e-02 2.580000000000000002e-02 2.060000000000000026e-02 -6.360000000000000375e-02 5.000000000000000104e-04 -7.059999999999999609e-02 2.340000000000000413e-02 6.660000000000000642e-02 8.000000000000000167e-03 -1.720000000000000695e-02 -8.899999999999999925e-03 2.820000000000000284e-02 6.955560000000000388e-03 6.656400000000000034e-04 4.243600000000000367e-04 4.044960000000000222e-03 2.499999999999999887e-07 4.984359999999999312e-03 5.475600000000002123e-04 4.435560000000000717e-03 6.399999999999999710e-05 2.958400000000002304e-04 7.920999999999999547e-05 7.952400000000001178e-04 1.942077375000000000e+06 2.039587625000000000e+06
1.000000000000000000e+00 -1.363000000000000045e-01 -6.999999999999999929e-04 1.220000000000000077e-02 -6.149999999999999911e-02 -6.999999999999999929e-04 -7.130000000000000226e-02 -5.290000000000000258e-02 -2.649999999999999925e-02 -8.399999999999999481e-03 2.100000000000004641e-03 -1.200000000000000112e-03 -7.000000000000061728e-04 1.857769000000000087e-02 4.899999999999999672e-07 1.488400000000000183e-04 3.782250000000000022e-03 4.899999999999999672e-07 5.083690000000000084e-03 2.798410000000000307e-03 7.022499999999999663e-04 7.055999999999998851e-05 4.410000000000019610e-06 1.440000000000000189e-06 4.900000000000086493e-07 1.940760625000000000e+06 2.038954000000000000e+06
1.000000000000000000e+00 -7.670000000000000429e-02 8.550000000000000655e-02 8.899999999999999925e-03 -5.190000000000000169e-02 1.949999999999999997e-02 -7.340000000000000691e-02 5.960000000000000020e-02 8.620000000000001272e-02 -3.300000000000000849e-03 9.599999999999997424e-03 2.019999999999999921e-02 -2.100000000000004641e-03 5.882890000000000862e-03 7.310250000000000775e-03 7.920999999999999547e-05 2.693610000000000362e-03 3.802499999999999999e-04 5.387560000000001306e-03 3.552159999999999953e-03 7.430440000000002564e-03 1.089000000000000585e-05 9.215999999999994433e-05 4.080399999999999761e-04 4.410000000000019610e-06 1.940778000000000000e+06 2.039995125000000000e+06
1.000000000000000000e+00 -7.489999999999999436e-02 1.799999999999999864e-02 1.660000000000000017e-02 -5.380000000000000060e-02 1.629999999999999852e-02 -8.079999999999999682e-02 1.800000000000009925e-03 -6.750000000000000444e-02 7.700000000000000247e-03 -1.899999999999998912e-03 -3.200000000000001454e-03 -7.399999999999989919e-03 5.610009999999999476e-03 3.239999999999999608e-04 2.755599999999999977e-04 2.894439999999999860e-03 2.656899999999999583e-04 6.528639999999999617e-03 3.240000000000035895e-06 4.556250000000000404e-03 5.929000000000000324e-05 3.609999999999995930e-06 1.024000000000000868e-05 5.475999999999984840e-05 1.943013000000000000e+06 2.041406625000000000e+06
1.000000000000000000e+00 -8.110000000000000542e-02 4.189999999999999974e-02 1.619999999999999912e-02 -5.809999999999999887e-02 1.890000000000000013e-02 -8.680000000000000215e-02 -6.200000000000011058e-03 2.390000000000000110e-02 -4.000000000000010492e-04 -4.299999999999998268e-03 2.600000000000001615e-03 -6.000000000000005329e-03 6.577210000000000868e-03 1.755609999999999896e-03 2.624399999999999606e-04 3.375609999999999809e-03 3.572100000000000036e-04 7.534240000000000208e-03 3.844000000000014018e-05 5.712100000000000554e-04 1.600000000000008504e-07 1.848999999999998391e-05 6.760000000000008122e-06 3.600000000000006190e-05 1.942531125000000000e+06 2.042591375000000000e+06
1.000000000000000000e+00 -1.069999999999999979e-01 5.249999999999999806e-02 -1.689999999999999836e-02 -7.399999999999999634e-02 4.399999999999999745e-02 -5.229999999999999927e-02 -2.589999999999999247e-02 1.059999999999999831e-02 -3.309999999999999748e-02 -1.589999999999999747e-02 2.509999999999999731e-02 3.450000000000000289e-02 1.144899999999999911e-02 2.756249999999999586e-03 2.856099999999999438e-04 5.475999999999999097e-03 1.935999999999999787e-03 2.735290000000000030e-03 6.708099999999996574e-04 1.123599999999999610e-04 1.095609999999999900e-03 2.528099999999999055e-04 6.300099999999998583e-04 1.190250000000000119e-03 1.943704250000000000e+06 2.044370000000000000e+06
1.000000000000000000e+00 -1.150000000000000050e-01 -1.940000000000000058e-02 -1.619999999999999912e-02 -7.599999999999999811e-02 4.229999999999999732e-02 -4.309999999999999942e-02 -8.000000000000007105e-03 -7.189999999999999170e-02 6.999999999999992339e-04 -2.000000000000001776e-03 -1.700000000000000122e-03 9.199999999999999845e-03 1.322500000000000064e-02 3.763600000000000083e-04 2.624399999999999606e-04 5.775999999999999884e-03 1.789289999999999804e-03 1.857609999999999990e-03 6.400000000000011908e-05 5.169609999999998963e-03 4.899999999999989084e-07 4.000000000000007442e-06 2.890000000000000282e-06 8.464000000000000278e-05 1.944382250000000000e+06 2.044039250000000000e+06
1.000000000000000000e+00 -1.033000000000000029e-01 2.850000000000000103e-02 -3.150000000000000022e-02 -6.010000000000000064e-02 5.109999999999999959e-02 -6.579999999999999738e-02 1.170000000000000207e-02 4.789999999999999813e-02 -1.530000000000000110e-02 1.589999999999999747e-02 8.800000000000002265e-03 -2.269999999999999796e-02 1.067089000000000058e-02 8.122500000000000379e-04 9.922500000000000764e-04 3.612010000000000134e-03 2.611210000000000094e-03 4.329640000000000051e-03 1.368900000000000531e-04 2.294409999999999766e-03 2.340900000000000305e-04 2.528099999999999055e-04 7.744000000000004461e-05 5.152899999999999538e-04 1.944060000000000000e+06 2.042960250000000000e+06
1.000000000000000000e+00 -1.008000000000000007e-01 5.120000000000000245e-02 -3.400000000000000244e-02 -6.750000000000000444e-02 5.929999999999999855e-02 -6.180000000000000077e-02 2.500000000000002220e-03 2.270000000000000143e-02 -2.500000000000002220e-03 -7.400000000000003797e-03 8.199999999999998956e-03 3.999999999999996614e-03 1.016064000000000030e-02 2.621440000000000055e-03 1.156000000000000126e-03 4.556250000000000404e-03 3.516489999999999720e-03 3.819240000000000222e-03 6.250000000000011311e-06 5.152900000000000622e-04 6.250000000000011311e-06 5.476000000000005847e-05 6.723999999999998641e-05 1.599999999999997217e-05 1.942027000000000000e+06 2.043261625000000000e+06
1.000000000000000000e+00 -8.190000000000000058e-02 1.959999999999999937e-02 -6.350000000000000089e-02 -7.159999999999999698e-02 5.299999999999999850e-02 -3.849999999999999950e-02 1.890000000000000013e-02 -3.160000000000000309e-02 -2.949999999999999845e-02 -4.099999999999992539e-03 -6.300000000000000044e-03 2.330000000000000127e-02 6.707610000000000135e-03 3.841599999999999811e-04 4.032250000000000244e-03 5.126559999999999624e-03 2.808999999999999865e-03 1.482250000000000061e-03 3.572100000000000036e-04 9.985600000000001159e-04 8.702499999999999299e-04 1.680999999999993900e-05 3.969000000000000116e-05 5.428900000000000826e-04 1.941849125000000000e+06 2.042782625000000000e+06
1.000000000000000000e+00 -9.400000000000000022e-02 -5.000000000000000104e-03 -3.769999999999999740e-02 -7.320000000000000118e-02 2.769999999999999893e-02 -5.439999999999999697e-02 -1.209999999999999964e-02 -2.460000000000000034e-02 2.580000000000000349e-02 -1.600000000000004197e-03 -2.529999999999999957e-02 -1.589999999999999747e-02 8.836000000000000104e-03 2.500000000000000120e-05 1.421289999999999750e-03 5.358240000000000225e-03 7.672899999999998992e-04 2.959359999999999855e-03 1.464100000000000026e-04 6.051599999999999861e-04 6.656400000000002202e-04 2.560000000000013606e-06 6.400899999999999515e-04 2.528099999999999055e-04 1.944484250000000000e+06 2.046507125000000000e+06
1.000000000000000000e+00 -1.089999999999999997e-01 5.879999999999999810e-02 -7.300000000000000065e-03 -7.660000000000000142e-02 6.980000000000000093e-02 -3.969999999999999918e-02 -1.499999999999999944e-02 6.379999999999999560e-02 3.039999999999999647e-02 -3.400000000000000244e-03 4.209999999999999853e-02 1.469999999999999779e-02 1.188099999999999920e-02 3.457439999999999992e-03 5.328999999999999970e-05 5.867559999999999963e-03 4.872040000000000225e-03 1.576090000000000043e-03 2.249999999999999938e-04 4.070439999999999822e-03 9.241599999999998254e-04 1.156000000000000113e-05 1.772409999999999871e-03 2.160899999999999453e-04 1.944742500000000000e+06 2.046733000000000000e+06
1.000000000000000000e+00 -1.141999999999999960e-01 -1.689999999999999836e-02 -7.670000000000000429e-02 -8.400000000000000522e-02 7.699999999999999900e-02 -4.359999999999999987e-02 -5.199999999999996292e-03 -7.569999999999998952e-02 -6.940000000000000335e-02 -7.400000000000003797e-03 7.199999999999998068e-03 -3.900000000000000688e-03 1.304163999999999844e-02 2.856099999999999438e-04 5.882890000000000862e-03 7.056000000000000640e-03 5.929000000000000242e-03 1.900959999999999933e-03 2.703999999999996134e-05 5.730489999999998675e-03 4.816360000000000433e-03 5.476000000000005847e-05 5.183999999999997123e-05 1.521000000000000515e-05 1.943564750000000000e+06 2.043776250000000000e+06
1.000000000000000000e+00 -9.969999999999999696e-02 -4.689999999999999725e-02 -1.209999999999999964e-02 -7.449999999999999678e-02 4.050000000000000128e-02 -4.100000000000000172e-02 1.449999999999999900e-02 -2.999999999999999889e-02 6.460000000000000464e-02 9.500000000000008438e-03 -3.649999999999999772e-02 2.599999999999998146e-03 9.940089999999998649e-03 2.199609999999999847e-03 1.464100000000000026e-04 5.550249999999999628e-03 1.640249999999999998e-03 1.681000000000000202e-03 2.102499999999999606e-04 8.999999999999999754e-04 4.173160000000000411e-03 9.025000000000016082e-05 1.332249999999999884e-03 6.759999999999990334e-06 1.942221875000000000e+06 2.039304125000000000e+06
1.000000000000000000e+00 -1.029999999999999943e-01 -5.399999999999999939e-02 -1.899999999999999953e-02 -6.859999999999999432e-02 6.629999999999999782e-02 -4.080000000000000293e-02 -3.299999999999997380e-03 -7.100000000000002143e-03 -6.899999999999999883e-03 5.900000000000002465e-03 2.579999999999999655e-02 1.999999999999987899e-04 1.060899999999999864e-02 2.915999999999999755e-03 3.609999999999999928e-04 4.705959999999999484e-03 4.395689999999999840e-03 1.664640000000000217e-03 1.088999999999998213e-05 5.041000000000002727e-05 4.760999999999999987e-05 3.481000000000002755e-05 6.656399999999997865e-04 3.999999999999951776e-08 1.940994875000000000e+06 2.036397250000000000e+06
1.000000000000000000e+00 -1.044999999999999957e-01 -5.360000000000000181e-02 -3.200000000000000153e-03 -7.739999999999999658e-02 5.029999999999999749e-02 -4.270000000000000184e-02 -1.500000000000001332e-03 3.999999999999975797e-04 1.579999999999999807e-02 -8.800000000000002265e-03 -1.600000000000000033e-02 -1.899999999999998912e-03 1.092024999999999940e-02 2.872960000000000357e-03 1.024000000000000021e-05 5.990759999999999488e-03 2.530089999999999596e-03 1.823290000000000197e-03 2.250000000000003869e-06 1.599999999999980711e-07 2.496399999999999206e-04 7.744000000000004461e-05 2.559999999999999884e-04 3.609999999999995930e-06 1.939131125000000000e+06 2.035357250000000000e+06
1.000000000000000000e+00 -1.009000000000000036e-01 -4.839999999999999858e-02 -2.099999999999999870e-03 -6.969999999999999807e-02 4.899999999999999842e-03 -4.680000000000000132e-02 3.599999999999992095e-03 5.200000000000003231e-03 1.100000000000000283e-03 7.699999999999998512e-03 -4.539999999999999591e-02 -4.099999999999999478e-03 1.018081000000000021e-02 2.342560000000000042e-03 4.409999999999999282e-06 4.858089999999999804e-03 2.400999999999999882e-05 2.190239999999999982e-03 1.295999999999994368e-05 2.704000000000003249e-05 1.210000000000000697e-06 5.928999999999997613e-05 2.061159999999999815e-03 1.680999999999999660e-05 1.939694375000000000e+06 2.034898500000000000e+06
1.000000000000000000e+00 -1.021999999999999992e-01 2.220000000000000098e-02 2.199999999999999872e-02 -6.779999999999999916e-02 6.219999999999999835e-02 -4.889999999999999902e-02 -1.299999999999995604e-03 7.059999999999999609e-02 2.409999999999999989e-02 1.899999999999998912e-03 5.729999999999999677e-02 -2.099999999999997702e-03 1.044484000000000037e-02 4.928400000000000315e-04 4.839999999999999468e-04 4.596839999999999607e-03 3.868839999999999692e-03 2.391209999999999950e-03 1.689999999999988478e-06 4.984359999999999312e-03 5.808099999999999635e-04 3.609999999999995930e-06 3.283289999999999473e-03 4.409999999999989964e-06 1.942358875000000000e+06 2.036406500000000000e+06
1.000000000000000000e+00 -9.979999999999999982e-02 -4.799999999999999580e-03 1.600000000000000077e-03 -6.529999999999999694e-02 -1.609999999999999973e-02 -5.759999999999999842e-02 2.399999999999999356e-03 -2.699999999999999969e-02 -2.039999999999999800e-02 2.500000000000002220e-03 -7.829999999999999460e-02 -8.699999999999999400e-03 9.960039999999999866e-03 2.303999999999999625e-05 2.560000000000000054e-06 4.264089999999999894e-03 2.592100000000000068e-04 3.317759999999999893e-03 5.759999999999996521e-06 7.289999999999999388e-04 4.161599999999998916e-04 6.250000000000011311e-06 6.130889999999999083e-03 7.568999999999998852e-05 1.942793000000000000e+06 2.040324625000000000e+06
1.000000000000000000e+00 -9.520000000000000684e-02 1.549999999999999989e-02 -5.009999999999999870e-02 -6.500000000000000222e-02 2.899999999999999800e-03 -5.850000000000000339e-02 4.599999999999992983e-03 2.029999999999999860e-02 -5.169999999999999596e-02 2.999999999999947153e-04 1.899999999999999953e-02 -9.000000000000049627e-04 9.063040000000001373e-03 2.402499999999999851e-04 2.510010000000000019e-03 4.225000000000000457e-03 8.409999999999999101e-06 3.422250000000000379e-03 2.115999999999993632e-05 4.120899999999999390e-04 2.672889999999999381e-03 8.999999999999683544e-08 3.609999999999999928e-04 8.100000000000089737e-07 1.944252500000000000e+06 2.044059500000000000e+06
1.000000000000000000e+00 -1.057000000000000023e-01 -6.100000000000000387e-03 -3.130000000000000143e-02 -7.910000000000000364e-02 -8.680000000000000215e-02 -5.909999999999999976e-02 -1.049999999999999545e-02 -2.160000000000000114e-02 1.879999999999999727e-02 -1.410000000000000142e-02 -8.970000000000000195e-02 -5.999999999999963696e-04 1.117249000000000020e-02 3.721000000000000457e-05 9.796900000000000747e-04 6.256810000000000670e-03 7.534240000000000208e-03 3.492809999999999838e-03 1.102499999999999016e-04 4.665600000000000324e-04 3.534399999999998957e-04 1.988100000000000294e-04 8.046090000000000533e-03 3.599999999999956533e-07 1.943230875000000000e+06 2.040319500000000000e+06
1.000000000000000000e+00 -1.088999999999999968e-01 5.670000000000000040e-02 -7.820000000000000562e-02 -7.850000000000000033e-02 -3.000000000000000062e-03 -6.450000000000000178e-02 -3.199999999999994515e-03 6.279999999999999472e-02 -4.690000000000000419e-02 6.000000000000033085e-04 8.379999999999999949e-02 -5.400000000000002021e-03 1.185920999999999850e-02 3.214890000000000195e-03 6.115240000000000953e-03 6.162250000000000193e-03 9.000000000000000228e-06 4.160249999999999886e-03 1.023999999999996464e-05 3.943839999999999672e-03 2.199610000000000280e-03 3.600000000000039648e-07 7.022439999999999585e-03 2.916000000000002236e-05 1.941702000000000000e+06 2.040898625000000000e+06
1.000000000000000000e+00 -1.179999999999999938e-01 9.779999999999999805e-02 -6.379999999999999560e-02 -9.139999999999999514e-02 8.110000000000000542e-02 -4.900000000000000189e-02 -9.099999999999996980e-03 4.109999999999999765e-02 1.440000000000001001e-02 -1.289999999999999480e-02 8.410000000000000808e-02 1.549999999999999989e-02 1.392399999999999888e-02 9.564839999999999801e-03 4.070439999999999822e-03 8.353959999999998817e-03 6.577210000000000868e-03 2.401000000000000356e-03 8.280999999999994745e-05 1.689209999999999800e-03 2.073600000000002915e-04 1.664099999999998653e-04 7.072810000000001422e-03 2.402499999999999851e-04 1.941285875000000000e+06 2.039654750000000000e+06
1.000000000000000000e+00 -1.170000000000000068e-01 6.000000000000000125e-03 7.100000000000000408e-03 -8.669999999999999929e-02 -1.779999999999999985e-02 -5.050000000000000322e-02 9.999999999999870104e-04 -9.179999999999999272e-02 7.089999999999999081e-02 4.699999999999995848e-03 -9.890000000000000180e-02 -1.500000000000001332e-03 1.368900000000000151e-02 3.600000000000000091e-05 5.041000000000000694e-05 7.516890000000000030e-03 3.168399999999999819e-04 2.550250000000000433e-03 9.999999999999741202e-07 8.427239999999999037e-03 5.026809999999998745e-03 2.208999999999995960e-05 9.781210000000000251e-03 2.250000000000003869e-06 1.942585125000000000e+06 2.043638250000000000e+06
1.000000000000000000e+00 -7.459999999999999964e-02 1.949999999999999997e-02 -2.699999999999999969e-02 -1.015999999999999959e-01 1.299999999999999940e-03 -4.789999999999999813e-02 4.240000000000000713e-02 1.349999999999999985e-02 -3.409999999999999837e-02 -1.489999999999999658e-02 1.909999999999999892e-02 2.600000000000005085e-03 5.565159999999999552e-03 3.802499999999999999e-04 7.289999999999999388e-04 1.032255999999999972e-02 1.689999999999999913e-06 2.294409999999999766e-03 1.797760000000000677e-03 1.822499999999999847e-04 1.162809999999999799e-03 2.220099999999998886e-04 3.648099999999999715e-04 6.760000000000026757e-06 1.943505875000000000e+06 2.046654500000000000e+06
1.000000000000000000e+00 -1.279000000000000137e-01 4.799999999999999580e-03 -2.769999999999999893e-02 -9.270000000000000462e-02 -1.600000000000000077e-03 -4.900000000000000189e-02 -5.330000000000001403e-02 -1.470000000000000126e-02 -6.999999999999992339e-04 8.899999999999991251e-03 -2.899999999999999800e-03 -1.100000000000003753e-03 1.635841000000000378e-02 2.303999999999999625e-05 7.672899999999998992e-04 8.593290000000001691e-03 2.560000000000000054e-06 2.401000000000000356e-03 2.840890000000001296e-03 2.160900000000000266e-04 4.899999999999989084e-07 7.920999999999984640e-05 8.409999999999999101e-06 1.210000000000008320e-06 1.944306125000000000e+06 2.046654750000000000e+06
1.000000000000000000e+00 -7.710000000000000187e-02 2.309999999999999901e-02 -2.290000000000000022e-02 -2.479999999999999913e-02 1.030000000000000013e-02 -3.910000000000000281e-02 5.080000000000001181e-02 1.830000000000000029e-02 4.799999999999998712e-03 6.790000000000000202e-02 1.190000000000000085e-02 9.899999999999999079e-03 5.944410000000000666e-03 5.336099999999999004e-04 5.244100000000000020e-04 6.150399999999999661e-04 1.060900000000000092e-04 1.528810000000000238e-03 2.580640000000001232e-03 3.348900000000000141e-04 2.303999999999998608e-05 4.610410000000000549e-03 1.416100000000000214e-04 9.800999999999997811e-05 1.941360625000000000e+06 2.041990500000000000e+06
1.000000000000000000e+00 -7.589999999999999525e-02 5.070000000000000201e-02 -9.400000000000000369e-03 -8.840000000000000635e-02 1.890000000000000013e-02 -3.969999999999999918e-02 1.200000000000006617e-03 2.760000000000000300e-02 1.349999999999999985e-02 -6.360000000000000375e-02 8.600000000000000006e-03 -5.999999999999963696e-04 5.760809999999999022e-03 2.570490000000000361e-03 8.836000000000000104e-05 7.814560000000001644e-03 3.572100000000000036e-04 1.576090000000000043e-03 1.440000000000015859e-06 7.617600000000002147e-04 1.822499999999999847e-04 4.044960000000000222e-03 7.396000000000000339e-05 3.599999999999956533e-07 1.940163125000000000e+06 2.038464250000000000e+06
1.000000000000000000e+00 -6.990000000000000380e-02 5.559999999999999665e-02 -1.650000000000000078e-02 -6.499999999999999702e-03 1.820000000000000090e-02 -4.989999999999999991e-02 5.999999999999991451e-03 4.899999999999994638e-03 -7.100000000000000408e-03 8.190000000000000058e-02 -6.999999999999992339e-04 -1.020000000000000073e-02 4.886010000000000526e-03 3.091359999999999594e-03 2.722500000000000310e-04 4.224999999999999698e-05 3.312400000000000067e-04 2.490009999999999966e-03 3.599999999999989927e-05 2.400999999999994800e-05 5.041000000000000694e-05 6.707610000000000135e-03 4.899999999999989084e-07 1.040400000000000135e-04 1.940201375000000000e+06 2.039246625000000000e+06
1.000000000000000000e+00 -7.399999999999999634e-02 1.569999999999999868e-02 -8.800000000000000530e-03 -7.670000000000000429e-02 2.799999999999999972e-03 -4.560000000000000164e-02 -4.099999999999992539e-03 -3.989999999999999797e-02 7.700000000000000247e-03 -7.019999999999999851e-02 -1.540000000000000049e-02 4.299999999999998268e-03 5.475999999999999097e-03 2.464899999999999795e-04 7.744000000000000395e-05 5.882890000000000862e-03 7.839999999999999476e-06 2.079360000000000149e-03 1.680999999999993900e-05 1.592009999999999823e-03 5.929000000000000324e-05 4.928039999999999851e-03 2.371600000000000129e-04 1.848999999999998391e-05 1.941854375000000000e+06 2.041743625000000000e+06
1.000000000000000000e+00 -7.599999999999999811e-02 1.379999999999999977e-02 -5.199999999999999761e-03 -1.949999999999999997e-02 -5.899999999999999863e-03 -4.279999999999999777e-02 -2.000000000000001776e-03 -1.899999999999998912e-03 3.600000000000000769e-03 5.720000000000000084e-02 -8.699999999999999400e-03 2.800000000000003875e-03 5.775999999999999884e-03 1.904399999999999995e-04 2.703999999999999861e-05 3.802499999999999999e-04 3.481000000000000045e-05 1.831839999999999727e-03 4.000000000000007442e-06 3.609999999999995930e-06 1.296000000000000636e-05 3.271840000000000252e-03 7.568999999999998852e-05 7.840000000000021499e-06 1.942539625000000000e+06 2.042908125000000000e+06
1.000000000000000000e+00 -7.929999999999999549e-02 3.320000000000000034e-02 -8.899999999999999925e-03 -7.630000000000000671e-02 1.619999999999999912e-02 -4.279999999999999777e-02 -3.299999999999997380e-03 1.940000000000000058e-02 -3.700000000000000164e-03 -5.680000000000000326e-02 2.209999999999999812e-02 0.000000000000000000e+00 6.288489999999999011e-03 1.102239999999999991e-03 7.920999999999999547e-05 5.821690000000000892e-03 2.624399999999999606e-04 1.831839999999999727e-03 1.088999999999998213e-05 3.763600000000000083e-04 1.369000000000000106e-05 3.226240000000000444e-03 4.884099999999998859e-04 0.000000000000000000e+00 1.944295125000000000e+06 2.045740125000000000e+06
1.000000000000000000e+00 -7.340000000000000691e-02 7.920000000000000651e-02 -2.479999999999999913e-02 -4.899999999999999842e-03 2.009999999999999981e-02 -4.349999999999999700e-02 5.899999999999988587e-03 4.600000000000000616e-02 -1.589999999999999747e-02 7.140000000000000513e-02 3.900000000000000688e-03 -6.999999999999992339e-04 5.387560000000001306e-03 6.272640000000001201e-03 6.150399999999999661e-04 2.400999999999999882e-05 4.040100000000000028e-04 1.892249999999999835e-03 3.480999999999986492e-05 2.116000000000000693e-03 2.528099999999999055e-04 5.097960000000000338e-03 1.521000000000000515e-05 4.899999999999989084e-07 1.944875750000000000e+06 2.046718250000000000e+06
1.000000000000000000e+00 -7.099999999999999367e-02 1.770000000000000046e-02 -3.020000000000000115e-02 -6.320000000000000617e-02 4.270000000000000184e-02 -3.180000000000000188e-02 2.400000000000013234e-03 -6.150000000000000605e-02 -5.400000000000002021e-03 -5.830000000000000460e-02 2.260000000000000203e-02 1.169999999999999513e-02 5.040999999999999474e-03 3.132900000000000311e-04 9.120400000000000295e-04 3.994240000000000464e-03 1.823290000000000197e-03 1.011240000000000056e-03 5.760000000000063436e-06 3.782250000000000889e-03 2.916000000000002236e-05 3.398890000000000331e-03 5.107600000000000768e-04 1.368899999999998905e-04 1.943765125000000000e+06 2.045624375000000000e+06
1.000000000000000000e+00 -7.630000000000000671e-02 1.340000000000000045e-02 -1.230000000000000017e-02 -9.700000000000000289e-03 5.460000000000000270e-02 -2.649999999999999925e-02 -5.300000000000013034e-03 -4.300000000000000003e-03 1.789999999999999925e-02 5.350000000000000588e-02 1.190000000000000085e-02 5.300000000000002626e-03 5.821690000000000892e-03 1.795600000000000223e-04 1.512899999999999965e-04 9.409000000000000208e-05 2.981160000000000494e-03 7.022499999999999663e-04 2.809000000000013933e-05 1.849000000000000085e-05 3.204099999999999765e-04 2.862250000000000644e-03 1.416100000000000214e-04 2.809000000000002752e-05 1.941054000000000000e+06 2.042330375000000000e+06
1.000000000000000000e+00 -7.810000000000000275e-02 3.180000000000000188e-02 -2.500000000000000139e-02 -7.190000000000000557e-02 4.440000000000000197e-02 -2.709999999999999909e-02 -1.799999999999996048e-03 1.839999999999999969e-02 -1.270000000000000122e-02 -6.220000000000000528e-02 -1.020000000000000073e-02 -5.999999999999998390e-04 6.099610000000000101e-03 1.011240000000000056e-03 6.250000000000001214e-04 5.169610000000000698e-03 1.971360000000000126e-03 7.344099999999999023e-04 3.239999999999985920e-06 3.385600000000000111e-04 1.612900000000000228e-04 3.868840000000000560e-03 1.040400000000000135e-04 3.599999999999997825e-07 1.940646500000000000e+06 2.042158500000000000e+06
1.000000000000000000e+00 -9.099999999999999756e-02 7.280000000000000360e-02 -1.930000000000000118e-02 -1.750000000000000167e-02 3.610000000000000014e-02 -2.520000000000000018e-02 -1.289999999999999480e-02 4.100000000000000172e-02 5.700000000000000205e-03 5.440000000000000391e-02 -8.300000000000001821e-03 1.899999999999998912e-03 8.281000000000000166e-03 5.299840000000000106e-03 3.724900000000000606e-04 3.062500000000000443e-04 1.303209999999999959e-03 6.350400000000000185e-04 1.664099999999998653e-04 1.681000000000000202e-03 3.249000000000000233e-05 2.959360000000000289e-03 6.889000000000002652e-05 3.609999999999995930e-06 1.942184250000000000e+06 2.041514875000000000e+06
1.000000000000000000e+00 -7.599999999999999811e-02 1.299999999999999940e-02 -4.529999999999999999e-02 -7.349999999999999589e-02 6.679999999999999827e-02 -2.699999999999999969e-02 1.499999999999999944e-02 -5.980000000000000593e-02 -2.599999999999999881e-02 -5.599999999999999423e-02 3.069999999999999812e-02 -1.799999999999999517e-03 5.775999999999999884e-03 1.689999999999999879e-04 2.052089999999999904e-03 5.402249999999999067e-03 4.462240000000000130e-03 7.289999999999999388e-04 2.249999999999999938e-04 3.576040000000000815e-03 6.759999999999999516e-04 3.135999999999999465e-03 9.424899999999999294e-04 3.239999999999998202e-06 1.941259625000000000e+06 2.040888875000000000e+06
1.000000000000000000e+00 -8.369999999999999662e-02 5.360000000000000181e-02 -4.889999999999999902e-02 -2.189999999999999933e-02 6.429999999999999605e-02 -2.390000000000000110e-02 -7.699999999999998512e-03 4.060000000000000414e-02 -3.599999999999999034e-03 5.159999999999999309e-02 -2.500000000000002220e-03 3.099999999999998590e-03 7.005689999999999314e-03 2.872960000000000357e-03 2.391209999999999950e-03 4.796099999999999973e-04 4.134489999999999346e-03 5.712100000000000554e-04 5.928999999999997613e-05 1.648360000000000406e-03 1.295999999999999281e-05 2.662559999999999146e-03 6.250000000000011311e-06 9.609999999999991000e-06 1.942111625000000000e+06 2.042730375000000000e+06
1.000000000000000000e+00 -8.540000000000000369e-02 1.899999999999999953e-02 -6.869999999999999718e-02 -8.089999999999999969e-02 8.800000000000000530e-03 -3.200000000000000067e-02 -1.700000000000007061e-03 -3.460000000000000575e-02 -1.979999999999999816e-02 -5.899999999999999689e-02 -5.549999999999999378e-02 -8.099999999999999561e-03 7.293160000000000788e-03 3.609999999999999928e-04 4.719689999999999476e-03 6.544809999999999864e-03 7.744000000000000395e-05 1.023999999999999954e-03 2.890000000000023999e-06 1.197160000000000498e-03 3.920399999999999124e-04 3.480999999999999719e-03 3.080249999999999221e-03 6.560999999999999016e-05 1.940548125000000000e+06 2.043274750000000000e+06
1.000000000000000000e+00 -9.420000000000000595e-02 -3.470000000000000168e-02 -5.099999999999999672e-02 -3.309999999999999748e-02 8.099999999999999561e-03 -2.659999999999999865e-02 -8.800000000000002265e-03 -5.369999999999999774e-02 1.770000000000000046e-02 4.780000000000000221e-02 -7.000000000000009687e-04 5.400000000000002021e-03 8.873640000000000347e-03 1.204090000000000108e-03 2.600999999999999580e-03 1.095609999999999900e-03 6.560999999999999016e-05 7.075599999999999815e-04 7.744000000000004461e-05 2.883689999999999951e-03 3.132900000000000311e-04 2.284840000000000221e-03 4.900000000000013437e-07 2.916000000000002236e-05 1.941308250000000000e+06 2.043101750000000000e+06
1.000000000000000000e+00 -8.590000000000000413e-02 6.429999999999999605e-02 1.030000000000000013e-02 -8.939999999999999336e-02 3.289999999999999869e-02 -3.409999999999999837e-02 8.300000000000001821e-03 9.900000000000000466e-02 6.129999999999999338e-02 -5.629999999999999588e-02 2.479999999999999913e-02 -7.499999999999999722e-03 7.378810000000000403e-03 4.134489999999999346e-03 1.060900000000000092e-04 7.992359999999998701e-03 1.082410000000000013e-03 1.162809999999999799e-03 6.889000000000002652e-05 9.801000000000000684e-03 3.757689999999999295e-03 3.169689999999999747e-03 6.150399999999999661e-04 5.624999999999999846e-05 1.944436125000000000e+06 2.045477375000000000e+06
1.000000000000000000e+00 -7.829999999999999460e-02 8.300000000000000086e-03 -6.940000000000000335e-02 -1.729999999999999941e-02 3.579999999999999849e-02 -4.379999999999999866e-02 7.600000000000009526e-03 -5.599999999999999423e-02 -7.970000000000000695e-02 7.209999999999999742e-02 2.899999999999999800e-03 -9.700000000000000289e-03 6.130889999999999083e-03 6.888999999999999941e-05 4.816360000000000433e-03 2.992899999999999619e-04 1.281639999999999906e-03 1.918439999999999989e-03 5.776000000000014494e-05 3.135999999999999465e-03 6.352090000000001208e-03 5.198409999999999663e-03 8.409999999999999101e-06 9.409000000000000208e-05 1.944059625000000000e+06 2.043119250000000000e+06
1.000000000000000000e+00 -8.569999999999999840e-02 -2.759999999999999953e-02 -1.190000000000000085e-02 -9.089999999999999469e-02 1.004000000000000031e-01 -3.219999999999999946e-02 -7.400000000000003797e-03 -3.590000000000000135e-02 5.750000000000000250e-02 -7.359999999999999876e-02 6.460000000000000464e-02 1.159999999999999920e-02 7.344489999999999526e-03 7.617599999999999979e-04 1.416100000000000214e-04 8.262809999999998906e-03 1.008016000000000120e-02 1.036840000000000027e-03 5.476000000000005847e-05 1.288810000000000042e-03 3.306250000000000161e-03 5.416960000000000178e-03 4.173160000000000411e-03 1.345599999999999856e-04 1.943664000000000000e+06 2.041867875000000000e+06
1.000000000000000000e+00 -8.870000000000000107e-02 4.799999999999999580e-03 3.259999999999999704e-02 -1.600000000000000033e-02 7.159999999999999698e-02 -5.399999999999999939e-02 -3.000000000000002665e-03 3.239999999999999825e-02 4.449999999999999789e-02 7.489999999999999436e-02 -2.880000000000000615e-02 -2.179999999999999993e-02 7.867690000000000100e-03 2.303999999999999625e-05 1.062759999999999833e-03 2.559999999999999884e-04 5.126559999999999624e-03 2.915999999999999755e-03 9.000000000000015475e-06 1.049759999999999843e-03 1.980249999999999806e-03 5.610009999999999476e-03 8.294400000000004070e-04 4.752399999999999832e-04 1.940055375000000000e+06 2.036215500000000000e+06
1.000000000000000000e+00 -8.390000000000000235e-02 -3.640000000000000180e-02 1.760000000000000106e-02 -7.870000000000000606e-02 -8.999999999999999320e-03 -5.040000000000000036e-02 4.799999999999998712e-03 -4.120000000000000051e-02 -1.499999999999999598e-02 -6.270000000000000573e-02 -8.059999999999999110e-02 3.599999999999999034e-03 7.039210000000000605e-03 1.324960000000000027e-03 3.097600000000000158e-04 6.193690000000000827e-03 8.099999999999999019e-05 2.540160000000000074e-03 2.303999999999998608e-05 1.697440000000000147e-03 2.249999999999998854e-04 3.931290000000000479e-03 6.496359999999998767e-03 1.295999999999999281e-05 1.938431750000000000e+06 2.034751000000000000e+06
1.000000000000000000e+00 -8.709999999999999687e-02 -6.700000000000000226e-03 4.229999999999999732e-02 -1.030000000000000013e-02 -5.400000000000000286e-03 -5.390000000000000346e-02 -3.199999999999994515e-03 2.970000000000000070e-02 2.469999999999999626e-02 6.840000000000000246e-02 3.599999999999999034e-03 -3.500000000000003109e-03 7.586409999999999161e-03 4.489000000000000558e-05 1.789289999999999804e-03 1.060900000000000092e-04 2.916000000000000203e-05 2.905210000000000518e-03 1.023999999999996464e-05 8.820900000000000876e-04 6.100899999999997644e-04 4.678560000000000010e-03 1.295999999999999281e-05 1.225000000000002163e-05 1.939233375000000000e+06 2.035263250000000000e+06
1.000000000000000000e+00 -8.019999999999999352e-02 -3.099999999999999891e-03 2.469999999999999973e-02 -7.209999999999999742e-02 8.000000000000000383e-04 -4.950000000000000233e-02 6.900000000000003353e-03 3.600000000000000335e-03 -1.759999999999999759e-02 -6.179999999999999383e-02 6.200000000000000649e-03 4.400000000000001132e-03 6.432039999999999112e-03 9.609999999999999470e-06 6.100899999999999813e-04 5.198409999999999663e-03 6.400000000000000134e-07 2.450250000000000171e-03 4.761000000000004730e-05 1.296000000000000297e-05 3.097599999999999074e-04 3.819239999999999354e-03 3.844000000000001143e-05 1.936000000000001115e-05 1.942194750000000000e+06 2.037560250000000000e+06
1.000000000000000000e+00 -8.400000000000000522e-02 3.679999999999999938e-02 -3.379999999999999671e-02 -5.899999999999999863e-03 -6.300000000000000044e-03 -4.979999999999999705e-02 -3.800000000000011702e-03 3.989999999999999797e-02 -5.849999999999999645e-02 6.619999999999999496e-02 -7.100000000000000408e-03 -2.999999999999947153e-04 7.056000000000000640e-03 1.354240000000000044e-03 1.142439999999999775e-03 3.481000000000000045e-05 3.969000000000000116e-05 2.480039999999999762e-03 1.444000000000008875e-05 1.592009999999999823e-03 3.422249999999999511e-03 4.382439999999999600e-03 5.041000000000000694e-05 8.999999999999683544e-08 1.942774750000000000e+06 2.038700125000000000e+06
1.000000000000000000e+00 -8.409999999999999420e-02 6.769999999999999629e-02 2.290000000000000022e-02 -7.119999999999999940e-02 7.599999999999999985e-03 -4.490000000000000241e-02 -9.999999999998898659e-05 3.089999999999999691e-02 5.670000000000000040e-02 -6.529999999999999694e-02 1.389999999999999916e-02 4.899999999999994638e-03 7.072809999999998820e-03 4.583289999999999413e-03 5.244100000000000020e-04 5.069439999999999710e-03 5.776000000000000264e-05 2.016010000000000371e-03 9.999999999997796600e-09 9.548099999999998385e-04 3.214890000000000195e-03 4.264089999999999894e-03 1.932099999999999746e-04 2.400999999999994800e-05 1.941720875000000000e+06 2.039177500000000000e+06
1.000000000000000000e+00 -1.052000000000000018e-01 5.899999999999999863e-03 -4.900000000000000189e-02 -1.880000000000000074e-02 1.000000000000000021e-02 -3.849999999999999950e-02 -2.110000000000000764e-02 -6.179999999999999383e-02 -7.190000000000000557e-02 5.240000000000000213e-02 2.400000000000000223e-03 6.400000000000002909e-03 1.106704000000000021e-02 3.481000000000000045e-05 2.401000000000000356e-03 3.534400000000000042e-04 1.000000000000000048e-04 1.482250000000000061e-03 4.452100000000002995e-04 3.819239999999999354e-03 5.169610000000000698e-03 2.745760000000000301e-03 5.760000000000000756e-06 4.096000000000003474e-05 1.941918625000000000e+06 2.039573375000000000e+06
1.000000000000000000e+00 -1.062000000000000027e-01 -7.400000000000000328e-03 1.820000000000000090e-02 -7.950000000000000122e-02 2.520000000000000018e-02 -3.559999999999999970e-02 -1.000000000000000888e-03 -1.329999999999999932e-02 6.720000000000000973e-02 -6.070000000000000395e-02 1.519999999999999997e-02 2.899999999999999800e-03 1.127844000000000069e-02 5.476000000000000426e-05 3.312400000000000067e-04 6.320250000000000347e-03 6.350400000000000185e-04 1.267359999999999928e-03 1.000000000000001861e-06 1.768899999999999954e-04 4.515840000000000999e-03 3.684490000000000334e-03 2.310400000000000106e-04 8.409999999999999101e-06 1.942627875000000000e+06 2.039949750000000000e+06
1.000000000000000000e+00 -1.026999999999999996e-01 1.899999999999999996e-03 -4.710000000000000298e-02 -9.900000000000000813e-03 1.250000000000000069e-02 -4.499999999999999833e-02 3.500000000000003109e-03 9.300000000000000974e-03 -6.529999999999999694e-02 6.959999999999999520e-02 -1.269999999999999948e-02 -9.399999999999998634e-03 1.054728999999999910e-02 3.610000000000000165e-06 2.218410000000000087e-03 9.801000000000001876e-05 1.562500000000000304e-04 2.024999999999999890e-03 1.225000000000002163e-05 8.649000000000002064e-05 4.264089999999999894e-03 4.844159999999999265e-03 1.612899999999999957e-04 8.835999999999997394e-05 1.941904000000000000e+06 2.038664375000000000e+06
1.000000000000000000e+00 -8.590000000000000413e-02 3.660000000000000059e-02 4.639999999999999680e-02 -6.719999999999999585e-02 6.999999999999999929e-04 -4.630000000000000088e-02 1.679999999999999549e-02 3.470000000000000168e-02 9.349999999999999978e-02 -5.729999999999999677e-02 -1.180000000000000146e-02 -1.300000000000002542e-03 7.378810000000000403e-03 1.339560000000000056e-03 2.152959999999999770e-03 4.515839999999999264e-03 4.899999999999999672e-07 2.143690000000000179e-03 2.822399999999998456e-04 1.204090000000000108e-03 8.742250000000000021e-03 3.283289999999999473e-03 1.392400000000000289e-04 1.690000000000006689e-06 1.935270750000000000e+06 2.024690750000000000e+06
1.000000000000000000e+00 -9.719999999999999474e-02 8.210000000000000631e-02 -3.629999999999999893e-02 -1.899999999999999996e-03 7.400000000000000328e-03 -3.189999999999999780e-02 -1.129999999999999061e-02 4.550000000000000572e-02 -8.269999999999999574e-02 6.529999999999999694e-02 6.700000000000000226e-03 1.440000000000000308e-02 9.447839999999999017e-03 6.740410000000001366e-03 1.317689999999999834e-03 3.610000000000000165e-06 5.476000000000000426e-05 1.017609999999999956e-03 1.276899999999997753e-04 2.070250000000000475e-03 6.839289999999999606e-03 4.264089999999999894e-03 4.489000000000000558e-05 2.073600000000001017e-04 1.939514250000000000e+06 2.040155500000000000e+06
1.000000000000000000e+00 -1.015999999999999959e-01 -1.280000000000000061e-02 -5.410000000000000225e-02 -7.520000000000000295e-02 1.299999999999999940e-02 -2.419999999999999929e-02 -4.400000000000001132e-03 -9.490000000000001212e-02 -1.780000000000000332e-02 -7.330000000000000404e-02 5.599999999999999076e-03 7.699999999999998512e-03 1.032255999999999972e-02 1.638400000000000034e-04 2.926810000000000175e-03 5.655040000000000067e-03 1.689999999999999879e-04 5.856400000000000104e-04 1.936000000000001115e-05 9.006010000000001792e-03 3.168400000000001445e-04 5.372890000000000825e-03 3.135999999999999113e-05 5.928999999999997613e-05 1.944579750000000000e+06 2.045990500000000000e+06
1.000000000000000000e+00 -1.037000000000000005e-01 -5.210000000000000048e-02 -6.510000000000000508e-02 -1.859999999999999848e-02 3.500000000000000073e-03 -2.939999999999999905e-02 -2.100000000000004641e-03 -3.930000000000000160e-02 -1.100000000000000283e-02 5.660000000000000447e-02 -9.499999999999999764e-03 -5.199999999999999761e-03 1.075368999999999978e-02 2.714410000000000000e-03 4.238010000000000388e-03 3.459599999999999199e-04 1.225000000000000130e-05 8.643599999999999981e-04 4.410000000000019610e-06 1.544490000000000142e-03 1.210000000000000680e-04 3.203560000000000695e-03 9.024999999999999819e-05 2.703999999999999861e-05 1.944650125000000000e+06 2.044602000000000000e+06
1.000000000000000000e+00 -9.450000000000000067e-02 2.949999999999999845e-02 -6.419999999999999318e-02 -7.069999999999999896e-02 2.139999999999999888e-02 -3.470000000000000168e-02 9.199999999999999845e-03 8.160000000000000586e-02 9.000000000000119016e-04 -5.210000000000000048e-02 1.789999999999999925e-02 -5.300000000000002626e-03 8.930250000000000687e-03 8.702499999999999299e-04 4.121639999999999332e-03 4.998489999999999531e-03 4.579599999999999318e-04 1.204090000000000108e-03 8.464000000000000278e-05 6.658560000000000867e-03 8.100000000000214674e-07 2.714410000000000000e-03 3.204099999999999765e-04 2.809000000000002752e-05 1.945059875000000000e+06 2.044257125000000000e+06
1.000000000000000000e+00 -9.450000000000000067e-02 -1.379999999999999977e-02 -7.900000000000000772e-03 -3.399999999999999811e-03 4.689999999999999725e-02 -3.219999999999999946e-02 0.000000000000000000e+00 -4.329999999999999821e-02 5.629999999999998894e-02 6.729999999999999871e-02 2.549999999999999836e-02 2.500000000000002220e-03 8.930250000000000687e-03 1.904399999999999995e-04 6.241000000000000724e-05 1.155999999999999943e-05 2.199609999999999847e-03 1.036840000000000027e-03 0.000000000000000000e+00 1.874889999999999933e-03 3.169689999999998880e-03 4.529290000000000052e-03 6.502499999999998949e-04 6.250000000000011311e-06 1.943145750000000000e+06 2.038691250000000000e+06
1.000000000000000000e+00 -8.179999999999999771e-02 -1.799999999999999864e-02 -1.569999999999999868e-02 -4.900000000000000189e-02 5.970000000000000306e-02 -3.989999999999999797e-02 1.270000000000000295e-02 -4.199999999999998873e-03 -7.799999999999997907e-03 -4.560000000000000164e-02 1.280000000000000582e-02 -7.699999999999998512e-03 6.691239999999999341e-03 3.239999999999999608e-04 2.464899999999999795e-04 2.401000000000000356e-03 3.564090000000000227e-03 1.592009999999999823e-03 1.612900000000000770e-04 1.763999999999999035e-05 6.083999999999996637e-05 2.079360000000000149e-03 1.638400000000001390e-04 5.928999999999997613e-05 1.937868500000000000e+06 2.032832500000000000e+06
1.000000000000000000e+00 -9.539999999999999869e-02 1.969999999999999876e-02 -1.379999999999999977e-02 -5.599999999999999943e-03 2.160000000000000114e-02 -3.780000000000000027e-02 -1.360000000000000098e-02 3.769999999999999740e-02 1.899999999999998912e-03 4.340000000000000108e-02 -3.810000000000000192e-02 2.099999999999997702e-03 9.101160000000000500e-03 3.880899999999999519e-04 1.904399999999999995e-04 3.135999999999999790e-05 4.665600000000000324e-04 1.428840000000000015e-03 1.849600000000000181e-04 1.421289999999999750e-03 3.609999999999995930e-06 1.883560000000000052e-03 1.451610000000000096e-03 4.409999999999989964e-06 1.938777750000000000e+06 2.033834625000000000e+06
1.000000000000000000e+00 -1.087000000000000050e-01 -4.170000000000000095e-02 -1.290000000000000001e-02 -8.559999999999999554e-02 -4.549999999999999878e-02 -4.039999999999999841e-02 -1.330000000000000626e-02 -6.139999999999999625e-02 8.999999999999997585e-04 -8.000000000000000167e-02 -6.709999999999999298e-02 -2.599999999999998146e-03 1.181569000000000022e-02 1.738890000000000097e-03 1.664100000000000008e-04 7.327359999999998909e-03 2.070250000000000042e-03 1.632159999999999904e-03 1.768900000000001580e-04 3.769959999999999718e-03 8.099999999999995504e-07 6.400000000000000307e-03 4.502409999999999225e-03 6.759999999999990334e-06 1.942091375000000000e+06 2.033212625000000000e+06
1.000000000000000000e+00 -1.173000000000000015e-01 -1.600000000000000077e-03 -2.690000000000000030e-02 -2.670000000000000151e-02 5.269999999999999685e-02 -5.340000000000000302e-02 -8.599999999999996536e-03 4.010000000000000370e-02 -1.400000000000000029e-02 5.889999999999999403e-02 9.819999999999999563e-02 -1.300000000000000461e-02 1.375929000000000041e-02 2.560000000000000054e-06 7.236099999999999650e-04 7.128900000000000948e-04 2.777289999999999533e-03 2.851560000000000379e-03 7.395999999999993562e-05 1.608010000000000212e-03 1.960000000000000208e-04 3.469209999999999482e-03 9.643239999999999104e-03 1.690000000000001234e-04 1.940538500000000000e+06 2.036686750000000000e+06
1.000000000000000000e+00 -1.255999999999999894e-01 4.189999999999999974e-02 -2.050000000000000086e-02 -8.939999999999999336e-02 -5.380000000000000060e-02 -6.069999999999999701e-02 -8.299999999999987943e-03 4.349999999999999700e-02 6.399999999999999439e-03 -6.269999999999999185e-02 -1.064999999999999974e-01 -7.299999999999993994e-03 1.577535999999999869e-02 1.755609999999999896e-03 4.202500000000000506e-04 7.992359999999998701e-03 2.894439999999999860e-03 3.684489999999999467e-03 6.888999999999979613e-05 1.892249999999999835e-03 4.095999999999999408e-05 3.931289999999998744e-03 1.134224999999999990e-02 5.328999999999991160e-05 1.938657625000000000e+06 2.034044000000000000e+06
1.000000000000000000e+00 -1.280999999999999917e-01 5.759999999999999842e-02 -6.579999999999999738e-02 -4.130000000000000338e-02 6.779999999999999916e-02 -6.710000000000000686e-02 -2.500000000000002220e-03 1.569999999999999868e-02 -4.529999999999999305e-02 4.809999999999998999e-02 1.215999999999999998e-01 -6.400000000000009848e-03 1.640960999999999809e-02 3.317759999999999893e-03 4.329640000000000051e-03 1.705690000000000374e-03 4.596839999999999607e-03 4.502410000000000960e-03 6.250000000000011311e-06 2.464899999999999795e-04 2.052089999999999470e-03 2.313609999999998931e-03 1.478656000000000068e-02 4.096000000000012283e-05 1.940294375000000000e+06 2.039431000000000000e+06
1.000000000000000000e+00 -6.219999999999999835e-02 -4.400000000000000265e-03 -4.870000000000000023e-02 -1.121999999999999942e-01 6.019999999999999657e-02 -6.149999999999999911e-02 6.589999999999998637e-02 -6.199999999999999956e-02 1.709999999999999715e-02 -7.089999999999999081e-02 -7.600000000000002587e-03 5.600000000000007749e-03 3.868839999999999692e-03 1.936000000000000099e-05 2.371690000000000083e-03 1.258883999999999871e-02 3.624039999999999380e-03 3.782250000000000022e-03 4.342809999999998165e-03 3.843999999999999761e-03 2.924099999999998922e-04 5.026809999999998745e-03 5.776000000000003652e-05 3.136000000000008599e-05 1.940303375000000000e+06 2.037795625000000000e+06
1.000000000000000000e+00 -5.890000000000000097e-02 -1.650000000000000078e-02 9.700000000000000289e-03 -4.349999999999999700e-02 -9.499999999999999764e-03 -7.430000000000000493e-02 3.299999999999997380e-03 -1.209999999999999964e-02 5.840000000000000052e-02 6.869999999999999718e-02 -6.969999999999999807e-02 -1.280000000000000582e-02 3.469209999999999915e-03 2.722500000000000310e-04 9.409000000000000208e-05 1.892249999999999835e-03 9.024999999999999819e-05 5.520490000000001160e-03 1.088999999999998213e-05 1.464100000000000026e-04 3.410559999999999981e-03 4.719689999999999476e-03 4.858089999999999804e-03 1.638400000000001390e-04 1.941190875000000000e+06 2.038525500000000000e+06
1.000000000000000000e+00 -5.439999999999999697e-02 -3.899999999999999821e-03 -5.129999999999999838e-02 -3.950000000000000039e-02 2.000000000000000042e-03 -6.969999999999999807e-02 4.500000000000003997e-03 1.260000000000000009e-02 -6.099999999999999867e-02 3.999999999999996614e-03 1.149999999999999981e-02 4.600000000000006861e-03 2.959359999999999855e-03 1.520999999999999837e-05 2.631689999999999897e-03 1.560250000000000005e-03 3.999999999999999819e-06 4.858089999999999804e-03 2.025000000000003482e-05 1.587600000000000046e-04 3.720999999999999915e-03 1.599999999999997217e-05 1.322499999999999891e-04 2.116000000000006168e-05 1.940862250000000000e+06 2.038836875000000000e+06
1.000000000000000000e+00 -5.129999999999999838e-02 2.350000000000000006e-02 1.060000000000000005e-02 -3.620000000000000301e-02 -5.899999999999999863e-03 -7.520000000000000295e-02 3.099999999999998590e-03 2.740000000000000074e-02 6.189999999999999669e-02 3.299999999999997380e-03 -7.900000000000000772e-03 -5.500000000000004885e-03 2.631689999999999897e-03 5.522500000000000065e-04 1.123600000000000016e-04 1.310440000000000172e-03 3.481000000000000045e-05 5.655040000000000067e-03 9.609999999999991000e-06 7.507600000000000558e-04 3.831609999999999617e-03 1.088999999999998213e-05 6.241000000000000724e-05 3.025000000000005427e-05 1.940434500000000000e+06 2.039405000000000000e+06
1.000000000000000000e+00 -5.729999999999999677e-02 1.549999999999999989e-02 -4.859999999999999737e-02 -3.930000000000000160e-02 2.700000000000000143e-03 -7.049999999999999323e-02 -5.999999999999998390e-03 -8.000000000000000167e-03 -5.919999999999999568e-02 -3.099999999999998590e-03 8.600000000000000006e-03 4.700000000000009726e-03 3.283289999999999473e-03 2.402499999999999851e-04 2.361959999999999754e-03 1.544490000000000142e-03 7.290000000000000507e-06 4.970249999999998974e-03 3.599999999999998058e-05 6.399999999999999710e-05 3.504639999999999405e-03 9.609999999999991000e-06 7.396000000000000339e-05 2.209000000000009174e-05 1.940064375000000000e+06 2.038849375000000000e+06
1.000000000000000000e+00 -6.489999999999999936e-02 9.299999999999999239e-03 1.299999999999999940e-02 -4.059999999999999720e-02 3.070000000000000159e-02 -5.619999999999999996e-02 -7.600000000000002587e-03 -6.200000000000000649e-03 6.159999999999999504e-02 -1.299999999999995604e-03 2.800000000000000058e-02 1.429999999999999327e-02 4.212009999999999539e-03 8.648999999999997998e-05 1.689999999999999879e-04 1.648359999999999756e-03 9.424900000000001462e-04 3.158440000000000206e-03 5.776000000000003652e-05 3.844000000000001143e-05 3.794559999999999340e-03 1.689999999999988478e-06 7.840000000000000831e-04 2.044899999999997989e-04 1.942154500000000000e+06 2.038727375000000000e+06
1.000000000000000000e+00 -5.729999999999999677e-02 6.429999999999999605e-02 -4.540000000000000285e-02 -1.990000000000000102e-02 6.899999999999999883e-03 -8.390000000000000235e-02 7.600000000000002587e-03 5.499999999999999334e-02 -5.840000000000000052e-02 2.069999999999999618e-02 -2.380000000000000171e-02 -2.770000000000000240e-02 3.283289999999999473e-03 4.134489999999999346e-03 2.061160000000000249e-03 3.960100000000000252e-04 4.760999999999999987e-05 7.039210000000000605e-03 5.776000000000003652e-05 3.024999999999999478e-03 3.410559999999999981e-03 4.284899999999998497e-04 5.664400000000000858e-04 7.672900000000001160e-04 1.940924000000000000e+06 2.038887375000000000e+06
1.000000000000000000e+00 -6.919999999999999762e-02 6.329999999999999516e-02 8.899999999999999925e-03 -3.200000000000000067e-02 1.209999999999999964e-02 -7.549999999999999767e-02 -1.190000000000000085e-02 -1.000000000000000888e-03 5.430000000000000104e-02 -1.209999999999999964e-02 5.199999999999999761e-03 8.400000000000004685e-03 4.788639999999999390e-03 4.006889999999999064e-03 7.920999999999999547e-05 1.023999999999999954e-03 1.464100000000000026e-04 5.700249999999999588e-03 1.416100000000000214e-04 1.000000000000001861e-06 2.948490000000000225e-03 1.464100000000000026e-04 2.703999999999999861e-05 7.056000000000008337e-05 1.943534875000000000e+06 2.041686000000000000e+06
1.000000000000000000e+00 -8.490000000000000324e-02 -1.450000000000000074e-02 -7.180000000000000271e-02 -3.139999999999999736e-02 2.939999999999999905e-02 -3.629999999999999893e-02 -1.570000000000000562e-02 -7.779999999999999416e-02 -8.070000000000000784e-02 6.000000000000033085e-04 1.729999999999999941e-02 3.919999999999999873e-02 7.208010000000000805e-03 2.102500000000000148e-04 5.155240000000000170e-03 9.859599999999999181e-04 8.643599999999999981e-04 1.317689999999999834e-03 2.464900000000001964e-04 6.052839999999999436e-03 6.512490000000000986e-03 3.600000000000039648e-07 2.992899999999999619e-04 1.536639999999999924e-03 1.944147375000000000e+06 2.043765750000000000e+06
1.000000000000000000e+00 -7.149999999999999412e-02 -1.890000000000000013e-02 7.599999999999999985e-03 -2.089999999999999844e-02 2.249999999999999917e-02 -7.389999999999999347e-02 1.340000000000000913e-02 -4.399999999999999398e-03 7.939999999999999836e-02 1.049999999999999892e-02 -6.899999999999999883e-03 -3.759999999999999454e-02 5.112249999999998740e-03 3.572100000000000036e-04 5.776000000000000264e-05 4.368099999999999327e-04 5.062499999999999726e-04 5.461209999999999329e-03 1.795600000000002392e-04 1.935999999999999421e-05 6.304360000000000172e-03 1.102499999999999829e-04 4.760999999999999987e-05 1.413759999999999583e-03 1.944590500000000000e+06 2.042864625000000000e+06
1.000000000000000000e+00 -9.450000000000000067e-02 -7.300000000000000065e-03 -4.700000000000000185e-03 -2.690000000000000030e-02 3.899999999999999994e-02 -2.819999999999999937e-02 -2.300000000000000655e-02 1.159999999999999920e-02 -1.230000000000000017e-02 -6.000000000000001860e-03 1.650000000000000078e-02 4.569999999999999063e-02 8.930250000000000687e-03 5.328999999999999970e-05 2.209000000000000026e-05 7.236099999999999650e-04 1.521000000000000000e-03 7.952400000000000094e-04 5.290000000000002816e-04 1.345599999999999856e-04 1.512899999999999965e-04 3.600000000000002124e-05 2.722500000000000310e-04 2.088489999999999271e-03 1.943207375000000000e+06 2.042234375000000000e+06
1.000000000000000000e+00 -8.039999999999999925e-02 -4.599999999999999922e-03 -1.770000000000000046e-02 -3.309999999999999748e-02 2.500000000000000139e-02 -6.710000000000000686e-02 1.410000000000000142e-02 2.700000000000000143e-03 -1.300000000000000114e-02 -6.199999999999997180e-03 -1.399999999999999856e-02 -3.890000000000000402e-02 6.464160000000000045e-03 2.116000000000000069e-05 3.132900000000000311e-04 1.095609999999999900e-03 6.250000000000001214e-04 4.502410000000000960e-03 1.988100000000000294e-04 7.290000000000000507e-06 1.690000000000000421e-04 3.843999999999996400e-05 1.959999999999999666e-04 1.513210000000000293e-03 1.943756750000000000e+06 2.044333875000000000e+06
1.000000000000000000e+00 -9.339999999999999691e-02 2.110000000000000070e-02 -1.799999999999999951e-03 -3.389999999999999958e-02 -8.800000000000000530e-03 -3.690000000000000224e-02 -1.299999999999999767e-02 2.570000000000000062e-02 1.590000000000000094e-02 -8.000000000000020983e-04 -3.380000000000000365e-02 3.020000000000000462e-02 8.723559999999999995e-03 4.452100000000000285e-04 3.239999999999999896e-06 1.149209999999999902e-03 7.744000000000000395e-05 1.361610000000000077e-03 1.689999999999999337e-04 6.604900000000000137e-04 2.528100000000000139e-04 6.400000000000034015e-07 1.142440000000000209e-03 9.120400000000002463e-04 1.944179000000000000e+06 2.044457750000000000e+06
1.000000000000000000e+00 -6.710000000000000686e-02 6.519999999999999407e-02 -5.129999999999999838e-02 -2.050000000000000086e-02 3.440000000000000002e-02 -6.360000000000000375e-02 2.629999999999999005e-02 4.409999999999999337e-02 -4.949999999999999539e-02 1.339999999999999872e-02 4.320000000000000229e-02 -2.670000000000000151e-02 4.502410000000000960e-03 4.251039999999999333e-03 2.631689999999999897e-03 4.202500000000000506e-04 1.183360000000000054e-03 4.044960000000000222e-03 6.916899999999994711e-04 1.944809999999999508e-03 2.450249999999999737e-03 1.795599999999999681e-04 1.866240000000000130e-03 7.128900000000000948e-04 1.944312750000000000e+06 2.046259000000000000e+06
1.000000000000000000e+00 -8.050000000000000211e-02 2.290000000000000022e-02 -6.400000000000000133e-02 -2.299999999999999961e-02 5.770000000000000129e-02 -3.440000000000000002e-02 -1.339999999999999525e-02 -4.229999999999999039e-02 -1.270000000000000295e-02 -2.499999999999998751e-03 2.330000000000000127e-02 2.920000000000000373e-02 6.480250000000000767e-03 5.244100000000000020e-04 4.095999999999999815e-03 5.289999999999999564e-04 3.329289999999999940e-03 1.183360000000000054e-03 1.795599999999998597e-04 1.789289999999999154e-03 1.612900000000000770e-04 6.249999999999993523e-06 5.428900000000000826e-04 8.526400000000002120e-04 1.945521000000000000e+06 2.049190375000000000e+06
1.000000000000000000e+00 -6.569999999999999452e-02 -5.460000000000000270e-02 -5.099999999999999672e-02 -2.759999999999999953e-02 4.080000000000000293e-02 -6.439999999999999891e-02 1.480000000000000759e-02 -7.749999999999999944e-02 1.300000000000000461e-02 -4.599999999999999922e-03 -1.689999999999999836e-02 -2.999999999999999889e-02 4.316489999999999216e-03 2.981160000000000494e-03 2.600999999999999580e-03 7.617599999999999979e-04 1.664640000000000217e-03 4.147360000000000109e-03 2.190400000000002339e-04 6.006250000000000304e-03 1.690000000000001234e-04 2.116000000000000069e-05 2.856099999999999438e-04 8.999999999999999754e-04 1.942737125000000000e+06 2.047436250000000000e+06
1.000000000000000000e+00 -8.319999999999999618e-02 4.370000000000000273e-02 6.899999999999999883e-03 -3.679999999999999938e-02 -8.699999999999999400e-03 -3.570000000000000256e-02 -1.750000000000000167e-02 9.829999999999999849e-02 5.789999999999999314e-02 -9.199999999999999845e-03 -4.950000000000000233e-02 2.869999999999999635e-02 6.922239999999999643e-03 1.909690000000000346e-03 4.760999999999999987e-05 1.354240000000000044e-03 7.568999999999998852e-05 1.274490000000000085e-03 3.062500000000000443e-04 9.662890000000000368e-03 3.352409999999999245e-03 8.464000000000000278e-05 2.450250000000000171e-03 8.236899999999997522e-04 1.944192500000000000e+06 2.047287250000000000e+06
1.000000000000000000e+00 -6.750000000000000444e-02 1.349999999999999985e-02 -4.159999999999999809e-02 -4.379999999999999866e-02 3.189999999999999780e-02 -6.590000000000000024e-02 1.569999999999999174e-02 -3.020000000000000462e-02 -4.850000000000000144e-02 -6.999999999999999278e-03 4.059999999999999720e-02 -3.019999999999999768e-02 4.556250000000000404e-03 1.822499999999999847e-04 1.730559999999999911e-03 1.918439999999999989e-03 1.017609999999999956e-03 4.342809999999999900e-03 2.464899999999997627e-04 9.120400000000002463e-04 2.352250000000000174e-03 4.899999999999999164e-05 1.648359999999999756e-03 9.120399999999998127e-04 1.943658250000000000e+06 2.046555000000000000e+06
1.000000000000000000e+00 -8.820000000000000062e-02 2.270000000000000143e-02 -3.299999999999999982e-03 -6.320000000000000617e-02 -1.400000000000000029e-02 -3.570000000000000256e-02 -2.069999999999999618e-02 9.200000000000001579e-03 3.830000000000000071e-02 -1.940000000000000752e-02 -4.589999999999999636e-02 3.019999999999999768e-02 7.779239999999999766e-03 5.152900000000000622e-04 1.088999999999999907e-05 3.994240000000000464e-03 1.960000000000000208e-04 1.274490000000000085e-03 4.284899999999998497e-04 8.464000000000002988e-05 1.466889999999999991e-03 3.763600000000002794e-04 2.106809999999999759e-03 9.120399999999998127e-04 1.944214875000000000e+06 2.047184250000000000e+06
1.000000000000000000e+00 -7.530000000000000582e-02 5.659999999999999754e-02 -6.809999999999999387e-02 -5.879999999999999810e-02 5.279999999999999971e-02 -6.740000000000000158e-02 1.289999999999999480e-02 3.389999999999999958e-02 -6.479999999999999649e-02 4.400000000000008071e-03 6.679999999999999827e-02 -3.169999999999999901e-02 5.670090000000000893e-03 3.203559999999999828e-03 4.637609999999999476e-03 3.457439999999999992e-03 2.787839999999999763e-03 4.542759999999999854e-03 1.664099999999998653e-04 1.149209999999999902e-03 4.199039999999999370e-03 1.936000000000007214e-05 4.462240000000000130e-03 1.004890000000000037e-03 1.944461625000000000e+06 2.047888250000000000e+06
1.000000000000000000e+00 -8.999999999999999667e-02 3.559999999999999970e-02 -1.170000000000000033e-02 -5.229999999999999927e-02 -1.600000000000000033e-02 -5.059999999999999915e-02 -1.469999999999999085e-02 -2.099999999999999784e-02 5.639999999999999181e-02 6.499999999999998834e-03 -6.880000000000000004e-02 1.680000000000000243e-02 8.099999999999999561e-03 1.267359999999999928e-03 1.368899999999999989e-04 2.735290000000000030e-03 2.559999999999999884e-04 2.560359999999999806e-03 2.160899999999997285e-04 4.409999999999999316e-04 3.180959999999999170e-03 4.224999999999998342e-05 4.733440000000000217e-03 2.822400000000000624e-04 1.946730625000000000e+06 2.049613625000000000e+06
1.000000000000000000e+00 -5.199999999999999761e-02 -6.310000000000000331e-02 -6.700000000000000226e-03 -3.409999999999999837e-02 -3.039999999999999994e-02 -9.650000000000000244e-02 3.799999999999999906e-02 -9.870000000000000995e-02 5.000000000000000104e-03 1.820000000000000090e-02 -1.439999999999999961e-02 -4.590000000000000330e-02 2.703999999999999806e-03 3.981610000000000010e-03 4.489000000000000558e-05 1.162809999999999799e-03 9.241600000000000422e-04 9.312250000000001082e-03 1.443999999999999971e-03 9.741690000000002500e-03 2.500000000000000120e-05 3.312400000000000067e-04 2.073599999999999933e-04 2.106810000000000193e-03 1.945156375000000000e+06 2.049698125000000000e+06
1.000000000000000000e+00 -8.939999999999999336e-02 -2.970000000000000070e-02 -1.329999999999999932e-02 -4.859999999999999737e-02 1.700000000000000122e-02 -5.020000000000000157e-02 -3.739999999999999575e-02 3.339999999999999913e-02 -6.599999999999999097e-03 -1.449999999999999900e-02 4.739999999999999769e-02 4.630000000000000088e-02 7.992359999999998701e-03 8.820900000000000876e-04 1.768899999999999954e-04 2.361959999999999754e-03 2.890000000000000316e-04 2.520040000000000301e-03 1.398759999999999760e-03 1.115560000000000032e-03 4.355999999999998952e-05 2.102499999999999606e-04 2.246759999999999990e-03 2.143690000000000179e-03 1.945719375000000000e+06 2.049368750000000000e+06
1.000000000000000000e+00 -9.320000000000000506e-02 4.510000000000000120e-02 -7.000000000000000146e-03 -5.449999999999999983e-02 3.150000000000000022e-02 -4.529999999999999999e-02 -3.800000000000011702e-03 7.480000000000000537e-02 6.299999999999999177e-03 -5.900000000000002465e-03 1.449999999999999900e-02 4.900000000000001577e-03 8.686240000000001321e-03 2.034010000000000158e-03 4.900000000000000519e-05 2.970249999999999800e-03 9.922500000000000764e-04 2.052089999999999904e-03 1.444000000000008875e-05 5.595040000000000777e-03 3.968999999999998761e-05 3.481000000000002755e-05 2.102499999999999606e-04 2.401000000000001576e-05 1.943100000000000000e+06 2.045915500000000000e+06
1.000000000000000000e+00 -8.890000000000000679e-02 2.649999999999999925e-02 -7.100000000000000408e-03 -5.960000000000000020e-02 3.869999999999999829e-02 -4.989999999999999991e-02 4.299999999999998268e-03 -1.860000000000000195e-02 -1.000000000000002623e-04 -5.100000000000000366e-03 7.199999999999998068e-03 -4.599999999999999922e-03 7.903210000000000790e-03 7.022499999999999663e-04 5.041000000000000694e-05 3.552159999999999953e-03 1.497689999999999872e-03 2.490009999999999966e-03 1.848999999999998391e-05 3.459600000000000826e-04 1.000000000000005315e-08 2.601000000000000339e-05 5.183999999999997123e-05 2.116000000000000069e-05 1.943564750000000000e+06 2.045065875000000000e+06
1.000000000000000000e+00 -8.630000000000000171e-02 2.699999999999999969e-02 -8.000000000000000383e-04 -5.960000000000000020e-02 4.159999999999999809e-02 -5.639999999999999875e-02 2.600000000000005085e-03 5.000000000000004441e-04 6.300000000000000044e-03 0.000000000000000000e+00 2.899999999999999800e-03 -6.499999999999998834e-03 7.447689999999999866e-03 7.289999999999999388e-04 6.400000000000000134e-07 3.552159999999999953e-03 1.730559999999999911e-03 3.180960000000000037e-03 6.760000000000026757e-06 2.500000000000004651e-07 3.969000000000000116e-05 0.000000000000000000e+00 8.409999999999999101e-06 4.224999999999998342e-05 1.942831125000000000e+06 2.042076625000000000e+06
1.000000000000000000e+00 -7.820000000000000562e-02 4.460000000000000075e-02 2.139999999999999888e-02 -5.680000000000000326e-02 3.960000000000000325e-02 -6.169999999999999790e-02 8.099999999999996092e-03 1.760000000000000106e-02 2.219999999999999751e-02 2.799999999999996936e-03 -1.999999999999994837e-03 -5.299999999999999156e-03 6.115240000000000953e-03 1.989160000000000234e-03 4.579599999999999318e-04 3.226240000000000444e-03 1.568160000000000300e-03 3.806889999999999840e-03 6.560999999999993595e-05 3.097600000000000158e-04 4.928399999999999231e-04 7.839999999999982535e-06 3.999999999999979490e-06 2.808999999999999025e-05 1.938977625000000000e+06 2.030213875000000000e+06
1.000000000000000000e+00 -7.770000000000000517e-02 4.030000000000000249e-02 -1.119999999999999989e-02 -7.299999999999999545e-02 5.949999999999999734e-02 -5.109999999999999959e-02 5.000000000000004441e-04 -4.299999999999998268e-03 -3.259999999999999704e-02 -1.619999999999999218e-02 1.989999999999999408e-02 1.059999999999999831e-02 6.037290000000000711e-03 1.624090000000000126e-03 1.254399999999999916e-04 5.328999999999999536e-03 3.540249999999999560e-03 2.611210000000000094e-03 2.500000000000004651e-07 1.848999999999998391e-05 1.062759999999999833e-03 2.624399999999997438e-04 3.960099999999997541e-04 1.123599999999999610e-04 1.943475000000000000e+06 2.041372625000000000e+06
1.000000000000000000e+00 -6.500000000000000222e-02 -2.680000000000000090e-02 -1.870000000000000134e-02 -6.880000000000000004e-02 5.850000000000000339e-02 -5.850000000000000339e-02 1.270000000000000295e-02 -6.710000000000000686e-02 -7.500000000000001457e-03 4.199999999999995404e-03 -9.999999999999939493e-04 -7.400000000000003797e-03 4.225000000000000457e-03 7.182400000000000893e-04 3.496900000000000485e-04 4.733440000000000217e-03 3.422250000000000379e-03 3.422250000000000379e-03 1.612900000000000770e-04 4.502410000000000960e-03 5.625000000000001879e-05 1.763999999999995986e-05 9.999999999999878845e-07 5.476000000000005847e-05 1.942491500000000000e+06 2.039925625000000000e+06
1.000000000000000000e+00 -6.569999999999999452e-02 1.026999999999999996e-01 -2.000000000000000096e-04 -3.660000000000000059e-02 -4.560000000000000164e-02 -6.640000000000000069e-02 -6.999999999999922951e-04 1.295000000000000040e-01 1.850000000000000255e-02 3.219999999999999946e-02 -1.040999999999999981e-01 -7.899999999999997302e-03 4.316489999999999216e-03 1.054728999999999910e-02 4.000000000000000084e-08 1.339560000000000056e-03 2.079360000000000149e-03 4.408959999999999962e-03 4.899999999999891676e-07 1.677025000000000043e-02 3.422500000000001062e-04 1.036840000000000027e-03 1.083680999999999880e-02 6.240999999999995303e-05 1.944438750000000000e+06 2.047384250000000000e+06
1.000000000000000000e+00 -8.429999999999999993e-02 1.619999999999999912e-02 -1.299999999999999940e-03 -4.760000000000000342e-02 -2.920000000000000026e-02 -5.840000000000000052e-02 -1.860000000000000542e-02 -8.649999999999999356e-02 -1.099999999999999849e-03 -1.100000000000000283e-02 1.640000000000000138e-02 8.000000000000000167e-03 7.106490000000000029e-03 2.624399999999999606e-04 1.689999999999999913e-06 2.265760000000000343e-03 8.526399999999999951e-04 3.410559999999999981e-03 3.459600000000001910e-04 7.482249999999999318e-03 1.209999999999999638e-06 1.210000000000000680e-04 2.689600000000000541e-04 6.399999999999999710e-05 1.942997750000000000e+06 2.048522875000000000e+06
1.000000000000000000e+00 -9.450000000000000067e-02 -8.509999999999999509e-02 3.500000000000000073e-03 -5.129999999999999838e-02 5.949999999999999734e-02 -5.229999999999999927e-02 -1.020000000000000073e-02 -1.013000000000000012e-01 4.800000000000000447e-03 -3.699999999999994960e-03 8.870000000000000107e-02 6.100000000000001255e-03 8.930250000000000687e-03 7.242009999999999247e-03 1.225000000000000130e-05 2.631689999999999897e-03 3.540249999999999560e-03 2.735290000000000030e-03 1.040400000000000135e-04 1.026169000000000039e-02 2.304000000000000302e-05 1.368999999999996210e-05 7.867690000000000100e-03 3.721000000000001813e-05 1.944582375000000000e+06 2.044224125000000000e+06
1.000000000000000000e+00 -8.340000000000000191e-02 2.099999999999999870e-03 6.999999999999999929e-04 -4.669999999999999846e-02 1.949999999999999997e-02 -5.319999999999999729e-02 1.109999999999999876e-02 8.719999999999999973e-02 -2.799999999999999972e-03 4.599999999999999922e-03 -3.999999999999999389e-02 -8.999999999999980238e-04 6.955560000000000388e-03 4.409999999999999282e-06 4.899999999999999672e-07 2.180889999999999999e-03 3.802499999999999999e-04 2.830239999999999926e-03 1.232099999999999808e-04 7.603839999999999731e-03 7.839999999999999476e-06 2.116000000000000069e-05 1.599999999999999426e-03 8.099999999999964799e-07 1.941978125000000000e+06 2.037836875000000000e+06
1.000000000000000000e+00 -6.800000000000000488e-02 1.789999999999999925e-02 2.809999999999999998e-02 -3.769999999999999740e-02 3.660000000000000059e-02 -6.460000000000000464e-02 1.539999999999999702e-02 1.579999999999999807e-02 2.740000000000000074e-02 9.000000000000001055e-03 1.710000000000000062e-02 -1.140000000000000735e-02 4.624000000000000506e-03 3.204099999999999765e-04 7.896100000000000514e-04 1.421289999999999750e-03 1.339560000000000056e-03 4.173160000000000411e-03 2.371599999999999045e-04 2.496399999999999206e-04 7.507600000000000558e-04 8.100000000000001730e-05 2.924100000000000006e-04 1.299600000000001720e-04 1.940104625000000000e+06 2.031748125000000000e+06
1.000000000000000000e+00 -3.459999999999999881e-02 4.750000000000000056e-02 6.419999999999999318e-02 -1.439999999999999961e-02 2.599999999999999881e-02 -5.569999999999999951e-02 3.340000000000000607e-02 2.960000000000000131e-02 3.609999999999999321e-02 2.329999999999999780e-02 -1.060000000000000178e-02 8.900000000000005129e-03 1.197159999999999848e-03 2.256250000000000009e-03 4.121639999999999332e-03 2.073599999999999933e-04 6.759999999999999516e-04 3.102489999999999849e-03 1.115560000000000466e-03 8.761600000000000681e-04 1.303209999999999525e-03 5.428899999999998657e-04 1.123600000000000423e-04 7.921000000000009034e-05 1.939462125000000000e+06 2.030337125000000000e+06
1.000000000000000000e+00 -5.090000000000000080e-02 7.770000000000000517e-02 4.669999999999999846e-02 -1.859999999999999848e-02 1.009999999999999960e-02 -4.979999999999999705e-02 -1.630000000000000199e-02 3.020000000000000462e-02 -1.749999999999999473e-02 -4.199999999999998873e-03 -1.589999999999999747e-02 5.900000000000002465e-03 2.590810000000000248e-03 6.037290000000000711e-03 2.180889999999999999e-03 3.459599999999999199e-04 1.020099999999999940e-04 2.480039999999999762e-03 2.656900000000000667e-04 9.120400000000002463e-04 3.062499999999998275e-04 1.763999999999999035e-05 2.528099999999999055e-04 3.481000000000002755e-05 1.941731875000000000e+06 2.036382125000000000e+06
1.000000000000000000e+00 -6.069999999999999701e-02 -1.559999999999999928e-02 -4.769999999999999934e-02 -2.149999999999999828e-02 2.680000000000000090e-02 -4.019999999999999962e-02 -9.799999999999996214e-03 -9.330000000000000793e-02 -9.439999999999999780e-02 -2.899999999999999800e-03 1.669999999999999957e-02 9.599999999999997424e-03 3.684489999999999467e-03 2.433599999999999739e-04 2.275290000000000125e-03 4.622499999999999331e-04 7.182400000000000893e-04 1.616040000000000011e-03 9.603999999999992751e-05 8.704890000000001585e-03 8.911360000000000114e-03 8.409999999999999101e-06 2.788900000000000081e-04 9.215999999999994433e-05 1.943528875000000000e+06 2.041918500000000000e+06
1.000000000000000000e+00 -3.559999999999999970e-02 -2.980000000000000010e-02 -8.200000000000000691e-03 -5.400000000000000286e-03 1.529999999999999936e-02 -3.359999999999999792e-02 2.509999999999999731e-02 -1.420000000000000082e-02 3.950000000000000039e-02 1.609999999999999626e-02 -1.150000000000000154e-02 6.600000000000001699e-03 1.267359999999999928e-03 8.880399999999999882e-04 6.724000000000001352e-05 2.916000000000000203e-05 2.340899999999999763e-04 1.128959999999999816e-03 6.300099999999998583e-04 2.016400000000000278e-04 1.560250000000000005e-03 2.592099999999998984e-04 1.322500000000000433e-04 4.356000000000002340e-05 1.947403875000000000e+06 2.048319125000000000e+06
1.000000000000000000e+00 -1.799999999999999864e-02 1.389999999999999916e-02 2.050000000000000086e-02 2.299999999999999961e-02 -1.340000000000000045e-02 -3.699999999999999817e-02 1.760000000000000106e-02 4.370000000000000273e-02 2.870000000000000329e-02 2.840000000000000163e-02 -2.869999999999999982e-02 -3.400000000000000244e-03 3.239999999999999608e-04 1.932099999999999746e-04 4.202500000000000506e-04 5.289999999999999564e-04 1.795600000000000223e-04 1.368999999999999774e-03 3.097600000000000158e-04 1.909690000000000346e-03 8.236900000000001859e-04 8.065600000000001111e-04 8.236899999999999691e-04 1.156000000000000113e-05 1.948001875000000000e+06 2.053933125000000000e+06
1.000000000000000000e+00 -2.970000000000000070e-02 9.299999999999999933e-02 3.080000000000000099e-02 2.040000000000000147e-02 -5.609999999999999709e-02 -5.809999999999999887e-02 -1.170000000000000207e-02 7.910000000000000364e-02 1.030000000000000013e-02 -2.599999999999998146e-03 -4.269999999999999490e-02 -2.110000000000000070e-02 8.820900000000000876e-04 8.649000000000000438e-03 9.486400000000000518e-04 4.161600000000000542e-04 3.147209999999999678e-03 3.375609999999999809e-03 1.368900000000000531e-04 6.256810000000000670e-03 1.060900000000000092e-04 6.759999999999990334e-06 1.823289999999999546e-03 4.452100000000000285e-04 1.947703000000000000e+06 2.057427875000000000e+06
1.000000000000000000e+00 -1.115000000000000019e-01 1.142999999999999988e-01 -3.450000000000000289e-02 -6.149999999999999911e-02 7.400000000000000328e-03 -8.089999999999999969e-02 -8.179999999999999771e-02 2.129999999999999949e-02 -6.529999999999999694e-02 -8.190000000000000058e-02 6.350000000000000089e-02 -2.280000000000000082e-02 1.243225000000000059e-02 1.306448999999999978e-02 1.190250000000000119e-03 3.782250000000000022e-03 5.476000000000000426e-05 6.544809999999999864e-03 6.691239999999999341e-03 4.536899999999999744e-04 4.264089999999999894e-03 6.707610000000000135e-03 4.032250000000000244e-03 5.198400000000000373e-04 1.950209500000000000e+06 2.063193500000000000e+06
1.000000000000000000e+00 -5.630000000000000282e-02 -9.700000000000000289e-03 -5.890000000000000097e-02 -7.560000000000000053e-02 1.029000000000000054e-01 -6.980000000000000093e-02 5.519999999999999907e-02 -1.239999999999999991e-01 -2.439999999999999808e-02 -1.410000000000000142e-02 9.550000000000000155e-02 1.109999999999999876e-02 3.169690000000000181e-03 9.409000000000000208e-05 3.469209999999999915e-03 5.715360000000000058e-03 1.058841000000000122e-02 4.872040000000000225e-03 3.047039999999999992e-03 1.537599999999999904e-02 5.953599999999998563e-04 1.988100000000000294e-04 9.120249999999999885e-03 1.232099999999999808e-04 1.948619375000000000e+06 2.059087125000000000e+06
