1.000000000000000000e+00 0.000000000000000000e+00 -0.000000000000000000e+00 0.000000000000000000e+00 0.000000000000000000e+00 -0.000000000000000000e+00 -0.000000000000000000e+00 0.000000000000000000e+00 0.000000000000000000e+00 0.000000000000000000e+00 0.000000000000000000e+00 0.000000000000000000e+00 0.000000000000000000e+00 0.000000000000000000e+00 0.000000000000000000e+00 0.000000000000000000e+00 0.000000000000000000e+00 0.000000000000000000e+00 0.000000000000000000e+00 0.000000000000000000e+00 0.000000000000000000e+00 0.000000000000000000e+00 0.000000000000000000e+00 0.000000000000000000e+00 0.000000000000000000e+00 1.475777500000000000e+06 1.639556875000000000e+06
1.000000000000000000e+00 -1.430000000000000021e-02 -1.255000000000000004e-01 3.690000000000000224e-02 -2.270000000000000143e-02 2.390000000000000110e-02 -4.100000000000000346e-03 -1.430000000000000021e-02 -1.255000000000000004e-01 3.690000000000000224e-02 -2.270000000000000143e-02 2.390000000000000110e-02 -4.100000000000000346e-03 2.044900000000000157e-04 1.575025000000000036e-02 1.361610000000000077e-03 5.152900000000000622e-04 5.712100000000000554e-04 1.681000000000000338e-05 2.044900000000000157e-04 1.575025000000000036e-02 1.361610000000000077e-03 5.152900000000000622e-04 5.712100000000000554e-04 1.681000000000000338e-05 1.473803750000000000e+06 1.637526375000000000e+06
1.000000000000000000e+00 -6.799999999999999621e-03 -9.320000000000000506e-02 -6.100000000000000387e-03 6.000000000000000125e-03 -2.999999999999999737e-04 -1.480000000000000066e-02 7.500000000000000590e-03 3.229999999999999538e-02 -4.300000000000000350e-02 2.870000000000000329e-02 -2.420000000000000276e-02 -1.070000000000000118e-02 4.623999999999999774e-05 8.686240000000001321e-03 3.721000000000000457e-05 3.600000000000000091e-05 8.999999999999998534e-08 2.190400000000000170e-04 5.625000000000001201e-05 1.043289999999999669e-03 1.849000000000000383e-03 8.236900000000001859e-04 5.856400000000001188e-04 1.144900000000000236e-04 1.475080250000000000e+06 1.635610375000000000e+06
1.000000000000000000e+00 1.469999999999999953e-02 -8.459999999999999465e-02 7.900000000000000772e-03 2.489999999999999852e-02 2.199999999999999872e-02 -5.400000000000000286e-03 2.149999999999999828e-02 8.600000000000010414e-03 1.400000000000000203e-02 1.890000000000000013e-02 2.230000000000000038e-02 9.400000000000000369e-03 2.160899999999999995e-04 7.157159999999999217e-03 6.241000000000000724e-05 6.200099999999999405e-04 4.839999999999999468e-04 2.916000000000000203e-05 4.622499999999999331e-04 7.396000000000017957e-05 1.960000000000000479e-04 3.572100000000000036e-04 4.972900000000000584e-04 8.836000000000000104e-05 1.476044375000000000e+06 1.638881125000000000e+06
1.000000000000000000e+00 2.599999999999999881e-02 -4.599999999999999922e-03 1.699999999999999905e-03 5.170000000000000290e-02 -2.029999999999999860e-02 6.199999999999999782e-03 1.129999999999999928e-02 7.999999999999998779e-02 -6.200000000000000649e-03 2.680000000000000437e-02 -4.229999999999999732e-02 1.159999999999999920e-02 6.759999999999999516e-04 2.116000000000000069e-05 2.889999999999999859e-06 2.672890000000000248e-03 4.120899999999999390e-04 3.843999999999999788e-05 1.276899999999999921e-04 6.399999999999997705e-03 3.844000000000001143e-05 7.182400000000001977e-04 1.789289999999999804e-03 1.345599999999999856e-04 1.476113000000000000e+06 1.639933750000000000e+06
1.000000000000000000e+00 3.710000000000000103e-02 1.799999999999999864e-02 -2.779999999999999832e-02 2.029999999999999860e-02 7.420000000000000207e-02 2.970000000000000070e-02 1.110000000000000223e-02 2.259999999999999856e-02 -2.949999999999999845e-02 -3.140000000000000430e-02 9.450000000000000067e-02 2.350000000000000006e-02 1.376410000000000003e-03 3.239999999999999608e-04 7.728399999999998986e-04 4.120899999999999390e-04 5.505640000000000013e-03 8.820900000000000876e-04 1.232100000000000621e-04 5.107599999999999684e-04 8.702499999999999299e-04 9.859600000000003518e-04 8.930250000000000687e-03 5.522500000000000065e-04 1.475502250000000000e+06 1.640596875000000000e+06
1.000000000000000000e+00 3.869999999999999829e-02 -1.975000000000000089e-01 1.770000000000000046e-02 2.359999999999999945e-02 -1.089999999999999997e-02 2.390000000000000110e-02 1.599999999999997258e-03 -2.154999999999999971e-01 4.549999999999999878e-02 3.300000000000000849e-03 -8.510000000000000897e-02 -5.799999999999999600e-03 1.497689999999999872e-03 3.900625000000000620e-02 3.132900000000000311e-04 5.569600000000000072e-04 1.188099999999999958e-04 5.712100000000000554e-04 2.559999999999991160e-06 4.644024999999999542e-02 2.070250000000000042e-03 1.089000000000000585e-05 7.242010000000001849e-03 3.363999999999999640e-05 1.473221750000000000e+06 1.636816500000000000e+06
1.000000000000000000e+00 4.059999999999999720e-02 1.810000000000000150e-02 -5.510000000000000314e-02 1.199999999999999895e-03 4.660000000000000253e-02 3.910000000000000281e-02 1.899999999999998912e-03 2.156000000000000139e-01 -7.280000000000000360e-02 -2.239999999999999977e-02 5.750000000000000250e-02 1.520000000000000170e-02 1.648359999999999756e-03 3.276100000000000431e-04 3.036010000000000444e-03 1.439999999999999765e-06 2.171560000000000330e-03 1.528810000000000238e-03 3.609999999999995930e-06 4.648336000000000828e-02 5.299840000000000106e-03 5.017599999999999665e-04 3.306250000000000161e-03 2.310400000000000648e-04 1.476435125000000000e+06 1.639427500000000000e+06
1.000000000000000000e+00 4.549999999999999878e-02 -1.234999999999999987e-01 -2.060000000000000026e-02 1.000000000000000021e-02 5.000000000000000278e-02 4.610000000000000209e-02 4.900000000000001577e-03 -1.416000000000000036e-01 3.450000000000000289e-02 8.800000000000000530e-03 3.400000000000000244e-03 6.999999999999999278e-03 2.070250000000000042e-03 1.525225000000000018e-02 4.243600000000000367e-04 1.000000000000000048e-04 2.500000000000000486e-03 2.125210000000000207e-03 2.401000000000001576e-05 2.005056000000000199e-02 1.190250000000000119e-03 7.744000000000000395e-05 1.156000000000000113e-05 4.899999999999999164e-05 1.475603375000000000e+06 1.638908750000000000e+06
1.000000000000000000e+00 5.619999999999999996e-02 -5.260000000000000092e-02 4.959999999999999826e-02 3.130000000000000143e-02 6.000000000000000125e-03 4.349999999999999700e-02 1.070000000000000118e-02 7.089999999999999081e-02 7.019999999999999851e-02 2.129999999999999949e-02 -4.400000000000000439e-02 -2.600000000000005085e-03 3.158440000000000206e-03 2.766760000000000053e-03 2.460159999999999864e-03 9.796900000000000747e-04 3.600000000000000091e-05 1.892249999999999835e-03 1.144900000000000236e-04 5.026809999999998745e-03 4.928039999999999851e-03 4.536899999999999744e-04 1.936000000000000438e-03 6.760000000000026757e-06 1.476909125000000000e+06 1.638906000000000000e+06
1.000000000000000000e+00 7.610000000000000098e-02 1.029999999999999943e-01 -9.320000000000000506e-02 -3.099999999999999891e-03 3.130000000000000143e-02 5.199999999999999761e-02 1.990000000000000102e-02 1.555999999999999883e-01 -1.428000000000000103e-01 -3.440000000000000002e-02 2.530000000000000304e-02 8.500000000000000611e-03 5.791209999999999761e-03 1.060899999999999864e-02 8.686240000000001321e-03 9.609999999999999470e-06 9.796900000000000747e-04 2.703999999999999806e-03 3.960100000000000252e-04 2.421135999999999774e-02 2.039184000000000135e-02 1.183360000000000054e-03 6.400900000000001684e-04 7.225000000000000790e-05 1.477991750000000000e+06 1.643421375000000000e+06
1.000000000000000000e+00 7.839999999999999747e-02 -1.705000000000000127e-01 -6.400000000000000307e-03 5.999999999999999474e-04 3.309999999999999748e-02 6.239999999999999714e-02 2.299999999999996492e-03 -2.735000000000000209e-01 8.680000000000000215e-02 3.699999999999999730e-03 1.799999999999996048e-03 1.039999999999999952e-02 6.146559999999999697e-03 2.907025000000000581e-02 4.096000000000000086e-05 3.599999999999999414e-07 1.095609999999999900e-03 3.893759999999999583e-03 5.289999999999984080e-06 7.480225000000001456e-02 7.534240000000000208e-03 1.368999999999999768e-05 3.239999999999985920e-06 1.081599999999999944e-04 1.476037875000000000e+06 1.640023125000000000e+06
1.000000000000000000e+00 2.149999999999999828e-02 -3.470000000000000168e-02 1.750000000000000167e-02 3.570000000000000256e-02 2.889999999999999861e-02 6.590000000000000024e-02 -5.689999999999999919e-02 1.358000000000000040e-01 2.390000000000000110e-02 3.509999999999999926e-02 -4.199999999999998873e-03 3.500000000000003109e-03 4.622499999999999331e-04 1.204090000000000108e-03 3.062500000000000443e-04 1.274490000000000085e-03 8.352099999999999672e-04 4.342809999999999900e-03 3.237609999999999707e-03 1.844164000000000220e-02 5.712100000000000554e-04 1.232009999999999963e-03 1.763999999999999035e-05 1.225000000000002163e-05 1.478698625000000000e+06 1.643011875000000000e+06
1.000000000000000000e+00 3.459999999999999881e-02 -8.930000000000000437e-02 -5.210000000000000048e-02 4.340000000000000108e-02 6.619999999999999496e-02 7.510000000000000009e-02 1.310000000000000053e-02 -5.460000000000000270e-02 -6.959999999999999520e-02 7.699999999999998512e-03 3.729999999999999982e-02 9.199999999999999845e-03 1.197159999999999848e-03 7.974490000000000745e-03 2.714410000000000000e-03 1.883560000000000052e-03 4.382439999999999600e-03 5.640009999999999989e-03 1.716100000000000188e-04 2.981160000000000494e-03 4.844159999999999265e-03 5.928999999999997613e-05 1.391289999999999888e-03 8.464000000000000278e-05 1.478558000000000000e+06 1.646410750000000000e+06
1.000000000000000000e+00 3.729999999999999982e-02 -1.307999999999999996e-01 8.699999999999999400e-03 -2.500000000000000052e-03 3.819999999999999785e-02 1.037000000000000005e-01 2.700000000000001010e-03 -4.149999999999999523e-02 6.079999999999999988e-02 -4.590000000000000330e-02 -2.799999999999999711e-02 2.860000000000000042e-02 1.391289999999999888e-03 1.710864000000000135e-02 7.568999999999998852e-05 6.250000000000000300e-06 1.459239999999999886e-03 1.075368999999999978e-02 7.290000000000005589e-06 1.722249999999999606e-03 3.696640000000000169e-03 2.106810000000000193e-03 7.839999999999998663e-04 8.179600000000000629e-04 1.479461625000000000e+06 1.645171500000000000e+06
1.000000000000000000e+00 7.459999999999999964e-02 -7.539999999999999480e-02 3.130000000000000143e-02 2.809999999999999998e-02 5.500000000000000028e-02 1.010999999999999954e-01 3.729999999999999982e-02 5.540000000000000480e-02 2.260000000000000203e-02 3.059999999999999873e-02 1.680000000000000243e-02 -2.600000000000005085e-03 5.565159999999999552e-03 5.685159999999998999e-03 9.796900000000000747e-04 7.896100000000000514e-04 3.024999999999999911e-03 1.022120999999999967e-02 1.391289999999999888e-03 3.069160000000000464e-03 5.107600000000000768e-04 9.363599999999999051e-04 2.822400000000000624e-04 6.760000000000026757e-06 1.477169125000000000e+06 1.642336750000000000e+06
1.000000000000000000e+00 8.780000000000000304e-02 1.870000000000000134e-02 6.100000000000000387e-03 7.149999999999999412e-02 6.679999999999999827e-02 1.333000000000000018e-01 1.320000000000000340e-02 9.409999999999998921e-02 -2.520000000000000018e-02 4.339999999999999414e-02 1.179999999999999799e-02 3.220000000000000639e-02 7.708840000000000657e-03 3.496900000000000485e-04 3.721000000000000457e-05 5.112249999999998740e-03 4.462240000000000130e-03 1.776888999999999899e-02 1.742400000000000936e-04 8.854809999999997683e-03 6.350400000000000185e-04 1.883559999999999401e-03 1.392399999999999476e-04 1.036840000000000461e-03 1.478426875000000000e+06 1.642288875000000000e+06
1.000000000000000000e+00 4.569999999999999757e-02 2.120000000000000009e-02 2.819999999999999937e-02 1.559999999999999928e-02 1.959999999999999937e-02 9.329999999999999405e-02 -4.210000000000000547e-02 2.499999999999998751e-03 2.209999999999999812e-02 -5.589999999999999136e-02 -4.719999999999999890e-02 -4.000000000000000777e-02 2.088489999999999704e-03 4.494400000000000066e-04 7.952400000000000094e-04 2.433599999999999739e-04 3.841599999999999811e-04 8.704889999999998115e-03 1.772410000000000522e-03 6.249999999999993523e-06 4.884099999999998859e-04 3.124809999999999133e-03 2.227840000000000029e-03 1.600000000000000727e-03 1.479153750000000000e+06 1.645841500000000000e+06
1.000000000000000000e+00 7.140000000000000513e-02 -5.179999999999999882e-02 8.500000000000000611e-03 5.759999999999999842e-02 2.510000000000000078e-02 1.221000000000000002e-01 2.570000000000000756e-02 -7.299999999999999545e-02 -1.969999999999999876e-02 4.199999999999999567e-02 5.500000000000001416e-03 2.880000000000000615e-02 5.097960000000000338e-03 2.683239999999999931e-03 7.225000000000000790e-05 3.317759999999999893e-03 6.300100000000000752e-04 1.490841000000000041e-02 6.604900000000003390e-04 5.328999999999999536e-03 3.880899999999999519e-04 1.763999999999999726e-03 3.025000000000001700e-05 8.294400000000004070e-04 1.479086625000000000e+06 1.645158875000000000e+06
1.000000000000000000e+00 9.760000000000000620e-02 -7.099999999999999367e-02 2.630000000000000046e-02 1.729999999999999941e-02 5.190000000000000169e-02 8.530000000000000082e-02 2.620000000000000107e-02 -1.919999999999999485e-02 1.779999999999999985e-02 -4.030000000000000249e-02 2.680000000000000090e-02 -3.679999999999999938e-02 9.525760000000001171e-03 5.040999999999999474e-03 6.916900000000000132e-04 2.992899999999999619e-04 2.693610000000000362e-03 7.276089999999999815e-03 6.864400000000000753e-04 3.686399999999997773e-04 3.168399999999999819e-04 1.624090000000000126e-03 7.182400000000000893e-04 1.354240000000000044e-03 1.478262125000000000e+06 1.645840375000000000e+06
1.000000000000000000e+00 5.870000000000000218e-02 -1.398000000000000076e-01 3.030000000000000054e-02 7.049999999999999323e-02 3.950000000000000039e-02 1.200999999999999984e-01 -3.890000000000000402e-02 -6.880000000000001392e-02 4.000000000000000083e-03 5.319999999999999729e-02 -1.240000000000000130e-02 3.479999999999999760e-02 3.445690000000000384e-03 1.954404000000000211e-02 9.180899999999999868e-04 4.970249999999998974e-03 1.560250000000000005e-03 1.442400999999999926e-02 1.513210000000000293e-03 4.733440000000001951e-03 1.599999999999999928e-05 2.830239999999999926e-03 1.537600000000000457e-04 1.211039999999999816e-03 1.477717750000000000e+06 1.643055375000000000e+06
1.000000000000000000e+00 9.639999999999999958e-02 -1.044999999999999957e-01 4.719999999999999890e-02 3.889999999999999708e-02 -2.100000000000000130e-02 1.123999999999999999e-01 3.769999999999999740e-02 3.530000000000001192e-02 1.689999999999999836e-02 -3.159999999999999615e-02 -6.049999999999999822e-02 -7.699999999999998512e-03 9.292959999999999415e-03 1.092024999999999940e-02 2.227840000000000029e-03 1.513209999999999859e-03 4.410000000000000400e-04 1.263376000000000082e-02 1.421289999999999750e-03 1.246090000000000912e-03 2.856099999999999438e-04 9.985599999999996822e-04 3.660249999999999875e-03 5.928999999999997613e-05 1.477152500000000000e+06 1.643087125000000000e+06
1.000000000000000000e+00 1.181999999999999995e-01 -1.499999999999999944e-02 5.330000000000000016e-02 1.919999999999999832e-02 2.599999999999999881e-02 1.426999999999999935e-01 2.179999999999999993e-02 8.949999999999999623e-02 6.100000000000001255e-03 -1.969999999999999876e-02 4.700000000000000011e-02 3.029999999999999361e-02 1.397123999999999935e-02 2.249999999999999938e-04 2.840889999999999995e-03 3.686399999999999400e-04 6.759999999999999516e-04 2.036328999999999917e-02 4.752399999999999832e-04 8.010250000000000009e-03 3.721000000000001813e-05 3.880899999999999519e-04 2.209000000000000026e-03 9.180899999999996616e-04 1.477531875000000000e+06 1.641488625000000000e+06
1.000000000000000000e+00 6.710000000000000686e-02 7.700000000000000247e-03 -2.939999999999999905e-02 3.729999999999999982e-02 2.249999999999999917e-02 1.063999999999999946e-01 -5.109999999999999265e-02 2.269999999999999796e-02 -8.269999999999999574e-02 1.810000000000000150e-02 -3.499999999999999639e-03 -3.629999999999999893e-02 4.502410000000000960e-03 5.929000000000000324e-05 8.643599999999999981e-04 1.391289999999999888e-03 5.062499999999999726e-04 1.132095999999999970e-02 2.611209999999999226e-03 5.152899999999999538e-04 6.839289999999999606e-03 3.276100000000000431e-04 1.224999999999999791e-05 1.317689999999999834e-03 1.477341625000000000e+06 1.643308625000000000e+06
1.000000000000000000e+00 6.790000000000000202e-02 -8.849999999999999534e-02 9.199999999999999845e-03 -1.689999999999999836e-02 6.650000000000000355e-02 1.170000000000000068e-01 7.999999999999951594e-04 -9.619999999999999385e-02 3.859999999999999543e-02 -5.419999999999999818e-02 4.400000000000000439e-02 1.060000000000001219e-02 4.610410000000000549e-03 7.832249999999998935e-03 8.464000000000000278e-05 2.856099999999999438e-04 4.422250000000000833e-03 1.368900000000000151e-02 6.399999999999922842e-07 9.254439999999999195e-03 1.489959999999999592e-03 2.937639999999999609e-03 1.936000000000000438e-03 1.123600000000002591e-04 1.476521125000000000e+06 1.639693500000000000e+06
1.000000000000000000e+00 4.120000000000000051e-02 -7.700000000000000247e-03 -4.909999999999999781e-02 3.099999999999999891e-03 9.850000000000000422e-02 6.550000000000000266e-02 -2.670000000000000151e-02 8.079999999999999682e-02 -5.829999999999999766e-02 1.999999999999999695e-02 3.200000000000000067e-02 -5.150000000000000411e-02 1.697440000000000147e-03 5.929000000000000324e-05 2.410809999999999776e-03 9.609999999999999470e-06 9.702250000000000804e-03 4.290250000000000660e-03 7.128900000000000948e-04 6.528639999999999617e-03 3.398889999999999897e-03 3.999999999999998565e-04 1.023999999999999954e-03 2.652250000000000527e-03 1.477461875000000000e+06 1.642108250000000000e+06
1.000000000000000000e+00 4.580000000000000043e-02 -7.199999999999999803e-03 -1.940000000000000058e-02 9.199999999999999845e-03 8.309999999999999332e-02 6.650000000000000355e-02 4.599999999999999922e-03 5.000000000000004441e-04 2.969999999999999724e-02 6.099999999999999520e-03 -1.540000000000001090e-02 1.000000000000000888e-03 2.097640000000000008e-03 5.183999999999999833e-05 3.763600000000000083e-04 8.464000000000000278e-05 6.905609999999998659e-03 4.422250000000000833e-03 2.116000000000000069e-05 2.500000000000004651e-07 8.820899999999998707e-04 3.720999999999999102e-05 2.371600000000003382e-04 1.000000000000001861e-06 1.477720000000000000e+06 1.640699000000000000e+06
1.000000000000000000e+00 3.980000000000000204e-02 -1.506000000000000116e-01 2.529999999999999957e-02 1.770000000000000046e-02 5.009999999999999870e-02 8.219999999999999529e-02 -5.999999999999998390e-03 -1.433999999999999997e-01 4.470000000000000362e-02 8.500000000000000611e-03 -3.299999999999999462e-02 1.569999999999999174e-02 1.584040000000000101e-03 2.268036000000000357e-02 6.400899999999999515e-04 3.132900000000000311e-04 2.510010000000000019e-03 6.756839999999999201e-03 3.599999999999998058e-05 2.056356000000000156e-02 1.998090000000000109e-03 7.225000000000000790e-05 1.088999999999999690e-03 2.464899999999997627e-04 1.479430875000000000e+06 1.643348250000000000e+06
1.000000000000000000e+00 4.590000000000000330e-02 -9.379999999999999449e-02 -5.790000000000000008e-02 2.539999999999999897e-02 5.770000000000000129e-02 7.299999999999999545e-02 6.100000000000001255e-03 5.680000000000001714e-02 -8.319999999999999618e-02 7.699999999999998512e-03 7.600000000000002587e-03 -9.199999999999999845e-03 2.106810000000000193e-03 8.798439999999999386e-03 3.352410000000000112e-03 6.451599999999999826e-04 3.329289999999999940e-03 5.328999999999999536e-03 3.721000000000001813e-05 3.226240000000001745e-03 6.922239999999999643e-03 5.928999999999997613e-05 5.776000000000003652e-05 8.464000000000000278e-05 1.479618250000000000e+06 1.642092875000000000e+06
1.000000000000000000e+00 6.119999999999999746e-02 -1.241000000000000020e-01 -1.519999999999999997e-02 -3.330000000000000321e-02 5.979999999999999899e-02 3.849999999999999950e-02 1.529999999999999416e-02 -3.030000000000000748e-02 4.270000000000000184e-02 -5.870000000000000218e-02 2.099999999999997702e-03 -3.449999999999999595e-02 3.745439999999999620e-03 1.540081000000000089e-02 2.310400000000000106e-04 1.108890000000000179e-03 3.576039999999999948e-03 1.482250000000000061e-03 2.340899999999998136e-04 9.180900000000004205e-04 1.823290000000000197e-03 3.445690000000000384e-03 4.409999999999989964e-06 1.190249999999999685e-03 1.478936250000000000e+06 1.643564000000000000e+06
1.000000000000000000e+00 4.109999999999999765e-02 -1.446000000000000063e-01 2.060000000000000026e-02 -3.139999999999999736e-02 3.239999999999999825e-02 8.150000000000000300e-02 -2.009999999999999981e-02 -2.050000000000000433e-02 3.579999999999999849e-02 1.900000000000005851e-03 -2.740000000000000074e-02 4.300000000000000350e-02 1.689209999999999800e-03 2.090916000000000302e-02 4.243600000000000367e-04 9.859599999999999181e-04 1.049759999999999843e-03 6.642250000000000584e-03 4.040100000000000028e-04 4.202500000000001590e-04 1.281639999999999906e-03 3.610000000000022188e-06 7.507600000000000558e-04 1.849000000000000383e-03 1.477276750000000000e+06 1.640909250000000000e+06
1.000000000000000000e+00 6.199999999999999782e-03 6.279999999999999472e-02 -3.440000000000000002e-02 -5.199999999999999761e-03 2.079999999999999905e-02 5.229999999999999927e-02 -3.490000000000000047e-02 2.074000000000000010e-01 -5.500000000000000028e-02 2.619999999999999760e-02 -1.159999999999999920e-02 -2.920000000000000373e-02 3.843999999999999788e-05 3.943839999999999672e-03 1.183360000000000054e-03 2.703999999999999861e-05 4.326399999999999777e-04 2.735290000000000030e-03 1.218010000000000056e-03 4.301475999999999911e-02 3.024999999999999911e-03 6.864399999999998584e-04 1.345599999999999856e-04 8.526400000000002120e-04 1.478785625000000000e+06 1.642787375000000000e+06
1.000000000000000000e+00 3.509999999999999926e-02 -1.456999999999999962e-01 6.599999999999999964e-03 -1.859999999999999848e-02 9.030000000000000526e-02 9.750000000000000333e-02 2.889999999999999861e-02 -2.084999999999999909e-01 4.100000000000000172e-02 -1.339999999999999872e-02 6.950000000000000622e-02 4.520000000000000406e-02 1.232009999999999963e-03 2.122848999999999917e-02 4.355999999999999629e-05 3.459599999999999199e-04 8.154090000000000990e-03 9.506250000000000810e-03 8.352099999999999672e-04 4.347224999999999701e-02 1.681000000000000202e-03 1.795599999999999681e-04 4.830250000000001209e-03 2.043040000000000307e-03 1.477380125000000000e+06 1.641255000000000000e+06
1.000000000000000000e+00 1.030000000000000013e-02 -5.650000000000000161e-02 -2.050000000000000086e-02 -1.799999999999999951e-03 1.460000000000000013e-02 5.020000000000000157e-02 -2.479999999999999913e-02 8.920000000000000151e-02 -2.709999999999999909e-02 1.679999999999999896e-02 -7.570000000000000340e-02 -4.730000000000000177e-02 1.060900000000000092e-04 3.192250000000000209e-03 4.202500000000000506e-04 3.239999999999999896e-06 2.131599999999999988e-04 2.520040000000000301e-03 6.150399999999999661e-04 7.956640000000000934e-03 7.344099999999999023e-04 2.822399999999999540e-04 5.730490000000000410e-03 2.237290000000000285e-03 1.478615500000000000e+06 1.640862250000000000e+06
1.000000000000000000e+00 6.019999999999999657e-02 -6.329999999999999516e-02 2.840000000000000163e-02 -1.420000000000000082e-02 3.699999999999999817e-02 6.439999999999999891e-02 4.989999999999999991e-02 -6.799999999999993550e-03 4.889999999999999902e-02 -1.240000000000000130e-02 2.239999999999999630e-02 1.419999999999999735e-02 3.624039999999999380e-03 4.006889999999999064e-03 8.065600000000001111e-04 2.016400000000000278e-04 1.368999999999999774e-03 4.147360000000000109e-03 2.490009999999999966e-03 4.623999999999990965e-05 2.391209999999999950e-03 1.537600000000000457e-04 5.017599999999998580e-04 2.016399999999999193e-04 1.479131875000000000e+06 1.641372875000000000e+06
1.000000000000000000e+00 2.149999999999999828e-02 -2.539999999999999897e-02 -2.529999999999999957e-02 1.890000000000000013e-02 3.219999999999999946e-02 7.910000000000000364e-02 -3.869999999999999829e-02 3.789999999999999619e-02 -5.369999999999999774e-02 3.310000000000000442e-02 -4.799999999999998712e-03 1.470000000000000473e-02 4.622499999999999331e-04 6.451599999999999826e-04 6.400899999999999515e-04 3.572100000000000036e-04 1.036840000000000027e-03 6.256810000000000670e-03 1.497689999999999872e-03 1.436409999999999727e-03 2.883689999999999951e-03 1.095610000000000334e-03 2.303999999999998608e-05 2.160900000000001351e-04 1.479834875000000000e+06 1.640687000000000000e+06
1.000000000000000000e+00 9.900000000000000813e-03 -4.700000000000000011e-02 2.069999999999999965e-02 -8.000000000000000383e-04 5.729999999999999677e-02 1.064999999999999974e-01 -1.159999999999999747e-02 -2.160000000000000114e-02 4.599999999999999922e-02 -1.969999999999999876e-02 2.509999999999999731e-02 2.739999999999999380e-02 9.801000000000001876e-05 2.209000000000000026e-03 4.284900000000000124e-04 6.400000000000000134e-07 3.283289999999999473e-03 1.134224999999999990e-02 1.345599999999999314e-04 4.665600000000000324e-04 2.115999999999999825e-03 3.880899999999999519e-04 6.300099999999998583e-04 7.507599999999996221e-04 1.478720375000000000e+06 1.640259750000000000e+06
1.000000000000000000e+00 2.479999999999999913e-02 -7.119999999999999940e-02 -1.030000000000000013e-02 -3.660000000000000059e-02 5.589999999999999830e-02 1.078000000000000069e-01 1.489999999999999832e-02 -2.419999999999999929e-02 -3.099999999999999978e-02 -3.579999999999999849e-02 -1.399999999999998468e-03 1.300000000000009481e-03 6.150399999999999661e-04 5.069439999999999710e-03 1.060900000000000092e-04 1.339560000000000056e-03 3.124810000000000001e-03 1.162084000000000207e-02 2.220099999999999428e-04 5.856400000000000104e-04 9.609999999999999402e-04 1.281639999999999906e-03 1.959999999999995634e-06 1.690000000000024689e-06 1.478386500000000000e+06 1.640293125000000000e+06
1.000000000000000000e+00 6.090000000000000274e-02 -8.099999999999999561e-03 8.099999999999999561e-03 4.569999999999999757e-02 1.500000000000000031e-03 4.449999999999999789e-02 3.610000000000000708e-02 6.310000000000000331e-02 1.839999999999999969e-02 8.229999999999999816e-02 -5.439999999999999697e-02 -6.330000000000000904e-02 3.708810000000000318e-03 6.560999999999999016e-05 6.560999999999999016e-05 2.088489999999999704e-03 2.250000000000000057e-06 1.980249999999999806e-03 1.303210000000000609e-03 3.981610000000000010e-03 3.385600000000000111e-04 6.773289999999999519e-03 2.959359999999999855e-03 4.006890000000000798e-03 1.479456000000000000e+06 1.643460750000000000e+06
1.000000000000000000e+00 6.800000000000000488e-02 -8.599999999999999312e-02 -3.579999999999999849e-02 0.000000000000000000e+00 4.359999999999999987e-02 7.380000000000000449e-02 7.100000000000002143e-03 -7.789999999999999702e-02 -4.389999999999999458e-02 -4.569999999999999757e-02 4.209999999999999853e-02 2.930000000000000659e-02 4.624000000000000506e-03 7.395999999999998929e-03 1.281639999999999906e-03 0.000000000000000000e+00 1.900959999999999933e-03 5.446440000000000309e-03 5.041000000000002727e-05 6.068409999999999777e-03 1.927209999999999514e-03 2.088489999999999704e-03 1.772409999999999871e-03 8.584900000000003813e-04 1.480328250000000000e+06 1.644476250000000000e+06
1.000000000000000000e+00 1.140000000000000041e-02 -1.107999999999999957e-01 1.859999999999999848e-02 3.000000000000000062e-03 1.299999999999999940e-03 6.859999999999999432e-02 -5.660000000000000447e-02 -2.480000000000000260e-02 5.439999999999999697e-02 3.000000000000000062e-03 -4.229999999999999732e-02 -5.200000000000010170e-03 1.299600000000000093e-04 1.227663999999999839e-02 3.459599999999999199e-04 9.000000000000000228e-06 1.689999999999999913e-06 4.705959999999999484e-03 3.203560000000000695e-03 6.150400000000001829e-04 2.959359999999999855e-03 9.000000000000000228e-06 1.789289999999999804e-03 2.704000000000010703e-05 1.479368000000000000e+06 1.642393750000000000e+06
1.000000000000000000e+00 1.729999999999999941e-02 -1.389999999999999916e-02 -2.069999999999999965e-02 3.109999999999999917e-02 1.060000000000000005e-02 9.529999999999999583e-02 5.899999999999998995e-03 9.690000000000000002e-02 -3.930000000000000160e-02 2.809999999999999998e-02 9.299999999999999239e-03 2.670000000000000151e-02 2.992899999999999619e-04 1.932099999999999746e-04 4.284900000000000124e-04 9.672099999999999231e-04 1.123600000000000016e-04 9.082089999999999261e-03 3.480999999999998689e-05 9.389609999999999623e-03 1.544490000000000142e-03 7.896100000000000514e-04 8.648999999999997998e-05 7.128900000000000948e-04 1.479015000000000000e+06 1.641427875000000000e+06
1.000000000000000000e+00 1.349999999999999985e-02 -4.070000000000000007e-02 2.970000000000000070e-02 2.920000000000000026e-02 -8.999999999999999754e-04 1.001999999999999974e-01 -3.799999999999999559e-03 -2.680000000000000090e-02 5.040000000000000036e-02 -1.899999999999998912e-03 -1.149999999999999981e-02 4.900000000000001577e-03 1.822499999999999847e-04 1.656490000000000046e-03 8.820900000000000876e-04 8.526399999999999951e-04 8.099999999999999739e-07 1.004004000000000008e-02 1.443999999999999727e-05 7.182400000000000893e-04 2.540160000000000074e-03 3.609999999999995930e-06 1.322499999999999891e-04 2.401000000000001576e-05 1.477777750000000000e+06 1.640094250000000000e+06
1.000000000000000000e+00 4.529999999999999999e-02 -3.059999999999999873e-02 -3.219999999999999946e-02 -2.110000000000000070e-02 2.000000000000000042e-02 5.559999999999999665e-02 3.180000000000000188e-02 1.010000000000000134e-02 -6.189999999999999669e-02 -5.029999999999999749e-02 2.090000000000000191e-02 -4.460000000000000075e-02 2.052089999999999904e-03 9.363599999999999051e-04 1.036840000000000027e-03 4.452100000000000285e-04 4.000000000000000192e-04 3.091359999999999594e-03 1.011240000000000056e-03 1.020100000000000211e-04 3.831609999999999617e-03 2.530089999999999596e-03 4.368100000000000953e-04 1.989160000000000234e-03 1.477639250000000000e+06 1.640723250000000000e+06
1.000000000000000000e+00 3.459999999999999881e-02 -1.360999999999999988e-01 1.159999999999999920e-02 -3.599999999999999728e-02 4.799999999999999580e-03 6.140000000000000319e-02 -1.070000000000000118e-02 -1.054999999999999966e-01 4.379999999999999866e-02 -1.489999999999999658e-02 -1.520000000000000170e-02 5.800000000000006539e-03 1.197159999999999848e-03 1.852320999999999829e-02 1.345599999999999856e-04 1.295999999999999843e-03 2.303999999999999625e-05 3.769960000000000585e-03 1.144900000000000236e-04 1.113024999999999952e-02 1.918439999999999989e-03 2.220099999999998886e-04 2.310400000000000648e-04 3.364000000000007772e-05 1.476226625000000000e+06 1.640912000000000000e+06
1.000000000000000000e+00 5.009999999999999870e-02 2.700000000000000143e-03 -3.350000000000000200e-02 -9.499999999999999764e-03 -8.699999999999999400e-03 6.679999999999999827e-02 1.549999999999999989e-02 1.388000000000000067e-01 -4.510000000000000120e-02 2.649999999999999578e-02 -1.349999999999999811e-02 5.399999999999995082e-03 2.510010000000000019e-03 7.290000000000000507e-06 1.122250000000000201e-03 9.024999999999999819e-05 7.568999999999998852e-05 4.462240000000000130e-03 2.402499999999999851e-04 1.926544000000000173e-02 2.034010000000000158e-03 7.022499999999997494e-04 1.822499999999999576e-04 2.915999999999994782e-05 1.478182875000000000e+06 1.640731250000000000e+06
1.000000000000000000e+00 4.139999999999999930e-02 -1.770000000000000046e-02 -1.260000000000000009e-02 -2.799999999999999972e-03 -4.700000000000000185e-03 8.379999999999999949e-02 -8.699999999999999400e-03 -2.040000000000000147e-02 2.090000000000000191e-02 6.699999999999999359e-03 3.999999999999999216e-03 1.700000000000000122e-02 1.713960000000000049e-03 3.132900000000000311e-04 1.587600000000000046e-04 7.839999999999999476e-06 2.209000000000000026e-05 7.022439999999999585e-03 7.568999999999998852e-05 4.161600000000000542e-04 4.368100000000000953e-04 4.488999999999999203e-05 1.599999999999999250e-05 2.890000000000000316e-04 1.478999375000000000e+06 1.642928125000000000e+06
1.000000000000000000e+00 5.680000000000000326e-02 -3.160000000000000309e-02 -2.460000000000000034e-02 1.919999999999999832e-02 -1.969999999999999876e-02 8.250000000000000389e-02 1.540000000000000396e-02 -1.390000000000000263e-02 -1.200000000000000025e-02 2.199999999999999872e-02 -1.499999999999999944e-02 -1.299999999999995604e-03 3.226240000000000444e-03 9.985600000000001159e-04 6.051599999999999861e-04 3.686399999999999400e-04 3.880899999999999519e-04 6.806250000000000668e-03 2.371600000000001214e-04 1.932100000000000831e-04 1.440000000000000036e-04 4.839999999999999468e-04 2.249999999999999938e-04 1.689999999999988478e-06 1.482107375000000000e+06 1.643543375000000000e+06
1.000000000000000000e+00 6.279999999999999472e-02 -7.639999999999999569e-02 -4.400000000000000265e-03 1.839999999999999969e-02 9.700000000000000289e-03 8.110000000000000542e-02 5.999999999999991451e-03 -4.479999999999999261e-02 2.019999999999999921e-02 -7.999999999999986289e-04 2.939999999999999905e-02 -1.399999999999998468e-03 3.943839999999999672e-03 5.836959999999999545e-03 1.936000000000000099e-05 3.385600000000000111e-04 9.409000000000000208e-05 6.577210000000000868e-03 3.599999999999989927e-05 2.007039999999999432e-03 4.080399999999999761e-04 6.399999999999977899e-07 8.643599999999999981e-04 1.959999999999995634e-06 1.480090625000000000e+06 1.645221875000000000e+06
1.000000000000000000e+00 -1.899999999999999996e-03 -1.198000000000000037e-01 8.500000000000000611e-03 -3.869999999999999829e-02 -2.809999999999999998e-02 9.760000000000000620e-02 -6.469999999999999363e-02 -4.340000000000000802e-02 1.290000000000000174e-02 -5.709999999999999798e-02 -3.780000000000000027e-02 1.650000000000000078e-02 3.610000000000000165e-06 1.435204000000000167e-02 7.225000000000000790e-05 1.497689999999999872e-03 7.896100000000000514e-04 9.525760000000001171e-03 4.186089999999999083e-03 1.883560000000000702e-03 1.664100000000000551e-04 3.260409999999999611e-03 1.428840000000000015e-03 2.722500000000000310e-04 1.480745625000000000e+06 1.642313125000000000e+06
1.000000000000000000e+00 6.799999999999999621e-03 3.960000000000000325e-02 -1.600000000000000033e-02 -2.929999999999999966e-02 1.519999999999999997e-02 7.470000000000000251e-02 8.699999999999999400e-03 1.594000000000000139e-01 -2.450000000000000094e-02 9.399999999999998634e-03 4.329999999999999821e-02 -2.290000000000000369e-02 4.623999999999999774e-05 1.568160000000000300e-03 2.559999999999999884e-04 8.584899999999999476e-04 2.310400000000000106e-04 5.580090000000000224e-03 7.568999999999998852e-05 2.540836000000000483e-02 6.002500000000000890e-04 8.835999999999997394e-05 1.874889999999999933e-03 5.244100000000002188e-04 1.479645625000000000e+06 1.642536000000000000e+06
1.000000000000000000e+00 1.899999999999999996e-03 -3.479999999999999760e-02 8.300000000000000086e-03 -3.160000000000000309e-02 -3.760000000000000148e-02 6.460000000000000464e-02 -4.899999999999999842e-03 -7.439999999999999392e-02 2.430000000000000215e-02 -2.300000000000003431e-03 -5.279999999999999971e-02 -1.009999999999999787e-02 3.610000000000000165e-06 1.211039999999999816e-03 6.888999999999999941e-05 9.985600000000001159e-04 1.413760000000000017e-03 4.173160000000000411e-03 2.400999999999999882e-05 5.535359999999998719e-03 5.904900000000001554e-04 5.290000000000015420e-06 2.787839999999999763e-03 1.020099999999999534e-04 1.478214375000000000e+06 1.639161000000000000e+06
1.000000000000000000e+00 8.000000000000000383e-04 -7.820000000000000562e-02 -9.199999999999999845e-03 -2.989999999999999949e-02 1.739999999999999880e-02 8.469999999999999751e-02 -1.099999999999999849e-03 -4.340000000000000802e-02 -1.750000000000000167e-02 1.700000000000003592e-03 5.500000000000000028e-02 2.009999999999999287e-02 6.400000000000000134e-07 6.115240000000000953e-03 8.464000000000000278e-05 8.940099999999999870e-04 3.027599999999999541e-04 7.174089999999999287e-03 1.209999999999999638e-06 1.883560000000000702e-03 3.062500000000000443e-04 2.890000000000012141e-06 3.024999999999999911e-03 4.040099999999997317e-04 1.479777750000000000e+06 1.640365125000000000e+06
1.000000000000000000e+00 2.230000000000000038e-02 2.380000000000000171e-02 1.569999999999999868e-02 -3.620000000000000301e-02 -1.859999999999999848e-02 6.500000000000000222e-02 2.150000000000000175e-02 1.020000000000000073e-01 2.489999999999999852e-02 -6.300000000000003514e-03 -3.599999999999999728e-02 -1.969999999999999529e-02 4.972900000000000584e-04 5.664400000000000858e-04 2.464899999999999795e-04 1.310440000000000172e-03 3.459599999999999199e-04 4.225000000000000457e-03 4.622500000000000957e-04 1.040400000000000179e-02 6.200099999999999405e-04 3.969000000000004182e-05 1.295999999999999843e-03 3.880899999999997893e-04 1.479151250000000000e+06 1.640832250000000000e+06
1.000000000000000000e+00 1.399999999999999986e-03 2.033999999999999975e-01 -5.439999999999999697e-02 -2.100000000000000130e-02 7.299999999999999545e-02 9.170000000000000373e-02 -2.090000000000000191e-02 1.795999999999999819e-01 -7.009999999999999565e-02 1.520000000000000170e-02 9.159999999999998699e-02 2.670000000000000151e-02 1.959999999999999869e-06 4.137156000000000167e-02 2.959359999999999855e-03 4.410000000000000400e-04 5.328999999999999536e-03 8.408890000000000461e-03 4.368100000000000953e-04 3.225615999999999206e-02 4.914009999999999039e-03 2.310400000000000648e-04 8.390559999999998297e-03 7.128900000000000948e-04 1.481373750000000000e+06 1.644175500000000000e+06
1.000000000000000000e+00 -3.700000000000000164e-03 -2.242000000000000104e-01 1.609999999999999973e-02 -4.309999999999999942e-02 7.399999999999999634e-02 9.320000000000000506e-02 -5.100000000000000366e-03 -4.275999999999999801e-01 7.049999999999999323e-02 -2.209999999999999812e-02 1.000000000000000888e-03 1.500000000000001332e-03 1.369000000000000106e-05 5.026564000000000726e-02 2.592100000000000068e-04 1.857609999999999990e-03 5.475999999999999097e-03 8.686240000000001321e-03 2.601000000000000339e-05 1.828417599999999921e-01 4.970249999999998974e-03 4.884099999999998859e-04 1.000000000000001861e-06 2.250000000000003869e-06 1.478629125000000000e+06 1.642291750000000000e+06
1.000000000000000000e+00 3.649999999999999772e-02 -1.673999999999999932e-01 4.460000000000000075e-02 -2.549999999999999836e-02 -2.390000000000000110e-02 3.059999999999999873e-02 4.019999999999999962e-02 5.680000000000001714e-02 2.850000000000000103e-02 1.760000000000000106e-02 -9.790000000000000091e-02 -6.260000000000000286e-02 1.332249999999999884e-03 2.802275999999999725e-02 1.989160000000000234e-03 6.502499999999998949e-04 5.712100000000000554e-04 9.363599999999999051e-04 1.616040000000000011e-03 3.226240000000001745e-03 8.122500000000000379e-04 3.097600000000000158e-04 9.584409999999999805e-03 3.918760000000000299e-03 1.478060250000000000e+06 1.638586750000000000e+06
1.000000000000000000e+00 2.939999999999999905e-02 -3.090000000000000038e-02 9.100000000000000450e-03 -3.150000000000000022e-02 -6.100000000000000387e-03 4.889999999999999902e-02 -7.099999999999998673e-03 1.364999999999999825e-01 -3.550000000000000377e-02 -6.000000000000001860e-03 1.779999999999999985e-02 1.830000000000000029e-02 8.643599999999999981e-04 9.548100000000000554e-04 8.281000000000000166e-05 9.922500000000000764e-04 3.721000000000000457e-05 2.391209999999999950e-03 5.040999999999997984e-05 1.863224999999999604e-02 1.260250000000000302e-03 3.600000000000002124e-05 3.168399999999999819e-04 3.348900000000000141e-04 1.478125500000000000e+06 1.638741375000000000e+06
1.000000000000000000e+00 4.229999999999999732e-02 -4.150000000000000216e-02 3.289999999999999869e-02 -1.820000000000000090e-02 -2.060000000000000026e-02 4.669999999999999846e-02 1.289999999999999827e-02 -1.060000000000000178e-02 2.379999999999999824e-02 1.329999999999999932e-02 -1.449999999999999900e-02 -2.200000000000000566e-03 1.789289999999999804e-03 1.722250000000000256e-03 1.082410000000000013e-03 3.312400000000000067e-04 4.243600000000000367e-04 2.180889999999999999e-03 1.664099999999999466e-04 1.123600000000000423e-04 5.664399999999998690e-04 1.768899999999999954e-04 2.102499999999999606e-04 4.840000000000002788e-06 1.478767625000000000e+06 1.638050125000000000e+06
1.000000000000000000e+00 3.080000000000000099e-02 -4.939999999999999947e-02 1.799999999999999864e-02 -2.500000000000000139e-02 -8.200000000000000691e-03 5.349999999999999895e-02 -1.149999999999999634e-02 -7.899999999999997302e-03 -1.490000000000000005e-02 -6.800000000000000488e-03 1.239999999999999956e-02 6.800000000000000488e-03 9.486400000000000518e-04 2.440359999999999925e-03 3.239999999999999608e-04 6.250000000000001214e-04 6.724000000000001352e-05 2.862249999999999777e-03 1.322499999999999078e-04 6.240999999999995303e-05 2.220099999999999971e-04 4.624000000000000451e-05 1.537599999999999915e-04 4.624000000000000451e-05 1.478331000000000000e+06 1.636851875000000000e+06
1.000000000000000000e+00 4.870000000000000023e-02 -6.230000000000000121e-02 4.809999999999999692e-02 -9.499999999999999764e-03 -1.239999999999999956e-02 5.310000000000000137e-02 1.789999999999999925e-02 -1.290000000000000174e-02 3.009999999999999828e-02 1.550000000000000162e-02 -4.199999999999998873e-03 -3.999999999999975797e-04 2.371690000000000083e-03 3.881290000000000347e-03 2.313609999999999799e-03 9.024999999999999819e-05 1.537599999999999915e-04 2.819610000000000172e-03 3.204099999999999765e-04 1.664100000000000551e-04 9.060099999999998450e-04 2.402500000000000393e-04 1.763999999999999035e-05 1.599999999999980711e-07 1.480535375000000000e+06 1.638135250000000000e+06
1.000000000000000000e+00 4.780000000000000221e-02 -3.090000000000000038e-02 3.049999999999999933e-02 -1.650000000000000078e-02 -8.899999999999999925e-03 6.419999999999999318e-02 -8.999999999999980238e-04 3.139999999999999736e-02 -1.759999999999999759e-02 -7.000000000000001013e-03 3.499999999999999639e-03 1.109999999999999182e-02 2.284840000000000221e-03 9.548100000000000554e-04 9.302499999999999788e-04 2.722500000000000310e-04 7.920999999999999547e-05 4.121639999999999332e-03 8.099999999999964799e-07 9.859599999999999181e-04 3.097599999999999074e-04 4.900000000000001197e-05 1.224999999999999791e-05 1.232099999999998181e-04 1.478808625000000000e+06 1.638763250000000000e+06
1.000000000000000000e+00 5.299999999999999850e-02 -7.860000000000000320e-02 -2.280000000000000082e-02 1.100000000000000066e-03 1.030000000000000013e-02 6.550000000000000266e-02 5.199999999999996292e-03 -4.770000000000000628e-02 -5.330000000000000016e-02 1.760000000000000106e-02 1.920000000000000179e-02 1.300000000000009481e-03 2.808999999999999865e-03 6.177960000000000569e-03 5.198400000000000373e-04 1.210000000000000062e-06 1.060900000000000092e-04 4.290250000000000660e-03 2.703999999999996134e-05 2.275290000000000559e-03 2.840889999999999995e-03 3.097600000000000158e-04 3.686400000000000484e-04 1.690000000000024689e-06 1.479129500000000000e+06 1.637334000000000000e+06
1.000000000000000000e+00 5.630000000000000282e-02 2.290000000000000022e-02 1.779999999999999985e-02 4.000000000000000083e-03 -9.700000000000000289e-03 7.480000000000000537e-02 3.300000000000004319e-03 1.015000000000000069e-01 4.059999999999999720e-02 2.899999999999999800e-03 -2.000000000000000042e-02 9.300000000000002709e-03 3.169690000000000181e-03 5.244100000000000020e-04 3.168399999999999819e-04 1.599999999999999928e-05 9.409000000000000208e-05 5.595040000000000777e-03 1.089000000000002787e-05 1.030225000000000064e-02 1.648359999999999756e-03 8.409999999999999101e-06 4.000000000000000192e-04 8.649000000000004774e-05 1.477393500000000000e+06 1.634963250000000000e+06
1.000000000000000000e+00 6.370000000000000662e-02 -5.140000000000000124e-02 -9.799999999999999684e-03 2.829999999999999877e-02 4.469999999999999668e-02 1.003000000000000003e-01 7.400000000000003797e-03 -7.430000000000000493e-02 -2.759999999999999953e-02 2.429999999999999868e-02 5.439999999999999697e-02 2.549999999999999489e-02 4.057690000000000949e-03 2.641960000000000055e-03 9.603999999999999527e-05 8.008899999999999570e-04 1.998089999999999675e-03 1.006009000000000070e-02 5.476000000000005847e-05 5.520490000000001160e-03 7.617599999999999979e-04 5.904899999999999385e-04 2.959359999999999855e-03 6.502499999999997865e-04 1.478213375000000000e+06 1.636527250000000000e+06
1.000000000000000000e+00 2.539999999999999897e-02 -7.599999999999999985e-03 -8.399999999999999481e-03 5.600000000000000117e-02 2.390000000000000110e-02 9.389999999999999736e-02 -3.830000000000000765e-02 4.379999999999999866e-02 1.400000000000000203e-03 2.770000000000000240e-02 -2.079999999999999558e-02 -6.400000000000002909e-03 6.451599999999999826e-04 5.776000000000000264e-05 7.055999999999998851e-05 3.136000000000000332e-03 5.712100000000000554e-04 8.817209999999998937e-03 1.466890000000000641e-03 1.918439999999999989e-03 1.960000000000000716e-06 7.672900000000001160e-04 4.326399999999998151e-04 4.096000000000003474e-05 1.479217000000000000e+06 1.637015250000000000e+06
1.000000000000000000e+00 5.970000000000000306e-02 -5.870000000000000218e-02 -2.879999999999999921e-02 -9.700000000000000289e-03 5.940000000000000141e-02 5.559999999999999665e-02 3.430000000000000410e-02 -5.109999999999999959e-02 -2.040000000000000147e-02 -6.570000000000000839e-02 3.550000000000000377e-02 -3.830000000000000071e-02 3.564090000000000227e-03 3.445690000000000384e-03 8.294399999999999733e-04 9.409000000000000208e-05 3.528360000000000350e-03 3.091359999999999594e-03 1.176490000000000305e-03 2.611210000000000094e-03 4.161600000000000542e-04 4.316490000000000951e-03 1.260250000000000302e-03 1.466889999999999991e-03 1.480447250000000000e+06 1.639376625000000000e+06
1.000000000000000000e+00 6.469999999999999363e-02 -3.769999999999999740e-02 -8.169999999999999485e-02 1.870000000000000134e-02 8.290000000000000147e-02 6.339999999999999802e-02 4.999999999999990563e-03 2.100000000000000477e-02 -5.289999999999999564e-02 2.840000000000000163e-02 2.350000000000000006e-02 7.800000000000001377e-03 4.186089999999999083e-03 1.421289999999999750e-03 6.674889999999999296e-03 3.496900000000000485e-04 6.872410000000000671e-03 4.019560000000000147e-03 2.499999999999990633e-05 4.410000000000002026e-04 2.798409999999999440e-03 8.065600000000001111e-04 5.522500000000000065e-04 6.084000000000002058e-05 1.479195250000000000e+06 1.639898125000000000e+06
1.000000000000000000e+00 1.600000000000000077e-03 -6.900000000000000577e-02 -4.510000000000000120e-02 1.549999999999999989e-02 2.249999999999999917e-02 8.010000000000000453e-02 -6.309999999999998943e-02 -3.130000000000000837e-02 3.659999999999999365e-02 -3.200000000000001454e-03 -6.040000000000000230e-02 1.670000000000000651e-02 2.560000000000000054e-06 4.761000000000000475e-03 2.034010000000000158e-03 2.402499999999999851e-04 5.062499999999999726e-04 6.416010000000000636e-03 3.981609999999998276e-03 9.796900000000005083e-04 1.339559999999999623e-03 1.024000000000000868e-05 3.648160000000000118e-03 2.788900000000002250e-04 1.478239625000000000e+06 1.640497000000000000e+06
1.000000000000000000e+00 5.700000000000000205e-03 -6.279999999999999472e-02 5.300000000000000024e-03 -2.510000000000000078e-02 6.339999999999999802e-02 7.879999999999999505e-02 4.100000000000000346e-03 6.200000000000011058e-03 5.040000000000000036e-02 -4.059999999999999720e-02 4.089999999999999886e-02 -1.300000000000009481e-03 3.249000000000000233e-05 3.943839999999999672e-03 2.809000000000000041e-05 6.300100000000000752e-04 4.019560000000000147e-03 6.209439999999999231e-03 1.681000000000000338e-05 3.844000000000014018e-05 2.540160000000000074e-03 1.648359999999999756e-03 1.672809999999999835e-03 1.690000000000024689e-06 1.478592750000000000e+06 1.639058000000000000e+06
1.000000000000000000e+00 -4.000000000000000083e-03 5.879999999999999810e-02 -5.739999999999999963e-02 2.529999999999999957e-02 4.959999999999999826e-02 8.509999999999999509e-02 -9.700000000000000289e-03 1.215999999999999859e-01 -6.270000000000000573e-02 5.040000000000000036e-02 -1.379999999999999977e-02 6.300000000000000044e-03 1.599999999999999928e-05 3.457439999999999992e-03 3.294759999999999876e-03 6.400899999999999515e-04 2.460159999999999864e-03 7.242009999999999247e-03 9.409000000000000208e-05 1.478655999999999721e-02 3.931290000000000479e-03 2.540160000000000074e-03 1.904399999999999995e-04 3.969000000000000116e-05 1.476831500000000000e+06 1.637954750000000000e+06
1.000000000000000000e+00 -1.000000000000000048e-04 2.580000000000000002e-02 -1.080000000000000057e-02 -1.859999999999999848e-02 3.269999999999999990e-02 1.010999999999999954e-01 3.900000000000000255e-03 -3.300000000000000155e-02 4.660000000000000253e-02 -4.389999999999999458e-02 -1.689999999999999836e-02 1.600000000000000033e-02 1.000000000000000021e-08 6.656400000000000034e-04 1.166400000000000081e-04 3.459599999999999199e-04 1.069290000000000084e-03 1.022120999999999967e-02 1.521000000000000176e-05 1.089000000000000124e-03 2.171560000000000330e-03 1.927209999999999514e-03 2.856099999999999438e-04 2.559999999999999884e-04 1.480478750000000000e+06 1.638276000000000000e+06
1.000000000000000000e+00 6.000000000000000125e-03 -4.710000000000000298e-02 7.660000000000000142e-02 -1.919999999999999832e-02 3.230000000000000232e-02 1.134000000000000008e-01 6.100000000000000387e-03 -7.290000000000000646e-02 8.740000000000000546e-02 -5.999999999999998390e-04 -3.999999999999975797e-04 1.230000000000000537e-02 3.600000000000000091e-05 2.218410000000000087e-03 5.867559999999999963e-03 3.686399999999999400e-04 1.043290000000000103e-03 1.285956000000000078e-02 3.721000000000000457e-05 5.314410000000001182e-03 7.638760000000001382e-03 3.599999999999997825e-07 1.599999999999980711e-07 1.512900000000001321e-04 1.478463500000000000e+06 1.636772250000000000e+06
1.000000000000000000e+00 3.559999999999999970e-02 -2.351000000000000034e-01 8.840000000000000635e-02 -8.399999999999999481e-03 -6.300000000000000044e-03 6.840000000000000246e-02 2.960000000000000131e-02 -1.880000000000000004e-01 1.180000000000000493e-02 1.079999999999999884e-02 -3.860000000000000236e-02 -4.499999999999999833e-02 1.267359999999999928e-03 5.527201000000000336e-02 7.814560000000001644e-03 7.055999999999998851e-05 3.969000000000000116e-05 4.678560000000000010e-03 8.761600000000000681e-04 3.534400000000000042e-02 1.392400000000001102e-04 1.166399999999999810e-04 1.489960000000000243e-03 2.024999999999999890e-03 1.477557375000000000e+06 1.634557500000000000e+06
1.000000000000000000e+00 4.080000000000000293e-02 2.759999999999999953e-02 -2.750000000000000014e-02 9.599999999999999159e-03 3.799999999999999906e-02 7.489999999999999436e-02 5.200000000000003231e-03 2.626999999999999891e-01 -1.159000000000000030e-01 1.799999999999999864e-02 4.429999999999999910e-02 6.499999999999991895e-03 1.664640000000000217e-03 7.617599999999999979e-04 7.562499999999999778e-04 9.215999999999998499e-05 1.443999999999999971e-03 5.610009999999999476e-03 2.704000000000003249e-05 6.901128999999998903e-02 1.343280999999999989e-02 3.239999999999999608e-04 1.962489999999999894e-03 4.224999999999989533e-05 1.477770000000000000e+06 1.636108500000000000e+06
1.000000000000000000e+00 3.620000000000000301e-02 2.549999999999999836e-02 -1.469999999999999953e-02 2.299999999999999961e-02 1.209999999999999964e-02 7.810000000000000275e-02 -4.599999999999999922e-03 -2.100000000000001171e-03 1.280000000000000061e-02 1.340000000000000045e-02 -2.589999999999999941e-02 3.200000000000008393e-03 1.310440000000000172e-03 6.502499999999998949e-04 2.160899999999999995e-04 5.289999999999999564e-04 1.464100000000000026e-04 6.099610000000000101e-03 2.116000000000000069e-05 4.410000000000005211e-06 1.638400000000000034e-04 1.795600000000000223e-04 6.708099999999999827e-04 1.024000000000005442e-05 1.478231500000000000e+06 1.637993375000000000e+06
1.000000000000000000e+00 5.510000000000000314e-02 -8.780000000000000304e-02 -4.929999999999999660e-02 5.589999999999999830e-02 1.003000000000000003e-01 7.280000000000000360e-02 1.890000000000000013e-02 -1.132999999999999979e-01 -3.459999999999999881e-02 3.289999999999999869e-02 8.820000000000000062e-02 -5.299999999999999156e-03 3.036010000000000444e-03 7.708840000000000657e-03 2.430489999999999561e-03 3.124810000000000001e-03 1.006009000000000070e-02 5.299840000000000106e-03 3.572100000000000036e-04 1.283689000000000011e-02 1.197159999999999848e-03 1.082410000000000013e-03 7.779239999999999766e-03 2.808999999999999025e-05 1.479616625000000000e+06 1.637756625000000000e+06
1.000000000000000000e+00 8.559999999999999554e-02 -9.900000000000000466e-02 -9.700000000000000289e-03 -1.880000000000000074e-02 -6.060000000000000109e-02 6.590000000000000024e-02 3.049999999999999239e-02 -1.120000000000000162e-02 3.959999999999999631e-02 -7.470000000000000251e-02 -1.608999999999999875e-01 -6.900000000000003353e-03 7.327359999999998909e-03 9.801000000000000684e-03 9.409000000000000208e-05 3.534400000000000042e-04 3.672359999999999947e-03 4.342809999999999900e-03 9.302499999999995451e-04 1.254400000000000458e-04 1.568159999999999650e-03 5.580090000000000224e-03 2.588880999999999474e-02 4.761000000000004730e-05 1.479160250000000000e+06 1.636110625000000000e+06
1.000000000000000000e+00 2.829999999999999877e-02 -7.850000000000000033e-02 -1.329999999999999932e-02 -1.100000000000000066e-03 -1.549999999999999989e-02 6.360000000000000375e-02 -5.729999999999999677e-02 2.050000000000000433e-02 -3.599999999999999034e-03 1.770000000000000046e-02 4.510000000000000120e-02 -2.299999999999996492e-03 8.008899999999999570e-04 6.162250000000000193e-03 1.768899999999999954e-04 1.210000000000000062e-06 2.402499999999999851e-04 4.044960000000000222e-03 3.283289999999999473e-03 4.202500000000001590e-04 1.295999999999999281e-05 3.132900000000000311e-04 2.034010000000000158e-03 5.289999999999984080e-06 1.481811375000000000e+06 1.641563125000000000e+06
1.000000000000000000e+00 1.379999999999999977e-02 1.779000000000000026e-01 -8.980000000000000482e-02 1.000000000000000021e-02 1.297999999999999987e-01 6.809999999999999387e-02 -1.449999999999999900e-02 2.564000000000000168e-01 -7.650000000000001243e-02 1.110000000000000049e-02 1.452999999999999847e-01 4.499999999999990119e-03 1.904399999999999995e-04 3.164841000000000182e-02 8.064040000000001485e-03 1.000000000000000048e-04 1.684803999999999816e-02 4.637609999999999476e-03 2.102499999999999606e-04 6.574096000000001494e-02 5.852250000000001548e-03 1.232100000000000079e-04 2.111208999999999655e-02 2.024999999999990946e-05 1.480249875000000000e+06 1.642019000000000000e+06
1.000000000000000000e+00 1.940000000000000058e-02 7.340000000000000691e-02 -3.490000000000000047e-02 4.300000000000000003e-03 2.469999999999999973e-02 5.700000000000000205e-02 5.600000000000000810e-03 -1.044999999999999957e-01 5.490000000000000435e-02 -5.700000000000000205e-03 -1.050999999999999990e-01 -1.109999999999999182e-02 3.763600000000000083e-04 5.387560000000001306e-03 1.218010000000000056e-03 1.849000000000000085e-05 6.100899999999999813e-04 3.249000000000000152e-03 3.136000000000001146e-05 1.092024999999999940e-02 3.014010000000000560e-03 3.249000000000000233e-05 1.104601000000000020e-02 1.232099999999998181e-04 1.476114750000000000e+06 1.639100750000000000e+06
1.000000000000000000e+00 2.029999999999999860e-02 -2.023000000000000076e-01 4.170000000000000095e-02 6.100000000000000387e-03 5.550000000000000072e-02 6.750000000000000444e-02 8.999999999999980238e-04 -2.757000000000000006e-01 7.660000000000000142e-02 1.800000000000000384e-03 3.080000000000000099e-02 1.050000000000000239e-02 4.120899999999999390e-04 4.092529000000000305e-02 1.738890000000000097e-03 3.721000000000000457e-05 3.080250000000000089e-03 4.556250000000000404e-03 8.099999999999964799e-07 7.601049000000000000e-02 5.867559999999999963e-03 3.240000000000001590e-06 9.486400000000000518e-04 1.102500000000000507e-04 1.477318875000000000e+06 1.636749250000000000e+06
1.000000000000000000e+00 1.990000000000000102e-02 -5.199999999999999761e-02 -4.340000000000000108e-02 2.399999999999999790e-03 8.019999999999999352e-02 5.079999999999999793e-02 -3.999999999999975797e-04 1.503000000000000169e-01 -8.510000000000000897e-02 -3.700000000000000597e-03 2.469999999999999279e-02 -1.670000000000000651e-02 3.960100000000000252e-04 2.703999999999999806e-03 1.883560000000000052e-03 5.759999999999999062e-06 6.432039999999999112e-03 2.580639999999999930e-03 1.599999999999980711e-07 2.259009000000000364e-02 7.242010000000001849e-03 1.369000000000000445e-05 6.100899999999996560e-04 2.788900000000002250e-04 1.476660625000000000e+06 1.637217875000000000e+06
1.000000000000000000e+00 9.900000000000000813e-03 -1.700000000000000122e-02 7.069999999999999896e-02 -6.599999999999999964e-03 7.799999999999999642e-03 4.719999999999999890e-02 -1.000000000000000021e-02 3.499999999999999639e-02 1.141000000000000070e-01 -8.999999999999999320e-03 -7.239999999999999214e-02 -3.599999999999999034e-03 9.801000000000001876e-05 2.890000000000000316e-04 4.998489999999999531e-03 4.355999999999999629e-05 6.083999999999999348e-05 2.227840000000000029e-03 1.000000000000000048e-04 1.224999999999999744e-03 1.301881000000000219e-02 8.099999999999999019e-05 5.241759999999998955e-03 1.295999999999999281e-05 1.477890750000000000e+06 1.638936625000000000e+06
1.000000000000000000e+00 1.679999999999999896e-02 -1.345000000000000084e-01 -6.479999999999999649e-02 9.799999999999999684e-03 3.269999999999999990e-02 4.490000000000000241e-02 6.899999999999998149e-03 -1.175000000000000072e-01 -1.355000000000000093e-01 1.639999999999999791e-02 2.489999999999999852e-02 -2.299999999999996492e-03 2.822399999999999540e-04 1.809025000000000216e-02 4.199039999999999370e-03 9.603999999999999527e-05 1.069290000000000084e-03 2.016010000000000371e-03 4.760999999999997276e-05 1.380625000000000255e-02 1.836025000000000157e-02 2.689599999999999456e-04 6.200099999999999405e-04 5.289999999999984080e-06 1.479916625000000000e+06 1.638877875000000000e+06
1.000000000000000000e+00 1.760000000000000106e-02 1.669999999999999957e-02 -2.719999999999999848e-02 1.400000000000000029e-02 -6.700000000000000226e-03 3.699999999999999817e-02 8.000000000000020983e-04 1.512000000000000011e-01 3.759999999999999454e-02 4.200000000000000608e-03 -3.939999999999999752e-02 -7.900000000000004241e-03 3.097600000000000158e-04 2.788900000000000081e-04 7.398399999999999638e-04 1.960000000000000208e-04 4.489000000000000558e-05 1.368999999999999774e-03 6.400000000000034015e-07 2.286144000000000023e-02 1.413759999999999583e-03 1.764000000000000390e-05 1.552359999999999808e-03 6.241000000000006146e-05 1.480378000000000000e+06 1.638334000000000000e+06
1.000000000000000000e+00 1.110000000000000049e-02 -9.760000000000000620e-02 6.779999999999999916e-02 5.100000000000000366e-03 1.619999999999999912e-02 5.739999999999999963e-02 -6.500000000000000569e-03 -1.143000000000000127e-01 9.500000000000000111e-02 -8.899999999999999925e-03 2.290000000000000022e-02 2.040000000000000147e-02 1.232100000000000079e-04 9.525760000000001171e-03 4.596839999999999607e-03 2.601000000000000339e-05 2.624399999999999606e-04 3.294759999999999876e-03 4.225000000000001053e-05 1.306449000000000325e-02 9.025000000000000036e-03 7.920999999999999547e-05 5.244100000000000020e-04 4.161600000000000542e-04 1.480471625000000000e+06 1.640770125000000000e+06
1.000000000000000000e+00 2.630000000000000046e-02 -1.242000000000000048e-01 2.980000000000000010e-02 -4.460000000000000075e-02 -6.669999999999999540e-02 5.179999999999999882e-02 1.519999999999999997e-02 -2.659999999999999865e-02 -3.799999999999999906e-02 -4.970000000000000112e-02 -8.290000000000000147e-02 -5.600000000000000810e-03 6.916900000000000132e-04 1.542564000000000088e-02 8.880399999999999882e-04 1.989160000000000234e-03 4.448889999999999616e-03 2.683239999999999931e-03 2.310400000000000106e-04 7.075599999999999815e-04 1.443999999999999971e-03 2.470090000000000306e-03 6.872410000000000671e-03 3.136000000000001146e-05 1.478448375000000000e+06 1.638729875000000000e+06
1.000000000000000000e+00 2.920000000000000026e-02 -3.849999999999999950e-02 7.019999999999999851e-02 4.000000000000000083e-02 -9.589999999999999913e-02 6.600000000000000311e-02 2.899999999999999800e-03 8.569999999999999840e-02 4.039999999999999841e-02 8.460000000000000853e-02 -2.920000000000000373e-02 1.420000000000000429e-02 8.526399999999999951e-04 1.482250000000000061e-03 4.928039999999999851e-03 1.600000000000000077e-03 9.196809999999999707e-03 4.356000000000000497e-03 8.409999999999999101e-06 7.344489999999999526e-03 1.632159999999999904e-03 7.157160000000001819e-03 8.526400000000002120e-04 2.016400000000001091e-04 1.478707125000000000e+06 1.638695875000000000e+06
1.000000000000000000e+00 3.059999999999999873e-02 -1.057000000000000023e-01 1.497999999999999887e-01 -1.409999999999999969e-02 -1.010999999999999954e-01 7.109999999999999654e-02 1.399999999999998468e-03 -6.720000000000000973e-02 7.959999999999999021e-02 -5.410000000000000225e-02 -5.199999999999996292e-03 5.099999999999993427e-03 9.363599999999999051e-04 1.117249000000000020e-02 2.244003999999999791e-02 1.988100000000000023e-04 1.022120999999999967e-02 5.055209999999999218e-03 1.959999999999995634e-06 4.515840000000000999e-03 6.336159999999998668e-03 2.926810000000000175e-03 2.703999999999996134e-05 2.600999999999993224e-05 1.478325750000000000e+06 1.638751125000000000e+06
1.000000000000000000e+00 3.020000000000000115e-02 -9.370000000000000551e-02 9.979999999999999982e-02 -2.200000000000000133e-03 -1.453000000000000125e-01 8.740000000000000546e-02 -3.999999999999975797e-04 1.199999999999999678e-02 -4.999999999999998890e-02 1.189999999999999912e-02 -4.420000000000001705e-02 1.630000000000000893e-02 9.120400000000000295e-04 8.779690000000001451e-03 9.960039999999999866e-03 4.840000000000000247e-06 2.111209000000000349e-02 7.638760000000001382e-03 1.599999999999980711e-07 1.439999999999999223e-04 2.499999999999998751e-03 1.416099999999999672e-04 1.953640000000001712e-03 2.656900000000002836e-04 1.477397625000000000e+06 1.637803875000000000e+06
1.000000000000000000e+00 3.400000000000000244e-02 6.579999999999999738e-02 -2.060000000000000026e-02 1.340000000000000045e-02 -1.469999999999999953e-02 7.829999999999999460e-02 3.800000000000001293e-03 1.595000000000000029e-01 -1.204000000000000070e-01 1.560000000000000102e-02 1.306000000000000216e-01 -9.100000000000010858e-03 1.156000000000000126e-03 4.329640000000000051e-03 4.243600000000000367e-04 1.795600000000000223e-04 2.160899999999999995e-04 6.130889999999999083e-03 1.444000000000000913e-05 2.544025000000000106e-02 1.449616000000000099e-02 2.433600000000000281e-04 1.705636000000000652e-02 8.281000000000019140e-05 1.476588375000000000e+06 1.637568250000000000e+06
1.000000000000000000e+00 4.150000000000000216e-02 8.920000000000000151e-02 1.640000000000000138e-02 1.870000000000000134e-02 -4.490000000000000241e-02 7.879999999999999505e-02 7.499999999999999722e-03 2.340000000000000413e-02 3.700000000000000511e-02 5.300000000000000891e-03 -3.020000000000000462e-02 5.000000000000004441e-04 1.722250000000000256e-03 7.956640000000000934e-03 2.689600000000000541e-04 3.496900000000000485e-04 2.016010000000000371e-03 6.209439999999999231e-03 5.624999999999999846e-05 5.475600000000002123e-04 1.369000000000000425e-03 2.809000000000001058e-05 9.120400000000002463e-04 2.500000000000004651e-07 1.476290000000000000e+06 1.637715875000000000e+06
1.000000000000000000e+00 5.140000000000000124e-02 -1.784999999999999920e-01 3.490000000000000047e-02 -4.329999999999999821e-02 -4.170000000000000095e-02 8.619999999999999885e-02 9.899999999999999079e-03 -2.676999999999999935e-01 1.849999999999999908e-02 -6.199999999999999956e-02 3.200000000000001454e-03 7.400000000000003797e-03 2.641960000000000055e-03 3.186224999999999474e-02 1.218010000000000056e-03 1.874889999999999933e-03 1.738890000000000097e-03 7.430439999999999962e-03 9.800999999999997811e-05 7.166328999999999061e-02 3.422499999999999436e-04 3.843999999999999761e-03 1.024000000000000868e-05 5.476000000000005847e-05 1.475925125000000000e+06 1.637849125000000000e+06
1.000000000000000000e+00 5.419999999999999818e-02 8.999999999999999754e-04 1.149999999999999981e-02 -3.649999999999999772e-02 2.920000000000000026e-02 7.149999999999999412e-02 2.799999999999996936e-03 1.794000000000000039e-01 -2.340000000000000066e-02 6.800000000000000488e-03 7.090000000000000469e-02 -1.470000000000000473e-02 2.937639999999999609e-03 8.099999999999999739e-07 1.322499999999999891e-04 1.332249999999999884e-03 8.526399999999999951e-04 5.112249999999998740e-03 7.839999999999982535e-06 3.218436000000000213e-02 5.475599999999999955e-04 4.624000000000000451e-05 5.026810000000000479e-03 2.160900000000001351e-04 1.476618875000000000e+06 1.637881500000000000e+06
1.000000000000000000e+00 6.640000000000000069e-02 7.799999999999999642e-03 2.319999999999999840e-02 -3.819999999999999785e-02 -5.870000000000000218e-02 7.380000000000000449e-02 1.220000000000000251e-02 6.899999999999999883e-03 1.169999999999999860e-02 -1.700000000000000122e-03 -8.790000000000000591e-02 2.300000000000010369e-03 4.408959999999999962e-03 6.083999999999999348e-05 5.382399999999999424e-04 1.459239999999999886e-03 3.445690000000000384e-03 5.446440000000000309e-03 1.488400000000000725e-04 4.760999999999999987e-05 1.368899999999999718e-04 2.890000000000000282e-06 7.726410000000001263e-03 5.290000000000047607e-06 1.477609625000000000e+06 1.638845000000000000e+06
1.000000000000000000e+00 -6.700000000000000226e-03 -5.530000000000000193e-02 -1.110000000000000049e-02 -4.089999999999999886e-02 3.239999999999999825e-02 7.689999999999999614e-02 -7.309999999999999831e-02 -6.310000000000000331e-02 -3.429999999999999716e-02 -2.700000000000001010e-03 9.110000000000000042e-02 3.099999999999991651e-03 4.489000000000000558e-05 3.058090000000000287e-03 1.232100000000000079e-04 1.672809999999999835e-03 1.049759999999999843e-03 5.913609999999999700e-03 5.343609999999999506e-03 3.981610000000000010e-03 1.176489999999999871e-03 7.290000000000005589e-06 8.299209999999999574e-03 9.609999999999948648e-06 1.478110250000000000e+06 1.639205250000000000e+06
1.000000000000000000e+00 -1.000000000000000021e-02 2.639999999999999986e-02 2.409999999999999989e-02 -4.479999999999999954e-02 2.709999999999999909e-02 7.889999999999999791e-02 -3.299999999999999982e-03 8.169999999999999485e-02 3.520000000000000212e-02 -3.900000000000000688e-03 -5.299999999999999156e-03 2.000000000000001776e-03 1.000000000000000048e-04 6.969599999999999407e-04 5.808099999999999635e-04 2.007039999999999866e-03 7.344099999999999023e-04 6.225209999999999251e-03 1.088999999999999907e-05 6.674889999999999296e-03 1.239040000000000063e-03 1.521000000000000515e-05 2.808999999999999025e-05 4.000000000000007442e-06 1.478653500000000000e+06 1.640111000000000000e+06
1.000000000000000000e+00 -1.629999999999999852e-02 -7.710000000000000187e-02 3.200000000000000067e-02 -5.240000000000000213e-02 3.090000000000000038e-02 7.040000000000000424e-02 -6.299999999999998310e-03 -1.035000000000000087e-01 7.900000000000000772e-03 -7.600000000000002587e-03 3.800000000000001293e-03 -8.499999999999993672e-03 2.656899999999999583e-04 5.944410000000000666e-03 1.023999999999999954e-03 2.745760000000000301e-03 9.548100000000000554e-04 4.956160000000000253e-03 3.968999999999998083e-05 1.071225000000000128e-02 6.241000000000000724e-05 5.776000000000003652e-05 1.444000000000000913e-05 7.224999999999988593e-05 1.478028625000000000e+06 1.639959875000000000e+06
1.000000000000000000e+00 8.600000000000000006e-03 1.975000000000000089e-01 -2.390000000000000110e-02 -1.940000000000000058e-02 4.030000000000000249e-02 5.879999999999999810e-02 2.489999999999999852e-02 2.746000000000000107e-01 -5.590000000000000524e-02 3.300000000000000155e-02 9.400000000000002104e-03 -1.160000000000000614e-02 7.396000000000000339e-05 3.900625000000000620e-02 5.712100000000000554e-04 3.763600000000000083e-04 1.624090000000000126e-03 3.457439999999999992e-03 6.200099999999999405e-04 7.540516000000001273e-02 3.124810000000000434e-03 1.089000000000000124e-03 8.836000000000004170e-05 1.345600000000001482e-04 1.480158375000000000e+06 1.641480125000000000e+06
1.000000000000000000e+00 -2.179999999999999993e-02 4.510000000000000120e-02 1.559999999999999928e-02 -3.790000000000000313e-02 1.066000000000000003e-01 8.169999999999999485e-02 -3.039999999999999994e-02 -1.524000000000000077e-01 3.950000000000000039e-02 -1.850000000000000255e-02 6.629999999999999782e-02 2.289999999999999675e-02 4.752399999999999832e-04 2.034010000000000158e-03 2.433599999999999739e-04 1.436410000000000161e-03 1.136355999999999998e-02 6.674889999999999296e-03 9.241600000000000422e-04 2.322576000000000154e-02 1.560250000000000005e-03 3.422500000000001062e-04 4.395689999999999840e-03 5.244099999999998936e-04 1.479069500000000000e+06 1.643216625000000000e+06
1.000000000000000000e+00 8.000000000000000167e-03 -2.535999999999999921e-01 4.830000000000000265e-02 -2.450000000000000094e-02 6.260000000000000286e-02 8.390000000000000235e-02 2.980000000000000010e-02 -2.986999999999999655e-01 3.270000000000000684e-02 1.340000000000000219e-02 -4.399999999999999745e-02 2.200000000000007505e-03 6.399999999999999710e-05 6.431296000000000235e-02 2.332890000000000224e-03 6.002500000000000890e-04 3.918760000000000299e-03 7.039210000000000605e-03 8.880399999999999882e-04 8.922168999999997852e-02 1.069290000000000518e-03 1.795600000000000494e-04 1.935999999999999787e-03 4.840000000000033281e-06 1.477967375000000000e+06 1.639428250000000000e+06
1.000000000000000000e+00 5.000000000000000104e-04 -1.734999999999999876e-01 5.940000000000000141e-02 -2.860000000000000042e-02 -7.570000000000000340e-02 8.240000000000000102e-02 -7.499999999999999722e-03 8.010000000000000453e-02 1.109999999999999876e-02 -4.099999999999999478e-03 -1.383000000000000063e-01 -1.500000000000001332e-03 2.499999999999999887e-07 3.010224999999999707e-02 3.528360000000000350e-03 8.179600000000000629e-04 5.730490000000000410e-03 6.789760000000000587e-03 5.624999999999999846e-05 6.416010000000000636e-03 1.232099999999999808e-04 1.680999999999999660e-05 1.912689000000000056e-02 2.250000000000003869e-06 1.478165500000000000e+06 1.640145500000000000e+06
1.000000000000000000e+00 5.300000000000000024e-03 -1.199999999999999956e-01 6.300000000000000044e-03 -1.600000000000000033e-02 -1.092999999999999944e-01 6.930000000000000049e-02 4.800000000000000447e-03 5.349999999999999201e-02 -5.310000000000000137e-02 1.260000000000000009e-02 -3.359999999999999098e-02 -1.310000000000000053e-02 2.809000000000000041e-05 1.439999999999999961e-02 3.969000000000000116e-05 2.559999999999999884e-04 1.194648999999999885e-02 4.802490000000000404e-03 2.304000000000000302e-05 2.862249999999999343e-03 2.819610000000000172e-03 1.587600000000000046e-04 1.128959999999999382e-03 1.716100000000000188e-04 1.478126250000000000e+06 1.642683500000000000e+06
1.000000000000000000e+00 -1.159999999999999920e-02 -1.000000000000000021e-02 7.220000000000000029e-02 -2.340000000000000066e-02 -1.019999999999999934e-01 5.120000000000000245e-02 -1.689999999999999836e-02 1.100000000000000006e-01 6.590000000000000024e-02 -7.400000000000000328e-03 7.300000000000000933e-03 -1.809999999999999803e-02 1.345599999999999856e-04 1.000000000000000048e-04 5.212839999999999835e-03 5.475599999999999955e-04 1.040399999999999832e-02 2.621440000000000055e-03 2.856099999999999438e-04 1.209999999999999964e-02 4.342809999999999900e-03 5.476000000000000426e-05 5.329000000000001325e-05 3.276099999999999347e-04 1.477569750000000000e+06 1.642284250000000000e+06
1.000000000000000000e+00 1.949999999999999997e-02 -5.580000000000000238e-02 1.095000000000000001e-01 -3.500000000000000073e-03 -2.008999999999999952e-01 2.610000000000000167e-02 3.109999999999999917e-02 -4.580000000000000043e-02 3.729999999999999982e-02 1.990000000000000102e-02 -9.890000000000000180e-02 -2.510000000000000078e-02 3.802499999999999999e-04 3.113640000000000418e-03 1.199024999999999917e-02 1.225000000000000130e-05 4.036080999999999697e-02 6.812100000000001271e-04 9.672099999999999231e-04 2.097640000000000008e-03 1.391289999999999888e-03 3.960100000000000252e-04 9.781210000000000251e-03 6.300100000000000752e-04 1.476951000000000000e+06 1.643263375000000000e+06
1.000000000000000000e+00 1.136000000000000065e-01 -3.259999999999999704e-02 3.599999999999999901e-03 1.126000000000000056e-01 -2.093000000000000138e-01 -4.150000000000000216e-02 9.410000000000000309e-02 2.320000000000000534e-02 -1.058999999999999941e-01 1.161000000000000087e-01 -8.400000000000018563e-03 -6.760000000000000731e-02 1.290496000000000178e-02 1.062759999999999833e-03 1.295999999999999958e-05 1.267876000000000072e-02 4.380649000000000348e-02 1.722250000000000256e-03 8.854810000000001152e-03 5.382400000000002677e-04 1.121480999999999867e-02 1.347921000000000188e-02 7.056000000000031377e-05 4.569760000000000835e-03 1.474540375000000000e+06 1.643054250000000000e+06
1.000000000000000000e+00 1.122999999999999970e-01 7.240000000000000602e-02 5.680000000000000326e-02 9.959999999999999409e-02 -1.953000000000000014e-01 -1.584000000000000130e-01 -1.300000000000009481e-03 1.050000000000000100e-01 5.320000000000000423e-02 -1.300000000000001155e-02 1.400000000000001243e-02 -1.169000000000000039e-01 1.261128999999999896e-02 5.241760000000000690e-03 3.226240000000000444e-03 9.920159999999999048e-03 3.814209000000000349e-02 2.509056000000000480e-02 1.690000000000024689e-06 1.102500000000000181e-02 2.830240000000000360e-03 1.690000000000003132e-04 1.960000000000003460e-04 1.366561000000000164e-02 1.473417875000000000e+06 1.643428000000000000e+06
1.000000000000000000e+00 -2.170000000000000054e-02 2.525999999999999912e-01 -2.599999999999999881e-03 -2.759999999999999953e-02 -2.000000000000000042e-02 -3.830000000000000071e-02 -1.340000000000000080e-01 1.801999999999999713e-01 -5.940000000000000141e-02 -1.271999999999999797e-01 1.753000000000000114e-01 1.201000000000000123e-01 4.708900000000000130e-04 6.380675999999999015e-02 6.759999999999999652e-06 7.617599999999999979e-04 4.000000000000000192e-04 1.466889999999999991e-03 1.795600000000000321e-02 3.247203999999998675e-02 3.528360000000000350e-03 1.617983999999999395e-02 3.073009000000000504e-02 1.442401000000000273e-02 1.474887500000000000e+06 1.646523000000000000e+06
1.000000000000000000e+00 -6.289999999999999758e-02 1.620000000000000051e-01 -4.850000000000000144e-02 -2.549999999999999836e-02 8.419999999999999707e-02 8.509999999999999509e-02 -4.120000000000000051e-02 -9.059999999999998610e-02 -4.590000000000000330e-02 2.100000000000001171e-03 1.042000000000000010e-01 1.233999999999999958e-01 3.956409999999999615e-03 2.624399999999999997e-02 2.352250000000000174e-03 6.502499999999998949e-04 7.089639999999999484e-03 7.242009999999999247e-03 1.697440000000000147e-03 8.208359999999997880e-03 2.106810000000000193e-03 4.410000000000005211e-06 1.085764000000000000e-02 1.522755999999999936e-02 1.476317375000000000e+06 1.648389375000000000e+06
1.000000000000000000e+00 -2.939999999999999905e-02 1.998999999999999944e-01 6.250000000000000000e-02 2.850000000000000103e-02 8.599999999999999312e-02 1.101000000000000034e-01 3.350000000000000200e-02 3.789999999999998925e-02 1.110000000000000014e-01 5.399999999999999939e-02 1.799999999999996048e-03 2.500000000000000833e-02 8.643599999999999981e-04 3.996000999999999720e-02 3.906250000000000000e-03 8.122500000000000379e-04 7.395999999999998929e-03 1.212201000000000077e-02 1.122250000000000201e-03 1.436409999999999293e-03 1.232100000000000035e-02 2.915999999999999755e-03 3.239999999999985920e-06 6.250000000000004467e-04 1.477619625000000000e+06 1.645733500000000000e+06
1.000000000000000000e+00 8.659999999999999643e-02 -8.780000000000000304e-02 -5.609999999999999709e-02 4.689999999999999725e-02 9.030000000000000526e-02 1.086000000000000021e-01 1.159999999999999920e-01 -2.877000000000000113e-01 -1.185999999999999971e-01 1.839999999999999622e-02 4.300000000000012146e-03 -1.500000000000001332e-03 7.499559999999999733e-03 7.708840000000000657e-03 3.147209999999999678e-03 2.199609999999999847e-03 8.154090000000000990e-03 1.179396000000000090e-02 1.345599999999999748e-02 8.277129000000001124e-02 1.406595999999999888e-02 3.385599999999998485e-04 1.849000000000010588e-05 2.250000000000003869e-06 1.476990000000000000e+06 1.646931750000000000e+06
1.000000000000000000e+00 1.499999999999999944e-02 -3.719999999999999973e-01 -4.599999999999999922e-02 -2.580000000000000002e-02 1.000000000000000021e-03 9.790000000000000091e-02 -7.159999999999999698e-02 -2.842000000000000082e-01 1.009999999999999787e-02 -7.270000000000000073e-02 -8.930000000000000437e-02 -1.070000000000000118e-02 2.249999999999999938e-04 1.383840000000000070e-01 2.115999999999999825e-03 6.656400000000000034e-04 9.999999999999999547e-07 9.584409999999999805e-03 5.126559999999999624e-03 8.076964000000000365e-02 1.020099999999999534e-04 5.285289999999999780e-03 7.974490000000000745e-03 1.144900000000000236e-04 1.477454375000000000e+06 1.646292125000000000e+06
1.000000000000000000e+00 3.309999999999999748e-02 3.500000000000000073e-03 1.710000000000000062e-02 -6.000000000000000125e-03 4.479999999999999954e-02 5.360000000000000181e-02 1.809999999999999803e-02 3.755000000000000004e-01 6.310000000000000331e-02 1.979999999999999816e-02 4.379999999999999866e-02 -4.429999999999999910e-02 1.095609999999999900e-03 1.225000000000000130e-05 2.924100000000000006e-04 3.600000000000000091e-05 2.007039999999999866e-03 2.872960000000000357e-03 3.276099999999999347e-04 1.410002499999999936e-01 3.981610000000000010e-03 3.920399999999999124e-04 1.918439999999999989e-03 1.962489999999999894e-03 1.480169250000000000e+06 1.650033500000000000e+06
1.000000000000000000e+00 2.709999999999999909e-02 -1.252999999999999947e-01 -3.119999999999999857e-02 -2.680000000000000090e-02 -1.549999999999999989e-02 6.029999999999999943e-02 -5.999999999999998390e-03 -1.287999999999999978e-01 -4.829999999999999571e-02 -2.079999999999999905e-02 -6.029999999999999943e-02 6.699999999999997624e-03 7.344099999999999023e-04 1.570008999999999988e-02 9.734399999999998956e-04 7.182400000000000893e-04 2.402499999999999851e-04 3.636089999999999808e-03 3.599999999999998058e-05 1.658944000000000044e-02 2.332889999999999790e-03 4.326399999999999777e-04 3.636089999999999808e-03 4.488999999999996492e-05 1.475930375000000000e+06 1.645858625000000000e+06
1.000000000000000000e+00 2.100000000000000130e-02 1.348000000000000032e-01 5.079999999999999793e-02 -2.220000000000000098e-02 4.499999999999999833e-02 7.019999999999999851e-02 -6.099999999999997785e-03 2.600999999999999979e-01 8.199999999999998956e-02 4.599999999999999922e-03 6.049999999999999822e-02 9.899999999999999079e-03 4.410000000000000400e-04 1.817103999999999941e-02 2.580639999999999930e-03 4.928400000000000315e-04 2.024999999999999890e-03 4.928039999999999851e-03 3.720999999999997069e-05 6.765200999999999854e-02 6.723999999999998207e-03 2.116000000000000069e-05 3.660249999999999875e-03 9.800999999999997811e-05 1.477412125000000000e+06 1.643833125000000000e+06
1.000000000000000000e+00 1.340000000000000045e-02 9.100000000000000450e-03 -7.409999999999999920e-02 -3.629999999999999893e-02 3.330000000000000321e-02 9.009999999999999953e-02 -7.600000000000000852e-03 -1.257000000000000062e-01 -1.248999999999999971e-01 -1.409999999999999795e-02 -1.169999999999999513e-02 1.990000000000000102e-02 1.795600000000000223e-04 8.281000000000000166e-05 5.490809999999999615e-03 1.317689999999999834e-03 1.108890000000000179e-03 8.118010000000000156e-03 5.776000000000001619e-05 1.580049000000000037e-02 1.560000999999999922e-02 1.988099999999999481e-04 1.368899999999998905e-04 3.960100000000000252e-04 1.476629125000000000e+06 1.644459000000000000e+06
1.000000000000000000e+00 2.220000000000000098e-02 -1.471000000000000085e-01 -9.100000000000000450e-03 -3.799999999999999906e-02 2.910000000000000087e-02 7.580000000000000626e-02 8.800000000000000530e-03 -1.562000000000000055e-01 6.500000000000000222e-02 -1.700000000000000122e-03 -4.200000000000002343e-03 -1.429999999999999327e-02 4.928400000000000315e-04 2.163841000000000375e-02 8.281000000000000166e-05 1.443999999999999971e-03 8.468100000000000323e-04 5.745640000000000643e-03 7.744000000000000395e-05 2.439844000000000040e-02 4.225000000000000457e-03 2.890000000000000282e-06 1.764000000000002084e-05 2.044899999999997989e-04 1.476327875000000000e+06 1.639814875000000000e+06
1.000000000000000000e+00 3.090000000000000038e-02 -4.340000000000000108e-02 5.890000000000000097e-02 -4.150000000000000216e-02 5.680000000000000326e-02 5.559999999999999665e-02 8.699999999999999400e-03 1.037000000000000144e-01 6.800000000000000488e-02 -3.500000000000003109e-03 2.770000000000000240e-02 -2.020000000000000961e-02 9.548100000000000554e-04 1.883560000000000052e-03 3.469209999999999915e-03 1.722250000000000256e-03 3.226240000000000444e-03 3.091359999999999594e-03 7.568999999999998852e-05 1.075369000000000325e-02 4.624000000000000506e-03 1.225000000000002163e-05 7.672900000000001160e-04 4.080400000000004098e-04 1.477140375000000000e+06 1.642106750000000000e+06
1.000000000000000000e+00 1.409999999999999969e-02 -5.500000000000000028e-02 4.799999999999999580e-03 -4.059999999999999720e-02 2.750000000000000014e-02 7.230000000000000315e-02 -1.680000000000000243e-02 -1.159999999999999920e-02 -5.410000000000000225e-02 9.000000000000049627e-04 -2.930000000000000313e-02 1.670000000000000651e-02 1.988100000000000023e-04 3.024999999999999911e-03 2.303999999999999625e-05 1.648359999999999756e-03 7.562499999999999778e-04 5.227290000000000755e-03 2.822400000000000624e-04 1.345599999999999856e-04 2.926810000000000175e-03 8.100000000000089737e-07 8.584900000000001644e-04 2.788900000000002250e-04 1.477095500000000000e+06 1.640270125000000000e+06
1.000000000000000000e+00 2.359999999999999945e-02 -4.120000000000000051e-02 -5.589999999999999830e-02 -4.950000000000000233e-02 2.170000000000000054e-02 5.519999999999999907e-02 9.499999999999999764e-03 1.379999999999999977e-02 -6.069999999999999701e-02 -8.900000000000005129e-03 -5.799999999999999600e-03 -1.710000000000000409e-02 5.569600000000000072e-04 1.697440000000000147e-03 3.124810000000000001e-03 2.450250000000000171e-03 4.708900000000000130e-04 3.047039999999999992e-03 9.024999999999999819e-05 1.904399999999999995e-04 3.684489999999999467e-03 7.921000000000009034e-05 3.363999999999999640e-05 2.924100000000001633e-04 1.476248000000000000e+06 1.640791875000000000e+06
1.000000000000000000e+00 4.799999999999999580e-03 -7.389999999999999347e-02 -1.949999999999999997e-02 -5.410000000000000225e-02 4.540000000000000285e-02 8.429999999999999993e-02 -1.880000000000000074e-02 -3.269999999999999296e-02 3.640000000000000180e-02 -4.599999999999999922e-03 2.370000000000000231e-02 2.910000000000000087e-02 2.303999999999999625e-05 5.461209999999999329e-03 3.802499999999999999e-04 2.926810000000000175e-03 2.061160000000000249e-03 7.106490000000000029e-03 3.534400000000000042e-04 1.069289999999999434e-03 1.324960000000000027e-03 2.116000000000000069e-05 5.616900000000001059e-04 8.468100000000000323e-04 1.478122500000000000e+06 1.639842375000000000e+06
1.000000000000000000e+00 2.239999999999999977e-02 -1.039000000000000062e-01 6.099999999999999867e-02 -6.069999999999999701e-02 -2.809999999999999998e-02 4.410000000000000031e-02 1.760000000000000106e-02 -3.000000000000001277e-02 8.050000000000000211e-02 -6.599999999999994760e-03 -7.350000000000000977e-02 -4.019999999999999962e-02 5.017599999999999665e-04 1.079521000000000126e-02 3.720999999999999915e-03 3.684489999999999467e-03 7.896100000000000514e-04 1.944809999999999942e-03 3.097600000000000158e-04 9.000000000000007343e-04 6.480250000000000767e-03 4.355999999999992853e-05 5.402250000000001669e-03 1.616040000000000011e-03 1.477339625000000000e+06 1.640593500000000000e+06
1.000000000000000000e+00 6.400000000000000307e-03 -4.080000000000000293e-02 -2.290000000000000022e-02 -5.829999999999999766e-02 3.869999999999999829e-02 8.340000000000000191e-02 -1.600000000000000033e-02 6.310000000000000331e-02 -8.390000000000000235e-02 2.399999999999999356e-03 6.679999999999999827e-02 3.930000000000000160e-02 4.096000000000000086e-05 1.664640000000000217e-03 5.244100000000000020e-04 3.398889999999999897e-03 1.497689999999999872e-03 6.955560000000000388e-03 2.559999999999999884e-04 3.981610000000000010e-03 7.039210000000000605e-03 5.759999999999996521e-06 4.462240000000000130e-03 1.544490000000000142e-03 1.477161125000000000e+06 1.638553125000000000e+06
1.000000000000000000e+00 2.620000000000000107e-02 5.009999999999999870e-02 1.930000000000000118e-02 -6.019999999999999657e-02 -5.709999999999999798e-02 5.220000000000000334e-02 1.980000000000000163e-02 9.090000000000000857e-02 4.220000000000000140e-02 -1.899999999999998912e-03 -9.579999999999999627e-02 -3.119999999999999857e-02 6.864400000000000753e-04 2.510010000000000019e-03 3.724900000000000606e-04 3.624039999999999380e-03 3.260409999999999611e-03 2.724840000000000508e-03 3.920400000000000751e-04 8.262810000000002375e-03 1.780840000000000114e-03 3.609999999999995930e-06 9.177639999999999063e-03 9.734399999999998956e-04 1.475644750000000000e+06 1.636703625000000000e+06
1.000000000000000000e+00 7.700000000000000247e-03 -1.016999999999999987e-01 -3.370000000000000079e-02 -6.679999999999999827e-02 2.900000000000000147e-02 1.416999999999999926e-01 -1.850000000000000255e-02 -1.517999999999999905e-01 -5.300000000000000544e-02 -6.600000000000001699e-03 8.609999999999999598e-02 8.949999999999999623e-02 5.929000000000000324e-05 1.034289000000000042e-02 1.135689999999999963e-03 4.462240000000000130e-03 8.410000000000000591e-04 2.007888999999999854e-02 3.422500000000001062e-04 2.304323999999999609e-02 2.809000000000000732e-03 4.356000000000002340e-05 7.413209999999999071e-03 8.010250000000000009e-03 1.476035500000000000e+06 1.636327000000000000e+06
1.000000000000000000e+00 4.660000000000000253e-02 5.400000000000000286e-03 1.849999999999999908e-02 -4.859999999999999737e-02 1.500000000000000031e-03 9.710000000000000575e-02 3.890000000000000402e-02 1.071000000000000008e-01 5.219999999999999640e-02 1.820000000000000090e-02 -2.750000000000000014e-02 -4.459999999999998688e-02 2.171560000000000330e-03 2.916000000000000203e-05 3.422499999999999436e-04 2.361959999999999754e-03 2.250000000000000057e-06 9.428410000000001651e-03 1.513210000000000293e-03 1.147041000000000033e-02 2.724839999999999641e-03 3.312400000000000067e-04 7.562499999999999778e-04 1.989159999999998932e-03 1.477140500000000000e+06 1.637130875000000000e+06
1.000000000000000000e+00 5.670000000000000040e-02 -4.880000000000000310e-02 3.020000000000000115e-02 -5.460000000000000270e-02 7.499999999999999722e-03 5.199999999999999761e-02 1.009999999999999787e-02 -5.420000000000000512e-02 1.170000000000000207e-02 -6.000000000000005329e-03 6.000000000000000125e-03 -4.510000000000000814e-02 3.214890000000000195e-03 2.381440000000000293e-03 9.120400000000000295e-04 2.981160000000000494e-03 5.624999999999999846e-05 2.703999999999999806e-03 1.020099999999999534e-04 2.937640000000000477e-03 1.368900000000000531e-04 3.600000000000006190e-05 3.600000000000000091e-05 2.034010000000000592e-03 1.476892625000000000e+06 1.638282750000000000e+06
1.000000000000000000e+00 7.280000000000000360e-02 -4.800000000000000100e-02 1.799999999999999951e-03 -4.080000000000000293e-02 5.300000000000000024e-03 5.739999999999999963e-02 1.610000000000000320e-02 8.000000000000020983e-04 -2.840000000000000163e-02 1.379999999999999977e-02 -2.199999999999999699e-03 5.400000000000002021e-03 5.299840000000000106e-03 2.304000000000000058e-03 3.239999999999999896e-06 1.664640000000000217e-03 2.809000000000000041e-05 3.294759999999999876e-03 2.592100000000001152e-04 6.400000000000034015e-07 8.065600000000001111e-04 1.904399999999999995e-04 4.839999999999998553e-06 2.916000000000002236e-05 1.478670875000000000e+06 1.640626250000000000e+06
1.000000000000000000e+00 1.060000000000000005e-02 -1.159999999999999920e-02 2.699999999999999969e-02 -4.649999999999999967e-02 2.730000000000000135e-02 7.580000000000000626e-02 -6.220000000000000528e-02 3.640000000000000180e-02 2.520000000000000018e-02 -5.699999999999996736e-03 2.200000000000000219e-02 1.840000000000000663e-02 1.123600000000000016e-04 1.345599999999999856e-04 7.289999999999999388e-04 2.162250000000000109e-03 7.452900000000001234e-04 5.745640000000000643e-03 3.868840000000000560e-03 1.324960000000000027e-03 6.350400000000000185e-04 3.248999999999996167e-05 4.840000000000001094e-04 3.385600000000002279e-04 1.478439250000000000e+06 1.641848125000000000e+06
1.000000000000000000e+00 8.500000000000000611e-03 -9.020000000000000240e-02 -1.460000000000000013e-02 -3.679999999999999938e-02 7.299999999999999545e-02 6.750000000000000444e-02 -2.099999999999999437e-03 -7.860000000000000320e-02 -4.159999999999999809e-02 9.700000000000000289e-03 4.569999999999999063e-02 -8.300000000000001821e-03 7.225000000000000790e-05 8.136040000000000633e-03 2.131599999999999988e-04 1.354240000000000044e-03 5.328999999999999536e-03 4.556250000000000404e-03 4.409999999999997588e-06 6.177960000000000569e-03 1.730559999999999911e-03 9.409000000000000208e-05 2.088489999999999271e-03 6.889000000000002652e-05 1.478322000000000000e+06 1.641763750000000000e+06
1.000000000000000000e+00 2.680000000000000090e-02 5.020000000000000157e-02 -2.359999999999999945e-02 -2.000000000000000042e-02 6.880000000000000004e-02 6.880000000000000004e-02 1.830000000000000029e-02 1.403999999999999970e-01 -8.999999999999999320e-03 1.679999999999999896e-02 -4.199999999999995404e-03 1.299999999999995604e-03 7.182400000000000893e-04 2.520040000000000301e-03 5.569600000000000072e-04 4.000000000000000192e-04 4.733440000000000217e-03 4.733440000000000217e-03 3.348900000000000141e-04 1.971215999999999940e-02 8.099999999999999019e-05 2.822399999999999540e-04 1.763999999999995986e-05 1.689999999999988478e-06 1.478773250000000000e+06 1.642370750000000000e+06
1.000000000000000000e+00 1.820000000000000090e-02 -1.230000000000000017e-02 -1.689999999999999836e-02 -2.510000000000000078e-02 7.300000000000000065e-03 8.659999999999999643e-02 -8.600000000000000006e-03 -6.250000000000000000e-02 6.700000000000001094e-03 -5.100000000000000366e-03 -6.149999999999999911e-02 1.779999999999999638e-02 3.312400000000000067e-04 1.512899999999999965e-04 2.856099999999999438e-04 6.300100000000000752e-04 5.328999999999999970e-05 7.499559999999999733e-03 7.396000000000000339e-05 3.906250000000000000e-03 4.489000000000001236e-05 2.601000000000000339e-05 3.782250000000000022e-03 3.168399999999998735e-04 1.478788250000000000e+06 1.642669750000000000e+06
1.000000000000000000e+00 2.380000000000000171e-02 -1.325999999999999956e-01 -6.719999999999999585e-02 -1.420000000000000082e-02 4.420000000000000318e-02 9.489999999999999825e-02 5.600000000000000810e-03 -1.202999999999999903e-01 -5.029999999999999749e-02 1.089999999999999997e-02 3.690000000000000224e-02 8.300000000000001821e-03 5.664400000000000858e-04 1.758275999999999936e-02 4.515839999999999264e-03 2.016400000000000278e-04 1.953640000000000411e-03 9.006010000000000057e-03 3.136000000000001146e-05 1.447208999999999822e-02 2.530089999999999596e-03 1.188099999999999958e-04 1.361610000000000077e-03 6.889000000000002652e-05 1.480212750000000000e+06 1.644073375000000000e+06
1.000000000000000000e+00 2.970000000000000070e-02 -4.469999999999999668e-02 -1.969999999999999876e-02 -2.149999999999999828e-02 2.829999999999999877e-02 9.439999999999999780e-02 5.899999999999998995e-03 8.790000000000000591e-02 4.750000000000000056e-02 -7.299999999999997463e-03 -1.590000000000000441e-02 -5.000000000000004441e-04 8.820900000000000876e-04 1.998089999999999675e-03 3.880899999999999519e-04 4.622499999999999331e-04 8.008899999999999570e-04 8.911360000000000114e-03 3.480999999999998689e-05 7.726410000000001263e-03 2.256250000000000009e-03 5.328999999999996581e-05 2.528100000000001223e-04 2.500000000000004651e-07 1.479191000000000000e+06 1.642579750000000000e+06
