1.000000000000000000e+00 -0.000000000000000000e+00 -0.000000000000000000e+00 0.000000000000000000e+00 -0.000000000000000000e+00 -0.000000000000000000e+00 0.000000000000000000e+00 0.000000000000000000e+00 0.000000000000000000e+00 0.000000000000000000e+00 0.000000000000000000e+00 0.000000000000000000e+00 0.000000000000000000e+00 0.000000000000000000e+00 0.000000000000000000e+00 0.000000000000000000e+00 0.000000000000000000e+00 0.000000000000000000e+00 0.000000000000000000e+00 0.000000000000000000e+00 0.000000000000000000e+00 0.000000000000000000e+00 0.000000000000000000e+00 0.000000000000000000e+00 0.000000000000000000e+00 9.403308750000000000e+05 1.036727750000000000e+06
1.000000000000000000e+00 -1.100000000000000066e-03 1.973000000000000032e-01 1.169000000000000039e-01 -4.580000000000000043e-02 -6.199999999999999956e-02 -3.570000000000000256e-02 -1.100000000000000066e-03 1.973000000000000032e-01 1.169000000000000039e-01 -4.580000000000000043e-02 -6.199999999999999956e-02 -3.570000000000000256e-02 1.210000000000000062e-06 3.892729000000000328e-02 1.366561000000000164e-02 2.097640000000000008e-03 3.843999999999999761e-03 1.274490000000000085e-03 1.210000000000000062e-06 3.892729000000000328e-02 1.366561000000000164e-02 2.097640000000000008e-03 3.843999999999999761e-03 1.274490000000000085e-03 9.411924375000000000e+05 1.036636500000000000e+06
1.000000000000000000e+00 1.340000000000000045e-02 2.829999999999999877e-02 -7.749999999999999944e-02 5.720000000000000084e-02 -6.980000000000000093e-02 -3.059999999999999873e-02 1.450000000000000074e-02 -1.690000000000000113e-01 -1.944000000000000172e-01 1.030000000000000082e-01 -7.800000000000001377e-03 5.100000000000003836e-03 1.795600000000000223e-04 8.008899999999999570e-04 6.006250000000000304e-03 3.271840000000000252e-03 4.872040000000000225e-03 9.363599999999999051e-04 2.102500000000000148e-04 2.856100000000000305e-02 3.779136000000000994e-02 1.060900000000000211e-02 6.084000000000002058e-05 2.601000000000004066e-05 9.413396875000000000e+05 1.035563625000000000e+06
1.000000000000000000e+00 8.559999999999999554e-02 4.713999999999999857e-01 -2.670000000000000151e-02 9.160000000000000087e-02 8.379999999999999949e-02 -2.290000000000000022e-02 7.220000000000000029e-02 4.430999999999999939e-01 5.079999999999999793e-02 3.440000000000000002e-02 1.536000000000000143e-01 7.699999999999998512e-03 7.327359999999998909e-03 2.222179599999999922e-01 7.128900000000000948e-04 8.390560000000000032e-03 7.022439999999999585e-03 5.244100000000000020e-04 5.212839999999999835e-03 1.963376099999999957e-01 2.580639999999999930e-03 1.183360000000000054e-03 2.359296000000000310e-02 5.928999999999997613e-05 9.404503125000000000e+05 1.031967625000000000e+06
1.000000000000000000e+00 7.589999999999999525e-02 1.332000000000000128e-01 9.170000000000000373e-02 6.539999999999999980e-02 -1.267000000000000071e-01 -4.070000000000000007e-02 -9.700000000000000289e-03 -3.381999999999999451e-01 1.184000000000000052e-01 -2.620000000000000107e-02 -2.105000000000000204e-01 -1.779999999999999985e-02 5.760809999999999022e-03 1.774224000000000287e-02 8.408890000000000461e-03 4.277160000000000337e-03 1.605289000000000021e-02 1.656490000000000046e-03 9.409000000000000208e-05 1.143792399999999654e-01 1.401856000000000109e-02 6.864400000000000753e-04 4.431025000000000935e-02 3.168399999999999819e-04 9.411441875000000000e+05 1.031386812500000000e+06
1.000000000000000000e+00 2.860000000000000042e-02 -3.448999999999999844e-01 -5.609999999999999709e-02 3.259999999999999704e-02 -9.170000000000000373e-02 -7.090000000000000469e-02 -4.729999999999999483e-02 -4.780999999999999694e-01 -1.477999999999999869e-01 -3.280000000000000276e-02 3.500000000000000333e-02 -3.020000000000000462e-02 8.179600000000000629e-04 1.189560099999999870e-01 3.147209999999999678e-03 1.062759999999999833e-03 8.408890000000000461e-03 5.026810000000000479e-03 2.237289999999999418e-03 2.285796099999999609e-01 2.184483999999999732e-02 1.075840000000000216e-03 1.225000000000000177e-03 9.120400000000002463e-04 9.401446250000000000e+05 1.029096062500000000e+06
1.000000000000000000e+00 2.610000000000000167e-02 2.049999999999999878e-01 -2.769999999999999893e-02 2.999999999999999889e-02 7.280000000000000360e-02 -1.166999999999999982e-01 -2.499999999999998751e-03 5.498999999999999444e-01 2.839999999999999816e-02 -2.599999999999998146e-03 1.645000000000000073e-01 -4.579999999999999349e-02 6.812100000000001271e-04 4.202499999999999292e-02 7.672899999999998992e-04 8.999999999999999754e-04 5.299840000000000106e-03 1.361888999999999982e-02 6.249999999999993523e-06 3.023900099999999314e-01 8.065599999999998942e-04 6.759999999999990334e-06 2.706025000000000097e-02 2.097639999999999574e-03 9.408198125000000000e+05 1.028292125000000000e+06
1.000000000000000000e+00 -1.060000000000000005e-02 4.290000000000000063e-02 -4.569999999999999757e-02 1.050000000000000065e-02 -1.178000000000000019e-01 -1.038000000000000034e-01 -3.670000000000000345e-02 -1.620999999999999941e-01 -1.799999999999999864e-02 -1.949999999999999650e-02 -1.905999999999999917e-01 1.289999999999999480e-02 1.123600000000000016e-04 1.840410000000000006e-03 2.088489999999999704e-03 1.102500000000000100e-04 1.387683999999999966e-02 1.077444000000000145e-02 1.346890000000000327e-03 2.627640999999999658e-02 3.239999999999999608e-04 3.802499999999998373e-04 3.632835999999999704e-02 1.664099999999998653e-04 9.434328125000000000e+05 1.032497937500000000e+06
1.000000000000000000e+00 -1.299999999999999940e-02 -1.565999999999999892e-01 -1.603999999999999870e-01 7.950000000000000122e-02 -2.157999999999999918e-01 -1.340999999999999970e-01 -2.399999999999999356e-03 -1.994999999999999829e-01 -1.146999999999999964e-01 6.900000000000000577e-02 -9.799999999999998990e-02 -3.029999999999999361e-02 1.689999999999999879e-04 2.452355999999999633e-02 2.572815999999999645e-02 6.320250000000000347e-03 4.656963999999999548e-02 1.798280999999999838e-02 5.759999999999996521e-06 3.980024999999999535e-02 1.315608999999999876e-02 4.761000000000000475e-03 9.603999999999997955e-03 9.180899999999996616e-04 9.429236875000000000e+05 1.032335500000000000e+06
1.000000000000000000e+00 7.860000000000000320e-02 -4.200000000000000261e-02 8.010000000000000453e-02 4.369999999999999996e-01 -5.965000000000000302e-01 -6.270000000000000573e-02 9.160000000000000087e-02 1.145999999999999797e-01 2.404999999999999916e-01 3.574999999999999845e-01 -3.807000000000000384e-01 7.139999999999999125e-02 6.177960000000000569e-03 1.764000000000000160e-03 6.416010000000000636e-03 1.909689999999999999e-01 3.558122500000000521e-01 3.931290000000000479e-03 8.390560000000000032e-03 1.313315999999999616e-02 5.784024999999999583e-02 1.278062499999999824e-01 1.449324900000000249e-01 5.097959999999998604e-03 9.361207500000000000e+05 1.021610187500000000e+06
1.000000000000000000e+00 -1.082999999999999935e-01 4.310999999999999832e-01 1.534000000000000086e-01 1.723999999999999977e-01 -2.844999999999999751e-01 -6.100000000000000387e-03 -1.869000000000000106e-01 4.730999999999999650e-01 7.330000000000000404e-02 -2.646000000000000019e-01 3.120000000000000551e-01 5.660000000000000447e-02 1.172888999999999876e-02 1.858472099999999849e-01 2.353156000000000345e-02 2.972175999999999985e-02 8.094024999999999137e-02 3.721000000000000457e-05 3.493161000000000183e-02 2.238236099999999784e-01 5.372890000000000825e-03 7.001316000000000483e-02 9.734400000000002773e-02 3.203560000000000695e-03 9.338930625000000000e+05 1.016383125000000000e+06
1.000000000000000000e+00 -1.834999999999999964e-01 6.745999999999999774e-01 9.500000000000000111e-02 -3.135999999999999899e-01 8.459999999999999465e-02 -3.090000000000000038e-02 -7.520000000000000295e-02 2.434999999999999942e-01 -5.840000000000000746e-02 -4.859999999999999876e-01 3.690999999999999837e-01 -2.479999999999999913e-02 3.367225000000000079e-02 4.550851599999999886e-01 9.025000000000000036e-03 9.834495999999999516e-02 7.157159999999999217e-03 9.548100000000000554e-04 5.655040000000000067e-03 5.929224999999999773e-02 3.410560000000000848e-03 2.361959999999999893e-01 1.362348099999999840e-01 6.150399999999999661e-04 9.344962500000000000e+05 1.022802250000000000e+06
1.000000000000000000e+00 5.709999999999999798e-02 3.690000000000000224e-02 -2.129999999999999949e-02 -3.710000000000000103e-02 -1.589000000000000135e-01 -2.929999999999999966e-02 2.405999999999999805e-01 -6.376999999999999336e-01 -1.163000000000000006e-01 2.764999999999999680e-01 -2.434999999999999942e-01 1.600000000000000727e-03 3.260409999999999611e-03 1.361610000000000077e-03 4.536899999999999744e-04 1.376410000000000003e-03 2.524921000000000457e-02 8.584899999999999476e-04 5.788835999999999288e-02 4.066612899999998976e-01 1.352568999999999994e-02 7.645224999999998550e-02 5.929224999999999773e-02 2.560000000000002171e-06 9.386256250000000000e+05 1.032478875000000000e+06
1.000000000000000000e+00 8.019999999999999352e-02 6.990000000000000380e-02 -1.376000000000000001e-01 1.368000000000000049e-01 8.000000000000000383e-04 -3.109999999999999917e-02 2.309999999999999554e-02 3.300000000000000155e-02 -1.163000000000000006e-01 1.738999999999999990e-01 1.597000000000000086e-01 -1.799999999999999517e-03 6.432039999999999112e-03 4.886010000000000526e-03 1.893376000000000087e-02 1.871424000000000004e-02 6.400000000000000134e-07 9.672099999999999231e-04 5.336099999999997920e-04 1.089000000000000124e-03 1.352568999999999994e-02 3.024121000000000101e-02 2.550409000000000356e-02 3.239999999999998202e-06 9.408518750000000000e+05 1.036166312500000000e+06
1.000000000000000000e+00 9.070000000000000284e-02 1.449999999999999900e-01 -1.179999999999999973e-02 1.269000000000000128e-01 -9.329999999999999405e-02 -2.639999999999999986e-02 1.050000000000000933e-02 7.509999999999998621e-02 1.257999999999999952e-01 -9.899999999999992140e-03 -9.409999999999998921e-02 4.699999999999999317e-03 8.226490000000001232e-03 2.102499999999999855e-02 1.392400000000000018e-04 1.610361000000000431e-02 8.704889999999998115e-03 6.969599999999999407e-04 1.102500000000001997e-04 5.640009999999998254e-03 1.582563999999999846e-02 9.800999999999984258e-05 8.854809999999997683e-03 2.208999999999999348e-05 9.416354375000000000e+05 1.037951500000000000e+06
1.000000000000000000e+00 5.449999999999999983e-02 -8.240000000000000102e-02 -3.209999999999999659e-02 1.096000000000000030e-01 -1.277000000000000079e-01 -4.030000000000000249e-02 -3.620000000000000301e-02 -2.273999999999999910e-01 -2.029999999999999860e-02 -1.730000000000000981e-02 -3.440000000000001390e-02 -1.390000000000000263e-02 2.970249999999999800e-03 6.789760000000000587e-03 1.030409999999999833e-03 1.201216000000000089e-02 1.630729000000000206e-02 1.624090000000000126e-03 1.310440000000000172e-03 5.171075999999999451e-02 4.120899999999999390e-04 2.992900000000003414e-04 1.183360000000000922e-03 1.932100000000000831e-04 9.418660000000000000e+05 1.033169062500000000e+06
1.000000000000000000e+00 1.338999999999999913e-01 8.399999999999999689e-01 -1.741999999999999937e-01 1.156999999999999973e-01 1.885999999999999899e-01 -1.149999999999999981e-02 7.939999999999999836e-02 9.223999999999999977e-01 -1.421000000000000041e-01 6.099999999999994316e-03 3.163000000000000256e-01 2.880000000000000268e-02 1.792920999999999751e-02 7.055999999999998940e-01 3.034563999999999664e-02 1.338648999999999915e-02 3.556995999999999769e-02 1.322499999999999891e-04 6.304360000000000172e-03 8.508217599999999825e-01 2.019241000000000091e-02 3.720999999999993003e-05 1.000456900000000204e-01 8.294400000000001901e-04 9.440490625000000000e+05 1.030782625000000000e+06
1.000000000000000000e+00 2.056000000000000050e-01 6.559000000000000385e-01 -2.056999999999999940e-01 2.295999999999999985e-01 2.390000000000000110e-02 9.370000000000000551e-02 7.170000000000001372e-02 -1.840999999999999304e-01 -3.150000000000000022e-02 1.139000000000000012e-01 -1.646999999999999853e-01 1.052000000000000018e-01 4.227136000000000088e-02 4.302048100000000486e-01 4.231248999999999427e-02 5.271615999999999802e-02 5.712100000000000554e-04 8.779690000000001451e-03 5.140890000000002125e-03 3.389280999999997462e-02 9.922500000000000764e-04 1.297321000000000064e-02 2.712608999999999507e-02 1.106704000000000021e-02 9.433046875000000000e+05 1.032264187500000000e+06
1.000000000000000000e+00 4.490000000000000241e-02 -4.541000000000000036e-01 -1.272999999999999965e-01 1.622999999999999998e-01 -2.544000000000000150e-01 3.889999999999999708e-02 -1.607000000000000095e-01 -1.110000000000000098e+00 7.839999999999999747e-02 -6.729999999999999871e-02 -2.782999999999999918e-01 -5.480000000000000843e-02 2.016010000000000371e-03 2.062068099999999904e-01 1.620529000000000067e-02 2.634128999999999984e-02 6.471936000000000355e-02 1.513209999999999859e-03 2.582449000000000203e-02 1.232100000000000195e+00 6.146559999999999697e-03 4.529290000000000052e-03 7.745088999999999446e-02 3.003040000000001090e-03 9.430681250000000000e+05 1.031882375000000000e+06
1.000000000000000000e+00 -4.920000000000000068e-02 -1.836000000000000132e-01 8.820000000000000062e-02 -6.239999999999999714e-02 -1.176999999999999991e-01 -4.080000000000000293e-02 -9.410000000000000309e-02 2.704999999999999627e-01 2.154999999999999971e-01 -2.247000000000000108e-01 1.367000000000000159e-01 -7.969999999999999307e-02 2.420639999999999945e-03 3.370896000000000309e-02 7.779239999999999766e-03 3.893759999999999583e-03 1.385328999999999901e-02 1.664640000000000217e-03 8.854810000000001152e-03 7.317024999999997836e-02 4.644024999999999542e-02 5.049009000000000830e-02 1.868689000000000461e-02 6.352089999999998605e-03 9.413380625000000000e+05 1.027698750000000000e+06
1.000000000000000000e+00 -3.099999999999999978e-02 4.076000000000000179e-01 1.509999999999999953e-01 -2.299999999999999961e-03 -7.729999999999999372e-02 -1.569999999999999868e-02 1.820000000000000090e-02 5.912000000000000588e-01 6.279999999999999472e-02 6.010000000000000064e-02 4.040000000000000535e-02 2.510000000000000425e-02 9.609999999999999402e-04 1.661377600000000232e-01 2.280099999999999835e-02 5.290000000000000174e-06 5.975289999999999421e-03 2.464899999999999795e-04 3.312400000000000067e-04 3.495174400000000681e-01 3.943839999999999672e-03 3.612010000000000134e-03 1.632160000000000338e-03 6.300100000000001836e-04 9.422970625000000000e+05 1.028858562500000000e+06
1.000000000000000000e+00 8.300000000000000086e-03 2.187999999999999945e-01 -3.239999999999999825e-02 7.770000000000000517e-02 -1.383999999999999952e-01 -5.999999999999999778e-02 3.930000000000000160e-02 -1.888000000000000234e-01 -1.834000000000000075e-01 8.000000000000000167e-02 -6.110000000000000153e-02 -4.429999999999999910e-02 6.888999999999999941e-05 4.787343999999999627e-02 1.049759999999999843e-03 6.037290000000000711e-03 1.915455999999999756e-02 3.599999999999999901e-03 1.544490000000000142e-03 3.564544000000000740e-02 3.363556000000000185e-02 6.400000000000000307e-03 3.733210000000000261e-03 1.962489999999999894e-03 9.434936250000000000e+05 1.029383625000000000e+06
1.000000000000000000e+00 1.980000000000000163e-02 -2.700000000000000143e-03 -9.569999999999999341e-02 7.480000000000000537e-02 -2.200000000000000011e-01 -1.959999999999999937e-02 1.150000000000000154e-02 -2.215000000000000024e-01 -6.329999999999999516e-02 -2.899999999999999800e-03 -8.160000000000000586e-02 4.039999999999999841e-02 3.920400000000000751e-04 7.290000000000000507e-06 9.158489999999998299e-03 5.595040000000000777e-03 4.839999999999999858e-02 3.841599999999999811e-04 1.322500000000000433e-04 4.906225000000000169e-02 4.006889999999999064e-03 8.409999999999999101e-06 6.658560000000000867e-03 1.632159999999999904e-03 9.430781875000000000e+05 1.028666750000000000e+06
1.000000000000000000e+00 -6.779999999999999916e-02 3.160000000000000309e-02 -5.480000000000000149e-02 6.690000000000000113e-02 -1.145000000000000046e-01 -4.830000000000000265e-02 -8.759999999999999731e-02 3.430000000000000410e-02 4.089999999999999192e-02 -7.900000000000004241e-03 1.054999999999999966e-01 -2.870000000000000329e-02 4.596839999999999607e-03 9.985600000000001159e-04 3.003040000000000223e-03 4.475610000000000525e-03 1.311025000000000038e-02 2.332890000000000224e-03 7.673759999999999956e-03 1.176490000000000305e-03 1.672809999999999402e-03 6.241000000000006146e-05 1.113024999999999952e-02 8.236900000000001859e-04 9.422792500000000000e+05 1.025685562500000000e+06
1.000000000000000000e+00 -1.919999999999999832e-02 1.827000000000000013e-01 1.185999999999999971e-01 1.030000000000000013e-02 -1.842999999999999916e-01 -6.189999999999999669e-02 4.860000000000000431e-02 1.511000000000000121e-01 1.733999999999999986e-01 -5.659999999999999754e-02 -6.979999999999998705e-02 -1.359999999999999404e-02 3.686399999999999400e-04 3.337928999999999896e-02 1.406595999999999888e-02 1.060900000000000092e-04 3.396648999999999502e-02 3.831609999999999617e-03 2.361960000000000622e-03 2.283121000000000456e-02 3.006756000000000012e-02 3.203559999999999828e-03 4.872039999999998490e-03 1.849599999999998283e-04 9.407963750000000000e+05 1.022936312500000000e+06
1.000000000000000000e+00 -9.569999999999999341e-02 -6.469999999999999363e-02 7.800000000000000266e-01 -8.240000000000000102e-02 -5.348000000000000531e-01 -3.450000000000000289e-02 -7.649999999999999856e-02 -2.474000000000000088e-01 6.613999999999999879e-01 -9.270000000000000462e-02 -3.505000000000000338e-01 2.739999999999999380e-02 9.158489999999998299e-03 4.186089999999999083e-03 6.084000000000000519e-01 6.789760000000000587e-03 2.860110400000000497e-01 1.190250000000000119e-03 5.852249999999999813e-03 6.120676000000000588e-02 4.374499599999999710e-01 8.593290000000001691e-03 1.228502500000000219e-01 7.507599999999996221e-04 9.392017500000000000e+05 1.027531500000000000e+06
1.000000000000000000e+00 -1.038000000000000034e-01 -4.220000000000000140e-02 4.632000000000000006e-01 -6.460000000000000464e-02 -3.548000000000000043e-01 -1.034999999999999948e-01 -8.100000000000009970e-03 2.249999999999999223e-02 -3.168000000000000260e-01 1.779999999999999638e-02 1.800000000000000488e-01 -6.899999999999999190e-02 1.077444000000000145e-02 1.780840000000000114e-03 2.145542400000000072e-01 4.173160000000000411e-03 1.258830400000000016e-01 1.071224999999999955e-02 6.561000000000016634e-05 5.062499999999996473e-04 1.003622400000000192e-01 3.168399999999998735e-04 3.240000000000001906e-02 4.760999999999998740e-03 9.384113125000000000e+05 1.025545625000000000e+06
1.000000000000000000e+00 -1.170000000000000033e-02 2.444000000000000061e-01 -2.127000000000000002e-01 3.760000000000000148e-02 -1.187000000000000000e-01 -1.517999999999999905e-01 9.210000000000000131e-02 2.866000000000000214e-01 -6.758999999999999453e-01 1.022000000000000131e-01 2.361000000000000043e-01 -4.829999999999999571e-02 1.368899999999999989e-04 5.973136000000000417e-02 4.524129000000000345e-02 1.413760000000000017e-03 1.408969000000000020e-02 2.304323999999999609e-02 8.482410000000000991e-03 8.213956000000001423e-02 4.568408099999999306e-01 1.044484000000000211e-02 5.574321000000000137e-02 2.332889999999999790e-03 9.354458750000000000e+05 1.024360875000000000e+06
1.000000000000000000e+00 8.089999999999999969e-02 7.270000000000000073e-02 7.270000000000000073e-02 2.447000000000000008e-01 -2.600999999999999979e-01 -2.533000000000000251e-01 9.260000000000000175e-02 -1.717000000000000193e-01 2.853999999999999870e-01 2.071000000000000063e-01 -1.413999999999999979e-01 -1.015000000000000346e-01 6.544809999999999864e-03 5.285289999999999780e-03 5.285289999999999780e-03 5.987809000000000187e-02 6.765200999999999854e-02 6.416089000000001208e-02 8.574760000000000715e-03 2.948089000000000612e-02 8.145315999999999668e-02 4.289041000000000381e-02 1.999395999999999812e-02 1.030225000000000758e-02 9.385748750000000000e+05 1.023181250000000000e+06
1.000000000000000000e+00 5.310000000000000137e-02 3.910000000000000281e-02 3.532000000000000139e-01 2.841000000000000192e-01 -1.602000000000000091e-01 -2.614000000000000212e-01 -2.779999999999999832e-02 -3.359999999999999792e-02 2.805000000000000271e-01 3.940000000000001834e-02 9.989999999999998881e-02 -8.099999999999996092e-03 2.819610000000000172e-03 1.528810000000000238e-03 1.247502400000000122e-01 8.071281000000000982e-02 2.566404000000000254e-02 6.832996000000000902e-02 7.728399999999998986e-04 1.128959999999999816e-03 7.868025000000002100e-02 1.552360000000001542e-03 9.980009999999997494e-03 6.560999999999993595e-05 9.397601875000000000e+05 1.029077625000000000e+06
1.000000000000000000e+00 -8.759999999999999731e-02 2.359999999999999876e-01 1.423000000000000098e-01 1.145999999999999935e-01 -1.283999999999999864e-01 -1.418000000000000094e-01 -1.406999999999999917e-01 1.968999999999999917e-01 -2.109000000000000041e-01 -1.695000000000000395e-01 3.180000000000002269e-02 1.196000000000000119e-01 7.673759999999999956e-03 5.569599999999999551e-02 2.024929000000000312e-02 1.313315999999999789e-02 1.648655999999999733e-02 2.010724000000000192e-02 1.979648999999999645e-02 3.876960999999999602e-02 4.447881000000000057e-02 2.873025000000001272e-02 1.011240000000001357e-03 1.430416000000000326e-02 9.401646250000000000e+05 1.029255375000000000e+06
1.000000000000000000e+00 -1.063000000000000056e-01 5.497999999999999554e-01 -3.105999999999999872e-01 3.070000000000000159e-02 9.089999999999999469e-02 -9.929999999999999938e-02 -1.870000000000000828e-02 3.137999999999999678e-01 -4.528999999999999693e-01 -8.389999999999998848e-02 2.192999999999999949e-01 4.250000000000000999e-02 1.129969000000000112e-02 3.022800399999999721e-01 9.647235999999999312e-02 9.424900000000001462e-04 8.262809999999998906e-03 9.860489999999999533e-03 3.496900000000003196e-04 9.847043999999997854e-02 2.051184099999999733e-01 7.039209999999998003e-03 4.809248999999999469e-02 1.806250000000000780e-03 9.422844375000000000e+05 1.035284250000000000e+06
1.000000000000000000e+00 9.199999999999999845e-03 1.131999999999999951e-01 -2.066999999999999948e-01 1.479000000000000037e-01 -1.052000000000000018e-01 -3.629999999999999893e-02 1.155000000000000054e-01 -4.365999999999999881e-01 1.038999999999999924e-01 1.171999999999999986e-01 -1.960999999999999965e-01 6.300000000000000044e-02 8.464000000000000278e-05 1.281423999999999931e-02 4.272488999999999454e-02 2.187441000000000038e-02 1.106704000000000021e-02 1.317689999999999834e-03 1.334025000000000141e-02 1.906195599999999934e-01 1.079520999999999779e-02 1.373583999999999916e-02 3.845520999999999662e-02 3.969000000000000306e-03 9.427524375000000000e+05 1.037747375000000000e+06
1.000000000000000000e+00 4.309999999999999942e-02 -2.008999999999999952e-01 -1.237999999999999934e-01 1.549000000000000099e-01 -2.272000000000000131e-01 -3.261999999999999900e-01 3.389999999999999958e-02 -3.140999999999999903e-01 8.290000000000000147e-02 7.000000000000006217e-03 -1.220000000000000112e-01 -2.898999999999999910e-01 1.857609999999999990e-03 4.036080999999999697e-02 1.532643999999999847e-02 2.399401000000000311e-02 5.161984000000000711e-02 1.064064399999999910e-01 1.149209999999999902e-03 9.865880999999999956e-02 6.872410000000000671e-03 4.900000000000008651e-05 1.488400000000000313e-02 8.404201000000000032e-02 9.425208750000000000e+05 1.035398812500000000e+06
1.000000000000000000e+00 2.050000000000000086e-02 2.878999999999999893e-01 1.340000000000000080e-01 2.316000000000000003e-01 1.140000000000000041e-02 -2.919999999999999818e-01 -2.259999999999999856e-02 4.888000000000000123e-01 2.578000000000000291e-01 7.669999999999999041e-02 2.386000000000000065e-01 3.420000000000000817e-02 4.202500000000000506e-04 8.288640999999999370e-02 1.795600000000000321e-02 5.363856000000000179e-02 1.299600000000000093e-04 8.526399999999999257e-02 5.107599999999999684e-04 2.389254400000000167e-01 6.646084000000002101e-02 5.882889999999998260e-03 5.692996000000000167e-02 1.169640000000000653e-03 9.394535625000000000e+05 1.030788250000000000e+06
1.000000000000000000e+00 -1.238999999999999962e-01 1.875999999999999890e-01 4.082999999999999963e-01 4.939999999999999947e-02 -4.889999999999999902e-02 -2.709999999999999909e-02 -1.444000000000000006e-01 -1.003000000000000003e-01 2.742999999999999883e-01 -1.822000000000000008e-01 -6.029999999999999943e-02 2.648999999999999688e-01 1.535120999999999881e-02 3.519375999999999755e-02 1.667088899999999985e-01 2.440359999999999925e-03 2.391209999999999950e-03 7.344099999999999023e-04 2.085135999999999934e-02 1.006009000000000070e-02 7.524048999999999321e-02 3.319683999999999829e-02 3.636089999999999808e-03 7.017200999999997912e-02 9.414340625000000000e+05 1.033920937500000000e+06
1.000000000000000000e+00 -1.970999999999999974e-01 3.412999999999999923e-01 -3.919000000000000261e-01 -1.726999999999999924e-01 4.399999999999999745e-02 4.710000000000000298e-02 -7.320000000000000118e-02 1.537000000000000033e-01 -8.002000000000000224e-01 -2.220999999999999919e-01 9.289999999999999647e-02 7.420000000000000207e-02 3.884840999999999989e-02 1.164856899999999890e-01 1.535856100000000113e-01 2.982528999999999736e-02 1.935999999999999787e-03 2.218410000000000087e-03 5.358240000000000225e-03 2.362369000000000274e-02 6.403200400000000903e-01 4.932840999999999615e-02 8.630409999999999818e-03 5.505640000000000013e-03 9.402432500000000000e+05 1.034325375000000000e+06
1.000000000000000000e+00 -7.069999999999999896e-02 5.040000000000000036e-01 -5.665999999999999925e-01 -9.879999999999999893e-02 2.026000000000000023e-01 2.009999999999999981e-02 1.264000000000000123e-01 1.627000000000000113e-01 -1.746999999999999664e-01 7.389999999999999347e-02 1.586000000000000187e-01 -2.700000000000000316e-02 4.998489999999999531e-03 2.540160000000000196e-01 3.210355599999999976e-01 9.761439999999999700e-03 4.104676000000000158e-02 4.040100000000000028e-04 1.597696000000000185e-02 2.647129000000000495e-02 3.052008999999998931e-02 5.461209999999999329e-03 2.515396000000000645e-02 7.290000000000001557e-04 9.428953125000000000e+05 1.029311187500000000e+06
1.000000000000000000e+00 2.340000000000000066e-02 1.660000000000000017e-02 -1.073000000000000065e-01 4.159999999999999809e-02 4.159999999999999809e-02 8.140000000000000013e-02 9.410000000000000309e-02 -4.873999999999999999e-01 4.592999999999999861e-01 1.403999999999999970e-01 -1.610000000000000042e-01 6.130000000000000032e-02 5.475599999999999955e-04 2.755599999999999977e-04 1.151329000000000068e-02 1.730559999999999911e-03 1.730559999999999911e-03 6.625960000000000183e-03 8.854810000000001152e-03 2.375587600000000077e-01 2.109564899999999965e-01 1.971215999999999940e-02 2.592100000000000307e-02 3.757690000000000162e-03 9.418855625000000000e+05 1.031305000000000000e+06
1.000000000000000000e+00 4.109999999999999765e-02 -1.655999999999999972e-01 -1.990999999999999992e-01 4.700000000000000011e-02 -7.950000000000000122e-02 3.339999999999999913e-02 1.769999999999999699e-02 -1.822000000000000008e-01 -9.179999999999999272e-02 5.400000000000002021e-03 -1.210999999999999993e-01 -4.800000000000000100e-02 1.689209999999999800e-03 2.742336000000000079e-02 3.964080999999999855e-02 2.209000000000000026e-03 6.320250000000000347e-03 1.115560000000000032e-03 3.132899999999998685e-04 3.319683999999999829e-02 8.427239999999999037e-03 2.916000000000002236e-05 1.466520999999999970e-02 2.304000000000000058e-03 9.412464375000000000e+05 1.028493125000000000e+06
1.000000000000000000e+00 5.210000000000000048e-02 -5.970000000000000306e-02 -1.198000000000000037e-01 4.719999999999999890e-02 -2.222999999999999976e-01 -1.233999999999999958e-01 1.100000000000000283e-02 1.058999999999999941e-01 7.929999999999999549e-02 1.999999999999987899e-04 -1.427999999999999825e-01 -1.567999999999999949e-01 2.714410000000000000e-03 3.564090000000000227e-03 1.435204000000000167e-02 2.227840000000000029e-03 4.941728999999999566e-02 1.522755999999999936e-02 1.210000000000000680e-04 1.121480999999999867e-02 6.288489999999999011e-03 3.999999999999951776e-08 2.039183999999999441e-02 2.458623999999999879e-02 9.412762500000000000e+05 1.025891375000000000e+06
1.000000000000000000e+00 1.265999999999999903e-01 4.541000000000000036e-01 2.368999999999999995e-01 3.549999999999999822e-01 -9.229999999999999316e-02 -1.137999999999999984e-01 7.449999999999998290e-02 5.138000000000000345e-01 3.567000000000000171e-01 3.077999999999999625e-01 1.300000000000000044e-01 9.599999999999997424e-03 1.602755999999999625e-02 2.062068099999999904e-01 5.612161000000000233e-02 1.260249999999999981e-01 8.519289999999998808e-03 1.295043999999999883e-02 5.550249999999997026e-03 2.639904400000000484e-01 1.272348900000000171e-01 9.474083999999997896e-02 1.690000000000000183e-02 9.215999999999994433e-05 9.389950000000000000e+05 1.020582500000000000e+06
1.000000000000000000e+00 7.700000000000000247e-03 5.754000000000000226e-01 7.679999999999999327e-02 1.310999999999999943e-01 2.960000000000000131e-02 2.659999999999999865e-02 -1.188999999999999918e-01 1.213000000000000189e-01 -1.601000000000000201e-01 -2.238999999999999879e-01 1.218999999999999945e-01 1.403999999999999970e-01 5.929000000000000324e-05 3.310851600000000450e-01 5.898239999999999039e-03 1.718720999999999791e-02 8.761600000000000681e-04 7.075599999999999815e-04 1.413720999999999728e-02 1.471369000000000496e-02 2.563201000000000715e-02 5.013120999999999550e-02 1.485960999999999879e-02 1.971215999999999940e-02 9.406987500000000000e+05 1.024524312500000000e+06
1.000000000000000000e+00 -9.089999999999999469e-02 -6.600000000000000311e-02 -2.691000000000000059e-01 -1.943000000000000005e-01 -1.087999999999999939e-01 3.869999999999999829e-02 -9.859999999999999321e-02 -6.413999999999999702e-01 -3.458999999999999853e-01 -3.254000000000000226e-01 -1.383999999999999952e-01 1.209999999999999964e-02 8.262809999999998906e-03 4.356000000000000497e-03 7.241481000000001000e-02 3.775248999999999966e-02 1.183743999999999942e-02 1.497689999999999872e-03 9.721959999999998242e-03 4.113939599999999475e-01 1.196468099999999923e-01 1.058851600000000198e-01 1.915455999999999756e-02 1.464100000000000026e-04 9.425346250000000000e+05 1.029543875000000000e+06
1.000000000000000000e+00 8.029999999999999638e-02 -2.384000000000000008e-01 3.930000000000000160e-02 1.388999999999999957e-01 -2.604000000000000203e-01 1.140000000000000041e-02 1.711999999999999911e-01 -1.723999999999999977e-01 3.084000000000000075e-01 3.331999999999999962e-01 -1.516000000000000125e-01 -2.729999999999999788e-02 6.448089999999999204e-03 5.683455999999999925e-02 1.544490000000000142e-03 1.929320999999999814e-02 6.780816000000000621e-02 1.299600000000000093e-04 2.930943999999999564e-02 2.972175999999999985e-02 9.511056000000001065e-02 1.110222399999999943e-01 2.298256000000000257e-02 7.452899999999999065e-04 9.414854375000000000e+05 1.027254812500000000e+06
1.000000000000000000e+00 4.680000000000000132e-02 -1.721999999999999920e-01 2.626999999999999891e-01 7.430000000000000493e-02 -1.276200000000000001e+00 -1.069999999999999979e-01 -3.349999999999999506e-02 6.620000000000000884e-02 2.233999999999999875e-01 -6.459999999999999076e-02 -1.015800000000000036e+00 -1.184000000000000052e-01 2.190239999999999982e-03 2.965283999999999628e-02 6.901128999999998903e-02 5.520490000000001160e-03 1.628686440000000069e+00 1.144899999999999911e-02 1.122249999999999767e-03 4.382440000000001334e-03 4.990755999999999665e-02 4.173159999999998676e-03 1.031849640000000123e+00 1.401856000000000109e-02 9.379046250000000000e+05 1.027886312500000000e+06
1.000000000000000000e+00 1.600000000000000033e-02 -1.029999999999999943e-01 1.290999999999999925e-01 5.380000000000000060e-02 -1.489300000000000068e+00 5.689999999999999919e-02 -3.080000000000000099e-02 6.919999999999999762e-02 -1.335999999999999965e-01 -2.050000000000000433e-02 -2.131000000000000671e-01 1.638999999999999901e-01 2.559999999999999884e-04 1.060899999999999864e-02 1.666680999999999718e-02 2.894439999999999860e-03 2.218014490000000283e+00 3.237609999999999707e-03 9.486400000000000518e-04 4.788639999999999390e-03 1.784896000000000052e-02 4.202500000000001590e-04 4.541161000000002584e-02 2.686320999999999848e-02 9.357078125000000000e+05 1.023368875000000000e+06
1.000000000000000000e+00 -9.420000000000000595e-02 9.418999999999999595e-01 7.330000000000000404e-02 -4.420000000000000318e-02 -2.121999999999999997e-01 6.479999999999999649e-02 -1.102000000000000063e-01 1.044899999999999940e+00 -5.579999999999998850e-02 -9.800000000000000377e-02 1.277100000000000124e+00 7.899999999999997302e-03 8.873640000000000347e-03 8.871756099999998924e-01 5.372890000000000825e-03 1.953640000000000411e-03 4.502884000000000053e-02 4.199039999999999370e-03 1.214404000000000178e-02 1.091816009999999837e+00 3.113639999999998683e-03 9.604000000000001425e-03 1.630984410000000384e+00 6.240999999999995303e-05 9.323307500000000000e+05 1.024255250000000000e+06
1.000000000000000000e+00 -2.029999999999999860e-02 8.890000000000000124e-01 8.263000000000000345e-01 -1.474000000000000032e-01 4.599999999999999922e-03 1.640000000000000138e-02 7.390000000000000735e-02 -5.289999999999994706e-02 7.530000000000000027e-01 -1.032000000000000001e-01 2.167999999999999927e-01 -4.839999999999999858e-02 4.120899999999999390e-04 7.903210000000000512e-01 6.827716900000000422e-01 2.172676000000000121e-02 2.116000000000000069e-05 2.689600000000000541e-04 5.461210000000001064e-03 2.798409999999994235e-03 5.670089999999999852e-01 1.065024000000000005e-02 4.700223999999999375e-02 2.342560000000000042e-03 9.385480000000000000e+05 1.035355187500000000e+06
1.000000000000000000e+00 6.529999999999999694e-02 -1.335999999999999965e-01 7.401999999999999691e-01 3.660000000000000059e-02 -2.019999999999999921e-02 1.121000000000000052e-01 8.559999999999999554e-02 -1.022599999999999953e+00 -8.610000000000006537e-02 1.839999999999999969e-01 -2.479999999999999913e-02 9.570000000000000728e-02 4.264089999999999894e-03 1.784896000000000052e-02 5.478960399999999176e-01 1.339560000000000056e-03 4.080399999999999761e-04 1.256641000000000181e-02 7.327359999999998909e-03 1.045710759999999961e+00 7.413210000000011214e-03 3.385599999999999721e-02 6.150399999999999661e-04 9.158490000000001768e-03 9.394577500000000000e+05 1.032775375000000000e+06
1.000000000000000000e+00 4.290000000000000063e-02 -2.920000000000000026e-02 -2.131000000000000116e-01 6.489999999999999936e-02 1.423999999999999988e-01 -1.490000000000000005e-02 -2.239999999999999630e-02 1.043999999999999928e-01 -9.533000000000000362e-01 2.829999999999999877e-02 1.625999999999999945e-01 -1.270000000000000018e-01 1.840410000000000006e-03 8.526399999999999951e-04 4.541161000000000503e-02 4.212009999999999539e-03 2.027775999999999884e-02 2.220099999999999971e-04 5.017599999999998580e-04 1.089935999999999856e-02 9.087808900000000634e-01 8.008899999999999570e-04 2.643875999999999865e-02 1.612900000000000097e-02 9.361523125000000000e+05 1.029895187500000000e+06
1.000000000000000000e+00 1.212000000000000022e-01 1.058000000000000052e-01 -7.630000000000000671e-02 1.189000000000000057e-01 2.799999999999999972e-03 -6.999999999999999929e-04 7.830000000000000848e-02 1.350000000000000089e-01 1.368000000000000049e-01 5.400000000000000633e-02 -1.396000000000000019e-01 1.420000000000000082e-02 1.468943999999999979e-02 1.119364000000000123e-02 5.821690000000000892e-03 1.413721000000000075e-02 7.839999999999999476e-06 4.899999999999999672e-07 6.130890000000001686e-03 1.822500000000000162e-02 1.871424000000000004e-02 2.916000000000000623e-03 1.948816000000000090e-02 2.016400000000000278e-04 9.399801875000000000e+05 1.029455000000000000e+06
1.000000000000000000e+00 1.665999999999999981e-01 -1.413000000000000089e-01 5.510000000000000314e-02 2.184999999999999998e-01 -2.918999999999999928e-01 -1.615999999999999936e-01 4.539999999999999591e-02 -2.471000000000000141e-01 1.314000000000000168e-01 9.959999999999999409e-02 -2.947000000000000175e-01 -1.608999999999999875e-01 2.775555999999999857e-02 1.996569000000000121e-02 3.036010000000000444e-03 4.774224999999999997e-02 8.520561000000000107e-02 2.611455999999999847e-02 2.061159999999999815e-03 6.105841000000000740e-02 1.726596000000000380e-02 9.920159999999999048e-03 8.684809000000001666e-02 2.588880999999999474e-02 9.399507500000000000e+05 1.029457437500000000e+06
1.000000000000000000e+00 5.809999999999999887e-02 -1.226000000000000006e-01 7.299999999999999545e-02 -1.087999999999999939e-01 -7.256000000000000227e-01 -1.350000000000000089e-01 -1.084999999999999992e-01 1.870000000000000828e-02 1.789999999999999231e-02 -3.272999999999999798e-01 -4.337000000000000299e-01 2.659999999999998477e-02 3.375609999999999809e-03 1.503076000000000065e-02 5.328999999999999536e-03 1.183743999999999942e-02 5.264953600000000788e-01 1.822500000000000162e-02 1.177224999999999973e-02 3.496900000000003196e-04 3.204099999999997055e-04 1.071252899999999841e-01 1.880956900000000376e-01 7.075599999999992226e-04 9.387090000000000000e+05 1.031416875000000000e+06
1.000000000000000000e+00 -2.089000000000000024e-01 3.260000000000000120e-01 1.945999999999999952e-01 -2.867000000000000104e-01 -2.620999999999999996e-01 -1.307999999999999996e-01 -2.670000000000000151e-01 4.485999999999999988e-01 1.215999999999999998e-01 -1.779000000000000026e-01 4.635000000000000231e-01 4.200000000000009281e-03 4.363920999999999772e-02 1.062760000000000093e-01 3.786915999999999893e-02 8.219689000000000856e-02 6.869640999999999942e-02 1.710864000000000135e-02 7.128900000000000514e-02 2.012419599999999975e-01 1.478656000000000068e-02 3.164841000000000182e-02 2.148322500000000301e-01 1.764000000000007844e-05 9.387341875000000000e+05 1.029748000000000000e+06
1.000000000000000000e+00 -3.529999999999999805e-02 4.798000000000000043e-01 1.529999999999999971e-01 1.246000000000000024e-01 6.499999999999999702e-03 -1.400000000000000029e-02 1.736000000000000043e-01 1.537999999999999923e-01 -4.159999999999999809e-02 4.112999999999999989e-01 2.686000000000000054e-01 1.168000000000000010e-01 1.246089999999999828e-03 2.302080400000000027e-01 2.340899999999999925e-02 1.552516000000000139e-02 4.224999999999999698e-05 1.960000000000000208e-04 3.013696000000000083e-02 2.365443999999999880e-02 1.730559999999999911e-03 1.691676900000000094e-01 7.214596000000000897e-02 1.364223999999999992e-02 9.404400000000000000e+05 1.033398875000000000e+06
1.000000000000000000e+00 5.879999999999999810e-02 -4.120000000000000051e-02 8.690000000000000502e-02 3.126999999999999780e-01 -4.144999999999999796e-01 1.066000000000000003e-01 9.409999999999998921e-02 -5.210000000000000187e-01 -6.609999999999999210e-02 1.880999999999999894e-01 -4.209999999999999853e-01 1.205999999999999989e-01 3.457439999999999992e-03 1.697440000000000147e-03 7.551610000000001134e-03 9.778128999999999293e-02 1.718102499999999699e-01 1.136355999999999998e-02 8.854809999999997683e-03 2.714410000000000434e-01 4.369209999999999240e-03 3.538160999999999390e-02 1.772409999999999819e-01 1.454435999999999923e-02 9.392368125000000000e+05 1.032754000000000000e+06
1.000000000000000000e+00 -2.469000000000000083e-01 -2.562999999999999723e-01 3.956999999999999962e-01 -5.594999999999999973e-01 -7.211999999999999522e-01 -1.355000000000000093e-01 -3.057000000000000273e-01 -2.150999999999999579e-01 3.087999999999999634e-01 -8.721999999999999753e-01 -3.066999999999999726e-01 -2.421000000000000096e-01 6.095961000000000435e-02 6.568968999999998115e-02 1.565784899999999868e-01 3.130402500000000199e-01 5.201294399999999429e-01 1.836025000000000157e-02 9.345249000000001305e-02 4.626800999999998443e-02 9.535743999999997389e-02 7.607328399999999657e-01 9.406488999999998435e-02 5.861241000000000367e-02 9.364415000000000000e+05 1.029350250000000000e+06
1.000000000000000000e+00 -1.120000000000000023e-01 2.687999999999999834e-01 2.505000000000000004e-01 -4.849999999999999867e-01 -3.826999999999999846e-01 -7.090000000000000469e-02 1.349000000000000199e-01 5.250999999999999002e-01 -1.451999999999999957e-01 7.450000000000001066e-02 3.384999999999999676e-01 6.460000000000000464e-02 1.254400000000000133e-02 7.225343999999998823e-02 6.275024999999999353e-02 2.352249999999999897e-01 1.464592899999999920e-01 5.026810000000000479e-03 1.819801000000000404e-02 2.757300099999999143e-01 2.108303999999999734e-02 5.550250000000001363e-03 1.145822499999999827e-01 4.173160000000000411e-03 9.384866250000000000e+05 1.034725062500000000e+06
1.000000000000000000e+00 1.292999999999999983e-01 5.251000000000000112e-01 3.440000000000000002e-02 4.156000000000000250e-01 -8.799999999999999489e-02 -1.000000000000000048e-04 2.413000000000000145e-01 2.563000000000000278e-01 -2.161000000000000143e-01 9.006000000000000671e-01 2.946999999999999620e-01 7.080000000000000182e-02 1.671848999999999905e-02 2.757300100000000254e-01 1.183360000000000054e-03 1.727233600000000202e-01 7.743999999999999148e-03 1.000000000000000021e-08 5.822569000000000355e-02 6.568969000000000891e-02 4.669921000000000488e-02 8.110803600000001667e-01 8.684808999999997503e-02 5.012640000000000498e-03 9.383096250000000000e+05 1.034837875000000000e+06
1.000000000000000000e+00 5.729999999999999677e-02 1.188000000000000028e-01 9.100000000000000450e-03 2.722999999999999865e-01 -4.279999999999999916e-01 -1.220000000000000077e-02 -7.200000000000000844e-02 -4.062999999999999945e-01 -2.529999999999999957e-02 -1.433000000000000385e-01 -3.399999999999999689e-01 -1.210000000000000138e-02 3.283289999999999473e-03 1.411344000000000140e-02 8.281000000000000166e-05 7.414728999999999071e-02 1.831839999999999857e-01 1.488400000000000183e-04 5.184000000000001107e-03 1.650796900000000011e-01 6.400899999999999515e-04 2.053489000000001050e-02 1.155999999999999805e-01 1.464100000000000297e-04 9.377496875000000000e+05 1.031806187500000000e+06
1.000000000000000000e+00 2.460000000000000034e-02 2.731999999999999984e-01 -1.480000000000000066e-02 4.370000000000000273e-02 -6.130000000000000032e-02 -8.609999999999999598e-02 -3.269999999999999296e-02 1.543999999999999817e-01 -2.390000000000000110e-02 -2.285999999999999699e-01 3.666999999999999704e-01 -7.389999999999999347e-02 6.051599999999999861e-04 7.463823999999999459e-02 2.190400000000000170e-04 1.909690000000000346e-03 3.757690000000000162e-03 7.413209999999999071e-03 1.069289999999999434e-03 2.383935999999999347e-02 5.712100000000000554e-04 5.225795999999998526e-02 1.344688899999999798e-01 5.461209999999999329e-03 9.372613125000000000e+05 1.032880812500000000e+06
1.000000000000000000e+00 2.390000000000000110e-02 5.616999999999999771e-01 3.490000000000000047e-02 -4.400000000000000265e-03 9.439999999999999780e-02 -7.960000000000000409e-02 -6.999999999999992339e-04 2.884999999999999787e-01 4.970000000000000112e-02 -4.810000000000000386e-02 1.557000000000000051e-01 6.499999999999991895e-03 5.712100000000000554e-04 3.155068899999999843e-01 1.218010000000000056e-03 1.936000000000000099e-05 8.911360000000000114e-03 6.336160000000000403e-03 4.899999999999989084e-07 8.323224999999999374e-02 2.470090000000000306e-03 2.313610000000000232e-03 2.424249000000000195e-02 4.224999999999989533e-05 9.378685625000000000e+05 1.034730125000000000e+06
1.000000000000000000e+00 1.039999999999999952e-02 4.120000000000000051e-02 -4.979999999999999705e-02 1.262999999999999956e-01 -1.005000000000000060e-01 -1.400000000000000029e-02 -1.350000000000000158e-02 -5.204999999999999627e-01 -8.469999999999999751e-02 1.306999999999999829e-01 -1.949000000000000177e-01 6.560000000000000553e-02 1.081599999999999944e-04 1.697440000000000147e-03 2.480039999999999762e-03 1.595168999999999754e-02 1.010025000000000159e-02 1.960000000000000208e-04 1.822500000000000389e-04 2.709202499999999736e-01 7.174089999999999287e-03 1.708248999999999532e-02 3.798601000000000755e-02 4.303360000000000865e-03 9.381493750000000000e+05 1.033867625000000000e+06
1.000000000000000000e+00 1.000000000000000021e-02 -6.400000000000000307e-03 -3.810000000000000192e-02 1.925000000000000044e-01 1.057000000000000023e-01 -1.081000000000000016e-01 -3.999999999999993144e-04 -4.760000000000000342e-02 1.169999999999999513e-02 6.620000000000000884e-02 2.061999999999999944e-01 -9.410000000000000309e-02 1.000000000000000048e-04 4.096000000000000086e-05 1.451610000000000096e-03 3.705624999999999891e-02 1.117249000000000020e-02 1.168561000000000079e-02 1.599999999999994475e-07 2.265760000000000343e-03 1.368899999999998905e-04 4.382440000000001334e-03 4.251843999999999762e-02 8.854810000000001152e-03 9.381128750000000000e+05 1.031579062500000000e+06
1.000000000000000000e+00 1.099999999999999936e-02 3.373999999999999777e-01 -1.272000000000000075e-01 1.459000000000000019e-01 1.809999999999999942e-01 -1.183000000000000024e-01 9.999999999999991535e-04 3.437999999999999945e-01 -8.910000000000001252e-02 -4.660000000000000253e-02 7.529999999999999194e-02 -1.020000000000000073e-02 1.209999999999999867e-04 1.138387599999999833e-01 1.617984000000000089e-02 2.128680999999999976e-02 3.276099999999999846e-02 1.399489000000000115e-02 9.999999999999982607e-07 1.181984400000000018e-01 7.938810000000002740e-03 2.171560000000000330e-03 5.670089999999999159e-03 1.040400000000000135e-04 9.393651875000000000e+05 1.034945500000000000e+06
1.000000000000000000e+00 1.615999999999999936e-01 1.188000000000000028e-01 -9.110000000000000042e-02 4.835999999999999743e-01 1.734999999999999876e-01 1.403999999999999970e-01 1.505999999999999839e-01 -2.185999999999999610e-01 3.610000000000000708e-02 3.377000000000000002e-01 -7.500000000000006661e-03 2.586999999999999855e-01 2.611455999999999847e-02 1.411344000000000140e-02 8.299209999999999574e-03 2.338689599999999869e-01 3.010224999999999707e-02 1.971215999999999940e-02 2.268035999999999663e-02 4.778595999999998151e-02 1.303210000000000609e-03 1.140412900000000035e-01 5.625000000000010010e-05 6.692568999999999602e-02 9.395268125000000000e+05 1.032523562500000000e+06
1.000000000000000000e+00 5.799999999999999600e-03 4.970000000000000112e-02 -5.032999999999999696e-01 3.798000000000000265e-01 1.496000000000000107e-01 4.170000000000000095e-02 -1.557999999999999940e-01 -6.909999999999999476e-02 -4.121999999999999553e-01 -1.037999999999999479e-01 -2.389999999999997682e-02 -9.869999999999999607e-02 3.363999999999999640e-05 2.470090000000000306e-03 2.533108899999999553e-01 1.442480400000000218e-01 2.238016000000000311e-02 1.738890000000000097e-03 2.427363999999999911e-02 4.774809999999999124e-03 1.699088399999999499e-01 1.077443999999998930e-02 5.712099999999988627e-04 9.741689999999999031e-03 9.353264375000000000e+05 1.028064812500000000e+06
1.000000000000000000e+00 -7.689999999999999614e-02 2.656999999999999917e-01 1.749999999999999889e-01 -2.250999999999999945e-01 1.113999999999999990e-01 -5.000000000000000104e-03 -8.269999999999999574e-02 2.159999999999999976e-01 6.782999999999999030e-01 -6.048999999999999932e-01 -3.820000000000001172e-02 -4.669999999999999846e-02 5.913609999999999700e-03 7.059648999999999786e-02 3.062499999999999598e-02 5.067000999999999450e-02 1.240995999999999939e-02 2.500000000000000120e-05 6.839289999999999606e-03 4.665599999999999609e-02 4.600908899999998636e-01 3.659040100000000018e-01 1.459240000000000970e-03 2.180889999999999999e-03 9.342768125000000000e+05 1.029157125000000000e+06
1.000000000000000000e+00 -2.050000000000000086e-02 1.156999999999999973e-01 6.844000000000000083e-01 -1.761000000000000065e-01 2.283000000000000029e-01 1.323999999999999899e-01 5.639999999999999181e-02 -1.499999999999999944e-01 5.094000000000000750e-01 4.899999999999998801e-02 1.169000000000000039e-01 1.373999999999999944e-01 4.202500000000000506e-04 1.338648999999999915e-02 4.684033599999999908e-01 3.101121000000000086e-02 5.212089000000000305e-02 1.752975999999999840e-02 3.180959999999999170e-03 2.249999999999999917e-02 2.594883600000000845e-01 2.400999999999998621e-03 1.366561000000000164e-02 1.887875999999999790e-02 9.412340625000000000e+05 1.033191437500000000e+06
1.000000000000000000e+00 6.149999999999999911e-02 4.900000000000000189e-02 -4.700000000000000011e-02 2.390000000000000110e-02 1.579000000000000126e-01 2.860000000000000042e-02 8.200000000000000344e-02 -6.669999999999999540e-02 -7.314000000000000501e-01 2.000000000000000111e-01 -7.039999999999999036e-02 -1.037999999999999895e-01 3.782250000000000022e-03 2.401000000000000356e-03 2.209000000000000026e-03 5.712100000000000554e-04 2.493241000000000554e-02 8.179600000000000629e-04 6.724000000000000810e-03 4.448889999999999616e-03 5.349459600000000536e-01 4.000000000000000777e-02 4.956159999999998518e-03 1.077443999999999798e-02 9.413654375000000000e+05 1.031150437500000000e+06
1.000000000000000000e+00 2.970000000000000070e-02 8.269999999999999574e-02 -1.071000000000000008e-01 6.060000000000000109e-02 8.559999999999999554e-02 6.850000000000000533e-02 -3.179999999999999494e-02 3.369999999999999385e-02 -6.010000000000000064e-02 3.669999999999999651e-02 -7.230000000000001703e-02 3.990000000000000491e-02 8.820900000000000876e-04 6.839289999999999606e-03 1.147041000000000033e-02 3.672359999999999947e-03 7.327359999999998909e-03 4.692250000000001108e-03 1.011239999999999622e-03 1.135689999999999530e-03 3.612010000000000134e-03 1.346889999999999676e-03 5.227290000000002490e-03 1.592010000000000473e-03 9.416190000000000000e+05 1.027645937500000000e+06
1.000000000000000000e+00 3.080000000000000099e-02 1.257000000000000062e-01 -4.000000000000000192e-04 -3.620000000000000301e-02 6.110000000000000153e-02 1.078999999999999959e-01 1.100000000000000283e-03 4.300000000000001044e-02 1.067000000000000032e-01 -9.679999999999999716e-02 -2.449999999999999400e-02 3.939999999999999059e-02 9.486400000000000518e-04 1.580049000000000037e-02 1.600000000000000033e-07 1.310440000000000172e-03 3.733210000000000261e-03 1.164240999999999887e-02 1.210000000000000697e-06 1.849000000000000817e-03 1.138488999999999994e-02 9.370240000000000166e-03 6.002499999999996554e-04 1.552359999999999157e-03 9.413108125000000000e+05 1.023681625000000000e+06
1.000000000000000000e+00 4.839999999999999858e-02 1.491000000000000103e-01 -6.800000000000000488e-02 2.699999999999999969e-02 1.077000000000000041e-01 1.146999999999999964e-01 1.759999999999999759e-02 2.340000000000000413e-02 -6.760000000000000731e-02 6.320000000000000617e-02 4.660000000000000253e-02 6.800000000000000488e-03 2.342560000000000042e-03 2.223081000000000362e-02 4.624000000000000506e-03 7.289999999999999388e-04 1.159929000000000168e-02 1.315608999999999876e-02 3.097599999999999074e-04 5.475600000000002123e-04 4.569760000000000835e-03 3.994240000000000464e-03 2.171560000000000330e-03 4.624000000000000451e-05 9.434800625000000000e+05 1.028107750000000000e+06
1.000000000000000000e+00 9.429999999999999494e-02 -8.450000000000000566e-02 -1.461999999999999966e-01 1.280000000000000027e-01 -9.020000000000000240e-02 6.700000000000000400e-02 4.589999999999999636e-02 -2.336000000000000298e-01 -7.819999999999999174e-02 1.010000000000000064e-01 -1.979000000000000203e-01 -4.769999999999999241e-02 8.892489999999999423e-03 7.140250000000000763e-03 2.137443999999999802e-02 1.638399999999999926e-02 8.136040000000000633e-03 4.489000000000000802e-03 2.106809999999999759e-03 5.456896000000001357e-02 6.115239999999998351e-03 1.020100000000000173e-02 3.916441000000001060e-02 2.275289999999999258e-03 9.427750000000000000e+05 1.025420375000000000e+06
1.000000000000000000e+00 1.567000000000000060e-01 -6.489999999999999936e-02 2.949999999999999845e-02 3.083000000000000185e-01 -7.330000000000000404e-02 -8.600000000000000006e-03 6.240000000000001101e-02 1.960000000000000631e-02 1.756999999999999951e-01 1.803000000000000158e-01 1.689999999999999836e-02 -7.560000000000000053e-02 2.455489000000000283e-02 4.212009999999999539e-03 8.702499999999999299e-04 9.504889000000001087e-02 5.372890000000000825e-03 7.396000000000000339e-05 3.893760000000001317e-03 3.841600000000002521e-04 3.087048999999999696e-02 3.250809000000000337e-02 2.856099999999999438e-04 5.715360000000000058e-03 9.422111875000000000e+05 1.024714062500000000e+06
1.000000000000000000e+00 -1.770000000000000046e-02 2.902000000000000135e-01 -4.637000000000000011e-01 2.288000000000000034e-01 -1.949999999999999997e-02 1.486999999999999988e-01 -1.743999999999999995e-01 3.551000000000000267e-01 -4.931999999999999718e-01 -7.950000000000001510e-02 5.380000000000000060e-02 1.572999999999999954e-01 3.132900000000000311e-04 8.421604000000000589e-02 2.150176900000000113e-01 5.234944000000000403e-02 3.802499999999999999e-04 2.211168999999999982e-02 3.041535999999999892e-02 1.260960100000000084e-01 2.432462399999999747e-01 6.320250000000002082e-03 2.894439999999999860e-03 2.474328999999999765e-02 9.406155625000000000e+05 1.022089000000000000e+06
1.000000000000000000e+00 7.199999999999999803e-03 2.096999999999999975e-01 1.721999999999999920e-01 -3.799999999999999992e-03 -4.083999999999999853e-01 3.989999999999999797e-02 2.489999999999999852e-02 -8.050000000000001599e-02 6.359000000000000208e-01 -2.326000000000000012e-01 -3.888999999999999679e-01 -1.088000000000000078e-01 5.183999999999999833e-05 4.397409000000000040e-02 2.965283999999999628e-02 1.444000000000000066e-05 1.667905599999999766e-01 1.592009999999999823e-03 6.200099999999999405e-04 6.480250000000002501e-03 4.043688100000000230e-01 5.410275999999999974e-02 1.512432099999999613e-01 1.183744000000000116e-02 9.393441875000000000e+05 1.024312187500000000e+06
1.000000000000000000e+00 1.650999999999999968e-01 -2.630000000000000046e-02 7.269999999999999796e-01 8.999999999999999754e-04 -4.293000000000000149e-01 -5.800000000000000294e-02 1.578999999999999848e-01 -2.359999999999999876e-01 5.547999999999999599e-01 4.700000000000000185e-03 -2.090000000000002967e-02 -9.790000000000000091e-02 2.725800999999999918e-02 6.916900000000000132e-04 5.285289999999999155e-01 8.099999999999999739e-07 1.842984900000000092e-01 3.364000000000000237e-03 2.493240999999999513e-02 5.569599999999999551e-02 3.078030399999999722e-01 2.209000000000000026e-05 4.368100000000012337e-04 9.584409999999999805e-03 9.405369375000000000e+05 1.023524687500000000e+06
1.000000000000000000e+00 4.680000000000000132e-02 4.590000000000000330e-02 8.110000000000000542e-02 2.313999999999999946e-01 -8.093000000000000194e-01 -3.129000000000000115e-01 -1.182999999999999885e-01 7.220000000000000029e-02 -6.458999999999999186e-01 2.304999999999999827e-01 -3.800000000000000044e-01 -2.549000000000000155e-01 2.190239999999999982e-03 2.106810000000000193e-03 6.577210000000000868e-03 5.354595999999999661e-02 6.549664900000000678e-01 9.790641000000001315e-02 1.399488999999999768e-02 5.212839999999999835e-03 4.171868099999999080e-01 5.313024999999998998e-02 1.444000000000000006e-01 6.497401000000001259e-02 9.390347500000000000e+05 1.027623687500000000e+06
1.000000000000000000e+00 7.180000000000000271e-02 9.479999999999999538e-02 1.155000000000000054e-01 3.130999999999999894e-01 -1.029900000000000038e+00 -4.549999999999999878e-02 2.500000000000000139e-02 4.889999999999999208e-02 3.440000000000000002e-02 8.169999999999999485e-02 -2.206000000000000183e-01 2.674000000000000266e-01 5.155240000000000170e-03 8.987039999999999959e-03 1.334025000000000141e-02 9.803160999999999126e-02 1.060694010000000187e+00 2.070250000000000042e-03 6.250000000000001214e-04 2.391209999999999083e-03 1.183360000000000054e-03 6.674889999999999296e-03 4.866436000000001066e-02 7.150276000000001242e-02 9.384189375000000000e+05 1.023913937500000000e+06
1.000000000000000000e+00 2.390000000000000110e-02 3.438999999999999835e-01 2.335000000000000131e-01 2.190000000000000002e-01 -7.368999999999999995e-01 3.119000000000000106e-01 -4.789999999999999813e-02 2.490999999999999881e-01 1.180000000000000077e-01 -9.409999999999998921e-02 2.930000000000000382e-01 3.573999999999999955e-01 5.712100000000000554e-04 1.182672099999999837e-01 5.452225000000000821e-02 4.796099999999999669e-02 5.430216100000000434e-01 9.728161000000000447e-02 2.294409999999999766e-03 6.205080999999999097e-02 1.392400000000000235e-02 8.854809999999997683e-03 8.584900000000002251e-02 1.277347600000000027e-01 9.365303750000000000e+05 1.024709000000000000e+06
1.000000000000000000e+00 6.029999999999999943e-02 2.247999999999999998e-01 1.446000000000000063e-01 -2.199999999999999872e-02 -1.180700000000000083e+00 6.100000000000000387e-03 3.640000000000000180e-02 -1.190999999999999837e-01 -8.890000000000000679e-02 -2.409999999999999920e-01 -4.438000000000000833e-01 -3.058000000000000163e-01 3.636089999999999808e-03 5.053504000000000329e-02 2.090916000000000302e-02 4.839999999999999468e-04 1.394052490000000200e+00 3.721000000000000457e-05 1.324960000000000027e-03 1.418480999999999562e-02 7.903210000000000790e-03 5.808099999999999374e-02 1.969584400000000679e-01 9.351364000000000898e-02 9.396391875000000000e+05 1.041016875000000000e+06
1.000000000000000000e+00 5.109999999999999959e-02 5.561000000000000387e-01 4.285999999999999810e-01 -1.880000000000000004e-01 -1.208000000000000046e-01 -7.900000000000000078e-02 -9.199999999999999845e-03 3.313000000000000389e-01 2.839999999999999747e-01 -1.660000000000000087e-01 1.059900000000000064e+00 -8.509999999999999509e-02 2.611210000000000094e-03 3.092472100000000501e-01 1.836979599999999935e-01 3.534400000000000042e-02 1.459264000000000047e-02 6.241000000000000020e-03 8.464000000000000278e-05 1.097596900000000208e-01 8.065599999999999159e-02 2.755600000000000410e-02 1.123388010000000214e+00 7.242009999999999247e-03 9.370698750000000000e+05 1.031905625000000000e+06
1.000000000000000000e+00 -5.929999999999999855e-02 1.438499999999999890e+00 3.431000000000000161e-01 -3.710000000000000103e-02 7.642999999999999794e-01 8.300000000000000433e-02 -1.103999999999999981e-01 8.823999999999998511e-01 -8.549999999999996492e-02 1.509000000000000064e-01 8.850999999999999979e-01 1.620000000000000051e-01 3.516489999999999720e-03 2.069282249999999657e+00 1.177176100000000142e-01 1.376410000000000003e-03 5.841544899999999707e-01 6.889000000000001026e-03 1.218815999999999997e-02 7.786297599999997265e-01 7.310249999999993836e-03 2.277081000000000244e-02 7.834020099999999820e-01 2.624399999999999997e-02 9.386690000000000000e+05 1.033246937500000000e+06
1.000000000000000000e+00 -7.270000000000000073e-02 1.163000000000000006e-01 -2.650000000000000133e-01 2.630000000000000046e-02 8.089999999999999969e-02 7.220000000000000029e-02 -1.340000000000000219e-02 -1.322199999999999820e+00 -6.081000000000000849e-01 6.339999999999999802e-02 -6.834000000000000075e-01 -1.080000000000000404e-02 5.285289999999999780e-03 1.352568999999999994e-02 7.022500000000000964e-02 6.916900000000000132e-04 6.544809999999999864e-03 5.212839999999999835e-03 1.795600000000000494e-04 1.748212839999999435e+00 3.697856100000000978e-01 4.019560000000000147e-03 4.670355600000000162e-01 1.166400000000000894e-04 9.348475625000000000e+05 1.024656125000000000e+06
1.000000000000000000e+00 1.880000000000000074e-02 -4.932000000000000273e-01 -2.647999999999999798e-01 -1.580000000000000154e-02 1.679999999999999896e-02 8.920000000000000151e-02 9.149999999999999800e-02 -6.095000000000000417e-01 2.000000000000334843e-04 -4.209999999999999853e-02 -6.410000000000000420e-02 1.700000000000000122e-02 3.534400000000000042e-04 2.432462400000000302e-01 7.011903999999999360e-02 2.496400000000000290e-04 2.822399999999999540e-04 7.956640000000000934e-03 8.372249999999999484e-03 3.714902500000000773e-01 4.000000000001339455e-08 1.772409999999999871e-03 4.108810000000000934e-03 2.890000000000000316e-04 9.382920000000000000e+05 1.028837312500000000e+06
1.000000000000000000e+00 1.000000000000000048e-04 2.589000000000000190e-01 2.040000000000000147e-02 -6.990000000000000380e-02 1.205999999999999989e-01 7.850000000000000033e-02 -1.870000000000000134e-02 7.520999999999999908e-01 2.852000000000000091e-01 -5.410000000000000225e-02 1.038000000000000034e-01 -1.070000000000000118e-02 1.000000000000000021e-08 6.702921000000000573e-02 4.161600000000000542e-04 4.886010000000000526e-03 1.454435999999999923e-02 6.162250000000000193e-03 3.496900000000000485e-04 5.656544099999999409e-01 8.133904000000000134e-02 2.926810000000000175e-03 1.077444000000000145e-02 1.144900000000000236e-04 9.390744375000000000e+05 1.030310625000000000e+06
1.000000000000000000e+00 -3.399999999999999811e-03 -6.940000000000000335e-02 -3.470000000000000168e-02 -2.709999999999999909e-02 3.849999999999999950e-02 4.739999999999999769e-02 -3.499999999999999639e-03 -3.283000000000000362e-01 -5.510000000000000314e-02 4.280000000000000471e-02 -8.210000000000000631e-02 -3.110000000000000264e-02 1.155999999999999943e-05 4.816360000000000433e-03 1.204090000000000108e-03 7.344099999999999023e-04 1.482250000000000061e-03 2.246759999999999990e-03 1.224999999999999791e-05 1.077808900000000181e-01 3.036010000000000444e-03 1.831840000000000378e-03 6.740410000000001366e-03 9.672100000000001399e-04 9.425138125000000000e+05 1.029600687500000000e+06
1.000000000000000000e+00 1.260000000000000009e-02 -1.142999999999999988e-01 -2.444000000000000061e-01 4.769999999999999934e-02 -9.679999999999999716e-02 -2.120000000000000009e-02 1.600000000000000033e-02 -4.489999999999999547e-02 -2.096999999999999975e-01 7.480000000000000537e-02 -1.353000000000000036e-01 -6.859999999999999432e-02 1.587600000000000046e-04 1.306448999999999978e-02 5.973136000000000417e-02 2.275290000000000125e-03 9.370240000000000166e-03 4.494400000000000066e-04 2.559999999999999884e-04 2.016009999999999504e-03 4.397409000000000040e-02 5.595040000000000777e-03 1.830609000000000056e-02 4.705959999999999484e-03 9.406503125000000000e+05 1.025268250000000000e+06
1.000000000000000000e+00 8.319999999999999618e-02 -5.840000000000000052e-02 -9.389999999999999736e-02 2.543000000000000260e-01 -7.427000000000000268e-01 -9.569999999999999341e-02 7.059999999999999609e-02 5.589999999999999830e-02 1.505000000000000226e-01 2.066000000000000336e-01 -6.459000000000000297e-01 -7.449999999999999678e-02 6.922239999999999643e-03 3.410559999999999981e-03 8.817209999999998937e-03 6.466849000000000902e-02 5.516032900000000794e-01 9.158489999999998299e-03 4.984359999999999312e-03 3.124810000000000001e-03 2.265025000000000718e-02 4.268356000000001621e-02 4.171868100000000190e-01 5.550249999999999628e-03 9.377445000000000000e+05 1.022477625000000000e+06
1.000000000000000000e+00 4.030000000000000249e-02 -4.970000000000000112e-02 2.699999999999999969e-02 2.371999999999999942e-01 -9.639999999999999680e-01 -5.759999999999999842e-02 -4.289999999999999369e-02 8.699999999999999400e-03 1.208999999999999936e-01 -1.710000000000003184e-02 -2.212999999999999412e-01 3.809999999999999498e-02 1.624090000000000126e-03 2.470090000000000306e-03 7.289999999999999388e-04 5.626383999999999552e-02 9.292959999999998999e-01 3.317759999999999893e-03 1.840409999999999355e-03 7.568999999999998852e-05 1.461680999999999918e-02 2.924100000000010849e-04 4.897368999999997252e-02 1.451609999999999663e-03 9.359966875000000000e+05 1.020735375000000000e+06
1.000000000000000000e+00 -5.899999999999999689e-02 4.336999999999999744e-01 2.475999999999999868e-01 -4.220000000000000140e-02 -2.477999999999999925e-01 -9.299999999999999239e-03 -9.929999999999999938e-02 4.833999999999999964e-01 2.205999999999999905e-01 -2.793999999999999817e-01 7.161999999999999478e-01 4.829999999999999571e-02 3.480999999999999719e-03 1.880956899999999821e-01 6.130575999999999387e-02 1.780840000000000114e-03 6.140483999999999526e-02 8.648999999999997998e-05 9.860489999999999533e-03 2.336755600000000044e-01 4.866435999999999679e-02 7.806435999999998543e-02 5.129424399999998885e-01 2.332889999999999790e-03 9.351256875000000000e+05 1.021006500000000000e+06
1.000000000000000000e+00 1.940000000000000058e-02 5.253999999999999782e-01 2.572999999999999732e-01 5.300000000000000024e-03 -6.029999999999999943e-02 4.519999999999999712e-02 7.839999999999999747e-02 9.170000000000000373e-02 9.699999999999986411e-03 4.750000000000000056e-02 1.875000000000000000e-01 5.449999999999999289e-02 3.763600000000000083e-04 2.760451599999999561e-01 6.620328999999998409e-02 2.809000000000000041e-05 3.636089999999999808e-03 2.043039999999999873e-03 6.146559999999999697e-03 8.408890000000000461e-03 9.408999999999973103e-05 2.256250000000000009e-03 3.515625000000000000e-02 2.970249999999999366e-03 9.389169375000000000e+05 1.027457687500000000e+06
1.000000000000000000e+00 1.089999999999999997e-02 8.999999999999999667e-02 -1.539000000000000090e-01 8.100000000000000255e-02 -3.647000000000000242e-01 -5.559999999999999665e-02 -8.500000000000000611e-03 -4.354000000000000092e-01 -4.112000000000000099e-01 7.570000000000000340e-02 -3.044000000000000039e-01 -1.008000000000000007e-01 1.188099999999999958e-04 8.099999999999999561e-03 2.368521000000000168e-02 6.560999999999999992e-03 1.330060900000000212e-01 3.091359999999999594e-03 7.225000000000000790e-05 1.895731600000000183e-01 1.690854400000000035e-01 5.730490000000000410e-03 9.265935999999999617e-02 1.016064000000000030e-02 9.389761250000000000e+05 1.030905750000000000e+06
1.000000000000000000e+00 5.000000000000000104e-04 -5.700000000000000205e-03 -1.154000000000000026e-01 1.285000000000000031e-01 -6.312999999999999723e-01 -4.499999999999999660e-03 -1.039999999999999952e-02 -9.569999999999999341e-02 3.850000000000000644e-02 4.750000000000000056e-02 -2.665999999999999481e-01 5.109999999999999959e-02 2.499999999999999887e-07 3.249000000000000233e-05 1.331715999999999976e-02 1.651224999999999915e-02 3.985396899999999465e-01 2.024999999999999755e-05 1.081599999999999944e-04 9.158489999999998299e-03 1.482250000000000494e-03 2.256250000000000009e-03 7.107555999999996821e-02 2.611210000000000094e-03 9.380711875000000000e+05 1.030383312500000000e+06
1.000000000000000000e+00 -7.620000000000000384e-02 1.696999999999999897e-01 9.829999999999999849e-02 1.510000000000000057e-02 -6.300000000000000044e-01 5.149999999999999717e-02 -7.670000000000000429e-02 1.754000000000000004e-01 2.137000000000000011e-01 -1.134000000000000008e-01 1.299999999999967848e-03 5.599999999999999423e-02 5.806440000000000386e-03 2.879808999999999494e-02 9.662890000000000368e-03 2.280100000000000074e-04 3.969000000000000306e-01 2.652249999999999660e-03 5.882890000000000862e-03 3.076515999999999973e-02 4.566769000000000384e-02 1.285956000000000078e-02 1.689999999999916480e-06 3.135999999999999465e-03 9.396635000000000000e+05 1.038482125000000000e+06
1.000000000000000000e+00 -3.339999999999999913e-02 4.884000000000000008e-01 3.587000000000000188e-01 -7.760000000000000231e-02 -2.454999999999999960e-01 -7.580000000000000626e-02 4.280000000000000471e-02 3.186999999999999833e-01 2.604000000000000203e-01 -9.270000000000000462e-02 3.845000000000000084e-01 -1.272999999999999965e-01 1.115560000000000032e-03 2.385345600000000066e-01 1.286656900000000270e-01 6.021760000000000133e-03 6.027024999999999744e-02 5.745640000000000643e-03 1.831840000000000378e-03 1.015696899999999903e-01 6.780816000000000621e-02 8.593290000000001691e-03 1.478402500000000064e-01 1.620529000000000067e-02 9.381709375000000000e+05 1.037248375000000000e+06
1.000000000000000000e+00 8.800000000000000530e-03 9.330000000000000515e-01 3.447999999999999954e-01 -5.899999999999999689e-02 3.277999999999999803e-01 1.330000000000000071e-01 4.220000000000000140e-02 4.446000000000000507e-01 -1.390000000000002345e-02 1.860000000000000542e-02 5.732999999999999208e-01 2.088000000000000134e-01 7.744000000000000395e-05 8.704890000000000683e-01 1.188870399999999994e-01 3.480999999999999719e-03 1.074528399999999939e-01 1.768900000000000333e-02 1.780840000000000114e-03 1.976691600000000382e-01 1.932100000000006523e-04 3.459600000000001910e-04 3.286728899999998843e-01 4.359744000000000813e-02 9.435553125000000000e+05 1.044012625000000000e+06
1.000000000000000000e+00 -5.700000000000000205e-02 4.577999999999999847e-01 8.699999999999999400e-02 -1.370000000000000037e-02 2.898999999999999910e-01 1.115000000000000019e-01 -6.579999999999999738e-02 -4.752000000000000668e-01 -2.578000000000000291e-01 4.529999999999999305e-02 -3.789999999999998925e-02 -2.150000000000000522e-02 3.249000000000000152e-03 2.095808399999999905e-01 7.568999999999999340e-03 1.876900000000000139e-04 8.404201000000000032e-02 1.243225000000000059e-02 4.329640000000000051e-03 2.258150400000000502e-01 6.646084000000002101e-02 2.052089999999999470e-03 1.436409999999999293e-03 4.622500000000002041e-04 9.423836250000000000e+05 1.035892187500000000e+06
1.000000000000000000e+00 6.300000000000000044e-03 -3.090999999999999859e-01 -1.695000000000000118e-01 9.779999999999999805e-02 -1.050000000000000065e-02 4.760000000000000342e-02 6.329999999999999516e-02 -7.668999999999999151e-01 -2.565000000000000058e-01 1.115000000000000019e-01 -3.004000000000000004e-01 -6.389999999999999847e-02 3.969000000000000116e-05 9.554280999999999191e-02 2.873025000000000231e-02 9.564839999999999801e-03 1.102500000000000100e-04 2.265760000000000343e-03 4.006889999999999064e-03 5.881356099999999199e-01 6.579224999999999657e-02 1.243225000000000059e-02 9.024015999999999982e-02 4.083209999999999444e-03 9.395321250000000000e+05 1.031828875000000000e+06
1.000000000000000000e+00 1.257999999999999952e-01 -3.529999999999999805e-02 -2.407999999999999863e-01 9.669999999999999429e-02 6.500000000000000222e-02 2.089999999999999844e-02 1.194999999999999951e-01 2.737999999999999878e-01 -7.129999999999997451e-02 -1.100000000000003753e-03 7.549999999999999767e-02 -2.670000000000000498e-02 1.582563999999999846e-02 1.246089999999999828e-03 5.798463999999999008e-02 9.350889999999998856e-03 4.225000000000000457e-03 4.368099999999999327e-04 1.428024999999999954e-02 7.496643999999999530e-02 5.083689999999996614e-03 1.210000000000008320e-06 5.700249999999999588e-03 7.128900000000003116e-04 9.419847500000000000e+05 1.035089187500000000e+06
1.000000000000000000e+00 1.190000000000000085e-02 1.434999999999999887e-01 3.459999999999999881e-02 8.949999999999999623e-02 3.989999999999999797e-02 -3.030000000000000054e-02 -1.139000000000000012e-01 1.787999999999999867e-01 2.753999999999999782e-01 -7.199999999999998068e-03 -2.510000000000000425e-02 -5.119999999999999551e-02 1.416100000000000214e-04 2.059224999999999597e-02 1.197159999999999848e-03 8.010250000000000009e-03 1.592009999999999823e-03 9.180899999999999868e-04 1.297321000000000064e-02 3.196943999999999481e-02 7.584515999999999480e-02 5.183999999999997123e-05 6.300100000000001836e-04 2.621439999999999621e-03 9.424913750000000000e+05 1.033181812500000000e+06
1.000000000000000000e+00 2.599999999999999881e-03 -5.229999999999999927e-02 1.600000000000000077e-03 7.649999999999999856e-02 -1.681999999999999884e-01 -1.260000000000000009e-02 -9.300000000000000974e-03 -1.957999999999999741e-01 -3.300000000000000155e-02 -1.299999999999999767e-02 -2.080999999999999794e-01 1.770000000000000046e-02 6.759999999999999652e-06 2.735290000000000030e-03 2.560000000000000054e-06 5.852249999999999813e-03 2.829123999999999528e-02 1.587600000000000046e-04 8.649000000000002064e-05 3.833763999999999228e-02 1.089000000000000124e-03 1.689999999999999337e-04 4.330560999999999439e-02 3.132900000000000311e-04 9.405402500000000000e+05 1.026705250000000000e+06
1.000000000000000000e+00 1.799999999999999951e-03 2.797000000000000042e-01 2.390000000000000110e-02 8.429999999999999993e-02 -2.630000000000000046e-02 4.839999999999999858e-02 -7.999999999999999299e-04 3.320000000000000173e-01 2.230000000000000038e-02 7.800000000000001377e-03 1.418999999999999984e-01 6.099999999999999867e-02 3.239999999999999896e-06 7.823209000000000413e-02 5.712100000000000554e-04 7.106490000000000029e-03 6.916900000000000132e-04 2.342560000000000042e-03 6.399999999999999075e-07 1.102240000000000164e-01 4.972900000000000584e-04 6.084000000000002058e-05 2.013560999999999823e-02 3.720999999999999915e-03 9.406928750000000000e+05 1.022518000000000000e+06
1.000000000000000000e+00 6.069999999999999701e-02 4.487999999999999767e-01 -1.019000000000000045e-01 1.183000000000000024e-01 -8.490000000000000324e-02 1.265000000000000013e-01 5.889999999999999403e-02 1.690999999999999726e-01 -1.257999999999999952e-01 3.400000000000000244e-02 -5.859999999999999931e-02 7.810000000000000275e-02 3.684489999999999467e-03 2.014214399999999794e-01 1.038361000000000145e-02 1.399489000000000115e-02 7.208010000000000805e-03 1.600224999999999911e-02 3.469209999999999482e-03 2.859480999999999135e-02 1.582563999999999846e-02 1.156000000000000126e-03 3.433959999999999790e-03 6.099610000000000101e-03 9.405290625000000000e+05 1.025486812500000000e+06
1.000000000000000000e+00 6.510000000000000508e-02 -3.180000000000000188e-02 -2.199000000000000121e-01 1.943999999999999895e-01 -2.205000000000000016e-01 2.114999999999999936e-01 4.400000000000008071e-03 -4.805999999999999717e-01 -1.180000000000000077e-01 7.609999999999998710e-02 -1.355999999999999983e-01 8.499999999999999223e-02 4.238010000000000388e-03 1.011240000000000056e-03 4.835601000000000482e-02 3.779135999999999607e-02 4.862025000000000374e-02 4.473224999999999424e-02 1.936000000000007214e-05 2.309763599999999639e-01 1.392400000000000235e-02 5.791209999999998026e-03 1.838735999999999843e-02 7.224999999999998784e-03 9.423735000000000000e+05 1.026075312500000000e+06
1.000000000000000000e+00 1.015000000000000069e-01 -1.174000000000000044e-01 -1.779999999999999916e-01 -1.899999999999999996e-03 -8.640000000000000457e-02 -2.920000000000000026e-02 3.640000000000000180e-02 -8.560000000000000941e-02 4.190000000000002056e-02 -1.963000000000000023e-01 1.340999999999999970e-01 -2.406999999999999973e-01 1.030225000000000064e-02 1.378276000000000154e-02 3.168399999999999689e-02 3.610000000000000165e-06 7.464960000000000519e-03 8.526399999999999951e-04 1.324960000000000027e-03 7.327360000000001511e-03 1.755610000000001631e-03 3.853369000000000238e-02 1.798280999999999838e-02 5.793649000000000021e-02 9.419868750000000000e+05 1.024156500000000000e+06
1.000000000000000000e+00 2.411000000000000087e-01 5.310000000000000137e-02 -8.509999999999999509e-02 2.508000000000000229e-01 -6.349000000000000199e-01 3.579999999999999849e-01 1.396000000000000019e-01 1.705000000000000127e-01 9.289999999999999647e-02 2.527000000000000357e-01 -5.484999999999999876e-01 3.871999999999999886e-01 5.812921000000000754e-02 2.819610000000000172e-03 7.242009999999999247e-03 6.290064000000000766e-02 4.030980100000000066e-01 1.281640000000000001e-01 1.948816000000000090e-02 2.907025000000000581e-02 8.630409999999999818e-03 6.385729000000002487e-02 3.008522499999999877e-01 1.499238400000000027e-01 9.390358125000000000e+05 1.025452875000000000e+06
1.000000000000000000e+00 1.620000000000000051e-01 6.199999999999999782e-03 4.139999999999999930e-02 4.986999999999999766e-01 -8.838000000000000300e-01 3.709000000000000075e-01 -7.910000000000000364e-02 -4.690000000000000419e-02 1.265000000000000013e-01 2.478999999999999537e-01 -2.489000000000000101e-01 1.290000000000002256e-02 2.624399999999999997e-02 3.843999999999999788e-05 1.713960000000000049e-03 2.487016899999999753e-01 7.811024400000000645e-01 1.375668100000000116e-01 6.256810000000000670e-03 2.199610000000000280e-03 1.600224999999999911e-02 6.145440999999998016e-02 6.195121000000000655e-02 1.664100000000005701e-04 9.403163750000000000e+05 1.030639937500000000e+06
1.000000000000000000e+00 1.937000000000000111e-01 2.555000000000000049e-01 3.624999999999999889e-01 1.872999999999999943e-01 -3.353999999999999759e-01 7.560000000000000053e-02 3.170000000000000595e-02 2.492999999999999938e-01 3.210999999999999965e-01 -3.114000000000000101e-01 5.483999999999999986e-01 -2.953000000000000069e-01 3.751969000000000137e-02 6.528024999999999800e-02 1.314062500000000022e-01 3.508129000000000108e-02 1.124931599999999809e-01 5.715360000000000058e-03 1.004890000000000470e-03 6.215048999999999574e-02 1.031052100000000027e-01 9.696996000000000782e-02 3.007425599999999921e-01 8.720209000000000987e-02 9.403598125000000000e+05 1.033971187500000000e+06
1.000000000000000000e+00 1.318999999999999895e-01 9.054999999999999716e-01 3.936999999999999944e-01 -4.410000000000000031e-02 3.981999999999999984e-01 1.241000000000000020e-01 -6.180000000000002158e-02 6.499999999999999112e-01 3.120000000000000551e-02 -2.313999999999999946e-01 7.336000000000000298e-01 4.850000000000000144e-02 1.739760999999999738e-02 8.199302499999999716e-01 1.549996899999999955e-01 1.944809999999999942e-03 1.585632399999999942e-01 1.540081000000000089e-02 3.819240000000002824e-03 4.224999999999998757e-01 9.734400000000003293e-04 5.354595999999999661e-02 5.381689600000000295e-01 2.352250000000000174e-03 9.440372500000000000e+05 1.037050437500000000e+06
1.000000000000000000e+00 1.678000000000000047e-01 5.825000000000000178e-01 -6.840000000000000246e-02 -8.800000000000000530e-03 4.708999999999999853e-01 7.681999999999999940e-01 3.590000000000001523e-02 -3.229999999999999538e-01 -4.621000000000000107e-01 3.529999999999999805e-02 7.269999999999998685e-02 6.441000000000000059e-01 2.815684000000000242e-02 3.393062500000000314e-01 4.678560000000000010e-03 7.744000000000000395e-05 2.217468099999999886e-01 5.901312399999999458e-01 1.288810000000001127e-03 1.043289999999999634e-01 2.135364100000000098e-01 1.246089999999999828e-03 5.285289999999998045e-03 4.148648100000000283e-01 9.456041875000000000e+05 1.037440937500000000e+06
1.000000000000000000e+00 2.871000000000000218e-01 -2.920000000000000026e-02 1.710000000000000062e-02 1.837000000000000022e-01 3.951999999999999957e-01 4.934000000000000052e-01 1.193000000000000171e-01 -6.117000000000000215e-01 8.550000000000000655e-02 1.925000000000000044e-01 -7.569999999999998952e-02 -2.747999999999999887e-01 8.242641000000001938e-02 8.526399999999999951e-04 2.924100000000000006e-04 3.374569000000000180e-02 1.561830399999999952e-01 2.434435600000000033e-01 1.423249000000000389e-02 3.741768900000000397e-01 7.310250000000000775e-03 3.705624999999999891e-02 5.730489999999998675e-03 7.551503999999999162e-02 9.446233750000000000e+05 1.026725250000000000e+06
1.000000000000000000e+00 4.163999999999999924e-01 2.726999999999999980e-01 5.806000000000000050e-01 4.819999999999999979e-02 3.795000000000000040e-01 5.644000000000000128e-01 1.292999999999999705e-01 3.019000000000000017e-01 5.635000000000000009e-01 -1.355000000000000093e-01 -1.569999999999999174e-02 7.100000000000000755e-02 1.733889599999999809e-01 7.436529000000000056e-02 3.370963599999999838e-01 2.323239999999999854e-03 1.440202500000000163e-01 3.185473600000000016e-01 1.671848999999999211e-02 9.114360999999999990e-02 3.175322500000000159e-01 1.836025000000000157e-02 2.464899999999997627e-04 5.041000000000001209e-03 9.396888125000000000e+05 1.026269000000000000e+06
1.000000000000000000e+00 5.524999999999999911e-01 3.860000000000000236e-02 1.231000000000000011e-01 7.491999999999999771e-01 -6.462999999999999856e-01 4.198999999999999955e-01 1.360999999999999988e-01 -2.341000000000000025e-01 -4.575000000000000178e-01 7.009999999999999565e-01 -1.025800000000000045e+00 -1.445000000000000173e-01 3.052562500000000068e-01 1.489960000000000243e-03 1.515360999999999965e-02 5.613006400000000173e-01 4.177036899999999608e-01 1.763160099999999952e-01 1.852320999999999829e-02 5.480281000000000041e-02 2.093062500000000270e-01 4.914009999999999212e-01 1.052265640000000113e+00 2.088025000000000644e-02 9.375645000000000000e+05 1.035245750000000000e+06
1.000000000000000000e+00 5.917000000000000037e-01 -1.945000000000000062e-01 -3.396000000000000130e-01 1.266000000000000014e+00 -7.995999999999999774e-01 -1.439999999999999961e-02 3.920000000000001261e-02 -2.331000000000000016e-01 -4.627000000000000002e-01 5.168000000000000371e-01 -1.532999999999999918e-01 -4.343000000000000194e-01 3.501088900000000059e-01 3.783025000000000276e-02 1.153281600000000129e-01 1.602756000000000070e+00 6.393601599999999552e-01 2.073599999999999933e-04 1.536640000000001009e-03 5.433560999999999946e-02 2.140912899999999897e-01 2.670822400000000263e-01 2.350088999999999650e-02 1.886164900000000255e-01 9.431886875000000000e+05 1.036049125000000000e+06
1.000000000000000000e+00 2.592999999999999750e-01 2.867000000000000104e-01 3.044000000000000039e-01 2.621999999999999886e-01 -6.208000000000000185e-01 1.819000000000000061e-01 -3.324000000000000288e-01 4.812000000000000166e-01 6.440000000000000169e-01 -1.003800000000000026e+00 1.787999999999999590e-01 1.963000000000000023e-01 6.723648999999998210e-02 8.219689000000000856e-02 9.265935999999999617e-02 6.874883999999999162e-02 3.853926400000000085e-01 3.308761000000000341e-02 1.104897600000000202e-01 2.315534400000000270e-01 4.147360000000000491e-01 1.007614440000000000e+00 3.196943999999998787e-02 3.853369000000000238e-02 9.402745625000000000e+05 1.034396312500000000e+06
1.000000000000000000e+00 -1.670999999999999985e-01 7.145000000000000240e-01 2.154999999999999971e-01 -5.729999999999999538e-01 -3.674000000000000044e-01 -6.550000000000000266e-02 -4.264000000000000012e-01 4.278000000000000136e-01 -8.890000000000000679e-02 -8.351999999999999424e-01 2.534000000000000141e-01 -2.474000000000000088e-01 2.792240999999999820e-02 5.105102500000000543e-01 4.644024999999999542e-02 3.283289999999999265e-01 1.349827600000000072e-01 4.290250000000000660e-03 1.818169599999999997e-01 1.830128400000000100e-01 7.903210000000000790e-03 6.975590399999999081e-01 6.421156000000000086e-02 6.120676000000000588e-02 9.433035000000000000e+05 1.034139937500000000e+06
1.000000000000000000e+00 -1.724999999999999867e-01 1.965999999999999970e-01 -1.359999999999999924e-02 -4.993000000000000216e-01 -2.953999999999999959e-01 1.400000000000000029e-02 -5.399999999999988143e-03 -5.179000000000000270e-01 -2.290999999999999981e-01 7.369999999999993223e-02 7.200000000000000844e-02 7.950000000000000122e-02 2.975624999999999451e-02 3.865156000000000147e-02 1.849599999999999910e-04 2.493004900000000135e-01 8.726116000000000428e-02 1.960000000000000208e-04 2.915999999999987328e-05 2.682204100000000202e-01 5.248681000000000180e-02 5.431689999999989894e-03 5.184000000000001107e-03 6.320250000000000347e-03 9.432797500000000000e+05 1.032970750000000000e+06
1.000000000000000000e+00 -2.215000000000000024e-01 -1.011999999999999983e-01 -1.329999999999999932e-02 -1.388999999999999957e-01 -1.219999999999999973e-01 -8.160000000000000586e-02 -4.900000000000001577e-02 -2.978000000000000091e-01 2.999999999999999195e-04 3.604000000000000536e-01 1.733999999999999986e-01 -9.560000000000000442e-02 4.906225000000000169e-02 1.024143999999999922e-02 1.768899999999999954e-04 1.929320999999999814e-02 1.488399999999999966e-02 6.658560000000000867e-03 2.401000000000001657e-03 8.868484000000000089e-02 8.999999999999994563e-08 1.298881600000000303e-01 3.006756000000000012e-02 9.139360000000000886e-03 9.422276875000000000e+05 1.026607812500000000e+06
1.000000000000000000e+00 -6.690000000000000113e-02 3.311000000000000054e-01 -4.290000000000000063e-02 1.260000000000000009e-02 6.859999999999999432e-02 -3.309999999999999748e-02 1.546000000000000152e-01 4.323000000000000176e-01 -2.960000000000000131e-02 1.514999999999999958e-01 1.905999999999999917e-01 4.850000000000000838e-02 4.475610000000000525e-03 1.096272100000000027e-01 1.840410000000000006e-03 1.587600000000000046e-04 4.705959999999999484e-03 1.095609999999999900e-03 2.390116000000000462e-02 1.868832900000000075e-01 8.761600000000000681e-04 2.295225000000000043e-02 3.632835999999999704e-02 2.352250000000000608e-03 9.421391875000000000e+05 1.025111187500000000e+06
1.000000000000000000e+00 1.059999999999999970e-01 5.739999999999999963e-02 9.130000000000000615e-02 2.974999999999999867e-01 -2.964999999999999858e-01 -1.537999999999999923e-01 1.728999999999999981e-01 -2.736999999999999988e-01 1.342000000000000137e-01 2.848999999999999866e-01 -3.650999999999999801e-01 -1.207000000000000017e-01 1.123599999999999946e-02 3.294759999999999876e-03 8.335690000000001501e-03 8.850624999999999465e-02 8.791224999999999734e-02 2.365443999999999880e-02 2.989440999999999973e-02 7.491169000000000300e-02 1.800964000000000384e-02 8.116800999999999877e-02 1.332980099999999946e-01 1.456848999999999991e-02 9.404436250000000000e+05 1.023682187500000000e+06
1.000000000000000000e+00 2.263999999999999901e-01 -5.109999999999999959e-02 5.859999999999999931e-02 3.835000000000000075e-01 -4.801000000000000267e-01 -1.915999999999999925e-01 1.203999999999999931e-01 -1.084999999999999992e-01 -3.270000000000000684e-02 8.600000000000002087e-02 -1.836000000000000409e-01 -3.780000000000000027e-02 5.125695999999999725e-02 2.611210000000000094e-03 3.433959999999999790e-03 1.470722500000000155e-01 2.304960100000000289e-01 3.671055999999999625e-02 1.449615999999999752e-02 1.177224999999999973e-02 1.069290000000000518e-03 7.396000000000003266e-03 3.370896000000001697e-02 1.428840000000000015e-03 9.404723125000000000e+05 1.024362312500000000e+06
1.000000000000000000e+00 2.299999999999999961e-03 8.079999999999999682e-02 -1.960999999999999965e-01 4.431999999999999829e-01 -9.065999999999999615e-01 -2.018999999999999961e-01 -2.240999999999999936e-01 1.318999999999999895e-01 -2.546999999999999820e-01 5.969999999999997531e-02 -4.264999999999999347e-01 -1.030000000000000360e-02 5.290000000000000174e-06 6.528639999999999617e-03 3.845520999999999662e-02 1.964262399999999742e-01 8.219235599999998865e-01 4.076360999999999873e-02 5.022080999999999767e-02 1.739760999999999738e-02 6.487208999999999337e-02 3.564089999999997191e-03 1.819022499999999321e-01 1.060900000000000769e-04 9.390768125000000000e+05 1.029031500000000000e+06
1.000000000000000000e+00 -1.008000000000000007e-01 1.761000000000000065e-01 -4.259999999999999898e-01 4.919999999999999929e-01 -9.691999999999999504e-01 -4.328000000000000180e-01 -1.030999999999999972e-01 9.530000000000000970e-02 -2.298999999999999932e-01 4.880000000000001004e-02 -6.259999999999998899e-02 -2.309000000000000219e-01 1.016064000000000030e-02 3.101121000000000086e-02 1.814759999999999984e-01 2.420640000000000014e-01 9.393486399999999570e-01 1.873158400000000112e-01 1.062960999999999941e-02 9.082090000000000996e-03 5.285400999999999988e-02 2.381440000000001160e-03 3.918759999999998564e-03 5.331481000000001108e-02 9.396016250000000000e+05 1.032670062500000000e+06
1.000000000000000000e+00 -1.105000000000000010e-01 6.451000000000000068e-01 6.621000000000000218e-01 -9.429999999999999494e-02 -4.470999999999999974e-01 -2.796000000000000152e-01 -9.700000000000000289e-03 4.689999999999999725e-01 1.088100000000000067e+00 -5.863000000000000433e-01 5.221000000000000085e-01 1.532000000000000028e-01 1.221025000000000062e-02 4.161540100000000186e-01 4.383764100000000496e-01 8.892489999999999423e-03 1.998984099999999986e-01 7.817616000000000842e-02 9.409000000000000208e-05 2.199609999999999621e-01 1.183961610000000109e+00 3.437476900000000501e-01 2.725884100000000032e-01 2.347023999999999985e-02 9.278029375000000000e+05 1.019265687500000000e+06
1.000000000000000000e+00 -2.419999999999999929e-01 4.854999999999999871e-01 5.655999999999999917e-01 -4.166000000000000258e-01 -1.814000000000000057e-01 -1.233999999999999958e-01 -1.315000000000000058e-01 -1.596000000000000196e-01 -9.650000000000003020e-02 -3.223000000000000309e-01 2.656999999999999917e-01 1.562000000000000055e-01 5.856399999999999800e-02 2.357102499999999823e-01 3.199033599999999700e-01 1.735555600000000254e-01 3.290596000000000493e-02 1.522755999999999936e-02 1.729225000000000206e-02 2.547216000000000757e-02 9.312250000000006286e-03 1.038772900000000249e-01 7.059648999999999786e-02 2.439844000000000040e-02 9.410605000000000000e+05 1.035279437500000000e+06
1.000000000000000000e+00 -3.517000000000000126e-01 2.459999999999999964e-01 -5.410000000000000364e-01 -5.159000000000000252e-01 1.183000000000000024e-01 -1.295999999999999930e-01 -1.097000000000000197e-01 -2.394999999999999907e-01 -1.106600000000000028e+00 -9.929999999999999938e-02 2.997000000000000219e-01 -6.199999999999997180e-03 1.236928900000000137e-01 6.051600000000000035e-02 2.926810000000000245e-01 2.661528100000000174e-01 1.399489000000000115e-02 1.679615999999999748e-02 1.203409000000000423e-02 5.736024999999999457e-02 1.224563559999999995e+00 9.860489999999999533e-03 8.982009000000001908e-02 3.843999999999996400e-05 9.377748750000000000e+05 1.031464000000000000e+06
1.000000000000000000e+00 -1.221000000000000002e-01 2.606999999999999873e-01 1.078999999999999959e-01 -8.419999999999999707e-02 4.536000000000000032e-01 -1.300999999999999934e-01 2.296000000000000263e-01 1.469999999999999085e-02 6.489000000000000323e-01 4.317000000000000282e-01 3.352999999999999869e-01 -5.000000000000004441e-04 1.490841000000000041e-02 6.796448999999998852e-02 1.164240999999999887e-02 7.089639999999999484e-03 2.057529600000000125e-01 1.692600999999999828e-02 5.271616000000001190e-02 2.160899999999997285e-04 4.210712100000000291e-01 1.863648900000000330e-01 1.124260899999999924e-01 2.500000000000004651e-07 9.376571875000000000e+05 1.026496500000000000e+06
1.000000000000000000e+00 4.799999999999999580e-03 6.700000000000000226e-03 5.619999999999999996e-02 3.627000000000000224e-01 1.794999999999999929e-01 -1.170000000000000068e-01 1.269000000000000128e-01 -2.540000000000000036e-01 -5.169999999999999596e-02 4.469000000000000195e-01 -2.741000000000000103e-01 1.309999999999998666e-02 2.303999999999999625e-05 4.489000000000000558e-05 3.158440000000000206e-03 1.315512900000000152e-01 3.222024999999999889e-02 1.368900000000000151e-02 1.610361000000000431e-02 6.451600000000000390e-02 2.672889999999999381e-03 1.997196100000000196e-01 7.513081000000000620e-02 1.716099999999996393e-04 9.417543125000000000e+05 1.032552000000000000e+06
1.000000000000000000e+00 -5.131999999999999895e-01 -8.029999999999999638e-02 -3.864000000000000212e-01 -1.375499999999999945e+00 -1.132999999999999979e-01 -4.697000000000000064e-01 -5.180000000000000160e-01 -8.699999999999999400e-02 -4.425999999999999934e-01 -1.738199999999999967e+00 -2.928000000000000047e-01 -3.527000000000000135e-01 2.633742399999999817e-01 6.448089999999999204e-03 1.493049600000000143e-01 1.892000249999999939e+00 1.283689000000000011e-02 2.206180900000000167e-01 2.683240000000000069e-01 7.568999999999999340e-03 1.958947600000000011e-01 3.021339240000000093e+00 8.573184000000000360e-02 1.243972900000000076e-01 9.415225000000000000e+05 1.035298625000000000e+06
1.000000000000000000e+00 -7.870000000000000606e-02 1.288999999999999868e-01 -1.092999999999999944e-01 -1.320000000000000062e-01 -1.799999999999999951e-03 -5.870000000000000218e-02 4.344999999999999973e-01 2.091999999999999971e-01 2.771000000000000130e-01 1.243500000000000050e+00 1.115000000000000019e-01 4.110000000000000320e-01 6.193690000000000827e-03 1.661520999999999831e-02 1.194648999999999885e-02 1.742400000000000199e-02 3.239999999999999896e-06 3.445690000000000384e-03 1.887902499999999928e-01 4.376464000000000049e-02 7.678441000000001126e-02 1.546292250000000035e+00 1.243225000000000059e-02 1.689210000000000156e-01 9.419696875000000000e+05 1.031375062500000000e+06
1.000000000000000000e+00 1.592999999999999972e-01 1.680999999999999994e-01 6.900000000000000577e-02 1.371399999999999952e+00 -1.426999999999999935e-01 2.059999999999999887e-01 2.379999999999999893e-01 3.920000000000001261e-02 1.783000000000000140e-01 1.503400000000000070e+00 -1.408999999999999975e-01 2.646999999999999909e-01 2.537648999999999808e-02 2.825760999999999898e-02 4.761000000000000475e-03 1.880737959999999820e+00 2.036328999999999917e-02 4.243599999999999456e-02 5.664399999999999297e-02 1.536640000000001009e-03 3.179089000000000220e-02 2.260211560000000119e+00 1.985280999999999851e-02 7.006608999999999754e-02 9.413588750000000000e+05 1.029819875000000000e+06
1.000000000000000000e+00 -2.549999999999999836e-02 1.540999999999999870e-01 -2.721999999999999975e-01 7.839999999999999747e-02 -8.140000000000000013e-02 -9.030000000000000526e-02 -1.847999999999999921e-01 -1.400000000000001243e-02 -3.412000000000000033e-01 -1.292999999999999927e+00 6.129999999999999338e-02 -2.963000000000000078e-01 6.502499999999998949e-04 2.374680999999999667e-02 7.409283999999999315e-02 6.146559999999999697e-03 6.625960000000000183e-03 8.154090000000000990e-03 3.415103999999999362e-02 1.960000000000003460e-04 1.164174399999999970e-01 1.671848999999999918e+00 3.757689999999999295e-03 8.779369000000000756e-02 9.424395000000000000e+05 1.031755750000000000e+06
