1.000000000000000000e+00 -0.000000000000000000e+00 0.000000000000000000e+00 0.000000000000000000e+00 0.000000000000000000e+00 -0.000000000000000000e+00 0.000000000000000000e+00 0.000000000000000000e+00 0.000000000000000000e+00 0.000000000000000000e+00 0.000000000000000000e+00 0.000000000000000000e+00 0.000000000000000000e+00 0.000000000000000000e+00 0.000000000000000000e+00 0.000000000000000000e+00 0.000000000000000000e+00 0.000000000000000000e+00 0.000000000000000000e+00 0.000000000000000000e+00 0.000000000000000000e+00 0.000000000000000000e+00 0.000000000000000000e+00 0.000000000000000000e+00 0.000000000000000000e+00 1.317276750000000000e+06 1.387576000000000000e+06
1.000000000000000000e+00 -1.669999999999999957e-02 1.105000000000000010e-01 1.812999999999999889e-01 -6.000000000000000125e-03 2.060000000000000026e-02 2.069999999999999965e-02 -1.669999999999999957e-02 1.105000000000000010e-01 1.812999999999999889e-01 -6.000000000000000125e-03 2.060000000000000026e-02 2.069999999999999965e-02 2.788900000000000081e-04 1.221025000000000062e-02 3.286968999999999308e-02 3.600000000000000091e-05 4.243600000000000367e-04 4.284900000000000124e-04 2.788900000000000081e-04 1.221025000000000062e-02 3.286968999999999308e-02 3.600000000000000091e-05 4.243600000000000367e-04 4.284900000000000124e-04 1.314702000000000000e+06 1.383782250000000000e+06
1.000000000000000000e+00 -9.499999999999999764e-03 4.420999999999999930e-01 2.602999999999999758e-01 5.300000000000000024e-03 5.199999999999999761e-03 8.000000000000000167e-03 7.199999999999999803e-03 3.316000000000000059e-01 7.899999999999998690e-02 1.130000000000000102e-02 -1.540000000000000049e-02 -1.269999999999999948e-02 9.024999999999999819e-05 1.954524099999999931e-01 6.775608999999999105e-02 2.809000000000000041e-05 2.703999999999999861e-05 6.399999999999999710e-05 5.183999999999999833e-05 1.099585600000000107e-01 6.240999999999998285e-03 1.276900000000000192e-04 2.371600000000000129e-04 1.612899999999999957e-04 1.316211750000000000e+06 1.385619250000000000e+06
1.000000000000000000e+00 1.340000000000000045e-02 6.451999999999999957e-01 1.052000000000000018e-01 1.559999999999999928e-02 -1.329999999999999932e-02 -3.749999999999999861e-02 2.290000000000000022e-02 2.031000000000000028e-01 -1.550999999999999601e-01 1.030000000000000013e-02 -1.849999999999999908e-02 -4.549999999999999878e-02 1.795600000000000223e-04 4.162830399999999931e-01 1.106704000000000021e-02 2.433599999999999739e-04 1.768899999999999954e-04 1.406249999999999948e-03 5.244100000000000020e-04 4.124960999999999905e-02 2.405600999999998879e-02 1.060900000000000092e-04 3.422499999999999436e-04 2.070250000000000042e-03 1.320628875000000000e+06 1.397838500000000000e+06
1.000000000000000000e+00 2.799999999999999972e-03 1.880999999999999894e-01 7.799999999999999642e-03 1.909999999999999892e-02 4.639999999999999680e-02 8.800000000000000530e-03 -1.060000000000000005e-02 -4.571000000000000063e-01 -9.740000000000000047e-02 3.499999999999999639e-03 5.969999999999999613e-02 4.630000000000000088e-02 7.839999999999999476e-06 3.538160999999999390e-02 6.083999999999999348e-05 3.648099999999999715e-04 2.152959999999999770e-03 7.744000000000000395e-05 1.123600000000000016e-04 2.089404099999999931e-01 9.486760000000000331e-03 1.224999999999999791e-05 3.564089999999999359e-03 2.143690000000000179e-03 1.319381125000000000e+06 1.395875875000000000e+06
1.000000000000000000e+00 1.499999999999999944e-02 5.960000000000000020e-02 1.340999999999999970e-01 -1.499999999999999944e-02 1.355000000000000093e-01 -4.499999999999999660e-03 1.219999999999999904e-02 -1.285000000000000031e-01 1.262999999999999956e-01 -3.409999999999999837e-02 8.910000000000001252e-02 -1.329999999999999932e-02 2.249999999999999938e-04 3.552159999999999953e-03 1.798280999999999838e-02 2.249999999999999938e-04 1.836025000000000157e-02 2.024999999999999755e-05 1.488399999999999641e-04 1.651224999999999915e-02 1.595168999999999754e-02 1.162809999999999799e-03 7.938810000000002740e-03 1.768899999999999954e-04 1.317579125000000000e+06 1.388937750000000000e+06
1.000000000000000000e+00 2.599999999999999881e-03 3.098000000000000198e-01 1.436000000000000054e-01 1.469999999999999953e-02 1.147999999999999993e-01 5.680000000000000326e-02 -1.239999999999999956e-02 2.502000000000000335e-01 9.500000000000008438e-03 2.969999999999999724e-02 -2.070000000000001006e-02 6.130000000000000032e-02 6.759999999999999652e-06 9.597604000000001245e-02 2.062096000000000068e-02 2.160899999999999995e-04 1.317903999999999951e-02 3.226240000000000444e-03 1.537599999999999915e-04 6.260004000000002344e-02 9.025000000000016082e-05 8.820899999999998707e-04 4.284900000000003918e-04 3.757690000000000162e-03 1.315959250000000000e+06 1.384801500000000000e+06
1.000000000000000000e+00 3.660000000000000059e-02 4.573999999999999733e-01 1.549000000000000099e-01 4.400000000000000265e-03 1.151999999999999968e-01 2.230000000000000038e-02 3.400000000000000244e-02 1.475999999999999535e-01 1.130000000000000449e-02 -1.030000000000000013e-02 3.999999999999975797e-04 -3.450000000000000289e-02 1.339560000000000056e-03 2.092147599999999719e-01 2.399401000000000311e-02 1.936000000000000099e-05 1.327103999999999957e-02 4.972900000000000584e-04 1.156000000000000126e-03 2.178575999999998736e-02 1.276900000000001005e-04 1.060900000000000092e-04 1.599999999999980711e-07 1.190250000000000119e-03 1.318180375000000000e+06 1.387844125000000000e+06
1.000000000000000000e+00 1.519999999999999997e-02 4.722999999999999976e-01 1.368000000000000049e-01 -7.000000000000000666e-02 4.610000000000000209e-02 -1.669999999999999957e-02 -2.140000000000000235e-02 1.490000000000002434e-02 -1.810000000000000497e-02 -7.440000000000000779e-02 -6.909999999999999476e-02 -3.899999999999999994e-02 2.310400000000000106e-04 2.230672900000000014e-01 1.871424000000000004e-02 4.900000000000000709e-03 2.125210000000000207e-03 2.788900000000000081e-04 4.579600000000000944e-04 2.220100000000007289e-04 3.276100000000002057e-04 5.535360000000001321e-03 4.774809999999999124e-03 1.521000000000000000e-03 1.318545125000000000e+06 1.391871500000000000e+06
1.000000000000000000e+00 -3.119999999999999857e-02 1.283999999999999864e-01 -4.880000000000000310e-02 6.799999999999999621e-03 6.819999999999999674e-02 -7.580000000000000626e-02 -4.639999999999999680e-02 -3.438999999999999835e-01 -1.856000000000000150e-01 7.680000000000000715e-02 2.209999999999999465e-02 -5.910000000000000669e-02 9.734399999999998956e-04 1.648655999999999733e-02 2.381440000000000293e-03 4.623999999999999774e-05 4.651239999999999195e-03 5.745640000000000643e-03 2.152959999999999770e-03 1.182672099999999837e-01 3.444736000000000326e-02 5.898240000000000774e-03 4.884099999999997775e-04 3.492810000000000706e-03 1.318984250000000000e+06 1.394383875000000000e+06
1.000000000000000000e+00 4.299999999999999656e-02 1.656999999999999862e-01 7.059999999999999609e-02 -3.620000000000000301e-02 2.106999999999999984e-01 -5.739999999999999963e-02 7.419999999999998819e-02 3.729999999999999982e-02 1.194000000000000061e-01 -4.300000000000000350e-02 1.425000000000000155e-01 1.840000000000000663e-02 1.848999999999999732e-03 2.745648999999999659e-02 4.984359999999999312e-03 1.310440000000000172e-03 4.439449000000000173e-02 3.294759999999999876e-03 5.505639999999998278e-03 1.391289999999999888e-03 1.425636000000000091e-02 1.849000000000000383e-03 2.030625000000000485e-02 3.385600000000002279e-04 1.319652000000000000e+06 1.397281375000000000e+06
1.000000000000000000e+00 -3.470000000000000168e-02 3.811999999999999833e-01 2.240000000000000047e-01 1.389999999999999916e-02 1.060999999999999999e-01 -9.719999999999999474e-02 -7.769999999999999130e-02 2.154999999999999971e-01 1.534000000000000086e-01 5.010000000000000564e-02 -1.045999999999999985e-01 -3.979999999999999510e-02 1.204090000000000108e-03 1.453134399999999882e-01 5.017600000000000532e-02 1.932099999999999746e-04 1.125721000000000013e-02 9.447839999999999017e-03 6.037289999999998977e-03 4.644024999999999542e-02 2.353156000000000345e-02 2.510010000000000453e-03 1.094116000000000012e-02 1.584039999999999667e-03 1.318802500000000000e+06 1.394467000000000000e+06
1.000000000000000000e+00 -1.799999999999999864e-02 3.805000000000000049e-01 7.049999999999999323e-02 -5.619999999999999996e-02 1.037000000000000005e-01 -9.450000000000000067e-02 1.670000000000000304e-02 -6.999999999999784173e-04 -1.535000000000000253e-01 -7.009999999999999565e-02 -2.399999999999999356e-03 2.699999999999994071e-03 3.239999999999999608e-04 1.447802499999999992e-01 4.970249999999998974e-03 3.158440000000000206e-03 1.075368999999999978e-02 8.930250000000000687e-03 2.788900000000001165e-04 4.899999999999697917e-07 2.356225000000000680e-02 4.914009999999999039e-03 5.759999999999996521e-06 7.289999999999968319e-06 1.316192750000000000e+06 1.387238000000000000e+06
1.000000000000000000e+00 -5.210000000000000048e-02 1.231000000000000011e-01 1.502000000000000002e-01 -5.000000000000000278e-02 6.560000000000000553e-02 -5.129999999999999838e-02 -3.410000000000000531e-02 -2.574000000000000177e-01 7.970000000000000695e-02 6.199999999999997180e-03 -3.809999999999999498e-02 4.320000000000000229e-02 2.714410000000000000e-03 1.515360999999999965e-02 2.256003999999999995e-02 2.500000000000000486e-03 4.303360000000000865e-03 2.631689999999999897e-03 1.162810000000000449e-03 6.625476000000000976e-02 6.352090000000001208e-03 3.843999999999996400e-05 1.451609999999999663e-03 1.866240000000000130e-03 1.315197750000000000e+06 1.383728375000000000e+06
1.000000000000000000e+00 -4.499999999999999833e-02 6.792000000000000259e-01 1.103999999999999981e-01 -8.060000000000000497e-02 8.300000000000000433e-02 -6.350000000000000089e-02 7.100000000000002143e-03 5.561000000000000387e-01 -3.980000000000000204e-02 -3.060000000000000220e-02 1.739999999999999880e-02 -1.220000000000000251e-02 2.024999999999999890e-03 4.613126400000000515e-01 1.218815999999999997e-02 6.496360000000000502e-03 6.889000000000001026e-03 4.032250000000000244e-03 5.041000000000002727e-05 3.092472100000000501e-01 1.584040000000000101e-03 9.363600000000001219e-04 3.027599999999999541e-04 1.488400000000000725e-04 1.321818000000000000e+06 1.399402000000000000e+06
1.000000000000000000e+00 -4.979999999999999705e-02 9.180000000000000659e-02 -1.600000000000000077e-03 -5.369999999999999774e-02 3.350000000000000200e-02 -7.799999999999999989e-02 -4.799999999999998712e-03 -5.874000000000000332e-01 -1.120000000000000023e-01 2.690000000000000724e-02 -4.950000000000000233e-02 -1.449999999999999900e-02 2.480039999999999762e-03 8.427240000000000772e-03 2.560000000000000054e-06 2.883689999999999951e-03 1.122250000000000201e-03 6.083999999999999998e-03 2.303999999999998608e-05 3.450387600000000554e-01 1.254400000000000133e-02 7.236100000000003987e-04 2.450250000000000171e-03 2.102499999999999606e-04 1.319233000000000000e+06 1.393005000000000000e+06
1.000000000000000000e+00 -2.079999999999999905e-02 -4.170000000000000095e-02 8.469999999999999751e-02 -6.239999999999999714e-02 6.379999999999999560e-02 -7.349999999999999589e-02 2.899999999999999800e-02 -1.335000000000000075e-01 8.630000000000000171e-02 -8.699999999999999400e-03 3.029999999999999361e-02 4.500000000000003997e-03 4.326399999999999777e-04 1.738890000000000097e-03 7.174089999999999287e-03 3.893759999999999583e-03 4.070439999999999822e-03 5.402249999999999067e-03 8.409999999999998423e-04 1.782225000000000129e-02 7.447689999999999866e-03 7.568999999999998852e-05 9.180899999999996616e-04 2.025000000000003482e-05 1.317297875000000000e+06 1.387293500000000000e+06
1.000000000000000000e+00 -6.019999999999999657e-02 4.832000000000000184e-01 1.915999999999999925e-01 -5.720000000000000084e-02 3.490000000000000047e-02 -3.150000000000000022e-02 -3.939999999999999752e-02 5.249000000000000332e-01 1.068999999999999950e-01 5.199999999999996292e-03 -2.889999999999999514e-02 4.199999999999999567e-02 3.624039999999999380e-03 2.334822400000000076e-01 3.671055999999999625e-02 3.271840000000000252e-03 1.218010000000000056e-03 9.922500000000000764e-04 1.552359999999999808e-03 2.755200100000000374e-01 1.142760999999999950e-02 2.703999999999996134e-05 8.352099999999997504e-04 1.763999999999999726e-03 1.317641875000000000e+06 1.384875125000000000e+06
1.000000000000000000e+00 -5.179999999999999882e-02 1.905000000000000027e-01 9.629999999999999671e-02 -5.970000000000000306e-02 -5.210000000000000048e-02 -6.510000000000000508e-02 8.399999999999997746e-03 -2.927000000000000157e-01 -9.529999999999999583e-02 -2.500000000000002220e-03 -8.699999999999999400e-02 -3.360000000000000486e-02 2.683239999999999931e-03 3.629025000000000306e-02 9.273689999999999364e-03 3.564090000000000227e-03 2.714410000000000000e-03 4.238010000000000388e-03 7.055999999999996140e-05 8.567329000000001304e-02 9.082089999999999261e-03 6.250000000000011311e-06 7.568999999999999340e-03 1.128960000000000250e-03 1.317120500000000000e+06 1.385235000000000000e+06
1.000000000000000000e+00 -6.479999999999999649e-02 3.866999999999999882e-01 6.590000000000000024e-02 -6.600000000000000311e-02 3.320000000000000034e-02 -2.290000000000000022e-02 -1.299999999999999767e-02 1.961999999999999855e-01 -3.039999999999999647e-02 -6.300000000000000044e-03 8.530000000000000082e-02 4.220000000000000140e-02 4.199039999999999370e-03 1.495368899999999779e-01 4.342809999999999900e-03 4.356000000000000497e-03 1.102239999999999991e-03 5.244100000000000020e-04 1.689999999999999337e-04 3.849443999999999089e-02 9.241599999999998254e-04 3.969000000000000116e-05 7.276089999999999815e-03 1.780840000000000114e-03 1.319228750000000000e+06 1.388671875000000000e+06
1.000000000000000000e+00 -5.580000000000000238e-02 8.229999999999999816e-02 8.840000000000000635e-02 -6.569999999999999452e-02 6.210000000000000242e-02 -2.419999999999999929e-02 8.999999999999994116e-03 -3.044000000000000039e-01 2.250000000000000611e-02 3.000000000000085931e-04 2.890000000000000208e-02 -1.299999999999999073e-03 3.113640000000000418e-03 6.773289999999999519e-03 7.814560000000001644e-03 4.316489999999999216e-03 3.856410000000000220e-03 5.856400000000000104e-04 8.099999999999989533e-05 9.265935999999999617e-02 5.062500000000002979e-04 9.000000000000516018e-08 8.352100000000000756e-04 1.689999999999997584e-06 1.318035625000000000e+06 1.388063750000000000e+06
1.000000000000000000e+00 -7.480000000000000537e-02 2.220999999999999919e-01 1.857999999999999929e-01 -7.960000000000000409e-02 1.959999999999999937e-02 8.200000000000000691e-03 -1.900000000000000300e-02 1.397999999999999798e-01 9.739999999999998659e-02 -1.390000000000000957e-02 -4.250000000000000305e-02 3.239999999999999825e-02 5.595040000000000777e-03 4.932840999999999615e-02 3.452163999999999927e-02 6.336160000000000403e-03 3.841599999999999811e-04 6.724000000000001352e-05 3.610000000000001012e-04 1.954403999999999517e-02 9.486759999999996862e-03 1.932100000000002728e-04 1.806250000000000347e-03 1.049759999999999843e-03 1.317901250000000000e+06 1.387578250000000000e+06
1.000000000000000000e+00 -3.559999999999999970e-02 7.257000000000000117e-01 1.466999999999999971e-01 -5.519999999999999907e-02 -4.799999999999999580e-03 -5.070000000000000201e-02 3.920000000000000567e-02 5.036000000000000476e-01 -3.909999999999999587e-02 2.440000000000000502e-02 -2.439999999999999808e-02 -5.890000000000000097e-02 1.267359999999999928e-03 5.266404900000000167e-01 2.152089000000000085e-02 3.047039999999999992e-03 2.303999999999999625e-05 2.570490000000000361e-03 1.536640000000000358e-03 2.536129600000000539e-01 1.528809999999999588e-03 5.953600000000002900e-04 5.953599999999998563e-04 3.469209999999999915e-03 1.320021000000000000e+06 1.393820875000000000e+06
1.000000000000000000e+00 1.399999999999999986e-03 5.227000000000000535e-01 5.460000000000000270e-02 -6.110000000000000153e-02 1.899999999999999996e-03 -4.270000000000000184e-02 3.699999999999999817e-02 -2.029999999999999583e-01 -9.209999999999998743e-02 -5.900000000000002465e-03 6.699999999999999359e-03 8.000000000000000167e-03 1.959999999999999869e-06 2.732152900000000550e-01 2.981160000000000494e-03 3.733210000000000261e-03 3.610000000000000165e-06 1.823290000000000197e-03 1.368999999999999774e-03 4.120899999999998176e-02 8.482409999999997521e-03 3.481000000000002755e-05 4.488999999999999203e-05 6.399999999999999710e-05 1.320677125000000000e+06 1.398030500000000000e+06
1.000000000000000000e+00 -1.469999999999999953e-02 1.539999999999999980e-01 1.693000000000000060e-01 -5.949999999999999734e-02 1.622999999999999998e-01 -5.070000000000000201e-02 -1.609999999999999973e-02 -3.687000000000000277e-01 1.146999999999999964e-01 1.600000000000004197e-03 1.603999999999999870e-01 -8.000000000000000167e-03 2.160899999999999995e-04 2.371600000000000097e-02 2.866249000000000227e-02 3.540249999999999560e-03 2.634128999999999984e-02 2.570490000000000361e-03 2.592100000000000068e-04 1.359396900000000297e-01 1.315608999999999876e-02 2.560000000000013606e-06 2.572815999999999645e-02 6.399999999999999710e-05 1.320667375000000000e+06 1.399816250000000000e+06
1.000000000000000000e+00 1.460000000000000013e-02 -5.319999999999999729e-02 1.368999999999999939e-01 -6.840000000000000246e-02 4.000000000000000083e-02 -2.920000000000000026e-02 2.929999999999999966e-02 -2.071999999999999953e-01 -3.240000000000001212e-02 -8.900000000000005129e-03 -1.222999999999999921e-01 2.150000000000000175e-02 2.131599999999999988e-04 2.830239999999999926e-03 1.874160999999999883e-02 4.678560000000000010e-03 1.600000000000000077e-03 8.526399999999999951e-04 8.584899999999999476e-04 4.293183999999999889e-02 1.049760000000000710e-03 7.921000000000009034e-05 1.495728999999999809e-02 4.622500000000000957e-04 1.320934875000000000e+06 1.396290250000000000e+06
1.000000000000000000e+00 -2.009999999999999981e-02 -9.909999999999999365e-02 7.570000000000000340e-02 -5.580000000000000238e-02 5.029999999999999749e-02 -4.429999999999999910e-02 -3.470000000000000168e-02 -4.589999999999999636e-02 -6.119999999999999052e-02 1.260000000000000009e-02 1.029999999999999666e-02 -1.509999999999999884e-02 4.040100000000000028e-04 9.820809999999999262e-03 5.730490000000000410e-03 3.113640000000000418e-03 2.530089999999999596e-03 1.962489999999999894e-03 1.204090000000000108e-03 2.106809999999999759e-03 3.745439999999998753e-03 1.587600000000000046e-04 1.060899999999999278e-04 2.280099999999999532e-04 1.317622250000000000e+06 1.392233875000000000e+06
1.000000000000000000e+00 1.349999999999999985e-02 3.943999999999999728e-01 2.049999999999999878e-01 -5.260000000000000092e-02 7.749999999999999944e-02 -6.300000000000000044e-03 3.359999999999999792e-02 4.934999999999999387e-01 1.292999999999999705e-01 3.200000000000001454e-03 2.720000000000000195e-02 3.799999999999999906e-02 1.822499999999999847e-04 1.555513599999999719e-01 4.202499999999999292e-02 2.766760000000000053e-03 6.006250000000000304e-03 3.969000000000000116e-05 1.128959999999999816e-03 2.435422499999999324e-01 1.671848999999999211e-02 1.024000000000000868e-05 7.398400000000000722e-04 1.443999999999999971e-03 1.319131625000000000e+06 1.393767125000000000e+06
1.000000000000000000e+00 -3.719999999999999696e-02 5.580000000000000515e-01 1.681999999999999884e-01 -3.490000000000000047e-02 -2.580000000000000002e-02 -3.219999999999999946e-02 -5.069999999999999507e-02 1.636000000000000787e-01 -3.679999999999999938e-02 1.770000000000000046e-02 -1.033000000000000029e-01 -2.589999999999999941e-02 1.383839999999999680e-03 3.113640000000000851e-01 2.829123999999999528e-02 1.218010000000000056e-03 6.656400000000000034e-04 1.036840000000000027e-03 2.570489999999999494e-03 2.676496000000002512e-02 1.354240000000000044e-03 3.132900000000000311e-04 1.067089000000000058e-02 6.708099999999999827e-04 1.320717500000000000e+06 1.392832375000000000e+06
1.000000000000000000e+00 1.209999999999999964e-02 2.255000000000000060e-01 5.759999999999999842e-02 -3.950000000000000039e-02 8.999999999999999667e-02 2.000000000000000042e-03 4.929999999999999660e-02 -3.325000000000000178e-01 -1.105999999999999900e-01 -4.599999999999999922e-03 1.158000000000000002e-01 3.420000000000000123e-02 1.464100000000000026e-04 5.085024999999999962e-02 3.317759999999999893e-03 1.560250000000000005e-03 8.099999999999999561e-03 3.999999999999999819e-06 2.430489999999999561e-03 1.105562500000000087e-01 1.223235999999999768e-02 2.116000000000000069e-05 1.340964000000000045e-02 1.169640000000000003e-03 1.320710875000000000e+06 1.393514000000000000e+06
1.000000000000000000e+00 3.799999999999999992e-03 2.497000000000000053e-01 1.779000000000000026e-01 6.199999999999999782e-03 1.208000000000000046e-01 3.799999999999999906e-02 -8.300000000000000086e-03 2.419999999999999929e-02 1.203000000000000042e-01 4.569999999999999757e-02 3.080000000000000793e-02 3.599999999999999728e-02 1.444000000000000066e-05 6.235009000000000384e-02 3.164841000000000182e-02 3.843999999999999788e-05 1.459264000000000047e-02 1.443999999999999971e-03 6.888999999999999941e-05 5.856400000000000104e-04 1.447209000000000169e-02 2.088489999999999704e-03 9.486400000000004855e-04 1.295999999999999843e-03 1.318912875000000000e+06 1.391188750000000000e+06
1.000000000000000000e+00 5.330000000000000016e-02 2.515999999999999903e-01 2.954999999999999849e-01 -4.660000000000000253e-02 4.610000000000000209e-02 5.090000000000000080e-02 4.950000000000000233e-02 1.899999999999985034e-03 1.175999999999999823e-01 -5.279999999999999971e-02 -7.470000000000000251e-02 1.290000000000000174e-02 2.840889999999999995e-03 6.330255999999999383e-02 8.732024999999998816e-02 2.171560000000000330e-03 2.125210000000000207e-03 2.590810000000000248e-03 2.450250000000000171e-03 3.609999999999942990e-06 1.382975999999999650e-02 2.787839999999999763e-03 5.580090000000000224e-03 1.664100000000000551e-04 1.316345125000000000e+06 1.390539125000000000e+06
1.000000000000000000e+00 6.010000000000000064e-02 2.853999999999999870e-01 2.189000000000000112e-01 2.189999999999999933e-02 9.529999999999999583e-02 4.209999999999999853e-02 6.800000000000000488e-03 3.379999999999999671e-02 -7.659999999999997367e-02 6.850000000000000533e-02 4.919999999999999374e-02 -8.800000000000002265e-03 3.612010000000000134e-03 8.145315999999999668e-02 4.791721000000000175e-02 4.796099999999999973e-04 9.082089999999999261e-03 1.772409999999999871e-03 4.624000000000000451e-05 1.142439999999999775e-03 5.867559999999995626e-03 4.692250000000001108e-03 2.420639999999999511e-03 7.744000000000004461e-05 1.319853250000000000e+06 1.396038625000000000e+06
1.000000000000000000e+00 3.209999999999999659e-02 3.825000000000000067e-01 3.359999999999999792e-02 3.989999999999999797e-02 1.915000000000000036e-01 5.700000000000000205e-02 -2.800000000000000405e-02 9.710000000000001963e-02 -1.853000000000000203e-01 1.799999999999999864e-02 9.620000000000000773e-02 1.490000000000000352e-02 1.030409999999999833e-03 1.463062499999999988e-01 1.128959999999999816e-03 1.592009999999999823e-03 3.667225000000000346e-02 3.249000000000000152e-03 7.840000000000001915e-04 9.428410000000003385e-03 3.433609000000000661e-02 3.239999999999999608e-04 9.254440000000000929e-03 2.220100000000001055e-04 1.322064875000000000e+06 1.401123625000000000e+06
1.000000000000000000e+00 -6.160000000000000198e-02 2.697999999999999843e-01 4.880000000000000310e-02 -2.429999999999999868e-02 1.782999999999999863e-01 2.819999999999999937e-02 -9.370000000000000551e-02 -1.127000000000000224e-01 1.520000000000000517e-02 -6.419999999999999318e-02 -1.320000000000001728e-02 -2.880000000000000268e-02 3.794560000000000207e-03 7.279203999999998842e-02 2.381440000000000293e-03 5.904899999999999385e-04 3.179088999999999526e-02 7.952400000000000094e-04 8.779690000000001451e-03 1.270129000000000570e-02 2.310400000000001461e-04 4.121639999999999332e-03 1.742400000000004460e-04 8.294400000000001901e-04 1.321149125000000000e+06 1.403761750000000000e+06
1.000000000000000000e+00 -6.099999999999999867e-02 2.773999999999999799e-01 1.864000000000000101e-01 -2.469999999999999973e-02 1.072000000000000036e-01 3.330000000000000321e-02 6.000000000000033085e-04 7.599999999999995648e-03 1.376000000000000001e-01 -4.000000000000010492e-04 -7.109999999999998266e-02 5.100000000000003836e-03 3.720999999999999915e-03 7.695075999999999306e-02 3.474496000000000528e-02 6.100899999999999813e-04 1.149184000000000143e-02 1.108890000000000179e-03 3.600000000000039648e-07 5.775999999999993488e-05 1.893376000000000087e-02 1.600000000000008504e-07 5.055209999999997483e-03 2.601000000000004066e-05 1.320915875000000000e+06 1.405245875000000000e+06
1.000000000000000000e+00 -2.510000000000000078e-02 4.441999999999999837e-01 1.859999999999999987e-01 -1.329999999999999932e-02 2.429999999999999868e-02 -6.650000000000000355e-02 3.590000000000000135e-02 1.668000000000000038e-01 -4.000000000000114575e-04 1.140000000000000041e-02 -8.290000000000000147e-02 -9.979999999999999982e-02 6.300100000000000752e-04 1.973136399999999846e-01 3.459600000000000175e-02 1.768899999999999954e-04 5.904899999999999385e-04 4.422250000000000833e-03 1.288810000000000042e-03 2.782224000000000155e-02 1.600000000000091619e-07 1.299600000000000093e-04 6.872410000000000671e-03 9.960039999999999866e-03 1.319997375000000000e+06 1.404578625000000000e+06
1.000000000000000000e+00 -1.689999999999999836e-02 7.566000000000000503e-01 -3.000000000000000062e-03 -1.060000000000000005e-02 6.750000000000000444e-02 -9.460000000000000353e-02 8.200000000000002426e-03 3.124000000000000665e-01 -1.890000000000000013e-01 2.699999999999999276e-03 4.320000000000000229e-02 -2.809999999999999998e-02 2.856099999999999438e-04 5.724435600000000735e-01 9.000000000000000228e-06 1.123600000000000016e-04 4.556250000000000404e-03 8.949160000000001142e-03 6.724000000000004062e-05 9.759376000000004325e-02 3.572100000000000275e-02 7.289999999999996271e-06 1.866240000000000130e-03 7.896100000000000514e-04 1.322010625000000000e+06 1.406720875000000000e+06
1.000000000000000000e+00 -1.430000000000000021e-02 1.363000000000000045e-01 6.419999999999999318e-02 3.399999999999999811e-03 1.534000000000000086e-01 -1.008000000000000007e-01 2.599999999999998146e-03 -6.203000000000000735e-01 6.719999999999999585e-02 1.400000000000000029e-02 8.590000000000000413e-02 -6.199999999999997180e-03 2.044900000000000157e-04 1.857769000000000087e-02 4.121639999999999332e-03 1.155999999999999943e-05 2.353156000000000345e-02 1.016064000000000030e-02 6.759999999999990334e-06 3.847720900000000666e-01 4.515839999999999264e-03 1.960000000000000208e-04 7.378810000000000403e-03 3.843999999999996400e-05 1.315968000000000000e+06 1.391989375000000000e+06
1.000000000000000000e+00 -4.730000000000000177e-02 2.160000000000000114e-02 1.315999999999999948e-01 5.000000000000000104e-04 5.609999999999999709e-02 -9.869999999999999607e-02 -3.300000000000000155e-02 -1.146999999999999964e-01 6.740000000000000158e-02 -2.899999999999999800e-03 -9.730000000000001148e-02 2.100000000000004641e-03 2.237290000000000285e-03 4.665600000000000324e-04 1.731856000000000020e-02 2.499999999999999887e-07 3.147209999999999678e-03 9.741689999999999031e-03 1.089000000000000124e-03 1.315608999999999876e-02 4.542759999999999854e-03 8.409999999999999101e-06 9.467290000000001468e-03 4.410000000000019610e-06 1.315236625000000000e+06 1.390862250000000000e+06
1.000000000000000000e+00 -2.719999999999999848e-02 2.768999999999999795e-01 -5.380000000000000060e-02 2.200000000000000133e-03 7.030000000000000138e-02 -1.003000000000000003e-01 2.010000000000000328e-02 2.552999999999999714e-01 -1.854000000000000092e-01 1.700000000000000122e-03 1.420000000000000429e-02 -1.600000000000004197e-03 7.398399999999999638e-04 7.667360999999998927e-02 2.894439999999999860e-03 4.840000000000000247e-06 4.942090000000000545e-03 1.006009000000000070e-02 4.040100000000001112e-04 6.517808999999998021e-02 3.437316000000000676e-02 2.890000000000000282e-06 2.016400000000001091e-04 2.560000000000013606e-06 1.318698875000000000e+06 1.395505875000000000e+06
1.000000000000000000e+00 -5.360000000000000181e-02 1.519999999999999997e-02 9.220000000000000417e-02 -1.810000000000000150e-02 7.489999999999999436e-02 -9.539999999999999869e-02 -2.640000000000000333e-02 -2.616999999999999882e-01 1.460000000000000187e-01 -2.030000000000000207e-02 4.599999999999992983e-03 4.900000000000001577e-03 2.872960000000000357e-03 2.310400000000000106e-04 8.500840000000000826e-03 3.276100000000000431e-04 5.610009999999999476e-03 9.101160000000000500e-03 6.969600000000001575e-04 6.848688999999999472e-02 2.131600000000000508e-02 4.120900000000001016e-04 2.115999999999993632e-05 2.401000000000001576e-05 1.317780125000000000e+06 1.392560125000000000e+06
1.000000000000000000e+00 -7.330000000000000404e-02 2.311999999999999889e-01 1.834999999999999964e-01 -1.000000000000000021e-02 -7.699999999999999900e-02 -8.279999999999999860e-02 -1.970000000000000223e-02 2.159999999999999976e-01 9.129999999999999227e-02 8.100000000000001296e-03 -1.518999999999999795e-01 1.260000000000000009e-02 5.372890000000000825e-03 5.345343999999999790e-02 3.367225000000000079e-02 1.000000000000000048e-04 5.929000000000000242e-03 6.855840000000000198e-03 3.880900000000001146e-04 4.665599999999999609e-02 8.335689999999998032e-03 6.561000000000001726e-05 2.307360999999999440e-02 1.587600000000000046e-04 1.318929125000000000e+06 1.391479750000000000e+06
1.000000000000000000e+00 -6.759999999999999343e-02 8.792999999999999705e-01 1.039000000000000062e-01 -8.099999999999999561e-03 7.610000000000000098e-02 -5.399999999999999939e-02 5.700000000000010614e-03 6.481000000000000094e-01 -7.959999999999999021e-02 1.900000000000000647e-03 1.531000000000000139e-01 2.879999999999999921e-02 4.569759999999999101e-03 7.731684899999999860e-01 1.079521000000000126e-02 6.560999999999999016e-05 5.791209999999999761e-03 2.915999999999999755e-03 3.249000000000012430e-05 4.200336100000000017e-01 6.336159999999998668e-03 3.610000000000002282e-06 2.343961000000000308e-02 8.294399999999999733e-04 1.317690375000000000e+06 1.391223250000000000e+06
1.000000000000000000e+00 -2.869999999999999982e-02 3.719000000000000083e-01 1.867000000000000048e-01 -4.100000000000000346e-03 5.000000000000000278e-02 -5.410000000000000225e-02 3.889999999999999014e-02 -5.073999999999999622e-01 8.279999999999999860e-02 3.999999999999999216e-03 -2.609999999999999820e-02 -1.000000000000028644e-04 8.236899999999999691e-04 1.383096099999999995e-01 3.485689000000000148e-02 1.681000000000000338e-05 2.500000000000000486e-03 2.926810000000000175e-03 1.513209999999999208e-03 2.574547599999999492e-01 6.855840000000000198e-03 1.599999999999999250e-05 6.812099999999999102e-04 1.000000000000057262e-08 1.315017625000000000e+06 1.385900625000000000e+06
1.000000000000000000e+00 -9.819999999999999563e-02 -1.054999999999999966e-01 2.869999999999999982e-02 -1.839999999999999969e-02 -1.739999999999999880e-02 -6.029999999999999943e-02 -6.949999999999999234e-02 -4.773999999999999910e-01 -1.580000000000000016e-01 -1.430000000000000021e-02 -6.740000000000000158e-02 -6.199999999999997180e-03 9.643239999999999104e-03 1.113024999999999952e-02 8.236899999999999691e-04 3.385600000000000111e-04 3.027599999999999541e-04 3.636089999999999808e-03 4.830249999999998607e-03 2.279107599999999900e-01 2.496400000000000008e-02 2.044900000000000157e-04 4.542759999999999854e-03 3.843999999999996400e-05 1.315469750000000000e+06 1.386863500000000000e+06
1.000000000000000000e+00 -2.330000000000000127e-02 4.797000000000000153e-01 6.370000000000000662e-02 -1.629999999999999852e-02 7.979999999999999594e-02 -4.009999999999999676e-02 7.489999999999999436e-02 5.852000000000000535e-01 3.500000000000000333e-02 2.100000000000001171e-03 9.719999999999999474e-02 2.020000000000000268e-02 5.428900000000000826e-04 2.301120900000000191e-01 4.057690000000000949e-03 2.656899999999999583e-04 6.368039999999999291e-03 1.608009999999999778e-03 5.610009999999999476e-03 3.424590400000000479e-01 1.225000000000000177e-03 4.410000000000005211e-06 9.447839999999999017e-03 4.080400000000000845e-04 1.318909375000000000e+06 1.396068375000000000e+06
1.000000000000000000e+00 -3.640000000000000180e-02 3.412000000000000033e-01 1.849999999999999978e-01 -2.280000000000000082e-02 7.300000000000000065e-03 -4.760000000000000342e-02 -1.310000000000000053e-02 -1.385000000000000120e-01 1.212999999999999912e-01 -6.500000000000002304e-03 -7.249999999999999500e-02 -7.500000000000006661e-03 1.324960000000000027e-03 1.164174399999999970e-01 3.422499999999999848e-02 5.198400000000000373e-04 5.328999999999999970e-05 2.265760000000000343e-03 1.716100000000000188e-04 1.918225000000000485e-02 1.471368999999999802e-02 4.225000000000003086e-05 5.256249999999999638e-03 5.625000000000010010e-05 1.320729375000000000e+06 1.397046000000000000e+06
1.000000000000000000e+00 -1.469999999999999953e-02 6.253999999999999559e-01 1.852000000000000035e-01 -3.389999999999999958e-02 7.030000000000000138e-02 -4.719999999999999890e-02 2.170000000000000401e-02 2.841999999999999527e-01 2.000000000000057288e-04 -1.109999999999999876e-02 6.300000000000000044e-02 4.000000000000045186e-04 2.160899999999999995e-04 3.911251599999999717e-01 3.429904000000000286e-02 1.149209999999999902e-03 4.942090000000000545e-03 2.227840000000000029e-03 4.708900000000001756e-04 8.076963999999997590e-02 4.000000000000229047e-08 1.232099999999999808e-04 3.969000000000000306e-03 1.600000000000036032e-07 1.320524000000000000e+06 1.394793375000000000e+06
1.000000000000000000e+00 -3.540000000000000091e-02 1.766999999999999960e-01 1.353999999999999926e-01 -2.560000000000000123e-02 -1.760000000000000106e-02 -5.500000000000000028e-02 -2.070000000000000312e-02 -4.486999999999999877e-01 -4.980000000000001092e-02 8.299999999999998351e-03 -8.790000000000000591e-02 -7.800000000000001377e-03 1.253160000000000125e-03 3.122288999999999967e-02 1.833315999999999765e-02 6.553600000000000137e-04 3.097600000000000158e-04 3.024999999999999911e-03 4.284900000000001208e-04 2.013316899999999798e-01 2.480040000000001063e-03 6.888999999999997231e-05 7.726410000000001263e-03 6.084000000000002058e-05 1.317523750000000000e+06 1.388528500000000000e+06
1.000000000000000000e+00 -4.760000000000000342e-02 -1.907999999999999974e-01 5.220000000000000334e-02 -4.019999999999999962e-02 -3.039999999999999994e-02 -6.160000000000000198e-02 -1.220000000000000251e-02 -3.674999999999999933e-01 -8.319999999999999618e-02 -1.459999999999999840e-02 -1.279999999999999888e-02 -6.600000000000001699e-03 2.265760000000000343e-03 3.640464000000000200e-02 2.724840000000000508e-03 1.616040000000000011e-03 9.241600000000000422e-04 3.794560000000000207e-03 1.488400000000000725e-04 1.350562499999999888e-01 6.922239999999999643e-03 2.131599999999999446e-04 1.638399999999999763e-04 4.356000000000002340e-05 1.316420875000000000e+06 1.386313375000000000e+06
1.000000000000000000e+00 -6.529999999999999694e-02 1.824000000000000066e-01 1.097000000000000058e-01 -4.619999999999999801e-02 -3.099999999999999891e-03 -4.959999999999999826e-02 -1.769999999999999352e-02 3.731999999999999762e-01 5.750000000000000250e-02 -5.999999999999998390e-03 2.730000000000000135e-02 1.200000000000000372e-02 4.264089999999999894e-03 3.326976000000000239e-02 1.203409000000000076e-02 2.134439999999999601e-03 9.609999999999999470e-06 2.460159999999999864e-03 3.132899999999997601e-04 1.392782399999999698e-01 3.306250000000000161e-03 3.599999999999998058e-05 7.452900000000001234e-04 1.440000000000000850e-04 1.316741000000000000e+06 1.387687125000000000e+06
1.000000000000000000e+00 -7.140000000000000513e-02 4.134999999999999787e-01 1.935000000000000053e-01 -4.769999999999999934e-02 -4.939999999999999947e-02 -5.709999999999999798e-02 -6.100000000000008193e-03 2.310999999999999721e-01 8.379999999999999949e-02 -1.500000000000001332e-03 -4.630000000000000088e-02 -7.499999999999999722e-03 5.097960000000000338e-03 1.709822499999999745e-01 3.744225000000000331e-02 2.275290000000000125e-03 2.440359999999999925e-03 3.260409999999999611e-03 3.721000000000009944e-05 5.340720999999998969e-02 7.022439999999999585e-03 2.250000000000003869e-06 2.143690000000000179e-03 5.624999999999999846e-05 1.316298750000000000e+06 1.390171125000000000e+06
1.000000000000000000e+00 -7.950000000000000122e-02 5.181000000000000050e-01 8.840000000000000635e-02 -5.190000000000000169e-02 -6.279999999999999472e-02 -5.600000000000000117e-02 -8.099999999999996092e-03 1.046000000000000263e-01 -1.050999999999999990e-01 -4.200000000000002343e-03 -1.339999999999999525e-02 1.099999999999996814e-03 6.320250000000000347e-03 2.684276099999999832e-01 7.814560000000001644e-03 2.693610000000000362e-03 3.943839999999999672e-03 3.136000000000000332e-03 6.560999999999993595e-05 1.094116000000000533e-02 1.104601000000000020e-02 1.764000000000002084e-05 1.795599999999998597e-04 1.209999999999993074e-06 1.318470875000000000e+06 1.390856750000000000e+06
1.000000000000000000e+00 -7.230000000000000315e-02 1.564000000000000112e-01 8.390000000000000235e-02 -6.219999999999999835e-02 6.119999999999999746e-02 -3.740000000000000269e-02 7.199999999999998068e-03 -3.617000000000000215e-01 -4.500000000000003997e-03 -1.029999999999999666e-02 1.239999999999999991e-01 1.859999999999999848e-02 5.227290000000000755e-03 2.446096000000000381e-02 7.039210000000000605e-03 3.868839999999999692e-03 3.745439999999999620e-03 1.398760000000000194e-03 5.183999999999997123e-05 1.308268900000000290e-01 2.025000000000003482e-05 1.060899999999999278e-04 1.537599999999999904e-02 3.459599999999999199e-04 1.317443375000000000e+06 1.393644625000000000e+06
1.000000000000000000e+00 -7.700000000000000247e-03 3.163000000000000256e-01 1.353999999999999926e-01 -6.110000000000000153e-02 2.110000000000000070e-02 -1.650000000000000078e-02 6.460000000000000464e-02 1.599000000000000143e-01 5.149999999999999023e-02 1.099999999999996814e-03 -4.009999999999999676e-02 2.090000000000000191e-02 5.929000000000000324e-05 1.000456900000000204e-01 1.833315999999999765e-02 3.733210000000000261e-03 4.452100000000000285e-04 2.722500000000000310e-04 4.173160000000000411e-03 2.556801000000000559e-02 2.652249999999998793e-03 1.209999999999993074e-06 1.608009999999999778e-03 4.368100000000000953e-04 1.320271625000000000e+06 1.396759125000000000e+06
1.000000000000000000e+00 -8.000000000000000167e-03 5.661000000000000476e-01 1.504999999999999949e-01 -4.889999999999999902e-02 -2.369999999999999885e-02 -2.560000000000000123e-02 -2.999999999999999195e-04 2.498000000000000220e-01 1.510000000000000231e-02 1.220000000000000251e-02 -4.479999999999999954e-02 -9.100000000000000450e-03 6.399999999999999710e-05 3.204692100000000599e-01 2.265024999999999678e-02 2.391209999999999950e-03 5.616899999999999974e-04 6.553600000000000137e-04 8.999999999999994563e-08 6.240004000000001078e-02 2.280100000000000616e-04 1.488400000000000725e-04 2.007039999999999866e-03 8.281000000000000166e-05 1.320812125000000000e+06 1.396956250000000000e+06
1.000000000000000000e+00 1.370000000000000037e-02 5.756000000000000005e-01 8.820000000000000062e-02 -5.550000000000000072e-02 6.980000000000000093e-02 -2.179999999999999993e-02 2.170000000000000054e-02 9.499999999999952927e-03 -6.229999999999999427e-02 -6.600000000000001699e-03 9.349999999999999978e-02 3.800000000000001293e-03 1.876900000000000139e-04 3.313153600000000032e-01 7.779239999999999766e-03 3.080250000000000089e-03 4.872040000000000225e-03 4.752399999999999832e-04 4.708900000000000130e-04 9.024999999999910373e-05 3.881289999999999480e-03 4.356000000000002340e-05 8.742250000000000021e-03 1.444000000000000913e-05 1.321769500000000000e+06 1.399441375000000000e+06
1.000000000000000000e+00 -1.299999999999999940e-03 -8.409999999999999420e-02 1.905999999999999917e-01 -4.290000000000000063e-02 6.800000000000000488e-02 -1.870000000000000134e-02 -1.499999999999999944e-02 -6.596999999999999531e-01 1.023999999999999910e-01 1.260000000000000009e-02 -1.799999999999996048e-03 3.099999999999998590e-03 1.689999999999999913e-06 7.072809999999998820e-03 3.632835999999999704e-02 1.840410000000000006e-03 4.624000000000000506e-03 3.496900000000000485e-04 2.249999999999999938e-04 4.352040899999999324e-01 1.048575999999999848e-02 1.587600000000000046e-04 3.239999999999985920e-06 9.609999999999991000e-06 1.317220625000000000e+06 1.393732500000000000e+06
1.000000000000000000e+00 3.000000000000000062e-03 2.977000000000000202e-01 1.582999999999999963e-01 -6.500000000000000222e-02 1.018000000000000016e-01 -1.569999999999999868e-02 4.300000000000000003e-03 3.818000000000000282e-01 -3.229999999999999538e-02 -2.210000000000000159e-02 3.379999999999999671e-02 3.000000000000002665e-03 9.000000000000000228e-06 8.862529000000000934e-02 2.505889000000000033e-02 4.225000000000000457e-03 1.036324000000000099e-02 2.464899999999999795e-04 1.849000000000000085e-05 1.457712400000000241e-01 1.043289999999999669e-03 4.884100000000001027e-04 1.142439999999999775e-03 9.000000000000015475e-06 1.320923375000000000e+06 1.395379125000000000e+06
1.000000000000000000e+00 -4.000000000000000083e-03 2.379999999999999893e-01 1.005000000000000060e-01 -5.569999999999999951e-02 8.029999999999999638e-02 2.099999999999999870e-03 -7.000000000000000146e-03 -5.970000000000003082e-02 -5.779999999999999027e-02 9.300000000000002709e-03 -2.150000000000000522e-02 1.779999999999999985e-02 1.599999999999999928e-05 5.664399999999999297e-02 1.010025000000000159e-02 3.102489999999999849e-03 6.448089999999999204e-03 4.409999999999999282e-06 4.900000000000000519e-05 3.564090000000003696e-03 3.340839999999999001e-03 8.649000000000004774e-05 4.622500000000002041e-04 3.168399999999999819e-04 1.317812875000000000e+06 1.391319750000000000e+06
1.000000000000000000e+00 -9.299999999999999239e-03 -1.769999999999999907e-01 1.161999999999999977e-01 -5.879999999999999810e-02 -4.590000000000000330e-02 -1.159999999999999920e-02 -5.299999999999999156e-03 -4.149999999999999800e-01 1.569999999999999174e-02 -3.099999999999998590e-03 -1.262000000000000066e-01 -1.369999999999999864e-02 8.648999999999997998e-05 3.132899999999999574e-02 1.350243999999999923e-02 3.457439999999999992e-03 2.106810000000000193e-03 1.345599999999999856e-04 2.808999999999999025e-05 1.722249999999999892e-01 2.464899999999997627e-04 9.609999999999991000e-06 1.592644000000000004e-02 1.876899999999999597e-04 1.314057625000000000e+06 1.378981375000000000e+06
1.000000000000000000e+00 -2.500000000000000052e-03 5.113999999999999657e-01 7.019999999999999851e-02 -4.540000000000000285e-02 9.690000000000000002e-02 5.100000000000000366e-03 6.799999999999998754e-03 6.883999999999999009e-01 -4.599999999999999922e-02 1.339999999999999525e-02 1.428000000000000103e-01 1.669999999999999957e-02 6.250000000000000300e-06 2.615299599999999502e-01 4.928039999999999851e-03 2.061160000000000249e-03 9.389609999999999623e-03 2.601000000000000339e-05 4.623999999999998419e-05 4.738945599999998537e-01 2.115999999999999825e-03 1.795599999999998597e-04 2.039184000000000135e-02 2.788900000000000081e-04 1.316474375000000000e+06 1.393298000000000000e+06
1.000000000000000000e+00 -1.009999999999999960e-02 3.497000000000000108e-01 1.539000000000000090e-01 -3.799999999999999906e-02 7.359999999999999876e-02 2.910000000000000087e-02 -7.599999999999999117e-03 -1.616999999999999549e-01 8.370000000000001050e-02 7.400000000000003797e-03 -2.330000000000000127e-02 2.400000000000000050e-02 1.020099999999999940e-04 1.222900900000000041e-01 2.368521000000000168e-02 1.443999999999999971e-03 5.416960000000000178e-03 8.468100000000000323e-04 5.775999999999998909e-05 2.614688999999998514e-02 7.005690000000001916e-03 5.476000000000005847e-05 5.428900000000000826e-04 5.760000000000000146e-04 1.318399500000000000e+06 1.389799125000000000e+06
1.000000000000000000e+00 1.009999999999999960e-02 3.474999999999999756e-01 1.952000000000000124e-01 -1.490000000000000005e-02 1.103999999999999981e-01 6.940000000000000335e-02 2.019999999999999921e-02 -2.200000000000035261e-03 4.130000000000000338e-02 2.309999999999999901e-02 3.679999999999999938e-02 4.030000000000000249e-02 1.020099999999999940e-04 1.207562499999999817e-01 3.810304000000000468e-02 2.220099999999999971e-04 1.218815999999999997e-02 4.816360000000000433e-03 4.080399999999999761e-04 4.840000000000155254e-06 1.705690000000000374e-03 5.336099999999999004e-04 1.354240000000000044e-03 1.624090000000000126e-03 1.315088875000000000e+06 1.382738500000000000e+06
1.000000000000000000e+00 4.669999999999999846e-02 4.400999999999999912e-01 1.665999999999999981e-01 1.469999999999999953e-02 1.633999999999999897e-01 9.070000000000000284e-02 3.660000000000000059e-02 9.260000000000001563e-02 -2.860000000000001430e-02 2.960000000000000131e-02 5.299999999999999156e-02 2.129999999999999949e-02 2.180889999999999999e-03 1.936880099999999938e-01 2.775555999999999857e-02 2.160899999999999995e-04 2.669955999999999718e-02 8.226490000000001232e-03 1.339560000000000056e-03 8.574760000000002449e-03 8.179600000000008218e-04 8.761600000000000681e-04 2.808999999999998998e-03 4.536899999999999744e-04 1.318931875000000000e+06 1.394534250000000000e+06
1.000000000000000000e+00 4.669999999999999846e-02 5.299999999999999850e-02 5.879999999999999810e-02 -4.400000000000000265e-03 3.420000000000000123e-02 1.059999999999999970e-01 0.000000000000000000e+00 -3.870999999999999996e-01 -1.078000000000000069e-01 -1.909999999999999892e-02 -1.291999999999999815e-01 1.529999999999999416e-02 2.180889999999999999e-03 2.808999999999999865e-03 3.457439999999999992e-03 1.936000000000000099e-05 1.169640000000000003e-03 1.123599999999999946e-02 0.000000000000000000e+00 1.498464100000000132e-01 1.162084000000000207e-02 3.648099999999999715e-04 1.669263999999999470e-02 2.340899999999998136e-04 1.318271500000000000e+06 1.396793125000000000e+06
1.000000000000000000e+00 6.499999999999999702e-03 2.338000000000000078e-01 1.169000000000000039e-01 -6.489999999999999936e-02 1.099999999999999936e-02 -1.650000000000000078e-02 -4.019999999999999962e-02 1.808000000000000163e-01 5.810000000000000581e-02 -6.049999999999999822e-02 -2.320000000000000187e-02 -1.224999999999999978e-01 4.224999999999999698e-05 5.466244000000000658e-02 1.366561000000000164e-02 4.212009999999999539e-03 1.209999999999999867e-04 2.722500000000000310e-04 1.616040000000000011e-03 3.268864000000000491e-02 3.375610000000000676e-03 3.660249999999999875e-03 5.382400000000000509e-04 1.500624999999999876e-02 1.318353875000000000e+06 1.398454375000000000e+06
1.000000000000000000e+00 -7.300000000000000065e-03 3.684999999999999942e-01 6.140000000000000319e-02 -5.300000000000000024e-03 3.200000000000000067e-02 -2.750000000000000014e-02 -1.379999999999999977e-02 1.346999999999999864e-01 -5.550000000000000072e-02 5.960000000000000020e-02 2.100000000000000130e-02 -1.099999999999999936e-02 5.328999999999999970e-05 1.357922500000000032e-01 3.769960000000000585e-03 2.809000000000000041e-05 1.023999999999999954e-03 7.562499999999999778e-04 1.904399999999999995e-04 1.814408999999999467e-02 3.080250000000000089e-03 3.552159999999999953e-03 4.410000000000000400e-04 1.209999999999999867e-04 1.318853625000000000e+06 1.397884750000000000e+06
1.000000000000000000e+00 4.560000000000000164e-02 5.998999999999999888e-01 1.403999999999999970e-01 -6.869999999999999718e-02 8.849999999999999534e-02 -6.410000000000000420e-02 5.290000000000000258e-02 2.313999999999999946e-01 7.899999999999998690e-02 -6.339999999999999802e-02 5.649999999999999467e-02 -3.660000000000000753e-02 2.079360000000000149e-03 3.598800099999999724e-01 1.971215999999999940e-02 4.719689999999999476e-03 7.832249999999998935e-03 4.108810000000000934e-03 2.798410000000000307e-03 5.354595999999999661e-02 6.240999999999998285e-03 4.019560000000000147e-03 3.192249999999999342e-03 1.339560000000000490e-03 1.319394500000000000e+06 1.398831750000000000e+06
1.000000000000000000e+00 1.319999999999999993e-02 3.927999999999999825e-01 2.295999999999999985e-01 -1.359999999999999924e-02 6.130000000000000032e-02 -8.400000000000000522e-02 -3.239999999999999825e-02 -2.071000000000000063e-01 8.920000000000000151e-02 5.509999999999999620e-02 -2.719999999999999502e-02 -1.990000000000000102e-02 1.742399999999999852e-04 1.542918399999999857e-01 5.271615999999999802e-02 1.849599999999999910e-04 3.757690000000000162e-03 7.056000000000000640e-03 1.049759999999999843e-03 4.289041000000000381e-02 7.956640000000000934e-03 3.036009999999999577e-03 7.398399999999997470e-04 3.960100000000000252e-04 1.317103125000000000e+06 1.393456625000000000e+06
1.000000000000000000e+00 -3.899999999999999994e-02 3.845999999999999974e-01 1.449000000000000010e-01 -9.139999999999999514e-02 1.598999999999999866e-01 -9.360000000000000264e-02 -5.219999999999999640e-02 -8.199999999999985079e-03 -8.469999999999999751e-02 -7.779999999999999416e-02 9.859999999999999321e-02 -9.599999999999997424e-03 1.521000000000000000e-03 1.479171599999999920e-01 2.099600999999999898e-02 8.353959999999998817e-03 2.556800999999999519e-02 8.760959999999999928e-03 2.724839999999999641e-03 6.723999999999975602e-05 7.174089999999999287e-03 6.052839999999999436e-03 9.721959999999998242e-03 9.215999999999994433e-05 1.318846000000000000e+06 1.394486500000000000e+06
1.000000000000000000e+00 -2.259999999999999856e-02 -8.300000000000000086e-03 3.559999999999999970e-02 -3.230000000000000232e-02 8.640000000000000457e-02 -6.869999999999999718e-02 1.640000000000000138e-02 -3.928999999999999715e-01 -1.093000000000000083e-01 5.909999999999999282e-02 -7.349999999999998201e-02 2.490000000000000546e-02 5.107599999999999684e-04 6.888999999999999941e-05 1.267359999999999928e-03 1.043290000000000103e-03 7.464960000000000519e-03 4.719689999999999476e-03 2.689600000000000541e-04 1.543704099999999857e-01 1.194649000000000232e-02 3.492809999999998971e-03 5.402249999999997332e-03 6.200100000000002658e-04 1.318108750000000000e+06 1.393335125000000000e+06
1.000000000000000000e+00 -1.102000000000000063e-01 -4.862000000000000210e-01 2.099999999999999870e-03 -3.119999999999999857e-02 -2.980000000000000010e-02 -7.710000000000000187e-02 -8.760000000000001119e-02 -4.779000000000000470e-01 -3.350000000000000200e-02 1.100000000000003753e-03 -1.161999999999999977e-01 -8.400000000000004685e-03 1.214404000000000178e-02 2.363904400000000072e-01 4.409999999999999282e-06 9.734399999999998956e-04 8.880399999999999882e-04 5.944410000000000666e-03 7.673760000000001691e-03 2.283884100000000417e-01 1.122250000000000201e-03 1.210000000000008320e-06 1.350243999999999923e-02 7.056000000000008337e-05 1.317292875000000000e+06 1.389312125000000000e+06
1.000000000000000000e+00 -1.000000000000000048e-04 4.863000000000000100e-01 2.179999999999999993e-01 -2.539999999999999897e-02 7.879999999999999505e-02 -5.879999999999999810e-02 1.101000000000000034e-01 9.725000000000000311e-01 2.159000000000000086e-01 5.799999999999999600e-03 1.086000000000000021e-01 1.830000000000000376e-02 1.000000000000000021e-08 2.364876900000000004e-01 4.752399999999999680e-02 6.451599999999999826e-04 6.209439999999999231e-03 3.457439999999999992e-03 1.212201000000000077e-02 9.457562500000000760e-01 4.661281000000000452e-02 3.363999999999999640e-05 1.179396000000000090e-02 3.348900000000001225e-04 1.317094250000000000e+06 1.387295625000000000e+06
1.000000000000000000e+00 -5.390000000000000346e-02 6.079999999999999849e-01 1.456999999999999962e-01 -2.719999999999999848e-02 -5.129999999999999838e-02 -3.729999999999999982e-02 -5.380000000000000060e-02 1.216999999999999749e-01 -7.230000000000000315e-02 -1.799999999999999517e-03 -1.300999999999999934e-01 2.149999999999999828e-02 2.905210000000000518e-03 3.696639999999999926e-01 2.122848999999999917e-02 7.398399999999999638e-04 2.631689999999999897e-03 1.391289999999999888e-03 2.894439999999999860e-03 1.481088999999999323e-02 5.227290000000000755e-03 3.239999999999998202e-06 1.692600999999999828e-02 4.622499999999999331e-04 1.316629375000000000e+06 1.386667750000000000e+06
1.000000000000000000e+00 -5.100000000000000366e-03 5.603000000000000203e-01 1.915999999999999925e-01 -3.259999999999999704e-02 9.669999999999999429e-02 -6.909999999999999476e-02 4.880000000000000310e-02 -4.769999999999996465e-02 4.589999999999999636e-02 -5.399999999999998551e-03 1.479999999999999927e-01 -3.179999999999999494e-02 2.601000000000000339e-05 3.139360900000000010e-01 3.671055999999999625e-02 1.062759999999999833e-03 9.350889999999998856e-03 4.774809999999999124e-03 2.381440000000000293e-03 2.275289999999996655e-03 2.106809999999999759e-03 2.915999999999998509e-05 2.190399999999999639e-02 1.011239999999999622e-03 1.317765000000000000e+06 1.386567125000000000e+06
1.000000000000000000e+00 -4.070000000000000007e-02 2.615999999999999992e-01 1.049999999999999961e-01 -4.059999999999999720e-02 5.550000000000000072e-02 -4.689999999999999725e-02 -3.559999999999999970e-02 -2.987000000000000210e-01 -8.659999999999999643e-02 -8.000000000000000167e-03 -4.119999999999999357e-02 2.219999999999999751e-02 1.656490000000000046e-03 6.843456000000000539e-02 1.102499999999999834e-02 1.648359999999999756e-03 3.080250000000000089e-03 2.199609999999999847e-03 1.267359999999999928e-03 8.922169000000000627e-02 7.499559999999999733e-03 6.399999999999999710e-05 1.697439999999999496e-03 4.928399999999999231e-04 1.317562125000000000e+06 1.388356500000000000e+06
1.000000000000000000e+00 -2.179999999999999993e-02 -2.685000000000000164e-01 8.029999999999999638e-02 -1.880000000000000074e-02 -1.529999999999999936e-02 -5.879999999999999810e-02 1.890000000000000013e-02 -5.301000000000000156e-01 -2.469999999999999973e-02 2.179999999999999646e-02 -7.080000000000000182e-02 -1.190000000000000085e-02 4.752399999999999832e-04 7.209225000000001049e-02 6.448089999999999204e-03 3.534400000000000042e-04 2.340899999999999763e-04 3.457439999999999992e-03 3.572100000000000036e-04 2.810060100000000283e-01 6.100899999999999813e-04 4.752399999999998206e-04 5.012640000000000498e-03 1.416100000000000214e-04 1.314128250000000000e+06 1.383619000000000000e+06
1.000000000000000000e+00 -5.000000000000000104e-03 7.340999999999999748e-01 2.401999999999999968e-01 -2.860000000000000042e-02 1.236000000000000015e-01 2.299999999999999961e-03 1.679999999999999896e-02 1.002599999999999936e+00 1.598999999999999866e-01 -9.799999999999999684e-03 1.388999999999999957e-01 6.110000000000000153e-02 2.500000000000000120e-05 5.389028099999999544e-01 5.769603999999999705e-02 8.179600000000000629e-04 1.527696000000000089e-02 5.290000000000000174e-06 2.822399999999999540e-04 1.005206759999999866e+00 2.556800999999999519e-02 9.603999999999999527e-05 1.929320999999999814e-02 3.733210000000000261e-03 1.318294750000000000e+06 1.389862375000000000e+06
1.000000000000000000e+00 -1.899999999999999953e-02 3.708000000000000185e-01 8.210000000000000631e-02 -2.220000000000000098e-02 4.630000000000000088e-02 1.430000000000000021e-02 -1.399999999999999856e-02 -3.632999999999999563e-01 -1.580999999999999905e-01 6.399999999999999439e-03 -7.730000000000000759e-02 1.200000000000000025e-02 3.609999999999999928e-04 1.374926400000000271e-01 6.740410000000001366e-03 4.928400000000000315e-04 2.143690000000000179e-03 2.044900000000000157e-04 1.959999999999999666e-04 1.319868899999999678e-01 2.499560999999999797e-02 4.095999999999999408e-05 5.975290000000001156e-03 1.440000000000000036e-04 1.317669125000000000e+06 1.386261375000000000e+06
1.000000000000000000e+00 -3.459999999999999881e-02 -4.163000000000000034e-01 1.020999999999999963e-01 -1.980000000000000163e-02 2.610000000000000167e-02 6.569999999999999452e-02 -1.559999999999999928e-02 -7.871000000000000218e-01 1.999999999999999001e-02 2.399999999999999356e-03 -2.019999999999999921e-02 5.139999999999999430e-02 1.197159999999999848e-03 1.733056900000000122e-01 1.042440999999999854e-02 3.920400000000000751e-04 6.812100000000001271e-04 4.316489999999999216e-03 2.433599999999999739e-04 6.195264100000000829e-01 3.999999999999995855e-04 5.759999999999996521e-06 4.080399999999999761e-04 2.641959999999999621e-03 1.316717625000000000e+06 1.382748375000000000e+06
1.000000000000000000e+00 -2.000000000000000042e-02 3.837999999999999745e-01 2.048000000000000098e-01 -2.920000000000000026e-02 1.028000000000000025e-01 5.770000000000000129e-02 1.459999999999999840e-02 8.001000000000000334e-01 1.027000000000000135e-01 -9.399999999999998634e-03 7.670000000000000429e-02 -7.999999999999993228e-03 4.000000000000000192e-04 1.473024399999999789e-01 4.194304000000000088e-02 8.526399999999999951e-04 1.056784000000000022e-02 3.329289999999999940e-03 2.131599999999999446e-04 6.401600100000000015e-01 1.054729000000000257e-02 8.835999999999997394e-05 5.882890000000000862e-03 6.399999999999988868e-05 1.315829000000000000e+06 1.389724875000000000e+06
1.000000000000000000e+00 -7.900000000000000772e-03 5.868999999999999773e-01 1.758000000000000118e-01 -3.230000000000000232e-02 -2.319999999999999840e-02 -3.590000000000000135e-02 1.209999999999999964e-02 2.031000000000000028e-01 -2.899999999999999800e-02 -3.100000000000002059e-03 -1.260000000000000009e-01 -9.360000000000000264e-02 6.241000000000000724e-05 3.444516099999999637e-01 3.090564000000000505e-02 1.043290000000000103e-03 5.382399999999999424e-04 1.288810000000000042e-03 1.464100000000000026e-04 4.124960999999999905e-02 8.409999999999998423e-04 9.610000000000013022e-06 1.587600000000000122e-02 8.760959999999999928e-03 1.317345000000000000e+06 1.394060500000000000e+06
1.000000000000000000e+00 1.430000000000000021e-02 7.523999999999999577e-01 2.900000000000000147e-02 -3.440000000000000002e-02 7.019999999999999851e-02 -5.779999999999999721e-02 2.220000000000000098e-02 1.654999999999999805e-01 -1.468000000000000138e-01 -2.099999999999997702e-03 9.339999999999999691e-02 -2.189999999999999586e-02 2.044900000000000157e-04 5.661057599999999024e-01 8.410000000000000591e-04 1.183360000000000054e-03 4.928039999999999851e-03 3.340839999999999869e-03 4.928400000000000315e-04 2.739024999999999446e-02 2.155024000000000522e-02 4.409999999999989964e-06 8.723559999999999995e-03 4.796099999999998346e-04 1.321017375000000000e+06 1.402046375000000000e+06
1.000000000000000000e+00 7.499999999999999722e-03 1.778000000000000136e-01 1.782999999999999863e-01 -3.810000000000000192e-02 1.376999999999999891e-01 -5.899999999999999689e-02 -6.800000000000000488e-03 -5.745999999999999996e-01 1.492999999999999883e-01 -3.700000000000001898e-03 6.749999999999999056e-02 -1.199999999999999678e-03 5.624999999999999846e-05 3.161284000000000316e-02 3.179088999999999526e-02 1.451610000000000096e-03 1.896128999999999870e-02 3.480999999999999719e-03 4.624000000000000451e-05 3.301651600000000131e-01 2.229048999999999614e-02 1.369000000000001462e-05 4.556249999999998669e-03 1.439999999999999130e-06 1.318668750000000000e+06 1.397043875000000000e+06
1.000000000000000000e+00 1.199999999999999895e-03 2.225000000000000033e-01 9.510000000000000397e-02 -5.059999999999999915e-02 9.929999999999999938e-02 -8.240000000000000102e-02 -6.300000000000000044e-03 4.469999999999998974e-02 -8.319999999999998230e-02 -1.249999999999999722e-02 -3.839999999999998970e-02 -2.340000000000000413e-02 1.439999999999999765e-06 4.950625000000000164e-02 9.044009999999999896e-03 2.560359999999999806e-03 9.860489999999999533e-03 6.789760000000000587e-03 3.969000000000000116e-05 1.998089999999999242e-03 6.922239999999997041e-03 1.562499999999999219e-04 1.474559999999999109e-03 5.475600000000002123e-04 1.319785375000000000e+06 1.397600250000000000e+06
1.000000000000000000e+00 -4.000000000000000192e-04 1.333000000000000018e-01 1.880000000000000074e-02 -3.649999999999999772e-02 9.039999999999999425e-02 -8.459999999999999465e-02 -1.599999999999999860e-03 -8.920000000000000151e-02 -7.630000000000000671e-02 1.410000000000000142e-02 -8.900000000000005129e-03 -2.199999999999993627e-03 1.600000000000000033e-07 1.776888999999999899e-02 3.534400000000000042e-04 1.332249999999999884e-03 8.172159999999999494e-03 7.157159999999999217e-03 2.559999999999999630e-06 7.956640000000000934e-03 5.821690000000000892e-03 1.988100000000000294e-04 7.921000000000009034e-05 4.839999999999972295e-06 1.317185750000000000e+06 1.394730500000000000e+06
1.000000000000000000e+00 -3.049999999999999933e-02 -5.469999999999999862e-02 1.630999999999999950e-01 -3.309999999999999748e-02 4.599999999999999922e-03 -6.250000000000000000e-02 -3.009999999999999828e-02 -1.880000000000000004e-01 1.442999999999999838e-01 3.400000000000000244e-03 -8.579999999999998739e-02 2.209999999999999465e-02 9.302499999999999788e-04 2.992089999999999767e-03 2.660160999999999776e-02 1.095609999999999900e-03 2.116000000000000069e-05 3.906250000000000000e-03 9.060099999999998450e-04 3.534400000000000042e-02 2.082248999999999559e-02 1.156000000000000113e-05 7.361639999999997422e-03 4.884099999999997775e-04 1.318222375000000000e+06 1.392627750000000000e+06
1.000000000000000000e+00 -4.059999999999999720e-02 3.836999999999999855e-01 1.643999999999999906e-01 -4.089999999999999886e-02 -2.400000000000000050e-02 -5.960000000000000020e-02 -1.009999999999999787e-02 4.384000000000000119e-01 1.299999999999995604e-03 -7.800000000000001377e-03 -2.860000000000000042e-02 2.899999999999999800e-03 1.648359999999999756e-03 1.472256899999999924e-01 2.702735999999999680e-02 1.672809999999999835e-03 5.760000000000000146e-04 3.552159999999999953e-03 1.020099999999999534e-04 1.921945600000000143e-01 1.689999999999988478e-06 6.084000000000002058e-05 8.179600000000000629e-04 8.409999999999999101e-06 1.318613750000000000e+06 1.388551125000000000e+06
1.000000000000000000e+00 -4.599999999999999922e-02 1.618999999999999884e-01 1.600999999999999923e-01 -4.669999999999999846e-02 3.230000000000000232e-02 -3.690000000000000224e-02 -5.400000000000002021e-03 -2.217999999999999972e-01 -4.299999999999998268e-03 -5.799999999999999600e-03 5.630000000000000282e-02 2.269999999999999796e-02 2.115999999999999825e-03 2.621160999999999630e-02 2.563200999999999674e-02 2.180889999999999999e-03 1.043290000000000103e-03 1.361610000000000077e-03 2.916000000000002236e-05 4.919524000000000119e-02 1.848999999999998391e-05 3.363999999999999640e-05 3.169690000000000181e-03 5.152899999999999538e-04 1.318531125000000000e+06 1.387692875000000000e+06
1.000000000000000000e+00 -5.879999999999999810e-02 2.596999999999999864e-01 1.973999999999999921e-01 -4.970000000000000112e-02 6.790000000000000202e-02 -2.570000000000000062e-02 -1.279999999999999888e-02 9.779999999999999805e-02 3.729999999999999982e-02 -3.000000000000002665e-03 3.559999999999999970e-02 1.120000000000000162e-02 3.457439999999999992e-03 6.744408999999999821e-02 3.896675999999999612e-02 2.470090000000000306e-03 4.610410000000000549e-03 6.604900000000000137e-04 1.638399999999999763e-04 9.564839999999999801e-03 1.391289999999999888e-03 9.000000000000015475e-06 1.267359999999999928e-03 1.254400000000000458e-04 1.317763000000000000e+06 1.387037625000000000e+06
1.000000000000000000e+00 -3.799999999999999906e-02 7.221999999999999531e-01 2.437000000000000000e-01 -4.460000000000000075e-02 2.019999999999999921e-02 -5.639999999999999875e-02 2.079999999999999905e-02 4.624999999999999667e-01 4.630000000000000782e-02 5.100000000000000366e-03 -4.770000000000000628e-02 -3.069999999999999812e-02 1.443999999999999971e-03 5.215728399999999265e-01 5.938969000000000192e-02 1.989160000000000234e-03 4.080399999999999761e-04 3.180960000000000037e-03 4.326399999999999777e-04 2.139062499999999645e-01 2.143690000000000612e-03 2.601000000000000339e-05 2.275290000000000559e-03 9.424899999999999294e-04 1.317719000000000000e+06 1.392627750000000000e+06
1.000000000000000000e+00 -3.880000000000000115e-02 4.411999999999999811e-01 7.049999999999999323e-02 -3.649999999999999772e-02 5.430000000000000104e-02 -6.360000000000000375e-02 -8.000000000000020983e-04 -2.809999999999999720e-01 -1.732000000000000206e-01 8.100000000000003031e-03 3.410000000000000531e-02 -7.200000000000005007e-03 1.505440000000000033e-03 1.946574399999999871e-01 4.970249999999998974e-03 1.332249999999999884e-03 2.948490000000000225e-03 4.044960000000000222e-03 6.400000000000034015e-07 7.896099999999998953e-02 2.999824000000000587e-02 6.561000000000004437e-05 1.162810000000000449e-03 5.184000000000007287e-05 1.318667750000000000e+06 1.396102125000000000e+06
1.000000000000000000e+00 -1.949999999999999997e-02 1.144000000000000017e-01 7.610000000000000098e-02 -3.300000000000000155e-02 8.669999999999999929e-02 -6.199999999999999956e-02 1.930000000000000118e-02 -3.267999999999999794e-01 5.600000000000007749e-03 3.499999999999996170e-03 3.239999999999999825e-02 1.600000000000004197e-03 3.802499999999999999e-04 1.308736000000000101e-02 5.791209999999999761e-03 1.089000000000000124e-03 7.516890000000000030e-03 3.843999999999999761e-03 3.724900000000000606e-04 1.067982399999999887e-01 3.136000000000008599e-05 1.224999999999997250e-05 1.049759999999999843e-03 2.560000000000013606e-06 1.318757500000000000e+06 1.395464500000000000e+06
1.000000000000000000e+00 -3.440000000000000002e-02 4.130000000000000338e-02 1.764999999999999902e-01 -2.630000000000000046e-02 9.220000000000000417e-02 -5.559999999999999665e-02 -1.490000000000000005e-02 -7.309999999999999831e-02 1.003999999999999893e-01 6.700000000000001094e-03 5.500000000000004885e-03 6.400000000000002909e-03 1.183360000000000054e-03 1.705690000000000374e-03 3.115224999999999592e-02 6.916900000000000132e-04 8.500840000000000826e-03 3.091359999999999594e-03 2.220099999999999971e-04 5.343609999999999506e-03 1.008015999999999773e-02 4.489000000000001236e-05 3.025000000000005427e-05 4.096000000000003474e-05 1.317886625000000000e+06 1.391781750000000000e+06
1.000000000000000000e+00 -4.970000000000000112e-02 2.656000000000000028e-01 1.589000000000000135e-01 -3.810000000000000192e-02 -1.170000000000000033e-02 -5.859999999999999931e-02 -1.530000000000000110e-02 2.242999999999999994e-01 -1.759999999999997677e-02 -1.180000000000000146e-02 -1.039000000000000062e-01 -3.000000000000002665e-03 2.470090000000000306e-03 7.054335999999999940e-02 2.524921000000000457e-02 1.451610000000000096e-03 1.368899999999999989e-04 3.433959999999999790e-03 2.340900000000000305e-04 5.031048999999999938e-02 3.097599999999992026e-04 1.392400000000000289e-04 1.079521000000000126e-02 9.000000000000015475e-06 1.317665750000000000e+06 1.389065625000000000e+06
1.000000000000000000e+00 -4.569999999999999757e-02 3.612000000000000210e-01 9.819999999999999563e-02 -3.080000000000000099e-02 1.700000000000000122e-02 -6.160000000000000198e-02 4.000000000000003553e-03 9.560000000000001830e-02 -6.070000000000001783e-02 7.300000000000000933e-03 2.870000000000000329e-02 -3.000000000000002665e-03 2.088489999999999704e-03 1.304654400000000158e-01 9.643239999999999104e-03 9.486400000000000518e-04 2.890000000000000316e-04 3.794560000000000207e-03 1.600000000000002977e-05 9.139360000000004355e-03 3.684490000000002069e-03 5.329000000000001325e-05 8.236900000000001859e-04 9.000000000000015475e-06 1.317538375000000000e+06 1.388249875000000000e+06
1.000000000000000000e+00 -4.669999999999999846e-02 2.273000000000000020e-01 1.872999999999999943e-01 -4.030000000000000249e-02 1.126000000000000056e-01 -5.689999999999999919e-02 -1.000000000000000888e-03 -1.339000000000000190e-01 8.909999999999999865e-02 -9.500000000000001499e-03 9.560000000000000442e-02 4.700000000000002787e-03 2.180889999999999999e-03 5.166529000000000260e-02 3.508129000000000108e-02 1.624090000000000126e-03 1.267876000000000072e-02 3.237609999999999707e-03 1.000000000000001861e-06 1.792921000000000445e-02 7.938809999999999270e-03 9.025000000000002530e-05 9.139360000000000886e-03 2.209000000000002737e-05 1.318685250000000000e+06 1.392874125000000000e+06
1.000000000000000000e+00 -4.179999999999999688e-02 2.757000000000000006e-01 1.403000000000000080e-01 -2.580000000000000002e-02 1.011999999999999983e-01 -1.389999999999999916e-02 4.900000000000001577e-03 4.839999999999999858e-02 -4.699999999999998623e-02 1.450000000000000247e-02 -1.140000000000000735e-02 4.299999999999999656e-02 1.747239999999999731e-03 7.601049000000000000e-02 1.968409000000000131e-02 6.656400000000000034e-04 1.024143999999999922e-02 1.932099999999999746e-04 2.401000000000001576e-05 2.342560000000000042e-03 2.208999999999998725e-03 2.102500000000000690e-04 1.299600000000001720e-04 1.848999999999999732e-03 1.318915000000000000e+06 1.392934500000000000e+06
1.000000000000000000e+00 -9.100000000000000450e-03 2.293000000000000038e-01 1.378999999999999948e-01 -1.699999999999999905e-03 7.580000000000000626e-02 -5.499999999999999681e-03 3.269999999999999296e-02 -4.639999999999999680e-02 -2.400000000000013234e-03 2.409999999999999989e-02 -2.539999999999999203e-02 8.399999999999999481e-03 8.281000000000000166e-05 5.257848999999999856e-02 1.901640999999999748e-02 2.889999999999999859e-06 5.745640000000000643e-03 3.024999999999999667e-05 1.069289999999999434e-03 2.152959999999999770e-03 5.760000000000063436e-06 5.808099999999999635e-04 6.451599999999995489e-04 7.055999999999998851e-05 1.318811875000000000e+06 1.392098500000000000e+06
1.000000000000000000e+00 -1.349999999999999985e-02 2.606999999999999873e-01 1.729999999999999871e-01 -1.000000000000000021e-03 7.080000000000000182e-02 2.000000000000000042e-03 -4.399999999999999398e-03 3.139999999999998348e-02 3.509999999999999232e-02 6.999999999999998845e-04 -5.000000000000004441e-03 7.499999999999999722e-03 1.822499999999999847e-04 6.796448999999998852e-02 2.992899999999999727e-02 9.999999999999999547e-07 5.012640000000000498e-03 3.999999999999999819e-06 1.935999999999999421e-05 9.859599999999990507e-04 1.232009999999999529e-03 4.899999999999998614e-07 2.500000000000004524e-05 5.624999999999999846e-05 1.318615375000000000e+06 1.393519875000000000e+06
1.000000000000000000e+00 -3.969999999999999918e-02 2.005000000000000115e-01 1.338999999999999913e-01 -1.272000000000000075e-01 1.236000000000000015e-01 -4.050000000000000128e-02 -2.620000000000000107e-02 -6.019999999999997575e-02 -3.909999999999999587e-02 -1.262000000000000066e-01 5.279999999999999971e-02 -4.250000000000000305e-02 1.576090000000000043e-03 4.020025000000000681e-02 1.792920999999999751e-02 1.617984000000000089e-02 1.527696000000000089e-02 1.640249999999999998e-03 6.864400000000000753e-04 3.624039999999997212e-03 1.528809999999999588e-03 1.592644000000000004e-02 2.787839999999999763e-03 1.806250000000000347e-03 1.319513625000000000e+06 1.400115375000000000e+06
1.000000000000000000e+00 -5.689999999999999919e-02 2.084000000000000019e-01 1.089999999999999997e-01 -1.123999999999999999e-01 6.329999999999999516e-02 -9.329999999999999405e-02 -1.720000000000000001e-02 7.899999999999990363e-03 -2.489999999999999158e-02 1.480000000000000759e-02 -6.030000000000000637e-02 -5.279999999999999277e-02 3.237609999999999707e-03 4.343056000000000000e-02 1.188099999999999920e-02 1.263376000000000082e-02 4.006889999999999064e-03 8.704889999999998115e-03 2.958400000000000135e-04 6.240999999999984461e-05 6.200099999999996152e-04 2.190400000000002339e-04 3.636090000000000676e-03 2.787839999999999329e-03 1.317981375000000000e+06 1.403031875000000000e+06
1.000000000000000000e+00 -5.709999999999999798e-02 7.780000000000000249e-01 2.454999999999999960e-01 -2.129999999999999949e-02 1.899999999999999996e-03 -1.691999999999999893e-01 -1.999999999999987899e-04 5.695999999999999952e-01 1.365000000000000102e-01 9.110000000000000042e-02 -6.139999999999999625e-02 -7.589999999999999525e-02 3.260409999999999611e-03 6.052840000000000442e-01 6.027024999999999744e-02 4.536899999999999744e-04 3.610000000000000165e-06 2.862863999999999687e-02 3.999999999999951776e-08 3.244441599999999815e-01 1.863225000000000298e-02 8.299209999999999574e-03 3.769959999999999718e-03 5.760809999999999022e-03 1.317232875000000000e+06 1.394281125000000000e+06
1.000000000000000000e+00 -5.960000000000000020e-02 6.874000000000000110e-01 -9.599999999999999159e-03 -2.160000000000000114e-02 9.560000000000000442e-02 -1.703999999999999959e-01 -2.500000000000002220e-03 -9.060000000000001386e-02 -2.550999999999999934e-01 -3.000000000000016542e-04 9.370000000000000551e-02 -1.200000000000006617e-03 3.552159999999999953e-03 4.725187600000000376e-01 9.215999999999998499e-05 4.665600000000000324e-04 9.139360000000000886e-03 2.903615999999999836e-02 6.250000000000011311e-06 8.208360000000003084e-03 6.507601000000000357e-02 9.000000000000099119e-08 8.779690000000001451e-03 1.440000000000015859e-06 1.321385250000000000e+06 1.406337750000000000e+06
1.000000000000000000e+00 -5.580000000000000238e-02 -3.130000000000000004e-01 -2.659999999999999865e-02 -4.189999999999999974e-02 9.470000000000000639e-02 -1.165999999999999953e-01 3.799999999999997824e-03 -1.000399999999999956e+00 -1.700000000000000122e-02 -2.029999999999999860e-02 -8.999999999999980238e-04 5.380000000000000060e-02 3.113640000000000418e-03 9.796900000000000053e-02 7.075599999999999815e-04 1.755609999999999896e-03 8.968090000000001477e-03 1.359555999999999959e-02 1.443999999999998372e-05 1.000800159999999828e+00 2.890000000000000316e-04 4.120899999999999390e-04 8.099999999999964799e-07 2.894439999999999860e-03 1.319341750000000000e+06 1.402273000000000000e+06
1.000000000000000000e+00 -9.719999999999999474e-02 -5.300000000000000024e-03 1.655000000000000082e-01 -4.449999999999999789e-02 8.920000000000000151e-02 -1.042000000000000010e-01 -4.139999999999999236e-02 3.076999999999999735e-01 1.920999999999999930e-01 -2.599999999999998146e-03 -5.500000000000004885e-03 1.239999999999999436e-02 9.447839999999999017e-03 2.809000000000000041e-05 2.739025000000000140e-02 1.980249999999999806e-03 7.956640000000000934e-03 1.085764000000000000e-02 1.713959999999999399e-03 9.467928999999998541e-02 3.690240999999999660e-02 6.759999999999990334e-06 3.025000000000005427e-05 1.537599999999998560e-04 1.318790375000000000e+06 1.394550875000000000e+06
1.000000000000000000e+00 -8.590000000000000413e-02 4.650000000000000244e-01 3.599999999999999901e-03 -3.760000000000000148e-02 7.100000000000000408e-03 -1.034000000000000058e-01 1.129999999999999061e-02 4.703000000000000513e-01 -1.619000000000000161e-01 6.899999999999996414e-03 -8.210000000000000631e-02 7.999999999999951594e-04 7.378810000000000403e-03 2.162250000000000283e-01 1.295999999999999958e-05 1.413760000000000017e-03 5.041000000000000694e-05 1.069156000000000099e-02 1.276899999999997753e-04 2.211820900000000534e-01 2.621161000000000671e-02 4.760999999999995243e-05 6.740410000000001366e-03 6.399999999999922842e-07 1.316287125000000000e+06 1.388925875000000000e+06
1.000000000000000000e+00 -3.009999999999999828e-02 3.205999999999999961e-01 2.584000000000000186e-01 -4.000000000000000083e-02 3.429999999999999716e-02 -6.289999999999999758e-02 5.580000000000000238e-02 -1.444000000000000283e-01 2.548000000000000265e-01 -2.399999999999999356e-03 2.719999999999999502e-02 4.050000000000000822e-02 9.060099999999998450e-04 1.027843599999999913e-01 6.677056000000000657e-02 1.600000000000000077e-03 1.176489999999999871e-03 3.956409999999999615e-03 3.113640000000000418e-03 2.085136000000000975e-02 6.492304000000001518e-02 5.759999999999996521e-06 7.398399999999997470e-04 1.640250000000000648e-03 1.317116000000000000e+06 1.385424625000000000e+06
1.000000000000000000e+00 -1.650000000000000078e-02 8.426000000000000156e-01 2.782000000000000028e-01 -4.859999999999999737e-02 6.969999999999999807e-02 -4.070000000000000007e-02 1.359999999999999751e-02 5.220000000000000195e-01 1.979999999999998428e-02 -8.599999999999996536e-03 3.540000000000000091e-02 2.219999999999999751e-02 2.722500000000000310e-04 7.099747600000000380e-01 7.739524000000000403e-02 2.361959999999999754e-03 4.858089999999999804e-03 1.656490000000000046e-03 1.849599999999999367e-04 2.724840000000000040e-01 3.920399999999993703e-04 7.395999999999993562e-05 1.253160000000000125e-03 4.928399999999999231e-04 1.319966875000000000e+06 1.388943000000000000e+06
1.000000000000000000e+00 -3.710000000000000103e-02 2.170999999999999874e-01 -2.599999999999999881e-02 -4.760000000000000342e-02 1.619999999999999912e-02 -6.370000000000000662e-02 -2.060000000000000026e-02 -6.255000000000000560e-01 -3.042000000000000259e-01 9.999999999999939493e-04 -5.349999999999999895e-02 -2.300000000000000655e-02 1.376410000000000003e-03 4.713240999999999264e-02 6.759999999999999516e-04 2.265760000000000343e-03 2.624399999999999606e-04 4.057690000000000949e-03 4.243600000000000367e-04 3.912502500000000771e-01 9.253764000000001821e-02 9.999999999999878845e-07 2.862249999999999777e-03 5.290000000000002816e-04 1.317929250000000000e+06 1.386375500000000000e+06
1.000000000000000000e+00 -3.509999999999999926e-02 -4.991999999999999771e-01 8.799999999999999489e-02 -4.109999999999999765e-02 -5.000000000000000278e-02 -7.580000000000000626e-02 2.000000000000001776e-03 -7.162999999999999368e-01 1.139999999999999902e-01 6.500000000000005773e-03 -6.620000000000000884e-02 -1.209999999999999964e-02 1.232009999999999963e-03 2.492006399999999733e-01 7.743999999999999148e-03 1.689209999999999800e-03 2.500000000000000486e-03 5.745640000000000643e-03 4.000000000000007442e-06 5.130856899999999277e-01 1.299599999999999714e-02 4.225000000000007829e-05 4.382440000000001334e-03 1.464100000000000026e-04 1.314051250000000000e+06 1.382344000000000000e+06
1.000000000000000000e+00 -4.019999999999999962e-02 9.495999999999999996e-01 3.852999999999999758e-01 -5.029999999999999749e-02 1.323999999999999899e-01 -4.019999999999999962e-02 -5.100000000000000366e-03 1.448799999999999866e+00 2.973000000000000087e-01 -9.199999999999999845e-03 1.824000000000000066e-01 3.560000000000000664e-02 1.616040000000000011e-03 9.017401600000000128e-01 1.484560899999999850e-01 2.530089999999999596e-03 1.752975999999999840e-02 1.616040000000000011e-03 2.601000000000000339e-05 2.099021439999999572e+00 8.838729000000000724e-02 8.464000000000000278e-05 3.326976000000000239e-02 1.267360000000000578e-03 1.319660875000000000e+06 1.392388250000000000e+06
1.000000000000000000e+00 -3.130000000000000143e-02 4.849999999999999867e-01 -2.369999999999999885e-02 -5.419999999999999818e-02 5.879999999999999810e-02 -3.230000000000000232e-02 8.899999999999998190e-03 -4.646000000000000130e-01 -4.089999999999999747e-01 -3.900000000000000688e-03 -7.359999999999999876e-02 7.899999999999997302e-03 9.796900000000000747e-04 2.352249999999999897e-01 5.616899999999999974e-04 2.937639999999999609e-03 3.457439999999999992e-03 1.043290000000000103e-03 7.920999999999996837e-05 2.158531600000000161e-01 1.672809999999999853e-01 1.521000000000000515e-05 5.416960000000000178e-03 6.240999999999995303e-05 1.319933625000000000e+06 1.393075250000000000e+06
1.000000000000000000e+00 -5.929999999999999855e-02 -6.219000000000000083e-01 6.890000000000000291e-02 -6.140000000000000319e-02 -2.149999999999999828e-02 -1.200000000000000025e-02 -2.799999999999999711e-02 -1.106899999999999995e+00 9.260000000000000175e-02 -7.200000000000005007e-03 -8.029999999999999638e-02 2.030000000000000207e-02 3.516489999999999720e-03 3.867596100000000314e-01 4.747209999999999971e-03 3.769960000000000585e-03 4.622499999999999331e-04 1.440000000000000036e-04 7.839999999999998663e-04 1.225227609999999911e+00 8.574760000000000715e-03 5.184000000000007287e-05 6.448089999999999204e-03 4.120900000000001016e-04 1.315631125000000000e+06 1.385656500000000000e+06
1.000000000000000000e+00 -7.000000000000000666e-02 4.722999999999999976e-01 2.034999999999999865e-01 -4.660000000000000253e-02 6.289999999999999758e-02 1.650000000000000078e-02 -1.070000000000000812e-02 1.094200000000000061e+00 1.345999999999999974e-01 1.480000000000000066e-02 8.440000000000000280e-02 2.850000000000000103e-02 4.900000000000000709e-03 2.230672900000000014e-01 4.141224999999999767e-02 2.171560000000000330e-03 3.956409999999999615e-03 2.722500000000000310e-04 1.144900000000001727e-04 1.197273640000000139e+00 1.811716000000000021e-02 2.190400000000000170e-04 7.123360000000000455e-03 8.122500000000000379e-04 1.319690250000000000e+06 1.392438250000000000e+06
1.000000000000000000e+00 -7.049999999999999323e-02 3.951999999999999957e-01 -1.949999999999999997e-02 -5.820000000000000173e-02 1.899999999999999996e-03 1.839999999999999969e-02 -4.999999999999865663e-04 -7.710000000000000187e-02 -2.229999999999999760e-01 -1.159999999999999920e-02 -6.099999999999999867e-02 1.899999999999998912e-03 4.970249999999998974e-03 1.561830399999999952e-01 3.802499999999999999e-04 3.387240000000000129e-03 3.610000000000000165e-06 3.385600000000000111e-04 2.499999999999865420e-07 5.944410000000000666e-03 4.972899999999998849e-02 1.345599999999999856e-04 3.720999999999999915e-03 3.609999999999995930e-06 1.318391125000000000e+06 1.391940250000000000e+06
1.000000000000000000e+00 -4.979999999999999705e-02 2.341000000000000025e-01 1.741000000000000048e-01 -5.220000000000000334e-02 3.389999999999999958e-02 -1.179999999999999973e-02 2.069999999999999618e-02 -1.610999999999999932e-01 1.935999999999999943e-01 5.999999999999998390e-03 3.200000000000000067e-02 -3.019999999999999768e-02 2.480039999999999762e-03 5.480281000000000041e-02 3.031081000000000053e-02 2.724840000000000508e-03 1.149209999999999902e-03 1.392400000000000018e-04 4.284899999999998497e-04 2.595320999999999739e-02 3.748096000000000066e-02 3.599999999999998058e-05 1.023999999999999954e-03 9.120399999999998127e-04 1.317399750000000000e+06 1.392122125000000000e+06
1.000000000000000000e+00 -5.970000000000000306e-02 6.727999999999999536e-01 1.832999999999999907e-01 -4.469999999999999668e-02 -2.500000000000000052e-03 -7.400000000000000328e-03 -9.900000000000006017e-03 4.386999999999999789e-01 9.199999999999985967e-03 7.500000000000006661e-03 -3.640000000000000180e-02 4.399999999999999398e-03 3.564090000000000227e-03 4.526598399999999245e-01 3.359888999999999931e-02 1.998089999999999675e-03 6.250000000000000300e-06 5.476000000000000426e-05 9.801000000000011363e-05 1.924576899999999868e-01 8.463999999999974528e-05 5.625000000000010010e-05 1.324960000000000027e-03 1.935999999999999421e-05 1.319043750000000000e+06 1.393025375000000000e+06
1.000000000000000000e+00 -6.320000000000000617e-02 1.869999999999999996e-01 1.912999999999999978e-01 -5.059999999999999915e-02 2.179999999999999993e-02 -2.099999999999999870e-03 -3.500000000000003109e-03 -4.857999999999999541e-01 8.000000000000007105e-03 -5.900000000000002465e-03 2.429999999999999868e-02 5.300000000000000891e-03 3.994240000000000464e-03 3.496900000000000008e-02 3.659569000000000016e-02 2.560359999999999806e-03 4.752399999999999832e-04 4.409999999999999282e-06 1.225000000000002163e-05 2.360016399999999570e-01 6.400000000000011908e-05 3.481000000000002755e-05 5.904899999999999385e-04 2.809000000000001058e-05 1.318216125000000000e+06 1.389972375000000000e+06
1.000000000000000000e+00 -6.410000000000000420e-02 1.305000000000000049e-01 1.008000000000000007e-01 -5.170000000000000290e-02 2.560000000000000123e-02 -7.599999999999999985e-03 -8.999999999999980238e-04 -5.649999999999999467e-02 -9.049999999999999711e-02 -1.100000000000003753e-03 3.800000000000001293e-03 -5.499999999999999681e-03 4.108810000000000934e-03 1.703025000000000025e-02 1.016064000000000030e-02 2.672890000000000248e-03 6.553600000000000137e-04 5.776000000000000264e-05 8.099999999999964799e-07 3.192249999999999342e-03 8.190249999999999614e-03 1.210000000000008320e-06 1.444000000000000913e-05 3.024999999999999667e-05 1.317929500000000000e+06 1.391339000000000000e+06
1.000000000000000000e+00 -4.379999999999999866e-02 4.122999999999999998e-01 9.990000000000000269e-02 -5.040000000000000036e-02 2.769999999999999893e-02 -2.199999999999999872e-02 2.030000000000000554e-02 2.817999999999999949e-01 -8.999999999999980238e-04 1.300000000000002542e-03 2.099999999999997702e-03 -1.439999999999999961e-02 1.918439999999999989e-03 1.699912899999999893e-01 9.980010000000000964e-03 2.540160000000000074e-03 7.672899999999998992e-04 4.839999999999999468e-04 4.120900000000002100e-04 7.941123999999999405e-02 8.099999999999964799e-07 1.690000000000006689e-06 4.409999999999989964e-06 2.073599999999999933e-04 1.319783125000000000e+06 1.397206000000000000e+06
1.000000000000000000e+00 -4.639999999999999680e-02 4.386999999999999789e-01 1.904000000000000137e-01 -4.750000000000000056e-02 5.099999999999999672e-02 -2.659999999999999865e-02 -2.599999999999998146e-03 2.639999999999997904e-02 9.050000000000001099e-02 2.899999999999999800e-03 2.329999999999999780e-02 -4.599999999999999922e-03 2.152959999999999770e-03 1.924576899999999868e-01 3.625216000000000549e-02 2.256250000000000009e-03 2.600999999999999580e-03 7.075599999999999815e-04 6.759999999999990334e-06 6.969599999999988565e-04 8.190250000000001349e-03 8.409999999999999101e-06 5.428899999999998657e-04 2.116000000000000069e-05 1.321513000000000000e+06 1.399936750000000000e+06
1.000000000000000000e+00 -5.779999999999999721e-02 7.321999999999999620e-01 1.895999999999999908e-01 -5.960000000000000020e-02 1.491000000000000103e-01 -1.830000000000000029e-02 -1.140000000000000041e-02 2.934999999999999831e-01 -8.000000000000229150e-04 -1.209999999999999964e-02 9.810000000000002052e-02 8.299999999999998351e-03 3.340839999999999869e-03 5.361168399999999279e-01 3.594815999999999984e-02 3.552159999999999953e-03 2.223081000000000362e-02 3.348900000000000141e-04 1.299600000000000093e-04 8.614224999999998966e-02 6.400000000000366476e-07 1.464100000000000026e-04 9.623610000000004661e-03 6.888999999999997231e-05 1.323519375000000000e+06 1.401775000000000000e+06
1.000000000000000000e+00 -5.090000000000000080e-02 -4.970000000000000112e-02 1.088999999999999968e-01 -4.769999999999999934e-02 1.342000000000000137e-01 2.129999999999999949e-02 6.899999999999996414e-03 -7.818999999999999284e-01 -8.069999999999999396e-02 1.190000000000000085e-02 -1.489999999999999658e-02 3.959999999999999631e-02 2.590810000000000248e-03 2.470090000000000306e-03 1.185920999999999850e-02 2.275290000000000125e-03 1.800964000000000384e-02 4.536899999999999744e-04 4.760999999999995243e-05 6.113676099999998392e-01 6.512489999999999252e-03 1.416100000000000214e-04 2.220099999999998886e-04 1.568159999999999650e-03 1.318766375000000000e+06 1.388906250000000000e+06
1.000000000000000000e+00 -5.299999999999999850e-02 -5.991999999999999549e-01 1.198000000000000037e-01 -6.010000000000000064e-02 -2.120000000000000009e-02 8.099999999999999561e-03 -2.099999999999997702e-03 -5.494999999999999885e-01 1.090000000000000691e-02 -1.240000000000000130e-02 -1.554000000000000103e-01 -1.319999999999999993e-02 2.808999999999999865e-03 3.590406399999999665e-01 1.435204000000000167e-02 3.612010000000000134e-03 4.494400000000000066e-04 6.560999999999999016e-05 4.409999999999989964e-06 3.019502499999999756e-01 1.188100000000001449e-04 1.537600000000000457e-04 2.414916000000000285e-02 1.742399999999999852e-04 1.314817375000000000e+06 1.385105375000000000e+06
1.000000000000000000e+00 -4.479999999999999954e-02 4.359000000000000097e-01 1.411999999999999922e-01 -6.840000000000000246e-02 2.469999999999999973e-02 -2.189999999999999933e-02 8.199999999999998956e-03 1.035099999999999909e+00 2.139999999999998848e-02 -8.300000000000001821e-03 4.589999999999999636e-02 -2.999999999999999889e-02 2.007039999999999866e-03 1.900088100000000002e-01 1.993743999999999725e-02 4.678560000000000010e-03 6.100899999999999813e-04 4.796099999999999973e-04 6.723999999999998641e-05 1.071432009999999879e+00 4.579599999999994981e-04 6.889000000000002652e-05 2.106809999999999759e-03 8.999999999999999754e-04 1.317938375000000000e+06 1.391602750000000000e+06
1.000000000000000000e+00 -4.449999999999999789e-02 7.689000000000000279e-01 1.595000000000000029e-01 -6.819999999999999674e-02 1.559999999999999928e-02 -4.799999999999999580e-03 3.000000000000016542e-04 3.330000000000000182e-01 1.830000000000001070e-02 2.000000000000057288e-04 -9.100000000000000450e-03 1.710000000000000062e-02 1.980249999999999806e-03 5.912072100000000940e-01 2.544025000000000106e-02 4.651239999999999195e-03 2.433599999999999739e-04 2.303999999999999625e-05 9.000000000000099119e-08 1.108890000000000153e-01 3.348900000000003935e-04 4.000000000000229047e-08 8.281000000000000166e-05 2.924100000000000006e-04 1.320404500000000000e+06 1.398353625000000000e+06
1.000000000000000000e+00 -1.519999999999999997e-02 5.835000000000000187e-01 -5.979999999999999899e-02 -3.760000000000000148e-02 -2.850000000000000103e-02 -7.960000000000000409e-02 2.929999999999999966e-02 -1.854000000000000092e-01 -2.192999999999999949e-01 3.059999999999999526e-02 -4.410000000000000031e-02 -7.480000000000000537e-02 2.310400000000000106e-04 3.404722500000000318e-01 3.576039999999999948e-03 1.413760000000000017e-03 8.122500000000000379e-04 6.336160000000000403e-03 8.584899999999999476e-04 3.437316000000000676e-02 4.809248999999999469e-02 9.363599999999996882e-04 1.944809999999999942e-03 5.595040000000000777e-03 1.321243000000000000e+06 1.399151625000000000e+06
1.000000000000000000e+00 -1.820000000000000090e-02 3.679000000000000048e-01 1.388999999999999957e-01 -5.800000000000000294e-02 8.820000000000000062e-02 -3.320000000000000034e-02 -3.000000000000000930e-03 -2.156000000000000139e-01 1.986999999999999877e-01 -2.040000000000000147e-02 1.166999999999999982e-01 4.640000000000000374e-02 3.312400000000000067e-04 1.353504100000000043e-01 1.929320999999999814e-02 3.364000000000000237e-03 7.779239999999999766e-03 1.102239999999999991e-03 9.000000000000005310e-06 4.648336000000000828e-02 3.948168999999999290e-02 4.161600000000000542e-04 1.361888999999999982e-02 2.152960000000000203e-03 1.320237250000000000e+06 1.393404250000000000e+06
1.000000000000000000e+00 -1.930000000000000118e-02 1.913999999999999868e-01 2.235000000000000042e-01 -5.759999999999999842e-02 1.839999999999999969e-01 -2.570000000000000062e-02 -1.100000000000000283e-03 -1.765000000000000180e-01 8.460000000000000853e-02 4.000000000000045186e-04 9.579999999999999627e-02 7.499999999999999722e-03 3.724900000000000606e-04 3.663395999999999320e-02 4.995225000000000359e-02 3.317759999999999893e-03 3.385599999999999721e-02 6.604900000000000137e-04 1.210000000000000697e-06 3.115225000000000632e-02 7.157160000000001819e-03 1.600000000000036032e-07 9.177639999999999063e-03 5.624999999999999846e-05 1.318133375000000000e+06 1.389234250000000000e+06
1.000000000000000000e+00 -1.980000000000000163e-02 -2.686999999999999944e-01 9.329999999999999405e-02 -3.370000000000000079e-02 3.860000000000000236e-02 -2.089999999999999844e-02 -5.000000000000004441e-04 -4.600999999999999535e-01 -1.302000000000000102e-01 2.389999999999999764e-02 -1.454000000000000015e-01 4.800000000000002182e-03 3.920400000000000751e-04 7.219968999999999693e-02 8.704889999999998115e-03 1.135689999999999963e-03 1.489960000000000243e-03 4.368099999999999327e-04 2.500000000000004651e-07 2.116920099999999583e-01 1.695204000000000155e-02 5.712099999999998385e-04 2.114115999999999912e-02 2.304000000000001996e-05 1.314761125000000000e+06 1.382405625000000000e+06
1.000000000000000000e+00 -2.460000000000000034e-02 4.138999999999999901e-01 1.295000000000000040e-01 -5.410000000000000225e-02 6.350000000000000089e-02 -3.700000000000000164e-03 -4.799999999999998712e-03 6.825999999999999845e-01 3.620000000000000995e-02 -2.040000000000000147e-02 2.489999999999999852e-02 1.720000000000000001e-02 6.051599999999999861e-04 1.713132099999999935e-01 1.677025000000000043e-02 2.926810000000000175e-03 4.032250000000000244e-03 1.369000000000000106e-05 2.303999999999998608e-05 4.659427599999999559e-01 1.310440000000000823e-03 4.161600000000000542e-04 6.200099999999999405e-04 2.958400000000000135e-04 1.317541875000000000e+06 1.387729625000000000e+06
1.000000000000000000e+00 -3.960000000000000325e-02 3.976999999999999980e-01 1.100000000000000006e-01 -4.889999999999999902e-02 4.050000000000000128e-02 1.000000000000000021e-02 -1.500000000000000291e-02 -1.619999999999999218e-02 -1.950000000000000344e-02 5.200000000000003231e-03 -2.299999999999999961e-02 1.370000000000000037e-02 1.568160000000000300e-03 1.581652899999999862e-01 1.209999999999999964e-02 2.391209999999999950e-03 1.640249999999999998e-03 1.000000000000000048e-04 2.250000000000000752e-04 2.624399999999997438e-04 3.802500000000001083e-04 2.704000000000003249e-05 5.289999999999999564e-04 1.876900000000000139e-04 1.318620000000000000e+06 1.386850500000000000e+06
