1.000000000000000000e+00 -0.000000000000000000e+00 -0.000000000000000000e+00 0.000000000000000000e+00 0.000000000000000000e+00 -0.000000000000000000e+00 -0.000000000000000000e+00 0.000000000000000000e+00 0.000000000000000000e+00 0.000000000000000000e+00 0.000000000000000000e+00 0.000000000000000000e+00 0.000000000000000000e+00 0.000000000000000000e+00 0.000000000000000000e+00 0.000000000000000000e+00 0.000000000000000000e+00 0.000000000000000000e+00 0.000000000000000000e+00 0.000000000000000000e+00 0.000000000000000000e+00 0.000000000000000000e+00 0.000000000000000000e+00 0.000000000000000000e+00 0.000000000000000000e+00 1.638363750000000000e+06 1.745782375000000000e+06
1.000000000000000000e+00 3.200000000000000153e-03 -1.280000000000000027e-01 -1.011999999999999983e-01 -3.899999999999999821e-03 7.159999999999999698e-02 -6.100000000000000387e-03 3.200000000000000153e-03 -1.280000000000000027e-01 -1.011999999999999983e-01 -3.899999999999999821e-03 7.159999999999999698e-02 -6.100000000000000387e-03 1.024000000000000021e-05 1.638399999999999926e-02 1.024143999999999922e-02 1.520999999999999837e-05 5.126559999999999624e-03 3.721000000000000457e-05 1.024000000000000021e-05 1.638399999999999926e-02 1.024143999999999922e-02 1.520999999999999837e-05 5.126559999999999624e-03 3.721000000000000457e-05 1.637513500000000000e+06 1.744747375000000000e+06
1.000000000000000000e+00 4.499999999999999660e-03 -1.640000000000000138e-02 -5.319999999999999729e-02 -1.519999999999999997e-02 3.169999999999999901e-02 -3.899999999999999821e-03 1.299999999999999507e-03 1.116000000000000048e-01 4.800000000000000100e-02 -1.130000000000000102e-02 -3.989999999999999797e-02 2.200000000000000566e-03 2.024999999999999755e-05 2.689600000000000541e-04 2.830239999999999926e-03 2.310400000000000106e-04 1.004890000000000037e-03 1.520999999999999837e-05 1.689999999999998642e-06 1.245456000000000167e-02 2.304000000000000058e-03 1.276900000000000192e-04 1.592009999999999823e-03 4.840000000000002788e-06 1.637216750000000000e+06 1.744591375000000000e+06
1.000000000000000000e+00 7.599999999999999985e-03 -1.710000000000000062e-02 3.899999999999999821e-03 -8.099999999999999561e-03 1.849999999999999908e-02 -8.000000000000000167e-03 3.100000000000000325e-03 -6.999999999999992339e-04 5.709999999999999798e-02 7.100000000000000408e-03 -1.319999999999999993e-02 -4.100000000000000346e-03 5.776000000000000264e-05 2.924100000000000006e-04 1.520999999999999837e-05 6.560999999999999016e-05 3.422499999999999436e-04 6.399999999999999710e-05 9.610000000000002858e-06 4.899999999999989084e-07 3.260409999999999611e-03 5.041000000000000694e-05 1.742399999999999852e-04 1.681000000000000338e-05 1.637969250000000000e+06 1.745113875000000000e+06
1.000000000000000000e+00 4.100000000000000346e-03 -1.411999999999999922e-01 -1.087000000000000050e-01 -1.299999999999999940e-03 6.320000000000000617e-02 -8.500000000000000611e-03 -3.499999999999999639e-03 -1.240999999999999881e-01 -1.126000000000000056e-01 6.799999999999999621e-03 4.470000000000000362e-02 -5.000000000000004441e-04 1.681000000000000338e-05 1.993743999999999725e-02 1.181569000000000022e-02 1.689999999999999913e-06 3.994240000000000464e-03 7.225000000000000790e-05 1.224999999999999791e-05 1.540080999999999742e-02 1.267876000000000072e-02 4.623999999999999774e-05 1.998090000000000109e-03 2.500000000000004651e-07 1.637956500000000000e+06 1.744436875000000000e+06
1.000000000000000000e+00 -2.259999999999999856e-02 -4.209999999999999853e-02 -3.899999999999999994e-02 -1.199999999999999895e-03 7.100000000000000408e-03 -7.000000000000000146e-03 -2.669999999999999804e-02 9.909999999999999365e-02 6.970000000000001195e-02 1.000000000000000454e-04 -5.610000000000000403e-02 1.500000000000000465e-03 5.107599999999999684e-04 1.772409999999999871e-03 1.521000000000000000e-03 1.439999999999999765e-06 5.041000000000000694e-05 4.900000000000000519e-05 7.128899999999998779e-04 9.820809999999999262e-03 4.858090000000001539e-03 1.000000000000000848e-08 3.147210000000000545e-03 2.250000000000001328e-06 1.636838500000000000e+06 1.744322875000000000e+06
1.000000000000000000e+00 6.100000000000000387e-03 -8.419999999999999707e-02 1.129999999999999928e-02 -3.000000000000000062e-03 1.820000000000000090e-02 1.500000000000000031e-03 2.869999999999999982e-02 -4.209999999999999853e-02 5.029999999999999749e-02 -1.800000000000000168e-03 1.110000000000000049e-02 8.500000000000000611e-03 3.721000000000000457e-05 7.089639999999999484e-03 1.276899999999999921e-04 9.000000000000000228e-06 3.312400000000000067e-04 2.250000000000000057e-06 8.236899999999999691e-04 1.772409999999999871e-03 2.530089999999999596e-03 3.240000000000000743e-06 1.232100000000000079e-04 7.225000000000000790e-05 1.636451250000000000e+06 1.742306875000000000e+06
1.000000000000000000e+00 -1.260000000000000009e-02 -4.730000000000000177e-02 -1.068999999999999950e-01 7.599999999999999985e-03 4.469999999999999668e-02 -8.999999999999999320e-03 -1.870000000000000134e-02 3.689999999999999530e-02 -1.181999999999999995e-01 1.060000000000000005e-02 2.649999999999999578e-02 -1.049999999999999892e-02 1.587600000000000046e-04 2.237290000000000285e-03 1.142760999999999950e-02 5.776000000000000264e-05 1.998089999999999675e-03 8.099999999999999019e-05 3.496900000000000485e-04 1.361609999999999644e-03 1.397123999999999935e-02 1.123600000000000016e-04 7.022499999999997494e-04 1.102499999999999829e-04 1.636133125000000000e+06 1.743689375000000000e+06
1.000000000000000000e+00 1.220000000000000077e-02 -8.600000000000000006e-03 -3.939999999999999752e-02 -1.179999999999999973e-02 -1.100000000000000066e-03 -1.469999999999999953e-02 2.480000000000000260e-02 3.869999999999999829e-02 6.750000000000000444e-02 -1.940000000000000058e-02 -4.579999999999999349e-02 -5.700000000000000205e-03 1.488400000000000183e-04 7.396000000000000339e-05 1.552359999999999808e-03 1.392400000000000018e-04 1.210000000000000062e-06 2.160899999999999995e-04 6.150400000000001829e-04 1.497689999999999872e-03 4.556250000000000404e-03 3.763600000000000083e-04 2.097639999999999574e-03 3.249000000000000233e-05 1.636973375000000000e+06 1.741709375000000000e+06
1.000000000000000000e+00 -1.089999999999999997e-02 -5.729999999999999677e-02 1.319999999999999993e-02 6.199999999999999782e-03 2.259999999999999856e-02 -7.199999999999999803e-03 -2.310000000000000248e-02 -4.869999999999999329e-02 5.259999999999999398e-02 1.799999999999999864e-02 2.369999999999999885e-02 7.499999999999999722e-03 1.188099999999999958e-04 3.283289999999999473e-03 1.742399999999999852e-04 3.843999999999999788e-05 5.107599999999999684e-04 5.183999999999999833e-05 5.336100000000001172e-04 2.371689999999999215e-03 2.766759999999999185e-03 3.239999999999999608e-04 5.616899999999999974e-04 5.624999999999999846e-05 1.637075500000000000e+06 1.743997625000000000e+06
1.000000000000000000e+00 -1.209999999999999964e-02 -7.789999999999999702e-02 -7.389999999999999347e-02 -1.500000000000000031e-03 8.569999999999999840e-02 -9.100000000000000450e-03 -1.199999999999999678e-03 -2.060000000000000026e-02 -8.709999999999999687e-02 -7.700000000000000247e-03 6.310000000000000331e-02 -1.900000000000000647e-03 1.464100000000000026e-04 6.068409999999999777e-03 5.461209999999999329e-03 2.250000000000000057e-06 7.344489999999999526e-03 8.281000000000000166e-05 1.439999999999999130e-06 4.243600000000000367e-04 7.586409999999999161e-03 5.929000000000000324e-05 3.981610000000000010e-03 3.610000000000002282e-06 1.637954250000000000e+06 1.745310250000000000e+06
1.000000000000000000e+00 -1.859999999999999848e-02 2.079999999999999905e-02 -1.660000000000000017e-02 -2.700000000000000143e-03 -8.600000000000000006e-03 -7.900000000000000772e-03 -6.499999999999998834e-03 9.869999999999999607e-02 5.729999999999998983e-02 -1.200000000000000112e-03 -9.429999999999999494e-02 1.199999999999999678e-03 3.459599999999999199e-04 4.326399999999999777e-04 2.755599999999999977e-04 7.290000000000000507e-06 7.396000000000000339e-05 6.241000000000000724e-05 4.224999999999998342e-05 9.741689999999999031e-03 3.283289999999999039e-03 1.440000000000000189e-06 8.892489999999999423e-03 1.439999999999999130e-06 1.636287750000000000e+06 1.743815125000000000e+06
1.000000000000000000e+00 -3.320000000000000034e-02 -1.123999999999999999e-01 -1.079999999999999988e-01 1.450000000000000074e-02 9.829999999999999849e-02 -5.179999999999999882e-02 -1.460000000000000187e-02 -1.331999999999999851e-01 -9.139999999999999514e-02 1.720000000000000001e-02 1.068999999999999950e-01 -4.389999999999999458e-02 1.102239999999999991e-03 1.263376000000000082e-02 1.166399999999999902e-02 2.102500000000000148e-04 9.662890000000000368e-03 2.683239999999999931e-03 2.131600000000000530e-04 1.774223999999999593e-02 8.353959999999998817e-03 2.958400000000000135e-04 1.142760999999999950e-02 1.927209999999999514e-03 1.636632750000000000e+06 1.743899250000000000e+06
1.000000000000000000e+00 -3.189999999999999780e-02 -3.989999999999999797e-02 -4.800000000000000100e-02 -2.099999999999999870e-03 5.340000000000000302e-02 -4.479999999999999954e-02 1.300000000000002542e-03 7.250000000000000888e-02 5.999999999999999778e-02 -1.660000000000000017e-02 -4.489999999999999547e-02 6.999999999999999278e-03 1.017609999999999956e-03 1.592009999999999823e-03 2.304000000000000058e-03 4.409999999999999282e-06 2.851560000000000379e-03 2.007039999999999866e-03 1.690000000000006689e-06 5.256250000000001373e-03 3.599999999999999901e-03 2.755599999999999977e-04 2.016009999999999504e-03 4.899999999999999164e-05 1.636785000000000000e+06 1.744147875000000000e+06
1.000000000000000000e+00 -3.370000000000000079e-02 -5.469999999999999862e-02 2.680000000000000090e-02 -7.300000000000000065e-03 6.329999999999999516e-02 -2.920000000000000026e-02 -1.800000000000002986e-03 -1.480000000000000066e-02 7.480000000000000537e-02 -5.199999999999999761e-03 9.899999999999992140e-03 1.559999999999999928e-02 1.135689999999999963e-03 2.992089999999999767e-03 7.182400000000000893e-04 5.328999999999999970e-05 4.006889999999999064e-03 8.526399999999999951e-04 3.240000000000010907e-06 2.190400000000000170e-04 5.595040000000000777e-03 2.703999999999999861e-05 9.800999999999984258e-05 2.433599999999999739e-04 1.636392625000000000e+06 1.743296625000000000e+06
1.000000000000000000e+00 -2.759999999999999953e-02 -5.589999999999999830e-02 -6.769999999999999629e-02 -3.799999999999999992e-03 6.880000000000000004e-02 -2.340000000000000066e-02 6.100000000000001255e-03 -1.199999999999999678e-03 -9.450000000000000067e-02 3.500000000000000073e-03 5.500000000000004885e-03 5.799999999999999600e-03 7.617599999999999979e-04 3.124810000000000001e-03 4.583289999999999413e-03 1.444000000000000066e-05 4.733440000000000217e-03 5.475599999999999955e-04 3.721000000000001813e-05 1.439999999999999130e-06 8.930250000000000687e-03 1.225000000000000130e-05 3.025000000000005427e-05 3.363999999999999640e-05 1.636792250000000000e+06 1.745712625000000000e+06
1.000000000000000000e+00 -2.670000000000000151e-02 -5.940000000000000141e-02 -7.510000000000000009e-02 -1.480000000000000066e-02 8.060000000000000497e-02 -2.460000000000000034e-02 8.999999999999980238e-04 -3.500000000000003109e-03 -7.400000000000003797e-03 -1.100000000000000110e-02 1.180000000000000493e-02 -1.199999999999999678e-03 7.128900000000000948e-04 3.528360000000000350e-03 5.640009999999999989e-03 2.190400000000000170e-04 6.496360000000000502e-03 6.051599999999999861e-04 8.099999999999964799e-07 1.225000000000002163e-05 5.476000000000005847e-05 1.210000000000000273e-04 1.392400000000001102e-04 1.439999999999999130e-06 1.637069000000000000e+06 1.744158500000000000e+06
1.000000000000000000e+00 -2.419999999999999929e-02 -1.100000000000000066e-03 -1.290000000000000001e-02 -1.329999999999999932e-02 6.250000000000000000e-02 -5.799999999999999600e-03 2.500000000000002220e-03 5.830000000000000460e-02 6.219999999999999835e-02 1.500000000000001332e-03 -1.810000000000000497e-02 1.880000000000000074e-02 5.856400000000000104e-04 1.210000000000000062e-06 1.664100000000000008e-04 1.768899999999999954e-04 3.906250000000000000e-03 3.363999999999999640e-05 6.250000000000011311e-06 3.398890000000000331e-03 3.868839999999999692e-03 2.250000000000003869e-06 3.276100000000002057e-04 3.534400000000000042e-04 1.637531625000000000e+06 1.744740375000000000e+06
1.000000000000000000e+00 -2.649999999999999925e-02 3.899999999999999821e-03 -3.860000000000000236e-02 2.999999999999999737e-04 5.559999999999999665e-02 -1.099999999999999936e-02 -2.299999999999999961e-03 5.000000000000000104e-03 -2.570000000000000062e-02 1.359999999999999924e-02 -6.900000000000003353e-03 -5.199999999999999761e-03 7.022499999999999663e-04 1.520999999999999837e-05 1.489960000000000243e-03 8.999999999999998534e-08 3.091359999999999594e-03 1.209999999999999867e-04 5.290000000000000174e-06 2.500000000000000120e-05 6.604900000000000137e-04 1.849599999999999910e-04 4.761000000000004730e-05 2.703999999999999861e-05 1.635956000000000000e+06 1.745305750000000000e+06
1.000000000000000000e+00 -3.020000000000000115e-02 -1.097999999999999948e-01 -1.015999999999999959e-01 1.200000000000000025e-02 1.019999999999999934e-01 -2.139999999999999888e-02 -3.700000000000001898e-03 -1.136999999999999955e-01 -6.300000000000000044e-02 1.170000000000000033e-02 4.639999999999999680e-02 -1.039999999999999952e-02 9.120400000000000295e-04 1.205603999999999877e-02 1.032255999999999972e-02 1.440000000000000036e-04 1.040399999999999832e-02 4.579599999999999318e-04 1.369000000000001462e-05 1.292768999999999863e-02 3.969000000000000306e-03 1.368899999999999989e-04 2.152959999999999770e-03 1.081599999999999944e-04 1.637920625000000000e+06 1.746235375000000000e+06
1.000000000000000000e+00 -4.070000000000000007e-02 1.335999999999999965e-01 1.170999999999999958e-01 -1.359999999999999924e-02 1.121000000000000052e-01 -6.759999999999999343e-02 -1.049999999999999892e-02 2.434000000000000052e-01 2.187000000000000055e-01 -2.559999999999999776e-02 1.010000000000001175e-02 -4.619999999999999107e-02 1.656490000000000046e-03 1.784896000000000052e-02 1.371240999999999953e-02 1.849599999999999910e-04 1.256641000000000181e-02 4.569759999999999101e-03 1.102499999999999829e-04 5.924356000000000066e-02 4.782969000000000109e-02 6.553599999999999053e-04 1.020100000000002380e-04 2.134439999999999168e-03 1.637369125000000000e+06 1.744581125000000000e+06
1.000000000000000000e+00 -2.000000000000000042e-02 1.246000000000000024e-01 1.590000000000000094e-02 -2.799999999999999972e-03 2.500000000000000000e-01 -7.249999999999999500e-02 2.069999999999999965e-02 -8.999999999999994116e-03 -1.011999999999999983e-01 1.079999999999999884e-02 1.378999999999999948e-01 -4.900000000000001577e-03 4.000000000000000192e-04 1.552516000000000139e-02 2.528100000000000139e-04 7.839999999999999476e-06 6.250000000000000000e-02 5.256249999999999638e-03 4.284900000000000124e-04 8.099999999999989533e-05 1.024143999999999922e-02 1.166399999999999810e-04 1.901640999999999748e-02 2.401000000000001576e-05 1.639624875000000000e+06 1.749657875000000000e+06
1.000000000000000000e+00 -1.799999999999999864e-02 -2.696000000000000063e-01 -2.446000000000000119e-01 2.489999999999999852e-02 1.366999999999999882e-01 -8.019999999999999352e-02 2.000000000000001776e-03 -3.941999999999999948e-01 -2.605000000000000093e-01 2.769999999999999893e-02 -1.133000000000000118e-01 -7.699999999999998512e-03 3.239999999999999608e-04 7.268415999999999766e-02 5.982916000000000623e-02 6.200099999999999405e-04 1.868688999999999767e-02 6.432039999999999112e-03 4.000000000000007442e-06 1.553936399999999995e-01 6.786025000000001084e-02 7.672899999999998992e-04 1.283689000000000184e-02 5.928999999999997613e-05 1.635592625000000000e+06 1.741638250000000000e+06
1.000000000000000000e+00 -1.469999999999999953e-02 -3.393999999999999795e-01 -7.249999999999999500e-02 3.169999999999999901e-02 2.469999999999999973e-02 -6.060000000000000109e-02 3.299999999999999115e-03 -6.979999999999997318e-02 1.721000000000000307e-01 6.800000000000000488e-03 -1.119999999999999885e-01 1.959999999999999243e-02 2.160899999999999995e-04 1.151923599999999798e-01 5.256249999999999638e-03 1.004890000000000037e-03 6.100899999999999813e-04 3.672359999999999947e-03 1.088999999999999399e-05 4.872039999999995888e-03 2.961841000000001167e-02 4.624000000000000451e-05 1.254399999999999786e-02 3.841599999999997100e-04 1.636822500000000000e+06 1.741146500000000000e+06
1.000000000000000000e+00 -2.040000000000000147e-02 -6.719999999999999585e-02 -7.340000000000000691e-02 -3.919999999999999873e-02 7.259999999999999787e-02 1.199999999999999895e-03 -5.700000000000001940e-03 2.721999999999999975e-01 -9.000000000000119016e-04 -7.089999999999999081e-02 4.789999999999999813e-02 6.180000000000000077e-02 4.161600000000000542e-04 4.515839999999999264e-03 5.387560000000001306e-03 1.536639999999999924e-03 5.270759999999999335e-03 1.439999999999999765e-06 3.249000000000002266e-05 7.409283999999999315e-02 8.100000000000214674e-07 5.026809999999998745e-03 2.294409999999999766e-03 3.819240000000000222e-03 1.638300125000000000e+06 1.742597875000000000e+06
1.000000000000000000e+00 4.599999999999999922e-03 -2.799999999999999972e-03 -4.370000000000000273e-02 -4.769999999999999934e-02 6.499999999999999702e-03 -2.539999999999999897e-02 2.500000000000000139e-02 6.439999999999999891e-02 2.970000000000000417e-02 -8.500000000000000611e-03 -6.609999999999999210e-02 -2.659999999999999865e-02 2.116000000000000069e-05 7.839999999999999476e-06 1.909690000000000346e-03 2.275290000000000125e-03 4.224999999999999698e-05 6.451599999999999826e-04 6.250000000000001214e-04 4.147360000000000109e-03 8.820900000000001960e-04 7.225000000000000790e-05 4.369209999999999240e-03 7.075599999999999815e-04 1.635796750000000000e+06 1.738132375000000000e+06
1.000000000000000000e+00 -1.329999999999999932e-02 -7.389999999999999347e-02 -2.299999999999999961e-02 -4.880000000000000310e-02 3.320000000000000034e-02 2.769999999999999893e-02 -1.789999999999999925e-02 -7.109999999999999654e-02 2.070000000000000312e-02 -1.100000000000003753e-03 2.670000000000000151e-02 5.309999999999999443e-02 1.768899999999999954e-04 5.461209999999999329e-03 5.289999999999999564e-04 2.381440000000000293e-03 1.102239999999999991e-03 7.672899999999998992e-04 3.204099999999999765e-04 5.055209999999999218e-03 4.284900000000001208e-04 1.210000000000008320e-06 7.128900000000000948e-04 2.819609999999999304e-03 1.636492000000000000e+06 1.737886250000000000e+06
1.000000000000000000e+00 1.469999999999999953e-02 -1.170000000000000033e-02 -3.490000000000000047e-02 -4.800000000000000100e-02 3.070000000000000159e-02 -4.700000000000000185e-03 2.799999999999999711e-02 6.219999999999999141e-02 -1.190000000000000085e-02 8.000000000000020983e-04 -2.499999999999998751e-03 -3.239999999999999825e-02 2.160899999999999995e-04 1.368899999999999989e-04 1.218010000000000056e-03 2.304000000000000058e-03 9.424900000000001462e-04 2.209000000000000026e-05 7.839999999999998663e-04 3.868839999999998825e-03 1.416100000000000214e-04 6.400000000000034015e-07 6.249999999999993523e-06 1.049759999999999843e-03 1.635907250000000000e+06 1.741632000000000000e+06
1.000000000000000000e+00 -2.399999999999999790e-03 3.740000000000000269e-02 -1.980000000000000163e-02 -6.110000000000000153e-02 -1.170000000000000033e-02 -7.300000000000000065e-03 -1.710000000000000062e-02 4.910000000000000475e-02 1.509999999999999884e-02 -1.310000000000000053e-02 -4.240000000000000019e-02 -2.599999999999999881e-03 5.759999999999999062e-06 1.398760000000000194e-03 3.920400000000000751e-04 3.733210000000000261e-03 1.368899999999999989e-04 5.328999999999999970e-05 2.924100000000000006e-04 2.410810000000000643e-03 2.280099999999999532e-04 1.716100000000000188e-04 1.797760000000000026e-03 6.759999999999999652e-06 1.637416750000000000e+06 1.741847250000000000e+06
1.000000000000000000e+00 -1.234999999999999987e-01 -3.765000000000000013e-01 -6.490000000000000213e-01 -1.077000000000000041e-01 4.122999999999999998e-01 -6.289999999999999758e-02 -1.210999999999999993e-01 -4.138999999999999901e-01 -6.291999999999999815e-01 -4.660000000000000253e-02 4.239999999999999880e-01 -5.559999999999999665e-02 1.525225000000000018e-02 1.417522499999999963e-01 4.212010000000000476e-01 1.159929000000000168e-02 1.699912899999999893e-01 3.956409999999999615e-03 1.466520999999999970e-02 1.713132099999999935e-01 3.958926399999999624e-01 2.171560000000000330e-03 1.797759999999999914e-01 3.091359999999999594e-03 1.619200500000000000e+06 1.722771250000000000e+06
1.000000000000000000e+00 -5.460000000000000270e-02 -1.867999999999999938e-01 -3.191999999999999837e-01 -6.779999999999999916e-02 1.854999999999999982e-01 -7.779999999999999416e-02 6.889999999999998903e-02 1.897000000000000075e-01 3.298000000000000376e-01 3.990000000000000491e-02 -2.268000000000000016e-01 -1.489999999999999658e-02 2.981160000000000494e-03 3.489423999999999998e-02 1.018886399999999887e-01 4.596839999999999607e-03 3.441024999999999640e-02 6.052839999999999436e-03 4.747209999999998237e-03 3.598609000000000530e-02 1.087680400000000241e-01 1.592010000000000473e-03 5.143824000000000313e-02 2.220099999999998886e-04 1.642948375000000000e+06 1.754243625000000000e+06
1.000000000000000000e+00 -3.989999999999999797e-02 1.980000000000000093e-01 4.439000000000000168e-01 2.009999999999999981e-02 -1.872000000000000053e-01 2.700000000000000143e-03 1.470000000000000473e-02 3.848000000000000309e-01 7.631000000000000005e-01 8.790000000000000591e-02 -3.727000000000000313e-01 8.049999999999998823e-02 1.592009999999999823e-03 3.920400000000000273e-02 1.970472100000000282e-01 4.040100000000000028e-04 3.504383999999999971e-02 7.290000000000000507e-06 2.160900000000001351e-04 1.480710400000000149e-01 5.823216100000000450e-01 7.726410000000001263e-03 1.389052900000000146e-01 6.480249999999998164e-03 1.630323875000000000e+06 1.739759375000000000e+06
1.000000000000000000e+00 -3.799999999999999906e-02 2.899999999999999800e-03 9.719999999999999474e-02 -6.969999999999999807e-02 1.899999999999999996e-03 5.990000000000000185e-02 1.899999999999998912e-03 -1.950999999999999956e-01 -3.467000000000000082e-01 -8.979999999999999094e-02 1.891000000000000181e-01 5.720000000000000084e-02 1.443999999999999971e-03 8.409999999999999101e-06 9.447839999999999017e-03 4.858089999999999804e-03 3.610000000000000165e-06 3.588010000000000418e-03 3.609999999999995930e-06 3.806400999999999535e-02 1.202008900000000047e-01 8.064039999999998015e-03 3.575881000000000892e-02 3.271840000000000252e-03 1.636157875000000000e+06 1.742068625000000000e+06
1.000000000000000000e+00 -1.100000000000000066e-03 -2.980000000000000010e-02 -1.096000000000000030e-01 -5.759999999999999842e-02 -2.599999999999999881e-03 3.429999999999999716e-02 3.690000000000000224e-02 -3.269999999999999990e-02 -2.067999999999999838e-01 1.209999999999999964e-02 -4.499999999999999660e-03 -2.560000000000000470e-02 1.210000000000000062e-06 8.880399999999999882e-04 1.201216000000000089e-02 3.317759999999999893e-03 6.759999999999999652e-06 1.176489999999999871e-03 1.361610000000000077e-03 1.069290000000000084e-03 4.276623999999999010e-02 1.464100000000000026e-04 2.024999999999999755e-05 6.553600000000002306e-04 1.637809000000000000e+06 1.744272125000000000e+06
1.000000000000000000e+00 5.700000000000000205e-03 -5.970000000000000306e-02 -4.510000000000000120e-02 -5.960000000000000020e-02 3.200000000000000067e-02 3.509999999999999926e-02 6.800000000000000488e-03 -2.990000000000000296e-02 6.450000000000000178e-02 -2.000000000000001776e-03 3.459999999999999881e-02 8.000000000000020983e-04 3.249000000000000233e-05 3.564090000000000227e-03 2.034010000000000158e-03 3.552159999999999953e-03 1.023999999999999954e-03 1.232009999999999963e-03 4.624000000000000451e-05 8.940100000000002038e-04 4.160249999999999886e-03 4.000000000000007442e-06 1.197159999999999848e-03 6.400000000000034015e-07 1.638056000000000000e+06 1.747393250000000000e+06
1.000000000000000000e+00 5.999999999999999474e-04 6.370000000000000662e-02 6.980000000000000093e-02 -6.140000000000000319e-02 -2.549999999999999836e-02 -8.600000000000000006e-03 -5.100000000000000366e-03 1.234000000000000097e-01 1.149000000000000021e-01 -1.800000000000002986e-03 -5.749999999999999556e-02 -4.370000000000000273e-02 3.599999999999999414e-07 4.057690000000000949e-03 4.872040000000000225e-03 3.769960000000000585e-03 6.502499999999998949e-04 7.396000000000000339e-05 2.601000000000000339e-05 1.522756000000000283e-02 1.320201000000000013e-02 3.240000000000010907e-06 3.306249999999999294e-03 1.909690000000000346e-03 1.637825750000000000e+06 1.745042000000000000e+06
1.000000000000000000e+00 1.000000000000000021e-02 -7.040000000000000424e-02 -6.700000000000000226e-03 -5.149999999999999717e-02 -1.909999999999999892e-02 -1.310000000000000053e-02 9.400000000000000369e-03 -1.340999999999999970e-01 -7.649999999999999856e-02 9.900000000000006017e-03 6.399999999999999439e-03 -4.500000000000000527e-03 1.000000000000000048e-04 4.956160000000000253e-03 4.489000000000000558e-05 2.652249999999999660e-03 3.648099999999999715e-04 1.716100000000000188e-04 8.836000000000000104e-05 1.798280999999999838e-02 5.852249999999999813e-03 9.801000000000011363e-05 4.095999999999999408e-05 2.025000000000000432e-05 1.638481125000000000e+06 1.745285000000000000e+06
1.000000000000000000e+00 8.999999999999999320e-03 -6.230000000000000121e-02 -6.119999999999999746e-02 -5.460000000000000270e-02 6.950000000000000622e-02 -1.909999999999999892e-02 -1.000000000000000888e-03 8.100000000000003031e-03 -5.449999999999999983e-02 -3.100000000000005529e-03 8.860000000000001208e-02 -5.999999999999998390e-03 8.099999999999999019e-05 3.881290000000000347e-03 3.745439999999999620e-03 2.981160000000000494e-03 4.830250000000001209e-03 3.648099999999999715e-04 1.000000000000001861e-06 6.561000000000004437e-05 2.970249999999999800e-03 9.610000000000035045e-06 7.849960000000001312e-03 3.599999999999998058e-05 1.637883125000000000e+06 1.743854250000000000e+06
1.000000000000000000e+00 -3.950000000000000039e-02 5.820000000000000173e-02 -4.359999999999999987e-02 -5.299999999999999850e-02 1.839999999999999969e-02 -1.400000000000000029e-02 -4.850000000000000144e-02 1.204999999999999960e-01 1.759999999999999759e-02 1.600000000000004197e-03 -5.110000000000000653e-02 5.099999999999998632e-03 1.560250000000000005e-03 3.387240000000000129e-03 1.900959999999999933e-03 2.808999999999999865e-03 3.385600000000000111e-04 1.960000000000000208e-04 2.352250000000000174e-03 1.452024999999999844e-02 3.097599999999999074e-04 2.560000000000013606e-06 2.611210000000000527e-03 2.600999999999998645e-05 1.635683375000000000e+06 1.741147625000000000e+06
1.000000000000000000e+00 7.700000000000000247e-03 -6.049999999999999822e-02 -8.039999999999999925e-02 -4.540000000000000285e-02 4.870000000000000023e-02 -1.700000000000000122e-02 4.719999999999999890e-02 -1.187000000000000000e-01 -3.679999999999999938e-02 7.599999999999995648e-03 3.030000000000000054e-02 -3.000000000000000930e-03 5.929000000000000324e-05 3.660249999999999875e-03 6.464160000000000045e-03 2.061160000000000249e-03 2.371690000000000083e-03 2.890000000000000316e-04 2.227840000000000029e-03 1.408969000000000020e-02 1.354240000000000044e-03 5.775999999999993488e-05 9.180899999999999868e-04 9.000000000000005310e-06 1.635977375000000000e+06 1.741535250000000000e+06
1.000000000000000000e+00 -4.920000000000000068e-02 -1.188000000000000028e-01 -1.195999999999999980e-01 -4.039999999999999841e-02 7.359999999999999876e-02 -2.189999999999999933e-02 -5.689999999999999919e-02 -5.830000000000000460e-02 -3.919999999999999873e-02 5.000000000000004441e-03 2.489999999999999852e-02 -4.899999999999998107e-03 2.420639999999999945e-03 1.411344000000000140e-02 1.430415999999999979e-02 1.632159999999999904e-03 5.416960000000000178e-03 4.796099999999999973e-04 3.237609999999999707e-03 3.398890000000000331e-03 1.536639999999999924e-03 2.500000000000004524e-05 6.200099999999999405e-04 2.400999999999998188e-05 1.636550125000000000e+06 1.742881500000000000e+06
1.000000000000000000e+00 3.599999999999999901e-03 6.899999999999999883e-03 -4.580000000000000043e-02 -4.549999999999999878e-02 1.290000000000000001e-02 -1.899999999999999953e-02 5.279999999999999971e-02 1.257000000000000062e-01 7.380000000000000449e-02 -5.100000000000000366e-03 -6.069999999999999701e-02 2.899999999999999800e-03 1.295999999999999958e-05 4.760999999999999987e-05 2.097640000000000008e-03 2.070250000000000042e-03 1.664100000000000008e-04 3.609999999999999928e-04 2.787839999999999763e-03 1.580049000000000037e-02 5.446440000000000309e-03 2.601000000000000339e-05 3.684489999999999467e-03 8.409999999999999101e-06 1.635553375000000000e+06 1.742954500000000000e+06
1.000000000000000000e+00 -5.009999999999999870e-02 -2.409999999999999989e-02 6.499999999999999702e-03 -4.880000000000000310e-02 2.889999999999999861e-02 -2.239999999999999977e-02 -5.369999999999999774e-02 -3.099999999999999978e-02 5.229999999999999927e-02 -3.300000000000004319e-03 1.600000000000000033e-02 -3.400000000000000244e-03 2.510010000000000019e-03 5.808099999999999635e-04 4.224999999999999698e-05 2.381440000000000293e-03 8.352099999999999672e-04 5.017599999999999665e-04 2.883689999999999951e-03 9.609999999999999402e-04 2.735290000000000030e-03 1.089000000000002787e-05 2.559999999999999884e-04 1.156000000000000113e-05 1.637411500000000000e+06 1.743950625000000000e+06
1.000000000000000000e+00 -6.400000000000000307e-03 -1.024999999999999939e-01 -1.456999999999999962e-01 -4.760000000000000342e-02 5.160000000000000003e-02 -2.259999999999999856e-02 4.369999999999999579e-02 -7.839999999999999747e-02 -1.522000000000000020e-01 1.199999999999999678e-03 2.270000000000000143e-02 -1.999999999999987899e-04 4.096000000000000086e-05 1.050624999999999823e-02 2.122848999999999917e-02 2.265760000000000343e-03 2.662560000000000014e-03 5.107599999999999684e-04 1.909689999999999695e-03 6.146559999999999697e-03 2.316483999999999904e-02 1.439999999999999130e-06 5.152900000000000622e-04 3.999999999999951776e-08 1.636665125000000000e+06 1.746072875000000000e+06
1.000000000000000000e+00 -6.230000000000000121e-02 -4.549999999999999878e-02 -7.259999999999999787e-02 -5.199999999999999761e-02 9.400000000000000369e-03 -2.900000000000000147e-02 -5.589999999999999830e-02 5.699999999999999512e-02 7.309999999999999831e-02 -4.399999999999994194e-03 -4.220000000000000140e-02 -6.400000000000002909e-03 3.881290000000000347e-03 2.070250000000000042e-03 5.270759999999999335e-03 2.703999999999999806e-03 8.836000000000000104e-05 8.410000000000000591e-04 3.124810000000000001e-03 3.248999999999999284e-03 5.343609999999999506e-03 1.935999999999995017e-05 1.780840000000000114e-03 4.096000000000003474e-05 1.635808500000000000e+06 1.744142500000000000e+06
1.000000000000000000e+00 -9.799999999999999684e-03 -6.419999999999999318e-02 2.419999999999999929e-02 -5.029999999999999749e-02 8.300000000000000086e-03 -2.299999999999999961e-02 5.250000000000000500e-02 -1.869999999999999440e-02 9.679999999999999716e-02 1.700000000000000122e-03 -1.100000000000000283e-03 6.000000000000001860e-03 9.603999999999999527e-05 4.121639999999999332e-03 5.856400000000000104e-04 2.530089999999999596e-03 6.888999999999999941e-05 5.289999999999999564e-04 2.756250000000000453e-03 3.496899999999997775e-04 9.370240000000000166e-03 2.890000000000000282e-06 1.210000000000000697e-06 3.600000000000002124e-05 1.637845250000000000e+06 1.744351500000000000e+06
1.000000000000000000e+00 -6.360000000000000375e-02 -9.890000000000000180e-02 -1.612999999999999989e-01 -3.660000000000000059e-02 4.549999999999999878e-02 -4.850000000000000144e-02 -5.380000000000000060e-02 -3.470000000000000862e-02 -1.854999999999999982e-01 1.369999999999999690e-02 3.719999999999999696e-02 -2.550000000000000183e-02 4.044960000000000222e-03 9.781210000000000251e-03 2.601768999999999957e-02 1.339560000000000056e-03 2.070250000000000042e-03 2.352250000000000174e-03 2.894439999999999860e-03 1.204090000000000542e-03 3.441024999999999640e-02 1.876899999999999055e-04 1.383839999999999680e-03 6.502500000000001118e-04 1.637791250000000000e+06 1.745186875000000000e+06
1.000000000000000000e+00 -1.080000000000000057e-02 -2.800000000000000058e-02 -7.939999999999999836e-02 -4.900000000000000189e-02 1.679999999999999896e-02 -4.080000000000000293e-02 5.279999999999999971e-02 7.090000000000000469e-02 8.190000000000000058e-02 -1.240000000000000130e-02 -2.869999999999999982e-02 7.699999999999998512e-03 1.166400000000000081e-04 7.840000000000000831e-04 6.304360000000000172e-03 2.401000000000000356e-03 2.822399999999999540e-04 1.664640000000000217e-03 2.787839999999999763e-03 5.026810000000000479e-03 6.707610000000000135e-03 1.537600000000000457e-04 8.236899999999999691e-04 5.928999999999997613e-05 1.636750375000000000e+06 1.744385625000000000e+06
1.000000000000000000e+00 -5.680000000000000326e-02 -4.139999999999999930e-02 6.260000000000000286e-02 -4.250000000000000305e-02 1.699999999999999905e-03 -3.760000000000000148e-02 -4.599999999999999922e-02 -1.339999999999999872e-02 1.420000000000000151e-01 6.499999999999998834e-03 -1.509999999999999884e-02 3.200000000000001454e-03 3.226240000000000444e-03 1.713960000000000049e-03 3.918760000000000299e-03 1.806250000000000347e-03 2.889999999999999859e-06 1.413760000000000017e-03 2.115999999999999825e-03 1.795599999999999681e-04 2.016400000000000484e-02 4.224999999999998342e-05 2.280099999999999532e-04 1.024000000000000868e-05 1.635495750000000000e+06 1.740898125000000000e+06
1.000000000000000000e+00 -5.000000000000000104e-03 -5.020000000000000157e-02 -1.257000000000000062e-01 -4.780000000000000221e-02 6.629999999999999782e-02 -2.380000000000000171e-02 5.180000000000000576e-02 -8.800000000000002265e-03 -1.883000000000000229e-01 -5.299999999999999156e-03 6.460000000000000464e-02 1.379999999999999977e-02 2.500000000000000120e-05 2.520040000000000301e-03 1.580049000000000037e-02 2.284840000000000221e-03 4.395689999999999840e-03 5.664400000000000858e-04 2.683240000000000798e-03 7.744000000000004461e-05 3.545689000000001173e-02 2.808999999999999025e-05 4.173160000000000411e-03 1.904399999999999995e-04 1.637178625000000000e+06 1.742173500000000000e+06
1.000000000000000000e+00 -6.019999999999999657e-02 5.400000000000000286e-03 -4.760000000000000342e-02 -4.830000000000000265e-02 4.019999999999999962e-02 -3.939999999999999752e-02 -5.519999999999999907e-02 5.560000000000000359e-02 7.810000000000000275e-02 -5.000000000000004441e-04 -2.609999999999999820e-02 -1.559999999999999581e-02 3.624039999999999380e-03 2.916000000000000203e-05 2.265760000000000343e-03 2.332890000000000224e-03 1.616040000000000011e-03 1.552359999999999808e-03 3.047039999999999992e-03 3.091360000000000462e-03 6.099610000000000101e-03 2.500000000000004651e-07 6.812099999999999102e-04 2.433599999999998655e-04 1.634377500000000000e+06 1.740041000000000000e+06
1.000000000000000000e+00 -2.200000000000000133e-03 -2.239999999999999977e-02 3.479999999999999760e-02 -4.200000000000000261e-02 -8.999999999999999320e-03 -2.850000000000000103e-02 5.799999999999999600e-02 -2.779999999999999832e-02 8.240000000000000102e-02 6.300000000000000044e-03 -4.920000000000000068e-02 1.089999999999999650e-02 4.840000000000000247e-06 5.017599999999999665e-04 1.211039999999999816e-03 1.764000000000000160e-03 8.099999999999999019e-05 8.122500000000000379e-04 3.363999999999999369e-03 7.728399999999998986e-04 6.789760000000000587e-03 3.969000000000000116e-05 2.420639999999999945e-03 1.188099999999999280e-04 1.635065375000000000e+06 1.741275500000000000e+06
1.000000000000000000e+00 -4.850000000000000144e-02 -1.054999999999999966e-01 -1.270000000000000018e-01 -3.799999999999999906e-02 8.029999999999999638e-02 -2.350000000000000006e-02 -4.630000000000000088e-02 -8.309999999999999332e-02 -1.617999999999999994e-01 4.000000000000003553e-03 8.929999999999999050e-02 5.000000000000000971e-03 2.352250000000000174e-03 1.113024999999999952e-02 1.612900000000000097e-02 1.443999999999999971e-03 6.448089999999999204e-03 5.522500000000000065e-04 2.143690000000000179e-03 6.905609999999998659e-03 2.617923999999999946e-02 1.600000000000002977e-05 7.974489999999999010e-03 2.500000000000001136e-05 1.636976000000000000e+06 1.743893875000000000e+06
1.000000000000000000e+00 -6.999999999999999929e-04 -4.800000000000000100e-02 -4.270000000000000184e-02 -4.889999999999999902e-02 2.920000000000000026e-02 -1.959999999999999937e-02 4.780000000000000221e-02 5.749999999999999556e-02 8.429999999999999993e-02 -1.089999999999999997e-02 -5.109999999999999265e-02 3.900000000000000688e-03 4.899999999999999672e-07 2.304000000000000058e-03 1.823290000000000197e-03 2.391209999999999950e-03 8.526399999999999951e-04 3.841599999999999811e-04 2.284840000000000221e-03 3.306249999999999294e-03 7.106490000000000029e-03 1.188099999999999958e-04 2.611209999999999226e-03 1.521000000000000515e-05 1.635361875000000000e+06 1.740711500000000000e+06
1.000000000000000000e+00 -5.009999999999999870e-02 -8.119999999999999440e-02 -1.199999999999999895e-03 -3.250000000000000111e-02 6.329999999999999516e-02 -3.509999999999999926e-02 -4.939999999999999947e-02 -3.319999999999999341e-02 4.150000000000000216e-02 1.639999999999999791e-02 3.409999999999999143e-02 -1.549999999999999989e-02 2.510010000000000019e-03 6.593439999999999024e-03 1.439999999999999765e-06 1.056250000000000114e-03 4.006889999999999064e-03 1.232009999999999963e-03 2.440359999999999925e-03 1.102239999999999557e-03 1.722250000000000256e-03 2.689599999999999456e-04 1.162809999999999365e-03 2.402499999999999851e-04 1.635779250000000000e+06 1.741704875000000000e+06
1.000000000000000000e+00 2.200000000000000133e-03 -5.519999999999999907e-02 -9.339999999999999691e-02 -4.229999999999999732e-02 6.339999999999999802e-02 -1.650000000000000078e-02 5.229999999999999927e-02 2.599999999999999534e-02 -9.219999999999999030e-02 -9.799999999999996214e-03 1.000000000000028644e-04 1.859999999999999848e-02 4.840000000000000247e-06 3.047039999999999992e-03 8.723559999999999995e-03 1.789289999999999804e-03 4.019560000000000147e-03 2.722500000000000310e-04 2.735290000000000030e-03 6.759999999999997348e-04 8.500839999999997357e-03 9.603999999999992751e-05 1.000000000000057262e-08 3.459599999999999199e-04 1.635966875000000000e+06 1.743939125000000000e+06
1.000000000000000000e+00 -4.420000000000000318e-02 -3.099999999999999891e-03 -2.970000000000000070e-02 -4.900000000000000189e-02 2.709999999999999909e-02 -1.129999999999999928e-02 -4.640000000000000374e-02 5.210000000000000048e-02 6.369999999999999274e-02 -6.700000000000004563e-03 -3.629999999999999893e-02 5.200000000000001496e-03 1.953640000000000411e-03 9.609999999999999470e-06 8.820900000000000876e-04 2.401000000000000356e-03 7.344099999999999023e-04 1.276899999999999921e-04 2.152960000000000203e-03 2.714410000000000000e-03 4.057689999999999214e-03 4.489000000000005979e-05 1.317689999999999834e-03 2.704000000000001555e-05 1.637322500000000000e+06 1.742739500000000000e+06
1.000000000000000000e+00 6.400000000000000307e-03 -3.690000000000000224e-02 -4.989999999999999991e-02 -4.909999999999999781e-02 4.329999999999999821e-02 6.000000000000000125e-03 5.060000000000000608e-02 -3.380000000000000365e-02 -2.019999999999999921e-02 -9.999999999999592548e-05 1.619999999999999912e-02 1.729999999999999941e-02 4.096000000000000086e-05 1.361610000000000077e-03 2.490009999999999966e-03 2.410809999999999776e-03 1.874889999999999933e-03 3.600000000000000091e-05 2.560360000000000674e-03 1.142440000000000209e-03 4.080399999999999761e-04 9.999999999999184609e-09 2.624399999999999606e-04 2.992899999999999619e-04 1.634915875000000000e+06 1.742046750000000000e+06
1.000000000000000000e+00 -3.790000000000000313e-02 -1.136999999999999955e-01 -1.018000000000000016e-01 -3.309999999999999748e-02 5.840000000000000052e-02 -6.100000000000000387e-03 -4.430000000000000604e-02 -7.679999999999999327e-02 -5.190000000000000169e-02 1.600000000000000033e-02 1.510000000000000231e-02 -1.209999999999999964e-02 1.436410000000000161e-03 1.292768999999999863e-02 1.036324000000000099e-02 1.095609999999999900e-03 3.410559999999999981e-03 3.721000000000000457e-05 1.962490000000000328e-03 5.898239999999999039e-03 2.693610000000000362e-03 2.559999999999999884e-04 2.280100000000000616e-04 1.464100000000000026e-04 1.636897375000000000e+06 1.743986125000000000e+06
1.000000000000000000e+00 1.140000000000000041e-02 -5.199999999999999761e-03 -4.290000000000000063e-02 -3.969999999999999918e-02 3.030000000000000054e-02 -2.589999999999999941e-02 4.930000000000000354e-02 1.084999999999999992e-01 5.890000000000000097e-02 -6.600000000000001699e-03 -2.809999999999999998e-02 -1.979999999999999816e-02 1.299600000000000093e-04 2.703999999999999861e-05 1.840410000000000006e-03 1.576090000000000043e-03 9.180899999999999868e-04 6.708099999999999827e-04 2.430490000000000428e-03 1.177224999999999973e-02 3.469209999999999915e-03 4.356000000000002340e-05 7.896100000000000514e-04 3.920399999999999124e-04 1.637492625000000000e+06 1.742664625000000000e+06
1.000000000000000000e+00 -4.499999999999999833e-02 -7.049999999999999323e-02 2.019999999999999921e-02 -4.059999999999999720e-02 1.499999999999999944e-02 -1.400000000000000029e-02 -5.639999999999999875e-02 -6.529999999999999694e-02 6.310000000000000331e-02 -8.999999999999980238e-04 -1.530000000000000110e-02 1.189999999999999912e-02 2.024999999999999890e-03 4.970249999999998974e-03 4.080399999999999761e-04 1.648359999999999756e-03 2.249999999999999938e-04 1.960000000000000208e-04 3.180960000000000037e-03 4.264089999999999894e-03 3.981610000000000010e-03 8.099999999999964799e-07 2.340900000000000305e-04 1.416099999999999672e-04 1.636477750000000000e+06 1.742267625000000000e+06
1.000000000000000000e+00 -3.660000000000000059e-02 -8.640000000000000457e-02 -8.089999999999999969e-02 -3.670000000000000345e-02 4.819999999999999979e-02 4.700000000000000185e-03 8.399999999999997746e-03 -1.590000000000001135e-02 -1.010999999999999954e-01 3.899999999999993749e-03 3.320000000000000034e-02 1.870000000000000134e-02 1.339560000000000056e-03 7.464960000000000519e-03 6.544809999999999864e-03 1.346890000000000327e-03 2.323239999999999854e-03 2.209000000000000026e-05 7.055999999999996140e-05 2.528100000000003391e-04 1.022120999999999967e-02 1.520999999999995094e-05 1.102239999999999991e-03 3.496900000000000485e-04 1.637488625000000000e+06 1.743546250000000000e+06
1.000000000000000000e+00 -3.420000000000000123e-02 -2.989999999999999949e-02 -7.299999999999999545e-02 -4.179999999999999688e-02 4.150000000000000216e-02 1.700000000000000122e-02 2.399999999999999356e-03 5.650000000000000855e-02 7.900000000000004241e-03 -5.099999999999993427e-03 -6.699999999999997624e-03 1.230000000000000190e-02 1.169640000000000003e-03 8.940099999999999870e-04 5.328999999999999536e-03 1.747239999999999731e-03 1.722250000000000256e-03 2.890000000000000316e-04 5.759999999999996521e-06 3.192250000000001076e-03 6.241000000000006146e-05 2.600999999999993224e-05 4.488999999999996492e-05 1.512900000000000507e-04 1.638560125000000000e+06 1.744038500000000000e+06
1.000000000000000000e+00 -3.219999999999999946e-02 -3.030000000000000054e-02 -3.780000000000000027e-02 -4.499999999999999833e-02 5.199999999999999761e-03 1.830000000000000029e-02 2.000000000000001776e-03 -4.000000000000010492e-04 3.519999999999999518e-02 -3.200000000000001454e-03 -3.629999999999999893e-02 1.299999999999999073e-03 1.036840000000000027e-03 9.180899999999999868e-04 1.428840000000000015e-03 2.024999999999999890e-03 2.703999999999999861e-05 3.348900000000000141e-04 4.000000000000007442e-06 1.600000000000008504e-07 1.239039999999999630e-03 1.024000000000000868e-05 1.317689999999999834e-03 1.689999999999997584e-06 1.636434750000000000e+06 1.742523875000000000e+06
1.000000000000000000e+00 -3.420000000000000123e-02 -3.420000000000000123e-02 -5.600000000000000117e-02 -3.740000000000000269e-02 1.420000000000000082e-02 1.179999999999999973e-02 -2.000000000000001776e-03 -3.900000000000000688e-03 -1.820000000000000090e-02 7.599999999999995648e-03 9.000000000000001055e-03 -6.500000000000000569e-03 1.169640000000000003e-03 1.169640000000000003e-03 3.136000000000000332e-03 1.398760000000000194e-03 2.016400000000000278e-04 1.392400000000000018e-04 4.000000000000007442e-06 1.521000000000000515e-05 3.312400000000000067e-04 5.775999999999993488e-05 8.100000000000001730e-05 4.225000000000001053e-05 1.637779500000000000e+06 1.742652250000000000e+06
1.000000000000000000e+00 -2.769999999999999893e-02 -8.899999999999999925e-03 -8.920000000000000151e-02 -4.529999999999999999e-02 7.729999999999999372e-02 -7.900000000000000772e-03 6.500000000000002304e-03 2.530000000000000304e-02 -3.320000000000000034e-02 -7.899999999999997302e-03 6.309999999999998943e-02 -1.970000000000000223e-02 7.672899999999998992e-04 7.920999999999999547e-05 7.956640000000000934e-03 2.052089999999999904e-03 5.975289999999999421e-03 6.241000000000000724e-05 4.225000000000003086e-05 6.400900000000001684e-04 1.102239999999999991e-03 6.240999999999995303e-05 3.981609999999998276e-03 3.880900000000001146e-04 1.636942500000000000e+06 1.746857750000000000e+06
1.000000000000000000e+00 -3.020000000000000115e-02 1.810000000000000150e-02 -1.609999999999999973e-02 -5.070000000000000201e-02 -8.800000000000000530e-03 4.100000000000000172e-02 -2.500000000000002220e-03 2.700000000000000316e-02 7.309999999999999831e-02 -5.400000000000002021e-03 -8.609999999999999598e-02 4.889999999999999902e-02 9.120400000000000295e-04 3.276100000000000431e-04 2.592100000000000068e-04 2.570490000000000361e-03 7.744000000000000395e-05 1.681000000000000202e-03 6.250000000000011311e-06 7.290000000000001557e-04 5.343609999999999506e-03 2.916000000000002236e-05 7.413209999999999071e-03 2.391209999999999950e-03 1.636526125000000000e+06 1.744726875000000000e+06
1.000000000000000000e+00 -2.419999999999999929e-02 -4.479999999999999954e-02 -4.059999999999999720e-02 -4.649999999999999967e-02 4.510000000000000120e-02 -8.000000000000000167e-03 6.000000000000001860e-03 -6.289999999999999758e-02 -2.449999999999999747e-02 4.200000000000002343e-03 5.390000000000000346e-02 -4.900000000000000189e-02 5.856400000000000104e-04 2.007039999999999866e-03 1.648359999999999756e-03 2.162250000000000109e-03 2.034010000000000158e-03 6.399999999999999710e-05 3.600000000000002124e-05 3.956409999999999615e-03 6.002499999999998722e-04 1.764000000000002084e-05 2.905210000000000518e-03 2.401000000000000356e-03 1.638599375000000000e+06 1.747627125000000000e+06
1.000000000000000000e+00 -2.759999999999999953e-02 -8.909999999999999865e-02 -7.180000000000000271e-02 -4.750000000000000056e-02 6.169999999999999790e-02 8.000000000000000383e-04 -3.400000000000000244e-03 -4.429999999999999910e-02 -3.120000000000000551e-02 -1.000000000000000888e-03 1.659999999999999670e-02 8.800000000000000530e-03 7.617599999999999979e-04 7.938809999999999270e-03 5.155240000000000170e-03 2.256250000000000009e-03 3.806889999999999840e-03 6.400000000000000134e-07 1.156000000000000113e-05 1.962489999999999894e-03 9.734400000000003293e-04 1.000000000000001861e-06 2.755599999999998892e-04 7.744000000000000395e-05 1.638588750000000000e+06 1.746219250000000000e+06
1.000000000000000000e+00 -2.759999999999999953e-02 -3.649999999999999772e-02 -6.510000000000000508e-02 -5.240000000000000213e-02 6.199999999999999956e-02 4.000000000000000083e-03 0.000000000000000000e+00 5.260000000000000092e-02 6.699999999999997624e-03 -4.900000000000001577e-03 3.000000000000016542e-04 3.200000000000000153e-03 7.617599999999999979e-04 1.332249999999999884e-03 4.238010000000000388e-03 2.745760000000000301e-03 3.843999999999999761e-03 1.599999999999999928e-05 0.000000000000000000e+00 2.766760000000000053e-03 4.488999999999996492e-05 2.401000000000001576e-05 9.000000000000099119e-08 1.024000000000000021e-05 1.639097500000000000e+06 1.747385250000000000e+06
1.000000000000000000e+00 -2.510000000000000078e-02 -7.799999999999999642e-03 -1.370000000000000037e-02 -5.349999999999999895e-02 2.330000000000000127e-02 1.099999999999999936e-02 2.499999999999998751e-03 2.869999999999999635e-02 5.140000000000000124e-02 -1.099999999999996814e-03 -3.869999999999999829e-02 6.999999999999999278e-03 6.300100000000000752e-04 6.083999999999999348e-05 1.876900000000000139e-04 2.862249999999999777e-03 5.428900000000000826e-04 1.209999999999999867e-04 6.249999999999993523e-06 8.236899999999997522e-04 2.641960000000000055e-03 1.209999999999993074e-06 1.497689999999999872e-03 4.899999999999999164e-05 1.636941125000000000e+06 1.743770000000000000e+06
1.000000000000000000e+00 -2.630000000000000046e-02 -8.849999999999999534e-02 -6.439999999999999891e-02 -4.989999999999999991e-02 5.589999999999999830e-02 6.599999999999999964e-03 -1.199999999999999678e-03 -8.069999999999999396e-02 -5.069999999999999507e-02 3.599999999999999034e-03 3.259999999999999704e-02 -4.399999999999999398e-03 6.916900000000000132e-04 7.832249999999998935e-03 4.147360000000000109e-03 2.490009999999999966e-03 3.124810000000000001e-03 4.355999999999999629e-05 1.439999999999999130e-06 6.512489999999999252e-03 2.570489999999999494e-03 1.295999999999999281e-05 1.062759999999999833e-03 1.935999999999999421e-05 1.636979000000000000e+06 1.742744875000000000e+06
1.000000000000000000e+00 -3.099999999999999978e-02 -1.155000000000000054e-01 -8.899999999999999578e-02 -4.859999999999999737e-02 6.759999999999999343e-02 2.599999999999999881e-03 -4.699999999999999317e-03 -2.700000000000001010e-02 -2.459999999999999687e-02 1.300000000000002542e-03 1.169999999999999513e-02 -4.000000000000000083e-03 9.609999999999999402e-04 1.334025000000000141e-02 7.920999999999999222e-03 2.361959999999999754e-03 4.569759999999999101e-03 6.759999999999999652e-06 2.208999999999999348e-05 7.290000000000005894e-04 6.051599999999998777e-04 1.690000000000006689e-06 1.368899999999998905e-04 1.599999999999999928e-05 1.636436750000000000e+06 1.746090375000000000e+06
1.000000000000000000e+00 -3.250000000000000111e-02 -8.600000000000000006e-03 -1.870000000000000134e-02 -5.890000000000000097e-02 2.440000000000000155e-02 8.399999999999999481e-03 -1.500000000000001332e-03 1.069000000000000089e-01 7.030000000000000138e-02 -1.030000000000000360e-02 -4.319999999999998841e-02 5.799999999999999600e-03 1.056250000000000114e-03 7.396000000000000339e-05 3.496900000000000485e-04 3.469209999999999915e-03 5.953600000000000732e-04 7.055999999999998851e-05 2.250000000000003869e-06 1.142761000000000124e-02 4.942090000000000545e-03 1.060900000000000769e-04 1.866239999999999045e-03 3.363999999999999640e-05 1.636670375000000000e+06 1.744849500000000000e+06
1.000000000000000000e+00 -2.740000000000000074e-02 -1.026999999999999996e-01 -4.649999999999999967e-02 -4.590000000000000330e-02 3.189999999999999780e-02 8.099999999999999561e-03 5.100000000000000366e-03 -9.410000000000000309e-02 -2.779999999999999832e-02 1.299999999999999767e-02 7.499999999999996253e-03 -2.999999999999999195e-04 7.507600000000000558e-04 1.054728999999999910e-02 2.162250000000000109e-03 2.106810000000000193e-03 1.017609999999999956e-03 6.560999999999999016e-05 2.601000000000000339e-05 8.854810000000001152e-03 7.728399999999998986e-04 1.689999999999999337e-04 5.624999999999994425e-05 8.999999999999994563e-08 1.636168500000000000e+06 1.744967250000000000e+06
1.000000000000000000e+00 -2.510000000000000078e-02 -7.599999999999999811e-02 -5.750000000000000250e-02 -4.979999999999999705e-02 4.320000000000000229e-02 5.000000000000000104e-04 2.299999999999999961e-03 2.670000000000000151e-02 -1.100000000000000283e-02 -3.899999999999993749e-03 1.130000000000000449e-02 -7.599999999999999117e-03 6.300100000000000752e-04 5.775999999999999884e-03 3.306250000000000161e-03 2.480039999999999762e-03 1.866240000000000130e-03 2.499999999999999887e-07 5.290000000000000174e-06 7.128900000000000948e-04 1.210000000000000680e-04 1.520999999999995094e-05 1.276900000000001005e-04 5.775999999999998909e-05 1.637622375000000000e+06 1.745839375000000000e+06
1.000000000000000000e+00 -2.670000000000000151e-02 -1.559999999999999928e-02 7.100000000000000408e-03 -5.439999999999999697e-02 1.110000000000000049e-02 6.100000000000000387e-03 -1.600000000000000727e-03 6.039999999999999536e-02 6.460000000000000464e-02 -4.599999999999999922e-03 -3.210000000000000353e-02 5.600000000000000810e-03 7.128900000000000948e-04 2.433599999999999739e-04 5.041000000000000694e-05 2.959359999999999855e-03 1.232100000000000079e-04 3.721000000000000457e-05 2.560000000000002171e-06 3.648159999999999251e-03 4.173160000000000411e-03 2.116000000000000069e-05 1.030410000000000267e-03 3.136000000000001146e-05 1.638045500000000000e+06 1.743942625000000000e+06
1.000000000000000000e+00 -2.359999999999999945e-02 -2.670000000000000151e-02 -1.899999999999999953e-02 -4.730000000000000177e-02 9.900000000000000813e-03 -5.199999999999999761e-03 3.100000000000002059e-03 -1.110000000000000223e-02 -2.609999999999999820e-02 7.099999999999995204e-03 -1.199999999999999678e-03 -1.130000000000000102e-02 5.569600000000000072e-04 7.128900000000000948e-04 3.609999999999999928e-04 2.237290000000000285e-03 9.801000000000001876e-05 2.703999999999999861e-05 9.610000000000013022e-06 1.232100000000000621e-04 6.812099999999999102e-04 5.040999999999993240e-05 1.439999999999999130e-06 1.276900000000000192e-04 1.636983875000000000e+06 1.744707500000000000e+06
1.000000000000000000e+00 -1.880000000000000074e-02 -6.500000000000000222e-02 -9.679999999999999716e-02 -4.560000000000000164e-02 5.829999999999999766e-02 -1.159999999999999920e-02 4.799999999999998712e-03 -3.830000000000000071e-02 -7.779999999999999416e-02 1.700000000000000122e-03 4.839999999999999858e-02 -6.399999999999999439e-03 3.534400000000000042e-04 4.225000000000000457e-03 9.370240000000000166e-03 2.079360000000000149e-03 3.398889999999999897e-03 1.345599999999999856e-04 2.303999999999998608e-05 1.466889999999999991e-03 6.052839999999999436e-03 2.890000000000000282e-06 2.342560000000000042e-03 4.095999999999999408e-05 1.636015125000000000e+06 1.744208000000000000e+06
1.000000000000000000e+00 -2.270000000000000143e-02 1.909999999999999892e-02 -8.099999999999999561e-03 -5.120000000000000245e-02 1.069999999999999944e-02 -1.739999999999999880e-02 -3.900000000000000688e-03 8.410000000000000808e-02 8.870000000000000107e-02 -5.600000000000000810e-03 -4.759999999999999648e-02 -5.799999999999999600e-03 5.152900000000000622e-04 3.648099999999999715e-04 6.560999999999999016e-05 2.621440000000000055e-03 1.144899999999999830e-04 3.027599999999999541e-04 1.521000000000000515e-05 7.072810000000001422e-03 7.867690000000000100e-03 3.136000000000001146e-05 2.265759999999999476e-03 3.363999999999999640e-05 1.635334125000000000e+06 1.745157375000000000e+06
1.000000000000000000e+00 -2.220000000000000098e-02 -1.849999999999999908e-02 -7.109999999999999654e-02 -4.349999999999999700e-02 2.960000000000000131e-02 -2.910000000000000087e-02 5.000000000000004441e-04 -3.759999999999999454e-02 -6.300000000000000044e-02 7.700000000000005451e-03 1.890000000000000013e-02 -1.170000000000000207e-02 4.928400000000000315e-04 3.422499999999999436e-04 5.055209999999999218e-03 1.892249999999999835e-03 8.761600000000000681e-04 8.468100000000000323e-04 2.500000000000004651e-07 1.413759999999999583e-03 3.969000000000000306e-03 5.929000000000008455e-05 3.572100000000000036e-04 1.368900000000000531e-04 1.636894125000000000e+06 1.744524875000000000e+06
1.000000000000000000e+00 -2.299999999999999961e-02 -5.879999999999999810e-02 -8.569999999999999840e-02 -3.409999999999999837e-02 4.469999999999999668e-02 -3.139999999999999736e-02 -7.999999999999986289e-04 -4.030000000000000249e-02 -1.460000000000000187e-02 9.399999999999998634e-03 1.509999999999999537e-02 -2.299999999999996492e-03 5.289999999999999564e-04 3.457439999999999992e-03 7.344489999999999526e-03 1.162809999999999799e-03 1.998089999999999675e-03 9.859599999999999181e-04 6.399999999999977899e-07 1.624090000000000126e-03 2.131600000000000530e-04 8.835999999999997394e-05 2.280099999999998718e-04 5.289999999999984080e-06 1.637306875000000000e+06 1.744536625000000000e+06
1.000000000000000000e+00 -2.850000000000000103e-02 -7.259999999999999787e-02 -1.052000000000000018e-01 -3.579999999999999849e-02 4.939999999999999947e-02 -4.329999999999999821e-02 -5.500000000000001416e-03 -1.379999999999999977e-02 -1.950000000000000344e-02 -1.700000000000000122e-03 4.700000000000002787e-03 -1.190000000000000085e-02 8.122500000000000379e-04 5.270759999999999335e-03 1.106704000000000021e-02 1.281639999999999906e-03 2.440359999999999925e-03 1.874889999999999933e-03 3.025000000000001700e-05 1.904399999999999995e-04 3.802500000000001083e-04 2.890000000000000282e-06 2.209000000000002737e-05 1.416100000000000214e-04 1.638312250000000000e+06 1.746648250000000000e+06
1.000000000000000000e+00 -3.320000000000000034e-02 9.700000000000000289e-03 -3.570000000000000256e-02 -3.540000000000000091e-02 -1.060000000000000005e-02 -4.179999999999999688e-02 -4.699999999999999317e-03 8.229999999999999816e-02 6.950000000000000622e-02 3.999999999999975797e-04 -5.999999999999999778e-02 1.500000000000001332e-03 1.102239999999999991e-03 9.409000000000000208e-05 1.274490000000000085e-03 1.253160000000000125e-03 1.123600000000000016e-04 1.747239999999999731e-03 2.208999999999999348e-05 6.773289999999999519e-03 4.830250000000001209e-03 1.599999999999980711e-07 3.599999999999999901e-03 2.250000000000003869e-06 1.637364625000000000e+06 1.744367500000000000e+06
1.000000000000000000e+00 -4.270000000000000184e-02 -1.032000000000000001e-01 -2.239999999999999977e-02 -3.160000000000000309e-02 3.289999999999999869e-02 -3.819999999999999785e-02 -9.500000000000001499e-03 -1.129000000000000004e-01 1.330000000000000279e-02 3.799999999999997824e-03 4.349999999999999700e-02 3.599999999999999034e-03 1.823290000000000197e-03 1.065024000000000005e-02 5.017599999999999665e-04 9.985600000000001159e-04 1.082410000000000013e-03 1.459239999999999886e-03 9.025000000000002530e-05 1.274640999999999968e-02 1.768900000000000767e-04 1.443999999999998372e-05 1.892249999999999835e-03 1.295999999999999281e-05 1.636301125000000000e+06 1.743048125000000000e+06
1.000000000000000000e+00 -4.390000000000000152e-02 -2.759999999999999953e-02 -9.669999999999999429e-02 -4.229999999999999732e-02 8.930000000000000437e-02 -4.009999999999999676e-02 -1.199999999999999678e-03 7.560000000000000053e-02 -7.429999999999999105e-02 -1.069999999999999424e-02 5.640000000000000568e-02 -1.899999999999998912e-03 1.927210000000000164e-03 7.617599999999999979e-04 9.350889999999998856e-03 1.789289999999999804e-03 7.974490000000000745e-03 1.608009999999999778e-03 1.439999999999999130e-06 5.715360000000000058e-03 5.520489999999998558e-03 1.144899999999998745e-04 3.180960000000000471e-03 3.609999999999995930e-06 1.636054375000000000e+06 1.746122125000000000e+06
1.000000000000000000e+00 -3.860000000000000236e-02 -2.179999999999999993e-02 2.819999999999999937e-02 -4.130000000000000338e-02 -1.400000000000000029e-02 -4.440000000000000197e-02 5.299999999999999156e-03 5.799999999999999600e-03 1.248999999999999971e-01 9.999999999999939493e-04 -1.033000000000000029e-01 -4.300000000000005207e-03 1.489960000000000243e-03 4.752399999999999832e-04 7.952400000000000094e-04 1.705690000000000374e-03 1.960000000000000208e-04 1.971360000000000126e-03 2.808999999999999025e-05 3.363999999999999640e-05 1.560000999999999922e-02 9.999999999999878845e-07 1.067089000000000058e-02 1.849000000000004489e-05 1.637877250000000000e+06 1.745840000000000000e+06
1.000000000000000000e+00 -3.599999999999999728e-02 -9.229999999999999316e-02 -1.048999999999999932e-01 -2.869999999999999982e-02 9.769999999999999518e-02 -6.320000000000000617e-02 2.600000000000005085e-03 -7.049999999999999323e-02 -1.330999999999999961e-01 1.260000000000000356e-02 1.116999999999999937e-01 -1.880000000000000421e-02 1.295999999999999843e-03 8.519289999999998808e-03 1.100400999999999810e-02 8.236899999999999691e-04 9.545289999999999678e-03 3.994240000000000464e-03 6.760000000000026757e-06 4.970249999999998974e-03 1.771560999999999969e-02 1.587600000000000859e-04 1.247688999999999916e-02 3.534400000000001668e-04 1.636042500000000000e+06 1.746043375000000000e+06
1.000000000000000000e+00 1.338000000000000023e-01 -2.832000000000000073e-01 -9.334999999999999964e-01 -9.489999999999999825e-02 4.425999999999999934e-01 -1.894000000000000128e-01 1.698000000000000065e-01 -1.909000000000000141e-01 -8.286000000000000032e-01 -6.619999999999999496e-02 3.448999999999999844e-01 -1.262000000000000066e-01 1.790244000000000210e-02 8.020224000000000797e-02 8.714222499999999538e-01 9.006010000000000057e-03 1.958947600000000011e-01 3.587236000000000591e-02 2.883204000000000322e-02 3.644281000000000603e-02 6.865779600000000427e-01 4.382439999999999600e-03 1.189560099999999870e-01 1.592644000000000004e-02 1.607974125000000000e+06 1.708515375000000000e+06
1.000000000000000000e+00 3.740000000000000269e-02 -3.274000000000000243e-01 -9.839999999999999858e-01 -7.119999999999999940e-02 6.629000000000000448e-01 -2.299999999999999961e-02 -9.639999999999999958e-02 -4.420000000000001705e-02 -5.049999999999998934e-02 2.369999999999999885e-02 2.203000000000000513e-01 1.664000000000000201e-01 1.398760000000000194e-03 1.071907600000000099e-01 9.682560000000000056e-01 5.069439999999999710e-03 4.394364100000000550e-01 5.289999999999999564e-04 9.292959999999999415e-03 1.953640000000001712e-03 2.550249999999999132e-03 5.616899999999999974e-04 4.853209000000002077e-02 2.768896000000000551e-02 1.641017500000000000e+06 1.760513625000000000e+06
1.000000000000000000e+00 -1.524999999999999967e-01 -1.024999999999999939e-01 2.461000000000000132e-01 4.019999999999999962e-02 2.182000000000000051e-01 4.299999999999999656e-02 -1.899000000000000132e-01 2.249000000000000443e-01 1.230099999999999971e+00 1.113999999999999990e-01 -4.447000000000000397e-01 6.600000000000000311e-02 2.325624999999999915e-02 1.050624999999999823e-02 6.056521000000000821e-02 1.616040000000000011e-03 4.761123999999999912e-02 1.848999999999999732e-03 3.606201000000000545e-02 5.058001000000002245e-02 1.513146009999999819e+00 1.240995999999999939e-02 1.977580900000000252e-01 4.356000000000000497e-03 1.626315250000000000e+06 1.728993375000000000e+06
1.000000000000000000e+00 -3.230000000000000232e-02 -2.989999999999999949e-02 4.440000000000000058e-01 3.540000000000000091e-02 -3.299999999999999982e-03 -2.380000000000000171e-02 1.202000000000000013e-01 7.259999999999999787e-02 1.978999999999999926e-01 -4.799999999999998712e-03 -2.215000000000000024e-01 -6.679999999999999827e-02 1.043290000000000103e-03 8.940099999999999870e-04 1.971360000000000057e-01 1.253160000000000125e-03 1.088999999999999907e-05 5.664400000000000858e-04 1.444804000000000054e-02 5.270759999999999335e-03 3.916440999999999673e-02 2.303999999999998608e-05 4.906225000000000169e-02 4.462240000000000130e-03 1.637131375000000000e+06 1.733350000000000000e+06
1.000000000000000000e+00 -4.950000000000000233e-02 -9.199999999999999845e-02 -1.389999999999999916e-02 -2.510000000000000078e-02 -1.250000000000000069e-02 4.139999999999999930e-02 -1.720000000000000001e-02 -6.210000000000000242e-02 -4.579000000000000292e-01 -6.049999999999999822e-02 -9.199999999999999845e-03 6.520000000000000795e-02 2.450250000000000171e-03 8.463999999999999302e-03 1.932099999999999746e-04 6.300100000000000752e-04 1.562500000000000304e-04 1.713960000000000049e-03 2.958400000000000135e-04 3.856410000000000220e-03 2.096724100000000313e-01 3.660249999999999875e-03 8.464000000000000278e-05 4.251040000000001068e-03 1.637607250000000000e+06 1.737049250000000000e+06
1.000000000000000000e+00 -1.519999999999999997e-02 2.549999999999999836e-02 -4.959999999999999826e-02 -2.440000000000000155e-02 2.419999999999999929e-02 -3.969999999999999918e-02 3.430000000000000410e-02 1.174999999999999933e-01 -3.569999999999999563e-02 6.999999999999992339e-04 3.669999999999999651e-02 -8.110000000000000542e-02 2.310400000000000106e-04 6.502499999999998949e-04 2.460159999999999864e-03 5.953600000000000732e-04 5.856400000000000104e-04 1.576090000000000043e-03 1.176490000000000305e-03 1.380624999999999908e-02 1.274489999999999651e-03 4.899999999999989084e-07 1.346889999999999676e-03 6.577210000000000868e-03 1.638508500000000000e+06 1.736875875000000000e+06
1.000000000000000000e+00 -2.330000000000000127e-02 -4.469999999999999668e-02 1.355999999999999983e-01 -2.630000000000000046e-02 -9.700000000000000289e-03 -4.240000000000000019e-02 -8.100000000000001296e-03 -7.019999999999999851e-02 1.852000000000000035e-01 -1.899999999999998912e-03 -3.389999999999999958e-02 -2.700000000000001010e-03 5.428900000000000826e-04 1.998089999999999675e-03 1.838735999999999843e-02 6.916900000000000132e-04 9.409000000000000208e-05 1.797760000000000026e-03 6.561000000000001726e-05 4.928039999999999851e-03 3.429904000000000286e-02 3.609999999999995930e-06 1.149209999999999902e-03 7.290000000000005589e-06 1.636150875000000000e+06 1.734508875000000000e+06
1.000000000000000000e+00 -2.309999999999999901e-02 -5.220000000000000334e-02 1.009999999999999960e-02 -2.630000000000000046e-02 -2.019999999999999921e-02 -4.490000000000000241e-02 2.000000000000022593e-04 -7.500000000000006661e-03 -1.255000000000000004e-01 0.000000000000000000e+00 -1.049999999999999892e-02 -2.500000000000002220e-03 5.336099999999999004e-04 2.724840000000000508e-03 1.020099999999999940e-04 6.916900000000000132e-04 4.080399999999999761e-04 2.016010000000000371e-03 4.000000000000090081e-08 5.625000000000010010e-05 1.575025000000000036e-02 0.000000000000000000e+00 1.102499999999999829e-04 6.250000000000011311e-06 1.635843750000000000e+06 1.736883500000000000e+06
1.000000000000000000e+00 -1.729999999999999941e-02 -7.259999999999999787e-02 -9.900000000000000466e-02 -2.380000000000000171e-02 5.210000000000000048e-02 -5.149999999999999717e-02 5.799999999999999600e-03 -2.039999999999999453e-02 -1.091000000000000025e-01 2.499999999999998751e-03 7.230000000000000315e-02 -6.599999999999994760e-03 2.992899999999999619e-04 5.270759999999999335e-03 9.801000000000000684e-03 5.664400000000000858e-04 2.714410000000000000e-03 2.652249999999999660e-03 3.363999999999999640e-05 4.161599999999997831e-04 1.190280999999999978e-02 6.249999999999993523e-06 5.227290000000000755e-03 4.355999999999992853e-05 1.637364750000000000e+06 1.738214500000000000e+06
1.000000000000000000e+00 -1.559999999999999928e-02 1.600000000000000033e-02 -4.100000000000000346e-03 -3.590000000000000135e-02 4.700000000000000185e-03 -3.710000000000000103e-02 1.700000000000000122e-03 8.859999999999999820e-02 9.489999999999999825e-02 -1.209999999999999964e-02 -4.739999999999999769e-02 1.439999999999999614e-02 2.433599999999999739e-04 2.559999999999999884e-04 1.681000000000000338e-05 1.288810000000000042e-03 2.209000000000000026e-05 1.376410000000000003e-03 2.890000000000000282e-06 7.849959999999999577e-03 9.006010000000000057e-03 1.464100000000000026e-04 2.246759999999999990e-03 2.073599999999998849e-04 1.638614375000000000e+06 1.740421375000000000e+06
1.000000000000000000e+00 -1.389999999999999916e-02 3.039999999999999994e-02 5.170000000000000290e-02 -3.429999999999999716e-02 -2.089999999999999844e-02 -3.919999999999999873e-02 1.700000000000000122e-03 1.439999999999999961e-02 5.580000000000000238e-02 1.600000000000004197e-03 -2.559999999999999776e-02 -2.099999999999997702e-03 1.932099999999999746e-04 9.241600000000000422e-04 2.672890000000000248e-03 1.176489999999999871e-03 4.368099999999999327e-04 1.536639999999999924e-03 2.890000000000000282e-06 2.073599999999999933e-04 3.113640000000000418e-03 2.560000000000013606e-06 6.553599999999999053e-04 4.409999999999989964e-06 1.638705625000000000e+06 1.743167250000000000e+06
1.000000000000000000e+00 -2.469999999999999973e-02 -8.129999999999999727e-02 -6.710000000000000686e-02 -4.760000000000000342e-02 2.699999999999999969e-02 -5.739999999999999963e-02 -1.080000000000000057e-02 -1.116999999999999937e-01 -1.188000000000000167e-01 -1.330000000000000626e-02 4.789999999999999813e-02 -1.820000000000000090e-02 6.100899999999999813e-04 6.609689999999999663e-03 4.502410000000000960e-03 2.265760000000000343e-03 7.289999999999999388e-04 3.294759999999999876e-03 1.166400000000000081e-04 1.247688999999999916e-02 1.411344000000000314e-02 1.768900000000001580e-04 2.294409999999999766e-03 3.312400000000000067e-04 1.638686250000000000e+06 1.742731000000000000e+06
1.000000000000000000e+00 -4.030000000000000249e-02 -3.219999999999999946e-02 -3.400000000000000244e-02 -4.929999999999999660e-02 0.000000000000000000e+00 -6.719999999999999585e-02 -1.560000000000000275e-02 4.909999999999999781e-02 3.310000000000000442e-02 -1.699999999999993183e-03 -2.699999999999999969e-02 -9.799999999999996214e-03 1.624090000000000126e-03 1.036840000000000027e-03 1.156000000000000126e-03 2.430489999999999561e-03 0.000000000000000000e+00 4.515839999999999264e-03 2.433600000000000823e-04 2.410809999999999776e-03 1.095610000000000334e-03 2.889999999999976989e-06 7.289999999999999388e-04 9.603999999999992751e-05 1.638877750000000000e+06 1.743483375000000000e+06
1.000000000000000000e+00 -3.969999999999999918e-02 -5.779999999999999721e-02 -2.160000000000000114e-02 -5.559999999999999665e-02 -4.270000000000000184e-02 -8.450000000000000566e-02 6.000000000000033085e-04 -2.559999999999999776e-02 1.240000000000000130e-02 -6.300000000000000044e-03 -4.270000000000000184e-02 -1.730000000000000981e-02 1.576090000000000043e-03 3.340839999999999869e-03 4.665600000000000324e-04 3.091359999999999594e-03 1.823290000000000197e-03 7.140250000000000763e-03 3.600000000000039648e-07 6.553599999999999053e-04 1.537600000000000457e-04 3.969000000000000116e-05 1.823290000000000197e-03 2.992900000000003414e-04 1.638975250000000000e+06 1.744961125000000000e+06
1.000000000000000000e+00 -3.209999999999999659e-02 -5.779999999999999721e-02 -5.319999999999999729e-02 -4.839999999999999858e-02 4.050000000000000128e-02 -9.020000000000000240e-02 7.600000000000002587e-03 0.000000000000000000e+00 -3.159999999999999615e-02 7.199999999999998068e-03 8.319999999999999618e-02 -5.699999999999996736e-03 1.030409999999999833e-03 3.340839999999999869e-03 2.830239999999999926e-03 2.342560000000000042e-03 1.640249999999999998e-03 8.136040000000000633e-03 5.776000000000003652e-05 0.000000000000000000e+00 9.985599999999996822e-04 5.183999999999997123e-05 6.922239999999999643e-03 3.248999999999996167e-05 1.639227875000000000e+06 1.745276250000000000e+06
1.000000000000000000e+00 -3.860000000000000236e-02 5.999999999999999778e-02 2.699999999999999969e-02 -5.500000000000000028e-02 -2.850000000000000103e-02 -3.579999999999999849e-02 -6.500000000000005773e-03 1.177999999999999881e-01 8.019999999999999352e-02 -6.600000000000001699e-03 -6.900000000000000577e-02 5.440000000000000391e-02 1.489960000000000243e-03 3.599999999999999901e-03 7.289999999999999388e-04 3.024999999999999911e-03 8.122500000000000379e-04 1.281639999999999906e-03 4.225000000000007829e-05 1.387683999999999793e-02 6.432039999999999112e-03 4.356000000000002340e-05 4.761000000000000475e-03 2.959360000000000289e-03 1.638655125000000000e+06 1.745132500000000000e+06
1.000000000000000000e+00 -2.719999999999999848e-02 5.020000000000000157e-02 5.000000000000000104e-04 -4.689999999999999725e-02 -9.900000000000000813e-03 -2.170000000000000054e-02 1.140000000000000388e-02 -9.799999999999996214e-03 -2.649999999999999925e-02 8.100000000000003031e-03 1.859999999999999848e-02 1.409999999999999795e-02 7.398399999999999638e-04 2.520040000000000301e-03 2.499999999999999887e-07 2.199609999999999847e-03 9.801000000000001876e-05 4.708900000000000130e-04 1.299600000000000906e-04 9.603999999999992751e-05 7.022499999999999663e-04 6.561000000000004437e-05 3.459599999999999199e-04 1.988099999999999481e-04 1.638735375000000000e+06 1.746300125000000000e+06
1.000000000000000000e+00 -1.080000000000000057e-02 -8.319999999999999618e-02 -9.379999999999999449e-02 -4.390000000000000152e-02 6.550000000000000266e-02 -1.450000000000000074e-02 1.639999999999999791e-02 -1.333999999999999908e-01 -9.429999999999999494e-02 2.999999999999995726e-03 7.540000000000000868e-02 7.199999999999999803e-03 1.166400000000000081e-04 6.922239999999999643e-03 8.798439999999999386e-03 1.927210000000000164e-03 4.290250000000000660e-03 2.102500000000000148e-04 2.689599999999999456e-04 1.779555999999999846e-02 8.892489999999999423e-03 8.999999999999974817e-06 5.685160000000001601e-03 5.183999999999999833e-05 1.638771625000000000e+06 1.745221250000000000e+06
1.000000000000000000e+00 -3.200000000000000153e-03 -2.999999999999999889e-02 -3.769999999999999740e-02 -5.469999999999999862e-02 3.039999999999999994e-02 5.000000000000000104e-04 7.600000000000000852e-03 5.319999999999999729e-02 5.609999999999999709e-02 -1.079999999999999710e-02 -3.510000000000000620e-02 1.500000000000000118e-02 1.024000000000000021e-05 8.999999999999999754e-04 1.421289999999999750e-03 2.992089999999999767e-03 9.241600000000000422e-04 2.499999999999999887e-07 5.776000000000001619e-05 2.830239999999999926e-03 3.147209999999999678e-03 1.166399999999999403e-04 1.232010000000000396e-03 2.250000000000000481e-04 1.638133625000000000e+06 1.745744875000000000e+06
1.000000000000000000e+00 1.000000000000000021e-02 -5.779999999999999721e-02 -3.969999999999999918e-02 -3.440000000000000002e-02 2.889999999999999861e-02 2.000000000000000042e-03 1.319999999999999993e-02 -2.779999999999999832e-02 -2.000000000000001776e-03 2.029999999999999860e-02 -1.500000000000001332e-03 1.500000000000000031e-03 1.000000000000000048e-04 3.340839999999999869e-03 1.576090000000000043e-03 1.183360000000000054e-03 8.352099999999999672e-04 3.999999999999999819e-06 1.742399999999999852e-04 7.728399999999998986e-04 4.000000000000007442e-06 4.120899999999999390e-04 2.250000000000003869e-06 2.250000000000000057e-06 1.639177875000000000e+06 1.747220500000000000e+06
1.000000000000000000e+00 1.080000000000000057e-02 -9.550000000000000155e-02 -7.439999999999999392e-02 -2.179999999999999993e-02 4.410000000000000031e-02 8.000000000000000383e-04 8.000000000000003636e-04 -3.770000000000000434e-02 -3.469999999999999474e-02 1.260000000000000009e-02 1.520000000000000170e-02 -1.200000000000000112e-03 1.166400000000000081e-04 9.120249999999999885e-03 5.535359999999998719e-03 4.752399999999999832e-04 1.944809999999999942e-03 6.400000000000000134e-07 6.400000000000005428e-07 1.421290000000000400e-03 1.204089999999999674e-03 1.587600000000000046e-04 2.310400000000000648e-04 1.440000000000000189e-06 1.638021000000000000e+06 1.745088500000000000e+06
1.000000000000000000e+00 -3.250000000000000111e-02 -2.230000000000000038e-02 -3.729999999999999982e-02 -2.330000000000000127e-02 2.699999999999999969e-02 2.009999999999999981e-02 -4.330000000000000515e-02 7.320000000000000118e-02 3.709999999999999409e-02 -1.500000000000001332e-03 -1.710000000000000062e-02 1.930000000000000118e-02 1.056250000000000114e-03 4.972900000000000584e-04 1.391289999999999888e-03 5.428900000000000826e-04 7.289999999999999388e-04 4.040100000000000028e-04 1.874890000000000367e-03 5.358240000000000225e-03 1.376409999999999570e-03 2.250000000000003869e-06 2.924100000000000006e-04 3.724900000000000606e-04 1.636790625000000000e+06 1.744277875000000000e+06
1.000000000000000000e+00 -2.000000000000000042e-02 -2.369999999999999885e-02 -3.610000000000000014e-02 -1.209999999999999964e-02 5.599999999999999943e-03 2.440000000000000155e-02 1.250000000000000069e-02 -1.399999999999998468e-03 1.199999999999999678e-03 1.120000000000000162e-02 -2.139999999999999888e-02 4.300000000000001737e-03 4.000000000000000192e-04 5.616899999999999974e-04 1.303209999999999959e-03 1.464100000000000026e-04 3.135999999999999790e-05 5.953600000000000732e-04 1.562500000000000304e-04 1.959999999999995634e-06 1.439999999999999130e-06 1.254400000000000458e-04 4.579599999999999318e-04 1.849000000000001440e-05 1.637508125000000000e+06 1.745128750000000000e+06
1.000000000000000000e+00 -6.700000000000000226e-03 -1.040999999999999981e-01 -5.990000000000000185e-02 -8.399999999999999481e-03 3.620000000000000301e-02 -1.239999999999999956e-02 1.329999999999999932e-02 -8.039999999999999925e-02 -2.380000000000000171e-02 3.700000000000000164e-03 3.060000000000000220e-02 -3.679999999999999938e-02 4.489000000000000558e-05 1.083680999999999880e-02 3.588010000000000418e-03 7.055999999999998851e-05 1.310440000000000172e-03 1.537599999999999915e-04 1.768899999999999954e-04 6.464160000000000045e-03 5.664400000000000858e-04 1.369000000000000106e-05 9.363600000000001219e-04 1.354240000000000044e-03 1.637729750000000000e+06 1.744753875000000000e+06
1.000000000000000000e+00 -1.200000000000000025e-02 -4.139999999999999930e-02 -2.359999999999999945e-02 -1.720000000000000001e-02 5.249999999999999806e-02 -1.319999999999999993e-02 -5.300000000000000024e-03 6.270000000000000573e-02 3.629999999999999893e-02 -8.800000000000000530e-03 1.629999999999999505e-02 -8.000000000000003636e-04 1.440000000000000036e-04 1.713960000000000049e-03 5.569600000000000072e-04 2.958400000000000135e-04 2.756249999999999586e-03 1.742399999999999852e-04 2.809000000000000041e-05 3.931290000000000479e-03 1.317689999999999834e-03 7.744000000000000395e-05 2.656899999999998499e-04 6.400000000000005428e-07 1.637346125000000000e+06 1.744955625000000000e+06
1.000000000000000000e+00 -7.199999999999999803e-03 -1.340000000000000045e-02 1.549999999999999989e-02 -1.099999999999999936e-02 -5.790000000000000008e-02 -2.599999999999999881e-02 4.800000000000000447e-03 2.799999999999999711e-02 3.909999999999999587e-02 6.200000000000000649e-03 -1.103999999999999981e-01 -1.279999999999999888e-02 5.183999999999999833e-05 1.795600000000000223e-04 2.402499999999999851e-04 1.209999999999999867e-04 3.352410000000000112e-03 6.759999999999999516e-04 2.304000000000000302e-05 7.839999999999998663e-04 1.528809999999999588e-03 3.844000000000001143e-05 1.218815999999999997e-02 1.638399999999999763e-04 1.637381375000000000e+06 1.744712625000000000e+06
1.000000000000000000e+00 -6.899999999999999883e-03 -1.490000000000000005e-02 5.000000000000000104e-03 -1.099999999999999936e-02 9.499999999999999764e-03 -1.969999999999999876e-02 2.999999999999999195e-04 -1.499999999999999598e-03 -1.049999999999999892e-02 0.000000000000000000e+00 6.740000000000000158e-02 6.300000000000000044e-03 4.760999999999999987e-05 2.220099999999999971e-04 2.500000000000000120e-05 1.209999999999999867e-04 9.024999999999999819e-05 3.880899999999999519e-04 8.999999999999994563e-08 2.249999999999998786e-06 1.102499999999999829e-04 0.000000000000000000e+00 4.542759999999999854e-03 3.969000000000000116e-05 1.637417625000000000e+06 1.744951750000000000e+06
1.000000000000000000e+00 -1.779999999999999985e-02 -8.749999999999999445e-02 -1.184000000000000052e-01 -1.269999999999999948e-02 6.019999999999999657e-02 -1.959999999999999937e-02 -1.089999999999999997e-02 -7.259999999999999787e-02 -1.234000000000000097e-01 -1.700000000000000122e-03 5.069999999999999507e-02 9.999999999999939493e-05 3.168399999999999819e-04 7.656249999999998994e-03 1.401856000000000109e-02 1.612899999999999957e-04 3.624039999999999380e-03 3.841599999999999811e-04 1.188099999999999958e-04 5.270759999999999335e-03 1.522756000000000283e-02 2.890000000000000282e-06 2.570489999999999494e-03 9.999999999999879441e-09 1.638692000000000000e+06 1.745697250000000000e+06
1.000000000000000000e+00 -2.019999999999999921e-02 -2.100000000000000130e-02 -7.330000000000000404e-02 -1.260000000000000009e-02 3.280000000000000276e-02 -1.969999999999999876e-02 -2.399999999999999356e-03 6.649999999999998967e-02 4.510000000000000120e-02 9.999999999999939493e-05 -2.739999999999999380e-02 -9.999999999999939493e-05 4.080399999999999761e-04 4.410000000000000400e-04 5.372890000000000825e-03 1.587600000000000046e-04 1.075840000000000216e-03 3.880899999999999519e-04 5.759999999999996521e-06 4.422249999999998231e-03 2.034010000000000158e-03 9.999999999999879441e-09 7.507599999999996221e-04 9.999999999999879441e-09 1.637494125000000000e+06 1.745522500000000000e+06
1.000000000000000000e+00 -1.629999999999999852e-02 -3.980000000000000204e-02 -2.319999999999999840e-02 -6.499999999999999702e-03 3.450000000000000289e-02 -1.060000000000000005e-02 3.900000000000000688e-03 -1.880000000000000074e-02 5.010000000000000564e-02 6.100000000000000387e-03 1.700000000000000122e-03 9.099999999999998715e-03 2.656899999999999583e-04 1.584040000000000101e-03 5.382399999999999424e-04 4.224999999999999698e-05 1.190250000000000119e-03 1.123600000000000016e-04 1.521000000000000515e-05 3.534400000000000042e-04 2.510010000000000453e-03 3.721000000000000457e-05 2.890000000000000282e-06 8.280999999999997456e-05 1.637062125000000000e+06 1.746331875000000000e+06
1.000000000000000000e+00 -1.540000000000000049e-02 -9.110000000000000042e-02 -1.287999999999999978e-01 -3.500000000000000073e-03 5.240000000000000213e-02 -2.069999999999999965e-02 8.999999999999980238e-04 -5.129999999999999838e-02 -1.055999999999999994e-01 2.999999999999999629e-03 1.789999999999999925e-02 -1.009999999999999960e-02 2.371600000000000129e-04 8.299209999999999574e-03 1.658944000000000044e-02 1.225000000000000130e-05 2.745760000000000301e-03 4.284900000000000124e-04 8.099999999999964799e-07 2.631689999999999897e-03 1.115135999999999905e-02 8.999999999999998534e-06 3.204099999999999765e-04 1.020099999999999940e-04 1.636661750000000000e+06 1.743472375000000000e+06
1.000000000000000000e+00 -1.820000000000000090e-02 2.719999999999999848e-02 1.129999999999999928e-02 -8.200000000000000691e-03 1.069999999999999944e-02 5.000000000000000104e-04 -2.800000000000000405e-03 1.183000000000000024e-01 1.401000000000000023e-01 -4.700000000000001052e-03 -4.170000000000000095e-02 2.120000000000000009e-02 3.312400000000000067e-04 7.398399999999999638e-04 1.276899999999999921e-04 6.724000000000001352e-05 1.144899999999999830e-04 2.499999999999999887e-07 7.840000000000002864e-06 1.399489000000000115e-02 1.962801000000000129e-02 2.209000000000001042e-05 1.738890000000000097e-03 4.494400000000000066e-04 1.635376875000000000e+06 1.743253125000000000e+06
1.000000000000000000e+00 -1.580000000000000154e-02 -1.540000000000000049e-02 -6.100000000000000387e-03 -7.700000000000000247e-03 6.999999999999999929e-04 2.000000000000000042e-03 2.399999999999999356e-03 -4.259999999999999898e-02 -1.739999999999999880e-02 5.000000000000004441e-04 -1.000000000000000021e-02 1.500000000000000031e-03 2.496400000000000290e-04 2.371600000000000129e-04 3.721000000000000457e-05 5.929000000000000324e-05 4.899999999999999672e-07 3.999999999999999819e-06 5.759999999999996521e-06 1.814759999999999898e-03 3.027599999999999541e-04 2.500000000000004651e-07 1.000000000000000048e-04 2.250000000000000057e-06 1.635772125000000000e+06 1.743705875000000000e+06
1.000000000000000000e+00 -2.800000000000000058e-02 -1.218999999999999945e-01 -1.305000000000000049e-01 6.499999999999999702e-03 6.010000000000000064e-02 -3.350000000000000200e-02 -1.219999999999999904e-02 -1.064999999999999974e-01 -1.244000000000000106e-01 1.420000000000000082e-02 5.940000000000000141e-02 -3.550000000000000377e-02 7.840000000000000831e-04 1.485960999999999879e-02 1.703025000000000025e-02 4.224999999999999698e-05 3.612010000000000134e-03 1.122250000000000201e-03 1.488399999999999641e-04 1.134224999999999990e-02 1.547536000000000224e-02 2.016400000000000278e-04 3.528360000000000350e-03 1.260250000000000302e-03 1.635198625000000000e+06 1.743657250000000000e+06
1.000000000000000000e+00 -2.869999999999999982e-02 -8.849999999999999534e-02 -1.145000000000000046e-01 1.959999999999999937e-02 6.690000000000000113e-02 -3.799999999999999906e-02 -6.999999999999992339e-04 3.339999999999999913e-02 1.600000000000000033e-02 1.310000000000000053e-02 6.800000000000000488e-03 -4.499999999999997058e-03 8.236899999999999691e-04 7.832249999999998935e-03 1.311025000000000038e-02 3.841599999999999811e-04 4.475610000000000525e-03 1.443999999999999971e-03 4.899999999999989084e-07 1.115560000000000032e-03 2.559999999999999884e-04 1.716100000000000188e-04 4.624000000000000451e-05 2.024999999999997383e-05 1.636344625000000000e+06 1.746421750000000000e+06
1.000000000000000000e+00 -2.139999999999999888e-02 -3.429999999999999716e-02 1.600000000000000077e-03 2.610000000000000167e-02 2.510000000000000078e-02 -2.210000000000000159e-02 7.300000000000000933e-03 5.419999999999999818e-02 1.161000000000000087e-01 6.500000000000002304e-03 -4.180000000000000382e-02 1.589999999999999747e-02 4.579599999999999318e-04 1.176489999999999871e-03 2.560000000000000054e-06 6.812100000000001271e-04 6.300100000000000752e-04 4.884100000000001027e-04 5.329000000000001325e-05 2.937639999999999609e-03 1.347921000000000188e-02 4.225000000000003086e-05 1.747240000000000381e-03 2.528099999999999055e-04 1.635883125000000000e+06 1.744761375000000000e+06
1.000000000000000000e+00 -1.400000000000000029e-02 -1.154000000000000026e-01 -3.799999999999999906e-02 -1.799999999999999864e-02 6.169999999999999790e-02 -2.850000000000000103e-02 7.399999999999998593e-03 -8.110000000000000542e-02 -3.959999999999999631e-02 -4.410000000000000031e-02 3.659999999999999365e-02 -6.399999999999999439e-03 1.960000000000000208e-04 1.331715999999999976e-02 1.443999999999999971e-03 3.239999999999999608e-04 3.806889999999999840e-03 8.122500000000000379e-04 5.475999999999997715e-05 6.577210000000000868e-03 1.568159999999999650e-03 1.944809999999999942e-03 1.339559999999999623e-03 4.095999999999999408e-05 1.635307375000000000e+06 1.743012000000000000e+06
1.000000000000000000e+00 -6.499999999999999702e-03 5.000000000000000104e-03 -6.759999999999999343e-02 -2.380000000000000171e-02 3.440000000000000002e-02 -1.600000000000000077e-03 7.500000000000000590e-03 1.204000000000000070e-01 -2.959999999999999437e-02 -5.800000000000003070e-03 -2.729999999999999788e-02 2.690000000000000030e-02 4.224999999999999698e-05 2.500000000000000120e-05 4.569759999999999101e-03 5.664400000000000858e-04 1.183360000000000054e-03 2.560000000000000054e-06 5.625000000000001201e-05 1.449616000000000099e-02 8.761599999999996344e-04 3.364000000000003706e-05 7.452899999999999065e-04 7.236099999999999650e-04 1.636734375000000000e+06 1.743351375000000000e+06
1.000000000000000000e+00 -1.469999999999999953e-02 -5.890000000000000097e-02 1.050000000000000065e-02 -2.860000000000000042e-02 1.980000000000000163e-02 -1.119999999999999989e-02 -8.199999999999998956e-03 -6.389999999999999847e-02 7.809999999999998888e-02 -4.799999999999998712e-03 -1.459999999999999840e-02 -9.599999999999999159e-03 2.160899999999999995e-04 3.469209999999999915e-03 1.102500000000000100e-04 8.179600000000000629e-04 3.920400000000000751e-04 1.254399999999999916e-04 6.723999999999998641e-05 4.083209999999999444e-03 6.099609999999998367e-03 2.303999999999998608e-05 2.131599999999999446e-04 9.215999999999998499e-05 1.636950750000000000e+06 1.743005500000000000e+06
1.000000000000000000e+00 -1.460000000000000013e-02 -8.809999999999999776e-02 -6.289999999999999758e-02 -1.629999999999999852e-02 2.510000000000000078e-02 -1.990000000000000102e-02 9.999999999999939493e-05 -2.919999999999999679e-02 -7.339999999999999303e-02 1.230000000000000190e-02 5.299999999999999156e-03 -8.700000000000001135e-03 2.131599999999999988e-04 7.761609999999999517e-03 3.956409999999999615e-03 2.656899999999999583e-04 6.300100000000000752e-04 3.960100000000000252e-04 9.999999999999879441e-09 8.526399999999997783e-04 5.387559999999998704e-03 1.512900000000000507e-04 2.808999999999999025e-05 7.569000000000001562e-05 1.635713750000000000e+06 1.742465250000000000e+06
1.000000000000000000e+00 -1.409999999999999969e-02 -7.670000000000000429e-02 -9.239999999999999603e-02 -7.199999999999999803e-03 4.649999999999999967e-02 -3.339999999999999913e-02 5.000000000000004441e-04 1.139999999999999347e-02 -2.949999999999999845e-02 9.099999999999998715e-03 2.139999999999999888e-02 -1.349999999999999811e-02 1.988100000000000023e-04 5.882890000000000862e-03 8.537759999999998406e-03 5.183999999999999833e-05 2.162250000000000109e-03 1.115560000000000032e-03 2.500000000000004651e-07 1.299599999999998467e-04 8.702499999999999299e-04 8.280999999999997456e-05 4.579599999999999318e-04 1.822499999999999576e-04 1.636238875000000000e+06 1.744875375000000000e+06
1.000000000000000000e+00 -5.899999999999999863e-03 -1.250000000000000069e-02 -6.410000000000000420e-02 -2.510000000000000078e-02 3.350000000000000200e-02 -1.319999999999999993e-02 8.199999999999998956e-03 6.420000000000000706e-02 2.829999999999999183e-02 -1.789999999999999925e-02 -1.299999999999999767e-02 2.019999999999999921e-02 3.481000000000000045e-05 1.562500000000000304e-04 4.108810000000000934e-03 6.300100000000000752e-04 1.122250000000000201e-03 1.742399999999999852e-04 6.723999999999998641e-05 4.121640000000001067e-03 8.008899999999995233e-04 3.204099999999999765e-04 1.689999999999999337e-04 4.080399999999999761e-04 1.635814875000000000e+06 1.745187625000000000e+06
1.000000000000000000e+00 -5.100000000000000366e-03 -2.700000000000000143e-03 -4.880000000000000310e-02 -2.079999999999999905e-02 5.700000000000000205e-03 -6.999999999999999929e-04 7.999999999999994962e-04 9.799999999999999684e-03 1.530000000000000110e-02 4.300000000000001737e-03 -2.780000000000000179e-02 1.250000000000000069e-02 2.601000000000000339e-05 7.290000000000000507e-06 2.381440000000000293e-03 4.326399999999999777e-04 3.249000000000000233e-05 4.899999999999999672e-07 6.399999999999991664e-07 9.603999999999999527e-05 2.340900000000000305e-04 1.849000000000001440e-05 7.728400000000001154e-04 1.562500000000000304e-04 1.636983875000000000e+06 1.743708500000000000e+06
1.000000000000000000e+00 2.200000000000000133e-03 -1.302999999999999992e-01 -7.810000000000000275e-02 -4.300000000000000003e-03 3.429999999999999716e-02 -8.399999999999999481e-03 7.300000000000000933e-03 -1.275999999999999912e-01 -2.929999999999999966e-02 1.650000000000000078e-02 2.859999999999999695e-02 -7.699999999999999380e-03 4.840000000000000247e-06 1.697809000000000124e-02 6.099610000000000101e-03 1.849000000000000085e-05 1.176489999999999871e-03 7.055999999999998851e-05 5.329000000000001325e-05 1.628175999999999929e-02 8.584899999999999476e-04 2.722500000000000310e-04 8.179599999999998461e-04 5.928999999999998968e-05 1.637510875000000000e+06 1.742120000000000000e+06
1.000000000000000000e+00 4.000000000000000192e-04 -5.059999999999999915e-02 -6.310000000000000331e-02 -1.629999999999999852e-02 6.750000000000000444e-02 -1.009999999999999960e-02 -1.800000000000000168e-03 7.969999999999999307e-02 1.499999999999999944e-02 -1.199999999999999852e-02 3.320000000000000728e-02 -1.700000000000000122e-03 1.600000000000000033e-07 2.560359999999999806e-03 3.981610000000000010e-03 2.656899999999999583e-04 4.556250000000000404e-03 1.020099999999999940e-04 3.240000000000000743e-06 6.352089999999998605e-03 2.249999999999999938e-04 1.439999999999999765e-04 1.102240000000000424e-03 2.890000000000000282e-06 1.635305625000000000e+06 1.743741750000000000e+06
1.000000000000000000e+00 -5.300000000000000024e-03 2.299999999999999961e-02 -2.869999999999999982e-02 -1.629999999999999852e-02 -1.720000000000000001e-02 -1.329999999999999932e-02 -5.700000000000000205e-03 7.359999999999999876e-02 3.440000000000000002e-02 0.000000000000000000e+00 -8.469999999999999751e-02 -3.199999999999999720e-03 2.809000000000000041e-05 5.289999999999999564e-04 8.236899999999999691e-04 2.656899999999999583e-04 2.958400000000000135e-04 1.768899999999999954e-04 3.249000000000000233e-05 5.416960000000000178e-03 1.183360000000000054e-03 0.000000000000000000e+00 7.174089999999999287e-03 1.023999999999999852e-05 1.636376750000000000e+06 1.743616750000000000e+06
1.000000000000000000e+00 -5.700000000000000205e-03 -7.359999999999999876e-02 -4.039999999999999841e-02 -2.129999999999999949e-02 4.399999999999999745e-02 -1.990000000000000102e-02 -4.000000000000001818e-04 -9.659999999999999143e-02 -1.169999999999999860e-02 -5.000000000000000971e-03 6.119999999999999746e-02 -6.600000000000001699e-03 3.249000000000000233e-05 5.416960000000000178e-03 1.632159999999999904e-03 4.536899999999999744e-04 1.935999999999999787e-03 3.960100000000000252e-04 1.600000000000001357e-07 9.331559999999999161e-03 1.368899999999999718e-04 2.500000000000001136e-05 3.745439999999999620e-03 4.356000000000002340e-05 1.636387375000000000e+06 1.743758125000000000e+06
