1.000000000000000000e+00 0.000000000000000000e+00 -0.000000000000000000e+00 -0.000000000000000000e+00 0.000000000000000000e+00 0.000000000000000000e+00 -0.000000000000000000e+00 0.000000000000000000e+00 0.000000000000000000e+00 0.000000000000000000e+00 0.000000000000000000e+00 0.000000000000000000e+00 0.000000000000000000e+00 0.000000000000000000e+00 0.000000000000000000e+00 0.000000000000000000e+00 0.000000000000000000e+00 0.000000000000000000e+00 0.000000000000000000e+00 0.000000000000000000e+00 0.000000000000000000e+00 0.000000000000000000e+00 0.000000000000000000e+00 0.000000000000000000e+00 0.000000000000000000e+00 1.730374875000000000e+06 1.838445750000000000e+06
1.000000000000000000e+00 -6.069999999999999701e-02 1.011999999999999983e-01 1.779999999999999916e-01 -6.700000000000000226e-03 -1.135000000000000037e-01 3.359999999999999792e-02 -6.069999999999999701e-02 1.011999999999999983e-01 1.779999999999999916e-01 -6.700000000000000226e-03 -1.135000000000000037e-01 3.359999999999999792e-02 3.684489999999999467e-03 1.024143999999999922e-02 3.168399999999999689e-02 4.489000000000000558e-05 1.288225000000000134e-02 1.128959999999999816e-03 3.684489999999999467e-03 1.024143999999999922e-02 3.168399999999999689e-02 4.489000000000000558e-05 1.288225000000000134e-02 1.128959999999999816e-03 1.731172375000000000e+06 1.842918125000000000e+06
1.000000000000000000e+00 -9.679999999999999716e-02 4.689999999999999725e-02 -9.239999999999999603e-02 2.249999999999999917e-02 -9.890000000000000180e-02 3.700000000000000164e-03 -3.610000000000000014e-02 -5.430000000000000104e-02 -2.703999999999999737e-01 2.920000000000000026e-02 1.460000000000000187e-02 -2.989999999999999603e-02 9.370240000000000166e-03 2.199609999999999847e-03 8.537759999999998406e-03 5.062499999999999726e-04 9.781210000000000251e-03 1.369000000000000106e-05 1.303209999999999959e-03 2.948490000000000225e-03 7.311615999999998561e-02 8.526399999999999951e-04 2.131600000000000530e-04 8.940099999999997701e-04 1.729917750000000000e+06 1.841194500000000000e+06
1.000000000000000000e+00 -1.277999999999999969e-01 -2.270000000000000143e-02 -3.347999999999999865e-01 1.383000000000000063e-01 9.270000000000000462e-02 1.080000000000000057e-02 -3.099999999999999978e-02 -6.959999999999999520e-02 -2.424000000000000044e-01 1.158000000000000140e-01 1.915999999999999925e-01 7.100000000000000408e-03 1.633283999999999778e-02 5.152900000000000622e-04 1.120910399999999890e-01 1.912689000000000056e-02 8.593290000000001691e-03 1.166400000000000081e-04 9.609999999999999402e-04 4.844159999999999265e-03 5.875775999999999916e-02 1.340964000000000392e-02 3.671055999999999625e-02 5.041000000000000694e-05 1.728206250000000000e+06 1.841348750000000000e+06
1.000000000000000000e+00 -2.330000000000000127e-02 -8.409999999999999420e-02 -2.447999999999999898e-01 2.326999999999999902e-01 1.152999999999999997e-01 -6.169999999999999790e-02 1.044999999999999957e-01 -6.139999999999999625e-02 8.999999999999999667e-02 9.439999999999998392e-02 2.259999999999999509e-02 -7.249999999999999500e-02 5.428900000000000826e-04 7.072809999999998820e-03 5.992703999999999392e-02 5.414928999999999576e-02 1.329408999999999973e-02 3.806889999999999840e-03 1.092024999999999940e-02 3.769959999999999718e-03 8.099999999999999561e-03 8.911359999999996645e-03 5.107599999999997515e-04 5.256249999999999638e-03 1.727377625000000000e+06 1.835039375000000000e+06
1.000000000000000000e+00 -7.300000000000000065e-03 -1.679999999999999896e-02 -1.474000000000000032e-01 2.516999999999999793e-01 5.519999999999999907e-02 -6.729999999999999871e-02 1.600000000000000033e-02 6.729999999999999871e-02 9.739999999999998659e-02 1.899999999999998912e-02 -6.010000000000000064e-02 -5.600000000000000810e-03 5.328999999999999970e-05 2.822399999999999540e-04 2.172676000000000121e-02 6.335288999999999504e-02 3.047039999999999992e-03 4.529290000000000052e-03 2.559999999999999884e-04 4.529290000000000052e-03 9.486759999999996862e-03 3.609999999999996133e-04 3.612010000000000134e-03 3.136000000000001146e-05 1.727217000000000000e+06 1.835581500000000000e+06
1.000000000000000000e+00 1.899999999999999996e-03 -8.980000000000000482e-02 -3.392999999999999905e-01 2.464000000000000079e-01 2.559000000000000163e-01 -1.037000000000000005e-01 9.199999999999999845e-03 -7.300000000000000933e-02 -1.918999999999999873e-01 -5.299999999999971401e-03 2.007000000000000173e-01 -3.640000000000000180e-02 3.610000000000000165e-06 8.064040000000001485e-03 1.151244899999999960e-01 6.071296000000000331e-02 6.548481000000000440e-02 1.075368999999999978e-02 8.464000000000000278e-05 5.329000000000001271e-03 3.682560999999999474e-02 2.808999999999969548e-05 4.028049000000000907e-02 1.324960000000000027e-03 1.726525375000000000e+06 1.834585000000000000e+06
1.000000000000000000e+00 -8.100000000000000255e-02 -1.009000000000000036e-01 -4.492999999999999772e-01 1.132999999999999979e-01 2.379999999999999893e-01 -1.625999999999999945e-01 -8.290000000000000147e-02 -1.109999999999999876e-02 -1.099999999999999867e-01 -1.330999999999999961e-01 -1.790000000000002700e-02 -5.889999999999999403e-02 6.560999999999999992e-03 1.018081000000000021e-02 2.018704899999999858e-01 1.283689000000000011e-02 5.664399999999999297e-02 2.643875999999999865e-02 6.872410000000000671e-03 1.232099999999999808e-04 1.209999999999999791e-02 1.771560999999999969e-02 3.204100000000009523e-04 3.469209999999999482e-03 1.725091750000000000e+06 1.828391750000000000e+06
1.000000000000000000e+00 -1.411000000000000032e-01 -2.769999999999999893e-02 -3.508999999999999897e-01 7.610000000000000098e-02 8.550000000000000655e-02 -2.025000000000000133e-01 -6.010000000000000064e-02 7.320000000000000118e-02 9.839999999999998748e-02 -3.719999999999999696e-02 -1.524999999999999689e-01 -3.990000000000001878e-02 1.990921000000000010e-02 7.672899999999998992e-04 1.231308099999999933e-01 5.791209999999999761e-03 7.310250000000000775e-03 4.100625000000000797e-02 3.612010000000000134e-03 5.358240000000000225e-03 9.682559999999998043e-03 1.383839999999999680e-03 2.325624999999999221e-02 1.592010000000001558e-03 1.723362625000000000e+06 1.831166250000000000e+06
1.000000000000000000e+00 -1.398000000000000076e-01 -1.905000000000000027e-01 -5.749999999999999556e-01 1.453000000000000125e-01 2.772999999999999909e-01 -1.524000000000000077e-01 1.299999999999995604e-03 -1.628000000000000003e-01 -2.240999999999999659e-01 6.920000000000001150e-02 1.917999999999999705e-01 5.010000000000000564e-02 1.954404000000000211e-02 3.629025000000000306e-02 3.306249999999999467e-01 2.111209000000000349e-02 7.689528999999999115e-02 2.322576000000000154e-02 1.689999999999988478e-06 2.650384000000000073e-02 5.022080999999998380e-02 4.788640000000001992e-03 3.678723999999999189e-02 2.510010000000000453e-03 1.724709375000000000e+06 1.830044000000000000e+06
1.000000000000000000e+00 -7.140000000000000513e-02 -9.929999999999999938e-02 -4.215999999999999748e-01 8.440000000000000280e-02 3.168000000000000260e-01 -1.812000000000000000e-01 6.840000000000000246e-02 9.120000000000000329e-02 1.533999999999999808e-01 -6.090000000000000968e-02 3.950000000000003508e-02 -2.879999999999999227e-02 5.097960000000000338e-03 9.860489999999999533e-03 1.777465599999999701e-01 7.123360000000000455e-03 1.003622400000000192e-01 3.283343999999999846e-02 4.678560000000000010e-03 8.317440000000000597e-03 2.353155999999999304e-02 3.708810000000001186e-03 1.560250000000002824e-03 8.294399999999995396e-04 1.723220625000000000e+06 1.830117500000000000e+06
1.000000000000000000e+00 -9.610000000000000486e-02 5.000000000000000104e-04 -2.860000000000000042e-02 5.899999999999999689e-02 1.638000000000000012e-01 -1.655000000000000082e-01 -2.469999999999999973e-02 9.979999999999999982e-02 3.929999999999999605e-01 -2.540000000000000591e-02 -1.530000000000000249e-01 1.569999999999999174e-02 9.235210000000000641e-03 2.499999999999999887e-07 8.179600000000000629e-04 3.480999999999999719e-03 2.683044000000000054e-02 2.739025000000000140e-02 6.100899999999999813e-04 9.960039999999999866e-03 1.544489999999999752e-01 6.451600000000003079e-04 2.340900000000000619e-02 2.464899999999997627e-04 1.723118875000000000e+06 1.832081875000000000e+06
1.000000000000000000e+00 -1.063000000000000056e-01 -1.205999999999999989e-01 -4.028999999999999804e-01 1.819000000000000061e-01 2.096000000000000085e-01 -1.988000000000000045e-01 -1.020000000000000073e-02 -1.210999999999999993e-01 -3.742999999999999661e-01 1.229000000000000092e-01 4.580000000000000737e-02 -3.329999999999999627e-02 1.129969000000000112e-02 1.454435999999999923e-02 1.623284099999999786e-01 3.308761000000000341e-02 4.393216000000000482e-02 3.952144000000000490e-02 1.040400000000000135e-04 1.466520999999999970e-02 1.401004899999999664e-01 1.510441000000000214e-02 2.097640000000000875e-03 1.108889999999999746e-03 1.722206000000000000e+06 1.827703625000000000e+06
1.000000000000000000e+00 -1.025999999999999968e-01 -1.121999999999999942e-01 -6.615999999999999659e-01 1.446999999999999953e-01 3.306999999999999940e-01 -2.071000000000000063e-01 3.700000000000008837e-03 8.400000000000004685e-03 -2.586999999999999855e-01 -3.720000000000001084e-02 1.210999999999999854e-01 -8.300000000000001821e-03 1.052675999999999959e-02 1.258883999999999871e-02 4.377145599999999748e-01 2.093808999999999948e-02 1.093624899999999928e-01 4.289041000000000381e-02 1.369000000000006544e-05 7.056000000000008337e-05 6.692568999999999602e-02 1.383840000000000764e-03 1.466520999999999623e-02 6.889000000000002652e-05 1.722668375000000000e+06 1.828292750000000000e+06
1.000000000000000000e+00 -1.593999999999999861e-01 -1.643000000000000016e-01 -6.425999999999999490e-01 1.391999999999999904e-01 1.998000000000000054e-01 -2.516999999999999793e-01 -5.679999999999998939e-02 -5.210000000000000742e-02 1.900000000000001688e-02 -5.500000000000004885e-03 -1.308999999999999886e-01 -4.459999999999997300e-02 2.540835999999999442e-02 2.699448999999999946e-02 4.129347599999999563e-01 1.937663999999999706e-02 3.992004000000000385e-02 6.335288999999999504e-02 3.226239999999998709e-03 2.714410000000000867e-03 3.610000000000006433e-04 3.025000000000005427e-05 1.713480999999999685e-02 1.989159999999997631e-03 1.721977000000000000e+06 1.826647125000000000e+06
1.000000000000000000e+00 -7.820000000000000562e-02 -2.240999999999999936e-01 -6.523999999999999799e-01 1.618999999999999884e-01 1.971999999999999864e-01 -1.527999999999999914e-01 8.119999999999998053e-02 -5.979999999999999205e-02 -9.800000000000030909e-03 2.269999999999999796e-02 -2.600000000000018963e-03 9.889999999999998792e-02 6.115240000000000953e-03 5.022080999999999767e-02 4.256257599999999641e-01 2.621160999999999630e-02 3.888783999999999297e-02 2.334783999999999818e-02 6.593439999999996422e-03 3.576039999999999081e-03 9.604000000000060514e-05 5.152899999999999538e-04 6.760000000000098755e-06 9.781209999999996782e-03 1.725144750000000000e+06 1.828108500000000000e+06
1.000000000000000000e+00 -2.719999999999999848e-02 -7.870000000000000606e-02 -2.927000000000000157e-01 1.203999999999999931e-01 3.252999999999999781e-01 -1.272999999999999965e-01 5.100000000000000366e-02 1.453999999999999737e-01 3.596999999999999642e-01 -4.149999999999999523e-02 1.280999999999999917e-01 2.549999999999999489e-02 7.398399999999999638e-04 6.193690000000000827e-03 8.567329000000001304e-02 1.449615999999999752e-02 1.058200899999999917e-01 1.620529000000000067e-02 2.601000000000000447e-03 2.114115999999999218e-02 1.293840899999999794e-01 1.722249999999999606e-03 1.640960999999999809e-02 6.502499999999997865e-04 1.722569625000000000e+06 1.828094500000000000e+06
1.000000000000000000e+00 -1.097999999999999948e-01 -2.419999999999999929e-02 -1.219999999999999973e-01 1.242999999999999938e-01 1.713000000000000078e-01 -1.096000000000000030e-01 -8.259999999999999287e-02 5.450000000000000677e-02 1.707000000000000184e-01 3.900000000000000688e-03 -1.539999999999999702e-01 1.769999999999999352e-02 1.205603999999999877e-02 5.856400000000000104e-04 1.488399999999999966e-02 1.545048999999999902e-02 2.934369000000000213e-02 1.201216000000000089e-02 6.822759999999998895e-03 2.970250000000000667e-03 2.913849000000000647e-02 1.521000000000000515e-05 2.371599999999999056e-02 3.132899999999997601e-04 1.724687375000000000e+06 1.828304250000000000e+06
1.000000000000000000e+00 7.799999999999999642e-03 -1.434999999999999887e-01 -4.879000000000000004e-01 2.462999999999999912e-01 1.648000000000000020e-01 -1.516000000000000125e-01 1.175999999999999962e-01 -1.192999999999999894e-01 -3.659000000000000030e-01 1.219999999999999973e-01 -6.500000000000005773e-03 -4.200000000000000955e-02 6.083999999999999348e-05 2.059224999999999597e-02 2.380464100000000138e-01 6.066368999999999234e-02 2.715904000000000235e-02 2.298256000000000257e-02 1.382975999999999997e-02 1.423248999999999695e-02 1.338828099999999910e-01 1.488399999999999966e-02 4.225000000000007829e-05 1.764000000000000810e-03 1.721580750000000000e+06 1.825829375000000000e+06
1.000000000000000000e+00 2.270000000000000143e-02 -4.309999999999999942e-02 -3.472000000000000086e-01 2.872000000000000108e-01 1.598999999999999866e-01 -7.099999999999999367e-02 1.490000000000000178e-02 1.003999999999999893e-01 1.406999999999999917e-01 4.090000000000001967e-02 -4.900000000000015454e-03 8.060000000000001885e-02 5.152900000000000622e-04 1.857609999999999990e-03 1.205478400000000033e-01 8.248384000000000271e-02 2.556800999999999519e-02 5.040999999999999474e-03 2.220100000000000513e-04 1.008015999999999773e-02 1.979648999999999645e-02 1.672810000000001570e-03 2.401000000000015128e-05 6.496360000000003104e-03 1.722705000000000000e+06 1.825622250000000000e+06
1.000000000000000000e+00 4.089999999999999886e-02 -1.839999999999999969e-02 -1.151999999999999968e-01 2.404000000000000026e-01 1.652000000000000135e-01 -1.032000000000000001e-01 1.819999999999999743e-02 2.469999999999999973e-02 2.320000000000000118e-01 -4.680000000000000826e-02 5.300000000000026912e-03 -3.220000000000000639e-02 1.672809999999999835e-03 3.385600000000000111e-04 1.327103999999999957e-02 5.779216000000000214e-02 2.729104000000000599e-02 1.065024000000000005e-02 3.312399999999998982e-04 6.100899999999999813e-04 5.382400000000000378e-02 2.190240000000000849e-03 2.809000000000028502e-05 1.036840000000000461e-03 1.724353750000000000e+06 1.830194125000000000e+06
1.000000000000000000e+00 -3.549999999999999684e-02 -1.118999999999999995e-01 -3.986000000000000099e-01 2.331000000000000016e-01 1.892000000000000071e-01 -1.063999999999999946e-01 -7.639999999999999569e-02 -9.349999999999999978e-02 -2.833999999999999853e-01 -7.300000000000000933e-03 2.399999999999999356e-02 -3.199999999999994515e-03 1.260249999999999869e-03 1.252161000000000073e-02 1.588819600000000165e-01 5.433560999999999946e-02 3.579664000000000457e-02 1.132095999999999970e-02 5.836959999999999545e-03 8.742250000000000021e-03 8.031555999999999418e-02 5.329000000000001325e-05 5.759999999999996893e-04 1.023999999999996464e-05 1.721772000000000000e+06 1.825209250000000000e+06
1.000000000000000000e+00 -6.310000000000000331e-02 -9.489999999999999825e-02 -4.454000000000000181e-01 1.378999999999999948e-01 2.645000000000000129e-01 -9.339999999999999691e-02 -2.760000000000000647e-02 1.700000000000000122e-02 -4.680000000000000826e-02 -9.520000000000000684e-02 7.530000000000000582e-02 1.299999999999999767e-02 3.981610000000000010e-03 9.006010000000000057e-03 1.983811600000000286e-01 1.901640999999999748e-02 6.996025000000000160e-02 8.723559999999999995e-03 7.617600000000003231e-04 2.890000000000000316e-04 2.190240000000000849e-03 9.063040000000001373e-03 5.670090000000000893e-03 1.689999999999999337e-04 1.724475125000000000e+06 1.829588375000000000e+06
1.000000000000000000e+00 -9.710000000000000575e-02 -2.700000000000000143e-03 -1.968000000000000027e-01 1.535999999999999865e-01 2.351999999999999924e-01 -8.419999999999999707e-02 -3.400000000000000244e-02 9.220000000000000417e-02 2.486000000000000154e-01 1.569999999999999174e-02 -2.930000000000002047e-02 9.199999999999999845e-03 9.428410000000001651e-03 7.290000000000000507e-06 3.873023999999999911e-02 2.359295999999999616e-02 5.531903999999999988e-02 7.089639999999999484e-03 1.156000000000000126e-03 8.500840000000000826e-03 6.180196000000000994e-02 2.464899999999997627e-04 8.584900000000012486e-04 8.464000000000000278e-05 1.722376625000000000e+06 1.829185875000000000e+06
1.000000000000000000e+00 -8.350000000000000477e-02 -2.900000000000000147e-02 -2.973999999999999977e-01 1.547000000000000042e-01 2.701000000000000068e-01 -9.859999999999999321e-02 1.360000000000000098e-02 -2.630000000000000046e-02 -1.005999999999999950e-01 1.100000000000017630e-03 3.490000000000001434e-02 -1.439999999999999614e-02 6.972250000000001016e-03 8.410000000000000591e-04 8.844675999999999927e-02 2.393208999999999961e-02 7.295400999999999969e-02 9.721959999999998242e-03 1.849600000000000181e-04 6.916900000000000132e-04 1.012035999999999838e-02 1.210000000000038813e-06 1.218010000000000924e-03 2.073599999999998849e-04 1.723988750000000000e+06 1.831407250000000000e+06
1.000000000000000000e+00 -1.500000000000000031e-03 -1.675999999999999990e-01 -4.515000000000000124e-01 1.579000000000000126e-01 3.039999999999999925e-01 -9.879999999999999893e-02 8.200000000000000344e-02 -1.386000000000000010e-01 -1.541000000000000147e-01 3.200000000000008393e-03 3.389999999999998570e-02 -2.000000000000057288e-04 2.250000000000000057e-06 2.808975999999999834e-02 2.038522500000000126e-01 2.493241000000000554e-02 9.241599999999999815e-02 9.761439999999999700e-03 6.724000000000000810e-03 1.920996000000000162e-02 2.374681000000000361e-02 1.024000000000005442e-05 1.149209999999999034e-03 4.000000000000229047e-08 1.721069375000000000e+06 1.824040250000000000e+06
1.000000000000000000e+00 -7.799999999999999642e-03 -1.892000000000000071e-01 -4.244999999999999885e-01 2.288999999999999924e-01 2.987000000000000210e-01 -8.190000000000000058e-02 -6.300000000000000044e-03 -2.160000000000000808e-02 2.700000000000002398e-02 7.099999999999997979e-02 -5.299999999999971401e-03 1.689999999999999836e-02 6.083999999999999348e-05 3.579664000000000457e-02 1.802002499999999785e-01 5.239520999999999762e-02 8.922169000000000627e-02 6.707610000000000135e-03 3.969000000000000116e-05 4.665600000000003577e-04 7.290000000000013483e-04 5.040999999999996872e-03 2.808999999999969548e-05 2.856099999999999438e-04 1.723845500000000000e+06 1.828897250000000000e+06
1.000000000000000000e+00 3.790000000000000313e-02 -8.019999999999999352e-02 -4.081000000000000183e-01 2.220999999999999919e-01 1.864999999999999991e-01 -1.612000000000000099e-01 4.570000000000000451e-02 1.090000000000000135e-01 1.639999999999997016e-02 -6.800000000000000488e-03 -1.122000000000000219e-01 -7.930000000000000937e-02 1.436410000000000161e-03 6.432039999999999112e-03 1.665456100000000106e-01 4.932840999999999615e-02 3.478225000000000067e-02 2.598544000000000201e-02 2.088490000000000572e-03 1.188100000000000267e-02 2.689599999999990241e-04 4.624000000000000451e-05 1.258884000000000565e-02 6.288490000000001613e-03 1.720115000000000000e+06 1.818155375000000000e+06
1.000000000000000000e+00 6.829999999999999960e-02 -9.039999999999999425e-02 -2.667999999999999816e-01 3.472000000000000086e-01 4.490000000000000241e-02 -2.319999999999999840e-02 3.039999999999999647e-02 -1.020000000000000073e-02 1.413000000000000367e-01 1.251000000000000167e-01 -1.416000000000000036e-01 1.380000000000000115e-01 4.664889999999999662e-03 8.172159999999999494e-03 7.118223999999999385e-02 1.205478400000000033e-01 2.016010000000000371e-03 5.382399999999999424e-04 9.241599999999998254e-04 1.040400000000000135e-04 1.996569000000001162e-02 1.565001000000000586e-02 2.005056000000000199e-02 1.904400000000000190e-02 1.724210625000000000e+06 1.824650250000000000e+06
1.000000000000000000e+00 1.000000000000000021e-03 -3.209999999999999659e-02 -1.991999999999999882e-01 2.560000000000000053e-01 2.626000000000000001e-01 1.179999999999999973e-02 -6.729999999999999871e-02 5.829999999999999766e-02 6.759999999999999343e-02 -9.120000000000000329e-02 2.177000000000000046e-01 3.499999999999999639e-02 9.999999999999999547e-07 1.030409999999999833e-03 3.968063999999999619e-02 6.553599999999999703e-02 6.895875999999999395e-02 1.392400000000000018e-04 4.529290000000000052e-03 3.398889999999999897e-03 4.569759999999999101e-03 8.317440000000000597e-03 4.739329000000000458e-02 1.224999999999999744e-03 1.724829750000000000e+06 1.829773125000000000e+06
1.000000000000000000e+00 -1.342000000000000137e-01 -1.500000000000000031e-03 -1.282000000000000084e-01 2.419999999999999929e-02 3.341000000000000081e-01 -1.164000000000000035e-01 -1.352000000000000146e-01 3.059999999999999526e-02 7.099999999999997979e-02 -2.318000000000000060e-01 7.150000000000000799e-02 -1.282000000000000084e-01 1.800964000000000384e-02 2.250000000000000057e-06 1.643524000000000374e-02 5.856400000000000104e-04 1.116228100000000029e-01 1.354896000000000052e-02 1.827904000000000334e-02 9.363599999999996882e-04 5.040999999999996872e-03 5.373123999999999956e-02 5.112250000000001342e-03 1.643524000000000374e-02 1.720616750000000000e+06 1.824540000000000000e+06
1.000000000000000000e+00 -3.230000000000000232e-02 -1.204999999999999960e-01 -3.382000000000000006e-01 1.093999999999999972e-01 2.053000000000000103e-01 -1.164000000000000035e-01 1.019000000000000183e-01 -1.189999999999999947e-01 -2.099999999999999922e-01 8.519999999999999796e-02 -1.287999999999999978e-01 0.000000000000000000e+00 1.043290000000000103e-03 1.452024999999999844e-02 1.143792400000000070e-01 1.196835999999999907e-02 4.214809000000000611e-02 1.354896000000000052e-02 1.038361000000000318e-02 1.416099999999999824e-02 4.409999999999999337e-02 7.259039999999999590e-03 1.658944000000000044e-02 0.000000000000000000e+00 1.719038000000000000e+06 1.822585375000000000e+06
1.000000000000000000e+00 6.990000000000000380e-02 -1.333000000000000018e-01 -5.796999999999999931e-01 3.230999999999999983e-01 2.280000000000000082e-01 -6.640000000000000069e-02 1.022000000000000131e-01 -1.280000000000000582e-02 -2.414999999999999925e-01 2.137000000000000011e-01 2.269999999999999796e-02 5.000000000000000278e-02 4.886010000000000526e-03 1.776888999999999899e-02 3.360520899999999700e-01 1.043936099999999978e-01 5.198400000000000243e-02 4.408959999999999962e-03 1.044484000000000211e-02 1.638400000000001390e-04 5.832224999999999909e-02 4.566769000000000384e-02 5.152899999999999538e-04 2.500000000000000486e-03 1.723134000000000000e+06 1.825263625000000000e+06
1.000000000000000000e+00 -6.439999999999999891e-02 -5.920000000000000262e-02 -3.413999999999999813e-01 1.877000000000000057e-01 2.554000000000000159e-01 -9.769999999999999518e-02 -1.343000000000000027e-01 7.409999999999999920e-02 2.383000000000000118e-01 -1.353999999999999926e-01 2.740000000000000768e-02 -3.129999999999999449e-02 4.147360000000000109e-03 3.504640000000000272e-03 1.165539599999999842e-01 3.523129000000000538e-02 6.522916000000000825e-02 9.545289999999999678e-03 1.803649000000000224e-02 5.490809999999999615e-03 5.678689000000000653e-02 1.833315999999999765e-02 7.507600000000003810e-04 9.796899999999996410e-04 1.721787125000000000e+06 1.823823625000000000e+06
1.000000000000000000e+00 -1.759999999999999898e-01 -8.799999999999999489e-02 -2.091000000000000081e-01 4.050000000000000128e-02 2.902000000000000135e-01 -1.121000000000000052e-01 -1.115999999999999909e-01 -2.879999999999999227e-02 1.322999999999999732e-01 -1.471999999999999975e-01 3.479999999999999760e-02 -1.440000000000001001e-02 3.097599999999999659e-02 7.743999999999999148e-03 4.372281000000000084e-02 1.640249999999999998e-03 8.421604000000000589e-02 1.256641000000000181e-02 1.245455999999999820e-02 8.294399999999995396e-04 1.750328999999999427e-02 2.166784000000000071e-02 1.211039999999999816e-03 2.073600000000002915e-04 1.724098625000000000e+06 1.831376250000000000e+06
1.000000000000000000e+00 -2.960000000000000131e-02 -1.562000000000000055e-01 -5.553000000000000158e-01 2.217000000000000082e-01 4.121000000000000218e-01 -1.010000000000000064e-01 1.463999999999999746e-01 -6.820000000000001061e-02 -3.462000000000000077e-01 1.812000000000000000e-01 1.219000000000000083e-01 1.109999999999999876e-02 8.761600000000000681e-04 2.439844000000000040e-02 3.083580900000000291e-01 4.915089000000000263e-02 1.698264100000000110e-01 1.020100000000000173e-02 2.143295999999999396e-02 4.651240000000001797e-03 1.198544400000000065e-01 3.283343999999999846e-02 1.485961000000000226e-02 1.232099999999999808e-04 1.723032125000000000e+06 1.826228000000000000e+06
1.000000000000000000e+00 -5.899999999999999689e-02 -3.969999999999999918e-02 -3.043000000000000149e-01 1.967000000000000137e-01 3.109000000000000097e-01 -1.100000000000000006e-01 -2.939999999999999558e-02 1.165000000000000063e-01 2.510000000000000009e-01 -2.499999999999999445e-02 -1.012000000000000122e-01 -8.999999999999994116e-03 3.480999999999999719e-03 1.576090000000000043e-03 9.259849000000000552e-02 3.869089000000000556e-02 9.665881000000001166e-02 1.209999999999999964e-02 8.643599999999997813e-04 1.357225000000000098e-02 6.300100000000000144e-02 6.249999999999996877e-04 1.024144000000000269e-02 8.099999999999989533e-05 1.724756375000000000e+06 1.828995375000000000e+06
1.000000000000000000e+00 -6.040000000000000230e-02 -2.110000000000000070e-02 -1.241000000000000020e-01 2.058000000000000107e-01 1.875999999999999890e-01 -1.213999999999999940e-01 -1.400000000000005407e-03 1.859999999999999848e-02 1.802000000000000268e-01 9.099999999999996980e-03 -1.233000000000000207e-01 -1.139999999999999347e-02 3.648160000000000118e-03 4.452100000000000285e-04 1.540081000000000089e-02 4.235364000000000489e-02 3.519375999999999755e-02 1.473795999999999787e-02 1.960000000000015116e-06 3.459599999999999199e-04 3.247204000000000756e-02 8.280999999999994745e-05 1.520289000000000536e-02 1.299599999999998467e-04 1.725644500000000000e+06 1.829966000000000000e+06
1.000000000000000000e+00 -6.859999999999999432e-02 -9.550000000000000155e-02 -3.663000000000000145e-01 1.889000000000000123e-01 1.895000000000000018e-01 -1.139000000000000012e-01 -8.199999999999992017e-03 -7.439999999999999392e-02 -2.422000000000000264e-01 -1.689999999999999836e-02 1.900000000000012790e-03 7.499999999999992784e-03 4.705959999999999484e-03 9.120249999999999885e-03 1.341756900000000141e-01 3.568321000000000687e-02 3.591024999999999773e-02 1.297321000000000064e-02 6.723999999999986444e-05 5.535359999999998719e-03 5.866084000000001270e-02 2.856099999999999438e-04 3.610000000000048446e-06 5.624999999999989004e-05 1.723286000000000000e+06 1.826905625000000000e+06
1.000000000000000000e+00 -1.619999999999999912e-02 -1.228000000000000064e-01 -4.279000000000000026e-01 2.217000000000000082e-01 1.260000000000000009e-01 -1.464000000000000024e-01 5.239999999999999519e-02 -2.730000000000000482e-02 -6.159999999999998810e-02 3.279999999999999583e-02 -6.350000000000000089e-02 -3.250000000000000111e-02 2.624399999999999606e-04 1.507984000000000234e-02 1.830984099999999892e-01 4.915089000000000263e-02 1.587600000000000122e-02 2.143296000000000090e-02 2.745759999999999434e-03 7.452900000000002318e-04 3.794559999999998472e-03 1.075839999999999783e-03 4.032250000000000244e-03 1.056250000000000114e-03 1.726868500000000000e+06 1.830030750000000000e+06
1.000000000000000000e+00 -6.019999999999999657e-02 -4.179999999999999688e-02 -2.247000000000000108e-01 2.374999999999999889e-01 1.343000000000000027e-01 -2.500000000000000000e-01 -4.399999999999999745e-02 8.100000000000001643e-02 2.031999999999999917e-01 1.579999999999998073e-02 8.300000000000001821e-03 -1.035999999999999976e-01 3.624039999999999380e-03 1.747239999999999731e-03 5.049009000000000830e-02 5.640624999999999806e-02 1.803649000000000224e-02 6.250000000000000000e-02 1.935999999999999787e-03 6.561000000000002594e-03 4.129023999999999889e-02 2.496399999999993785e-04 6.889000000000002652e-05 1.073295999999999972e-02 1.720343250000000000e+06 1.822975000000000000e+06
1.000000000000000000e+00 -5.000000000000000278e-02 -6.790000000000000202e-02 -2.980999999999999761e-01 2.622999999999999776e-01 1.882999999999999952e-01 -2.929999999999999827e-01 1.019999999999999379e-02 -2.610000000000000514e-02 -7.339999999999996527e-02 2.479999999999998872e-02 5.399999999999999245e-02 -4.299999999999998268e-02 2.500000000000000486e-03 4.610410000000000549e-03 8.886360999999998178e-02 6.880128999999998718e-02 3.545688999999999785e-02 8.584899999999999476e-02 1.040399999999998780e-04 6.812100000000002355e-04 5.387559999999995235e-03 6.150399999999994240e-04 2.915999999999999322e-03 1.848999999999998431e-03 1.723307750000000000e+06 1.825454750000000000e+06
1.000000000000000000e+00 -7.480000000000000537e-02 -1.179000000000000048e-01 -4.220999999999999752e-01 2.026999999999999913e-01 2.398000000000000131e-01 -2.086000000000000076e-01 -2.480000000000000260e-02 -5.000000000000000278e-02 -1.239999999999999991e-01 -5.959999999999998632e-02 5.150000000000001799e-02 8.439999999999997504e-02 5.595040000000000777e-03 1.390041000000000193e-02 1.781684099999999715e-01 4.108728999999999854e-02 5.750404000000000626e-02 4.351396000000000430e-02 6.150400000000001829e-04 2.500000000000000486e-03 1.537599999999999904e-02 3.552159999999998218e-03 2.652250000000001828e-03 7.123359999999996119e-03 1.726045125000000000e+06 1.829847625000000000e+06
1.000000000000000000e+00 7.929999999999999549e-02 4.560000000000000164e-02 -3.729999999999999982e-01 4.264000000000000012e-01 3.803000000000000269e-01 -9.959999999999999409e-02 1.541000000000000147e-01 1.635000000000000064e-01 4.909999999999997700e-02 2.237000000000000099e-01 1.405000000000000138e-01 1.090000000000000135e-01 6.288489999999999011e-03 2.079360000000000149e-03 1.391290000000000027e-01 1.818169599999999997e-01 1.446280900000000147e-01 9.920159999999999048e-03 2.374681000000000361e-02 2.673225000000000254e-02 2.410809999999997608e-03 5.004169000000000672e-02 1.974025000000000432e-02 1.188100000000000267e-02 1.722777500000000000e+06 1.825851125000000000e+06
1.000000000000000000e+00 -2.000000000000000042e-03 -1.028000000000000025e-01 -5.269000000000000350e-01 3.246999999999999886e-01 4.446999999999999842e-01 -9.669999999999999429e-02 -8.129999999999999727e-02 -1.484000000000000041e-01 -1.539000000000000368e-01 -1.017000000000000126e-01 6.439999999999995728e-02 2.899999999999999800e-03 3.999999999999999819e-06 1.056784000000000022e-02 2.776236100000000206e-01 1.054300899999999902e-01 1.977580899999999975e-01 9.350889999999998856e-03 6.609689999999999663e-03 2.202256000000000005e-02 2.368521000000001209e-02 1.034289000000000215e-02 4.147359999999994905e-03 8.409999999999999101e-06 1.729755875000000000e+06 1.844767250000000000e+06
1.000000000000000000e+00 -1.388999999999999957e-01 -2.579000000000000181e-01 -4.560000000000000164e-01 -1.060000000000000005e-02 4.339999999999999969e-01 -9.610000000000000486e-02 -1.368999999999999939e-01 -1.551000000000000156e-01 7.090000000000001856e-02 -3.352999999999999869e-01 -1.069999999999998730e-02 5.999999999999894307e-04 1.929320999999999814e-02 6.651241000000000791e-02 2.079360000000000097e-01 1.123600000000000016e-04 1.883559999999999957e-01 9.235210000000000641e-03 1.874160999999999883e-02 2.405601000000000614e-02 5.026810000000002214e-03 1.124260899999999924e-01 1.144899999999997255e-04 3.599999999999873417e-07 1.728443875000000000e+06 1.835628375000000000e+06
1.000000000000000000e+00 -5.109999999999999959e-02 -7.570000000000000340e-02 -9.229999999999999316e-02 3.479999999999999760e-02 3.536000000000000254e-01 -2.920000000000000026e-02 8.779999999999998916e-02 1.822000000000000286e-01 3.637000000000000233e-01 4.539999999999999591e-02 -8.039999999999997149e-02 6.690000000000000113e-02 2.611210000000000094e-03 5.730490000000000410e-03 8.519289999999998808e-03 1.211039999999999816e-03 1.250329600000000263e-01 8.526399999999999951e-04 7.708839999999998055e-03 3.319684000000001217e-02 1.322776900000000033e-01 2.061159999999999815e-03 6.464159999999995708e-03 4.475610000000000525e-03 1.721919125000000000e+06 1.821038500000000000e+06
1.000000000000000000e+00 -5.399999999999999939e-02 -2.189999999999999933e-02 -1.593999999999999861e-01 1.393000000000000071e-01 2.112999999999999878e-01 -5.480000000000000149e-02 -2.899999999999999800e-03 5.380000000000000060e-02 -6.709999999999999298e-02 1.045000000000000095e-01 -1.423000000000000376e-01 -2.560000000000000123e-02 2.915999999999999755e-03 4.796099999999999973e-04 2.540835999999999442e-02 1.940449000000000340e-02 4.464768999999999682e-02 3.003040000000000223e-03 8.409999999999999101e-06 2.894439999999999860e-03 4.502409999999999225e-03 1.092025000000000114e-02 2.024929000000001006e-02 6.553600000000000137e-04 1.720919000000000000e+06 1.820860250000000000e+06
1.000000000000000000e+00 -9.810000000000000664e-02 -1.499999999999999944e-01 -5.954000000000000403e-01 1.859999999999999987e-01 2.134999999999999953e-01 -2.051000000000000045e-01 -4.410000000000000725e-02 -1.280999999999999917e-01 -4.360000000000000542e-01 4.669999999999999152e-02 2.200000000000007505e-03 -1.502999999999999892e-01 9.623610000000001191e-03 2.249999999999999917e-02 3.545011600000000374e-01 3.459600000000000175e-02 4.558224999999999777e-02 4.206601000000000090e-02 1.944810000000000592e-03 1.640960999999999809e-02 1.900960000000000427e-01 2.180889999999999131e-03 4.840000000000033281e-06 2.259008999999999670e-02 1.723292000000000000e+06 1.822015750000000000e+06
1.000000000000000000e+00 -1.386000000000000010e-01 -9.629999999999999671e-02 -5.792000000000000481e-01 6.800000000000000488e-02 2.086999999999999966e-01 -2.051000000000000045e-01 -4.049999999999999434e-02 5.369999999999999774e-02 1.619999999999999218e-02 -1.179999999999999938e-01 -4.799999999999998712e-03 0.000000000000000000e+00 1.920996000000000162e-02 9.273689999999999364e-03 3.354726400000000441e-01 4.624000000000000506e-03 4.355569000000000107e-02 4.206601000000000090e-02 1.640249999999999564e-03 2.883689999999999951e-03 2.624399999999997438e-04 1.392399999999999888e-02 2.303999999999998608e-05 0.000000000000000000e+00 1.726093250000000000e+06 1.826421750000000000e+06
1.000000000000000000e+00 -1.039000000000000062e-01 -3.930000000000000160e-02 -1.378999999999999948e-01 1.103999999999999981e-01 1.859000000000000097e-01 -8.619999999999999885e-02 3.469999999999999474e-02 5.699999999999999512e-02 4.413000000000000256e-01 4.239999999999999325e-02 -2.279999999999998694e-02 1.189000000000000057e-01 1.079521000000000126e-02 1.544490000000000142e-03 1.901640999999999748e-02 1.218815999999999997e-02 3.455881000000000230e-02 7.430439999999999962e-03 1.204089999999999674e-03 3.248999999999999284e-03 1.947456900000000268e-01 1.797759999999999376e-03 5.198399999999993868e-04 1.413721000000000075e-02 1.724972000000000000e+06 1.833203375000000000e+06
1.000000000000000000e+00 -1.111000000000000043e-01 -2.790000000000000119e-02 -8.450000000000000566e-02 1.655999999999999972e-01 1.902000000000000079e-01 -9.239999999999999603e-02 -7.199999999999998068e-03 1.140000000000000041e-02 5.339999999999998914e-02 5.519999999999999907e-02 4.299999999999998268e-03 -6.199999999999997180e-03 1.234321000000000029e-02 7.784100000000001044e-04 7.140250000000000763e-03 2.742336000000000079e-02 3.617603999999999959e-02 8.537759999999998406e-03 5.183999999999997123e-05 1.299600000000000093e-04 2.851559999999998644e-03 3.047039999999999992e-03 1.848999999999998391e-05 3.843999999999996400e-05 1.727022125000000000e+06 1.834719625000000000e+06
1.000000000000000000e+00 4.499999999999999660e-03 -1.338000000000000023e-01 -4.274999999999999911e-01 2.157000000000000028e-01 1.439999999999999891e-01 -8.920000000000000151e-02 1.156000000000000083e-01 -1.058999999999999941e-01 -3.429999999999999716e-01 5.010000000000000564e-02 -4.620000000000001883e-02 3.199999999999994515e-03 2.024999999999999755e-05 1.790244000000000210e-02 1.827562499999999812e-01 4.652649000000000368e-02 2.073599999999999749e-02 7.956640000000000934e-03 1.336336000000000121e-02 1.121480999999999867e-02 1.176489999999999758e-01 2.510010000000000453e-03 2.134440000000001770e-03 1.023999999999996464e-05 1.723951625000000000e+06 1.829094625000000000e+06
1.000000000000000000e+00 -2.330000000000000127e-02 -9.660000000000000531e-02 -4.572999999999999843e-01 2.214000000000000135e-01 1.537999999999999923e-01 -1.645999999999999963e-01 -2.780000000000000179e-02 3.719999999999999696e-02 -2.979999999999999316e-02 5.700000000000010614e-03 9.800000000000003153e-03 -7.539999999999999480e-02 5.428900000000000826e-04 9.331560000000000896e-03 2.091232899999999895e-01 4.901796000000000625e-02 2.365443999999999880e-02 2.709315999999999808e-02 7.728400000000001154e-04 1.383839999999999680e-03 8.880399999999995546e-04 3.249000000000012430e-05 9.604000000000006304e-05 5.685159999999998999e-03 1.726233625000000000e+06 1.833517500000000000e+06
1.000000000000000000e+00 2.390000000000000110e-02 -3.690000000000000224e-02 -2.359999999999999876e-01 2.949999999999999845e-01 2.038999999999999979e-01 -6.619999999999999496e-02 4.720000000000000584e-02 5.970000000000000306e-02 2.212999999999999967e-01 7.359999999999997100e-02 5.010000000000000564e-02 9.840000000000000135e-02 5.712100000000000554e-04 1.361610000000000077e-03 5.569599999999999551e-02 8.702499999999999125e-02 4.157521000000000133e-02 4.382439999999999600e-03 2.227840000000000462e-03 3.564090000000000227e-03 4.897369000000000028e-02 5.416959999999995841e-03 2.510010000000000453e-03 9.682559999999999778e-03 1.728188750000000000e+06 1.831904000000000000e+06
1.000000000000000000e+00 -1.949999999999999997e-02 -1.140000000000000041e-02 -2.393000000000000127e-01 2.516999999999999793e-01 1.552000000000000046e-01 -5.480000000000000149e-02 -4.340000000000000108e-02 2.550000000000000183e-02 -3.300000000000025135e-03 -4.330000000000000515e-02 -4.869999999999999329e-02 1.139999999999999347e-02 3.802499999999999999e-04 1.299600000000000093e-04 5.726449000000000816e-02 6.335288999999999504e-02 2.408704000000000053e-02 3.003040000000000223e-03 1.883560000000000052e-03 6.502500000000001118e-04 1.089000000000016509e-05 1.874890000000000367e-03 2.371689999999999215e-03 1.299599999999998467e-04 1.729634625000000000e+06 1.835660125000000000e+06
1.000000000000000000e+00 1.849999999999999908e-02 -9.740000000000000047e-02 -4.289999999999999925e-01 2.497000000000000053e-01 1.426999999999999935e-01 -2.132999999999999896e-01 3.799999999999999906e-02 -8.599999999999999312e-02 -1.896999999999999797e-01 -1.999999999999974021e-03 -1.250000000000001110e-02 -1.584999999999999742e-01 3.422499999999999436e-04 9.486760000000000331e-03 1.840409999999999824e-01 6.235009000000000384e-02 2.036328999999999917e-02 4.549688999999999817e-02 1.443999999999999971e-03 7.395999999999998929e-03 3.598608999999999142e-02 3.999999999999896481e-06 1.562500000000002743e-04 2.512224999999999181e-02 1.726951500000000000e+06 1.831615750000000000e+06
1.000000000000000000e+00 4.830000000000000265e-02 1.919999999999999832e-02 -3.150999999999999912e-01 3.057000000000000273e-01 3.960000000000000325e-02 -1.335000000000000075e-01 2.980000000000000357e-02 1.165999999999999953e-01 1.139000000000000012e-01 5.600000000000002198e-02 -1.030999999999999972e-01 7.979999999999998206e-02 2.332890000000000224e-03 3.686399999999999400e-04 9.928800999999999599e-02 9.345249000000001305e-02 1.568160000000000300e-03 1.782225000000000129e-02 8.880400000000002051e-04 1.359555999999999959e-02 1.297321000000000064e-02 3.136000000000002501e-03 1.062960999999999941e-02 6.368039999999997557e-03 1.726173250000000000e+06 1.829938875000000000e+06
1.000000000000000000e+00 -9.160000000000000087e-02 6.250000000000000000e-02 -1.101000000000000034e-01 3.111999999999999766e-01 -3.020000000000000115e-02 -2.249999999999999917e-02 -1.398999999999999966e-01 4.330000000000000515e-02 2.049999999999999878e-01 5.499999999999949374e-03 -6.980000000000000093e-02 1.110000000000000153e-01 8.390560000000000032e-03 3.906250000000000000e-03 1.212201000000000077e-02 9.684543999999999098e-02 9.120400000000000295e-04 5.062499999999999726e-04 1.957200999999999733e-02 1.874890000000000367e-03 4.202499999999999292e-02 3.024999999999944441e-05 4.872040000000000225e-03 1.232100000000000382e-02 1.725393250000000000e+06 1.828845750000000000e+06
1.000000000000000000e+00 3.160000000000000309e-02 -5.330000000000000016e-02 -2.306999999999999884e-01 4.376999999999999780e-01 -2.535000000000000031e-01 -8.649999999999999356e-02 1.232000000000000040e-01 -1.158000000000000002e-01 -1.205999999999999850e-01 1.265000000000000013e-01 -2.232999999999999985e-01 -6.400000000000000133e-02 9.985600000000001159e-04 2.840889999999999995e-03 5.322248999999999730e-02 1.915812899999999874e-01 6.426225000000000687e-02 7.482249999999999318e-03 1.517824000000000083e-02 1.340964000000000045e-02 1.454435999999999576e-02 1.600224999999999911e-02 4.986288999999999999e-02 4.095999999999999815e-03 1.724337875000000000e+06 1.826638000000000000e+06
1.000000000000000000e+00 1.393999999999999961e-01 -1.899999999999999953e-02 -2.253999999999999893e-01 4.048999999999999821e-01 -2.427999999999999881e-01 -2.249999999999999917e-02 1.077999999999999931e-01 3.429999999999999716e-02 5.299999999999999156e-03 -3.279999999999999583e-02 1.070000000000001505e-02 6.400000000000000133e-02 1.943235999999999922e-02 3.609999999999999928e-04 5.080515999999999505e-02 1.639440099999999734e-01 5.895183999999999147e-02 5.062499999999999726e-04 1.162083999999999860e-02 1.176489999999999871e-03 2.808999999999999025e-05 1.075839999999999783e-03 1.144900000000003218e-04 4.095999999999999815e-03 1.723753000000000000e+06 1.827345250000000000e+06
1.000000000000000000e+00 4.449999999999999789e-02 -1.789999999999999925e-02 -2.008000000000000063e-01 2.666000000000000036e-01 -3.579999999999999849e-02 -6.629999999999999782e-02 -9.489999999999999825e-02 1.100000000000000283e-03 2.459999999999998299e-02 -1.382999999999999785e-01 2.069999999999999896e-01 -4.379999999999999866e-02 1.980249999999999806e-03 3.204099999999999765e-04 4.032064000000000481e-02 7.107555999999999596e-02 1.281639999999999906e-03 4.395689999999999840e-03 9.006010000000000057e-03 1.210000000000000697e-06 6.051599999999991188e-04 1.912688999999999362e-02 4.284899999999999820e-02 1.918439999999999989e-03 1.721992875000000000e+06 1.828177750000000000e+06
1.000000000000000000e+00 -1.899999999999999996e-03 -3.679999999999999938e-02 -6.041999999999999593e-01 2.190000000000000002e-01 5.272000000000000020e-01 -1.029999999999999943e-01 -4.639999999999999680e-02 -1.890000000000000013e-02 -4.033999999999999808e-01 -4.760000000000000342e-02 5.629999999999999449e-01 -3.669999999999999651e-02 3.610000000000000165e-06 1.354240000000000044e-03 3.650576399999999611e-01 4.796099999999999669e-02 2.779398399999999936e-01 1.060899999999999864e-02 2.152959999999999770e-03 3.572100000000000036e-04 1.627315599999999973e-01 2.265760000000000343e-03 3.169689999999999452e-01 1.346889999999999676e-03 1.725575375000000000e+06 1.829989750000000000e+06
1.000000000000000000e+00 7.699999999999999900e-02 -7.230000000000000315e-02 -6.298000000000000265e-01 2.044999999999999873e-01 8.911000000000000032e-01 1.270999999999999908e-01 7.889999999999999791e-02 -3.550000000000000377e-02 -2.560000000000006715e-02 -1.450000000000001288e-02 3.639000000000000012e-01 2.300999999999999712e-01 5.929000000000000242e-03 5.227290000000000755e-03 3.966480400000000350e-01 4.182024999999999632e-02 7.940592100000000153e-01 1.615440999999999752e-02 6.225209999999999251e-03 1.260250000000000302e-03 6.553600000000034832e-04 2.102500000000003672e-04 1.324232100000000134e-01 5.294600999999998781e-02 1.728720125000000000e+06 1.832189500000000000e+06
1.000000000000000000e+00 1.754000000000000004e-01 -9.389999999999999736e-02 -3.256000000000000005e-01 3.870999999999999996e-01 5.612000000000000322e-01 1.408999999999999975e-01 9.840000000000000135e-02 -2.159999999999999420e-02 3.042000000000000259e-01 1.826000000000000123e-01 -3.298999999999999710e-01 1.380000000000000671e-02 3.076515999999999973e-02 8.817209999999998937e-03 1.060153600000000029e-01 1.498464100000000132e-01 3.149454400000000209e-01 1.985280999999999851e-02 9.682559999999999778e-03 4.665599999999997614e-04 9.253764000000001821e-02 3.334276000000000600e-02 1.088340099999999810e-01 1.904400000000001892e-04 1.726740875000000000e+06 1.830408500000000000e+06
1.000000000000000000e+00 3.300000000000000155e-02 2.149999999999999828e-02 -1.619999999999999912e-02 2.586999999999999855e-01 -1.340000000000000045e-02 -1.600000000000000077e-03 -1.423999999999999988e-01 1.154000000000000026e-01 3.094000000000000083e-01 -1.284000000000000141e-01 -5.745999999999999996e-01 -1.424999999999999878e-01 1.089000000000000124e-03 4.622499999999999331e-04 2.624399999999999606e-04 6.692568999999999602e-02 1.795600000000000223e-04 2.560000000000000054e-06 2.027775999999999884e-02 1.331715999999999976e-02 9.572835999999999845e-02 1.648656000000000427e-02 3.301651600000000131e-01 2.030624999999999791e-02 1.722958000000000000e+06 1.832359750000000000e+06
1.000000000000000000e+00 -1.035999999999999976e-01 -3.250000000000000111e-02 2.149999999999999828e-02 2.199999999999999872e-02 2.899999999999999800e-03 -1.199000000000000066e-01 -1.365999999999999992e-01 -5.399999999999999939e-02 3.769999999999999740e-02 -2.366999999999999937e-01 1.630000000000000199e-02 -1.183000000000000024e-01 1.073295999999999972e-02 1.056250000000000114e-03 4.622499999999999331e-04 4.839999999999999468e-04 8.409999999999999101e-06 1.437601000000000157e-02 1.865955999999999865e-02 2.915999999999999755e-03 1.421289999999999750e-03 5.602688999999999586e-02 2.656900000000000667e-04 1.399489000000000115e-02 1.727877875000000000e+06 1.835345250000000000e+06
1.000000000000000000e+00 -1.323999999999999899e-01 -1.625000000000000056e-01 -2.053000000000000103e-01 -5.600000000000000117e-02 4.364999999999999991e-01 -1.386000000000000010e-01 -2.879999999999999227e-02 -1.300000000000000044e-01 -2.268000000000000016e-01 -7.799999999999999989e-02 4.335999999999999854e-01 -1.869999999999999440e-02 1.752975999999999840e-02 2.640625000000000264e-02 4.214809000000000611e-02 3.136000000000000332e-03 1.905322499999999863e-01 1.920996000000000162e-02 8.294399999999995396e-04 1.690000000000000183e-02 5.143824000000000313e-02 6.083999999999999998e-03 1.880089599999999750e-01 3.496899999999997775e-04 1.727896750000000000e+06 1.835663000000000000e+06
1.000000000000000000e+00 -8.369999999999999662e-02 -1.044999999999999957e-01 -2.109999999999999931e-01 1.016999999999999987e-01 3.573000000000000065e-01 -1.243999999999999967e-01 4.869999999999999329e-02 5.800000000000000988e-02 -5.699999999999982858e-03 1.577000000000000068e-01 -7.919999999999999263e-02 1.420000000000000429e-02 7.005689999999999314e-03 1.092024999999999940e-02 4.452099999999999808e-02 1.034289000000000042e-02 1.276632900000000126e-01 1.547535999999999877e-02 2.371689999999999215e-03 3.364000000000001104e-03 3.248999999999980582e-05 2.486929000000000223e-02 6.272639999999998599e-03 2.016400000000001091e-04 1.728154000000000000e+06 1.836158625000000000e+06
1.000000000000000000e+00 -1.163000000000000006e-01 -7.090000000000000469e-02 -2.575000000000000067e-01 1.494999999999999940e-01 3.066999999999999726e-01 -1.145000000000000046e-01 -3.260000000000000397e-02 3.359999999999999098e-02 -4.650000000000001354e-02 4.779999999999999527e-02 -5.060000000000003384e-02 9.899999999999992140e-03 1.352568999999999994e-02 5.026810000000000479e-03 6.630624999999999714e-02 2.235024999999999859e-02 9.406488999999998435e-02 1.311025000000000038e-02 1.062760000000000267e-03 1.128959999999999382e-03 2.162250000000001410e-03 2.284839999999999354e-03 2.560360000000003276e-03 9.800999999999984258e-05 1.724904375000000000e+06 1.829201750000000000e+06
1.000000000000000000e+00 -1.340999999999999970e-01 -1.111000000000000043e-01 -3.754000000000000115e-01 1.391000000000000014e-01 2.558000000000000274e-01 -1.097000000000000058e-01 -1.779999999999999638e-02 -4.019999999999999962e-02 -1.179000000000000048e-01 -1.039999999999999258e-02 -5.089999999999994529e-02 4.799999999999998712e-03 1.798280999999999838e-02 1.234321000000000029e-02 1.409251600000000215e-01 1.934881000000000101e-02 6.543364000000001512e-02 1.203409000000000076e-02 3.168399999999998735e-04 1.616040000000000011e-03 1.390041000000000193e-02 1.081599999999998454e-04 2.590809999999994610e-03 2.303999999999998608e-05 1.722280500000000000e+06 1.821046250000000000e+06
1.000000000000000000e+00 -3.080000000000000099e-02 -1.250999999999999890e-01 -5.544000000000000039e-01 1.585000000000000020e-01 2.927000000000000157e-01 -1.068000000000000060e-01 1.033000000000000029e-01 -1.399999999999998468e-02 -1.789999999999999925e-01 1.940000000000000058e-02 3.689999999999998836e-02 2.899999999999999800e-03 9.486400000000000518e-04 1.565000999999999892e-02 3.073593600000000259e-01 2.512225000000000222e-02 8.567329000000001304e-02 1.140624000000000152e-02 1.067089000000000058e-02 1.959999999999995600e-04 3.204100000000000004e-02 3.763600000000000083e-04 1.361609999999999210e-03 8.409999999999999101e-06 1.722236375000000000e+06 1.823163875000000000e+06
1.000000000000000000e+00 -8.000000000000000167e-03 -7.019999999999999851e-02 -4.171000000000000263e-01 2.162000000000000033e-01 1.325999999999999956e-01 -1.658000000000000029e-01 2.280000000000000082e-02 5.489999999999999047e-02 1.372999999999999776e-01 5.770000000000000129e-02 -1.601000000000000201e-01 -5.899999999999999689e-02 6.399999999999999710e-05 4.928039999999999851e-03 1.739724100000000218e-01 4.674244000000000315e-02 1.758275999999999936e-02 2.748964000000000268e-02 5.198400000000000373e-04 3.014009999999998825e-03 1.885128999999999277e-02 3.329289999999999940e-03 2.563201000000000715e-02 3.480999999999999719e-03 1.723669750000000000e+06 1.817797625000000000e+06
1.000000000000000000e+00 2.510000000000000078e-02 -8.730000000000000260e-02 -3.547000000000000153e-01 2.852000000000000091e-01 -8.899999999999999925e-03 -1.716999999999999915e-01 3.310000000000000442e-02 -1.710000000000000409e-02 6.240000000000001101e-02 6.900000000000000577e-02 -1.414999999999999869e-01 -5.899999999999988587e-03 6.300100000000000752e-04 7.621290000000000182e-03 1.258120900000000153e-01 8.133904000000000134e-02 7.920999999999999547e-05 2.948088999999999571e-02 1.095610000000000334e-03 2.924100000000001633e-04 3.893760000000001317e-03 4.761000000000000475e-03 2.002224999999999491e-02 3.480999999999986492e-05 1.726708125000000000e+06 1.830754875000000000e+06
1.000000000000000000e+00 -4.039999999999999841e-02 1.299999999999999940e-02 -2.422999999999999876e-01 2.792000000000000037e-01 -1.038000000000000034e-01 -6.840000000000000246e-02 -6.550000000000000266e-02 1.003000000000000003e-01 1.124000000000000277e-01 -6.000000000000005329e-03 -9.489999999999999825e-02 1.032999999999999891e-01 1.632159999999999904e-03 1.689999999999999879e-04 5.870928999999999731e-02 7.795264000000000360e-02 1.077444000000000145e-02 4.678560000000000010e-03 4.290250000000000660e-03 1.006009000000000070e-02 1.263376000000000603e-02 3.600000000000006190e-05 9.006010000000000057e-03 1.067088999999999711e-02 1.722928250000000000e+06 1.828266500000000000e+06
1.000000000000000000e+00 -5.619999999999999996e-02 -1.100000000000000066e-03 -3.148000000000000242e-01 2.272000000000000131e-01 7.900000000000000772e-03 -1.812999999999999889e-01 -1.580000000000000154e-02 -1.409999999999999969e-02 -7.250000000000003664e-02 -5.199999999999999067e-02 1.117000000000000076e-01 -1.128999999999999865e-01 3.158440000000000206e-03 1.210000000000000062e-06 9.909904000000001323e-02 5.161984000000000711e-02 6.241000000000000724e-05 3.286968999999999308e-02 2.496400000000000290e-04 1.988100000000000023e-04 5.256250000000005709e-03 2.703999999999998939e-03 1.247689000000000090e-02 1.274640999999999622e-02 1.730045250000000000e+06 1.841576500000000000e+06
1.000000000000000000e+00 -4.469999999999999668e-02 -1.489000000000000046e-01 -6.195000000000000506e-01 1.305000000000000049e-01 3.790000000000000036e-01 -1.476000000000000090e-01 1.150000000000000328e-02 -1.478000000000000147e-01 -3.047000000000000264e-01 -9.670000000000000817e-02 3.710999999999999854e-01 3.369999999999997997e-02 1.998089999999999675e-03 2.217121000000000022e-02 3.837802500000000450e-01 1.703025000000000025e-02 1.436409999999999909e-01 2.178576000000000124e-02 1.322500000000000704e-04 2.184484000000000425e-02 9.284209000000001599e-02 9.350890000000002325e-03 1.377152099999999768e-01 1.135689999999998662e-03 1.729038250000000000e+06 1.835949125000000000e+06
1.000000000000000000e+00 -1.600999999999999923e-01 -7.230000000000000315e-02 -2.341999999999999915e-01 8.379999999999999949e-02 4.063999999999999835e-01 -5.790000000000000008e-02 -1.154000000000000026e-01 7.660000000000000142e-02 3.853000000000000869e-01 -4.670000000000000540e-02 2.739999999999997993e-02 8.970000000000000195e-02 2.563200999999999674e-02 5.227290000000000755e-03 5.484963999999999812e-02 7.022439999999999585e-03 1.651609599999999956e-01 3.352410000000000112e-03 1.331715999999999976e-02 5.867559999999999963e-03 1.484560900000000683e-01 2.180890000000000432e-03 7.507599999999988631e-04 8.046090000000000533e-03 1.725040125000000000e+06 1.827788125000000000e+06
1.000000000000000000e+00 -9.349999999999999978e-02 -6.590000000000000024e-02 -1.380000000000000115e-01 1.343000000000000027e-01 2.796000000000000152e-01 -5.559999999999999665e-02 6.659999999999999254e-02 6.400000000000002909e-03 9.619999999999997997e-02 5.050000000000000322e-02 -1.267999999999999683e-01 2.300000000000003431e-03 8.742250000000000021e-03 4.342809999999999900e-03 1.904400000000000190e-02 1.803649000000000224e-02 7.817616000000000842e-02 3.091359999999999594e-03 4.435559999999998983e-03 4.096000000000003474e-05 9.254439999999995725e-03 2.550250000000000433e-03 1.607823999999999365e-02 5.290000000000015420e-06 1.727579875000000000e+06 1.829889625000000000e+06
1.000000000000000000e+00 3.039999999999999994e-02 -1.179000000000000048e-01 -5.768999999999999684e-01 1.769999999999999907e-01 3.462999999999999967e-01 -5.949999999999999734e-02 1.238999999999999962e-01 -5.200000000000000455e-02 -4.388999999999999568e-01 4.269999999999998797e-02 6.669999999999998153e-02 -3.900000000000000688e-03 9.241600000000000422e-04 1.390041000000000193e-02 3.328136099999999820e-01 3.132899999999999574e-02 1.199236899999999995e-01 3.540249999999999560e-03 1.535120999999999881e-02 2.704000000000000674e-03 1.926332099999999714e-01 1.823289999999998896e-03 4.448889999999997881e-03 1.521000000000000515e-05 1.725555625000000000e+06 1.827294000000000000e+06
1.000000000000000000e+00 -1.280000000000000061e-02 -6.500000000000000222e-02 -3.462999999999999967e-01 2.240000000000000047e-01 1.754000000000000004e-01 -1.005000000000000060e-01 -4.320000000000000229e-02 5.290000000000000258e-02 2.305999999999999717e-01 4.700000000000001399e-02 -1.708999999999999964e-01 -4.100000000000000866e-02 1.638400000000000034e-04 4.225000000000000457e-03 1.199236899999999995e-01 5.017600000000000532e-02 3.076515999999999973e-02 1.010025000000000159e-02 1.866240000000000130e-03 2.798410000000000307e-03 5.317635999999998503e-02 2.209000000000001327e-03 2.920680999999999972e-02 1.681000000000000636e-03 1.720813250000000000e+06 1.822845000000000000e+06
1.000000000000000000e+00 -3.520000000000000212e-02 -2.970000000000000070e-02 -9.560000000000000442e-02 2.819999999999999729e-01 -7.439999999999999392e-02 -1.733000000000000096e-01 -2.240000000000000324e-02 3.529999999999999805e-02 2.506999999999999784e-01 5.799999999999996825e-02 -2.497999999999999943e-01 -7.280000000000000360e-02 1.239040000000000063e-03 8.820900000000000876e-04 9.139360000000000886e-03 7.952399999999998359e-02 5.535359999999998719e-03 3.003289000000000306e-02 5.017600000000001833e-04 1.246089999999999828e-03 6.285048999999999497e-02 3.363999999999996333e-03 6.240003999999999690e-02 5.299840000000000106e-03 1.722408125000000000e+06 1.825985625000000000e+06
1.000000000000000000e+00 4.320000000000000229e-02 -5.179999999999999882e-02 -5.615999999999999881e-01 3.307999999999999829e-01 3.459999999999999881e-02 -1.819999999999999951e-01 7.839999999999999747e-02 -2.209999999999999812e-02 -4.659999999999999698e-01 4.880000000000001004e-02 1.089999999999999858e-01 -8.699999999999985523e-03 1.866240000000000130e-03 2.683239999999999931e-03 3.153945599999999905e-01 1.094286399999999937e-01 1.197159999999999848e-03 3.312400000000000067e-02 6.146559999999999697e-03 4.884099999999998859e-04 2.171559999999999602e-01 2.381440000000001160e-03 1.188099999999999747e-02 7.568999999999974457e-05 1.719941250000000000e+06 1.825613000000000000e+06
1.000000000000000000e+00 -1.218000000000000055e-01 -4.889999999999999902e-02 -3.014999999999999902e-01 5.600000000000000117e-02 3.764000000000000123e-01 -8.880000000000000393e-02 -1.650000000000000078e-01 2.899999999999999800e-03 2.600999999999999979e-01 -2.747999999999999887e-01 3.417999999999999927e-01 9.319999999999999118e-02 1.483524000000000127e-02 2.391209999999999950e-03 9.090224999999999000e-02 3.136000000000000332e-03 1.416769600000000184e-01 7.885440000000000504e-03 2.722500000000000267e-02 8.409999999999999101e-06 6.765200999999999854e-02 7.551503999999999162e-02 1.168272399999999989e-01 8.686239999999997852e-03 1.728800500000000000e+06 1.834230375000000000e+06
1.000000000000000000e+00 -1.469000000000000028e-01 -6.809999999999999387e-02 -8.260000000000000675e-02 2.200000000000000133e-03 4.494000000000000217e-01 -7.729999999999999372e-02 -2.509999999999999731e-02 -1.919999999999999485e-02 2.188999999999999835e-01 -5.380000000000000060e-02 7.300000000000000933e-02 1.150000000000001021e-02 2.157961000000000254e-02 4.637609999999999476e-03 6.822760000000001497e-03 4.840000000000000247e-06 2.019603600000000332e-01 5.975289999999999421e-03 6.300099999999998583e-04 3.686399999999997773e-04 4.791720999999999481e-02 2.894439999999999860e-03 5.329000000000001271e-03 1.322500000000002330e-04 1.729335000000000000e+06 1.835381500000000000e+06
1.000000000000000000e+00 -7.259999999999999787e-02 -1.693999999999999950e-01 -3.680999999999999828e-01 9.769999999999999518e-02 4.131000000000000227e-01 -4.689999999999999725e-02 7.430000000000000493e-02 -1.013000000000000012e-01 -2.854999999999999760e-01 9.550000000000000155e-02 -3.629999999999999893e-02 3.039999999999999647e-02 5.270759999999999335e-03 2.869635999999999715e-02 1.354976099999999906e-01 9.545289999999999678e-03 1.706516100000000091e-01 2.199609999999999847e-03 5.520490000000001160e-03 1.026169000000000039e-02 8.151024999999999243e-02 9.120249999999999885e-03 1.317689999999999834e-03 9.241599999999998254e-04 1.727115875000000000e+06 1.830625750000000000e+06
1.000000000000000000e+00 -1.130000000000000032e-01 -9.470000000000000639e-02 -2.968999999999999972e-01 1.155000000000000054e-01 3.886000000000000010e-01 -5.999999999999999778e-02 -4.040000000000000535e-02 7.469999999999998863e-02 7.119999999999998552e-02 1.780000000000001026e-02 -2.450000000000002176e-02 -1.310000000000000053e-02 1.276900000000000084e-02 8.968090000000001477e-03 8.814961000000000324e-02 1.334025000000000141e-02 1.510099599999999986e-01 3.599999999999999901e-03 1.632160000000000338e-03 5.580089999999998489e-03 5.069439999999997976e-03 3.168400000000003614e-04 6.002500000000010648e-04 1.716100000000000188e-04 1.727738625000000000e+06 1.832573125000000000e+06
1.000000000000000000e+00 -1.063000000000000056e-01 -6.199999999999999782e-03 -1.968999999999999917e-01 1.072000000000000036e-01 2.742999999999999883e-01 -9.210000000000000131e-02 6.699999999999997624e-03 8.850000000000000921e-02 1.000000000000000056e-01 -8.300000000000001821e-03 -1.143000000000000127e-01 -3.210000000000000353e-02 1.129969000000000112e-02 3.843999999999999788e-05 3.876960999999999602e-02 1.149184000000000143e-02 7.524048999999999321e-02 8.482410000000000991e-03 4.488999999999996492e-05 7.832250000000002405e-03 1.000000000000000194e-02 6.889000000000002652e-05 1.306449000000000325e-02 1.030410000000000267e-03 1.729985250000000000e+06 1.834336250000000000e+06
1.000000000000000000e+00 -1.280000000000000061e-02 -8.799999999999999489e-02 -3.411000000000000143e-01 1.995000000000000107e-01 2.730000000000000204e-01 -6.940000000000000335e-02 9.349999999999999978e-02 -8.179999999999999771e-02 -1.442000000000000226e-01 9.230000000000000704e-02 -1.299999999999967848e-03 2.269999999999999796e-02 1.638400000000000034e-04 7.743999999999999148e-03 1.163492100000000085e-01 3.980025000000000229e-02 7.452900000000001191e-02 4.816360000000000433e-03 8.742250000000000021e-03 6.691239999999999341e-03 2.079364000000000559e-02 8.519290000000000543e-03 1.689999999999916480e-06 5.152899999999999538e-04 1.730097500000000000e+06 1.833090625000000000e+06
1.000000000000000000e+00 4.290000000000000063e-02 -1.370000000000000107e-01 -5.221000000000000085e-01 2.265000000000000069e-01 3.175000000000000044e-01 -7.199999999999999456e-02 5.569999999999999951e-02 -4.900000000000001577e-02 -1.809999999999999942e-01 2.699999999999999623e-02 4.449999999999998401e-02 -2.599999999999991207e-03 1.840410000000000006e-03 1.876900000000000443e-02 2.725884100000000032e-01 5.130225000000000063e-02 1.008062500000000000e-01 5.183999999999999372e-03 3.102489999999999849e-03 2.401000000000001657e-03 3.276099999999999846e-02 7.289999999999998304e-04 1.980249999999998504e-03 6.759999999999953912e-06 1.728984750000000000e+06 1.835191750000000000e+06
1.000000000000000000e+00 1.590000000000000094e-02 -1.200000000000000025e-02 -3.089000000000000079e-01 2.479999999999999982e-01 1.544000000000000095e-01 -7.589999999999999525e-02 -2.699999999999999969e-02 1.250000000000000000e-01 2.132000000000000006e-01 2.149999999999999134e-02 -1.630999999999999950e-01 -3.900000000000000688e-03 2.528100000000000139e-04 1.440000000000000036e-04 9.541921000000000430e-02 6.150399999999999617e-02 2.383936000000000388e-02 5.760809999999999022e-03 7.289999999999999388e-04 1.562500000000000000e-02 4.545423999999999992e-02 4.622499999999996078e-04 2.660160999999999776e-02 1.521000000000000515e-05 1.726107750000000000e+06 1.829093250000000000e+06
1.000000000000000000e+00 -1.839999999999999969e-02 -6.640000000000000069e-02 -2.169000000000000095e-01 3.161999999999999811e-01 1.514000000000000068e-01 -1.328000000000000014e-01 -3.429999999999999716e-02 -5.440000000000000391e-02 9.199999999999999845e-02 6.819999999999998286e-02 -3.000000000000002665e-03 -5.690000000000000613e-02 3.385600000000000111e-04 4.408959999999999962e-03 4.704561000000000159e-02 9.998243999999999188e-02 2.292196000000000164e-02 1.763583999999999985e-02 1.176489999999999871e-03 2.959360000000000289e-03 8.463999999999999302e-03 4.651239999999997460e-03 9.000000000000015475e-06 3.237610000000000574e-03 1.725037875000000000e+06 1.827897375000000000e+06
1.000000000000000000e+00 -5.439999999999999697e-02 -3.490000000000000047e-02 -2.490999999999999881e-01 2.914999999999999813e-01 -1.469999999999999953e-02 -1.464000000000000024e-01 -3.599999999999999728e-02 3.150000000000000022e-02 -3.219999999999997864e-02 -2.469999999999999973e-02 -1.660999999999999976e-01 -1.360000000000000098e-02 2.959359999999999855e-03 1.218010000000000056e-03 6.205080999999999097e-02 8.497224999999998529e-02 2.160899999999999995e-04 2.143296000000000090e-02 1.295999999999999843e-03 9.922500000000000764e-04 1.036839999999998726e-03 6.100899999999999813e-04 2.758920999999999943e-02 1.849600000000000181e-04 1.727092625000000000e+06 1.833481250000000000e+06
1.000000000000000000e+00 1.799999999999999864e-02 1.105000000000000010e-01 1.037000000000000005e-01 3.790000000000000036e-01 -3.896999999999999909e-01 -3.561000000000000276e-01 7.239999999999999214e-02 1.454000000000000015e-01 3.528000000000000025e-01 8.750000000000002220e-02 -3.750000000000000000e-01 -2.097000000000000253e-01 3.239999999999999608e-04 1.221025000000000062e-02 1.075368999999999978e-02 1.436409999999999909e-01 1.518660899999999814e-01 1.268072100000000313e-01 5.241759999999998955e-03 2.114115999999999912e-02 1.244678399999999963e-01 7.656250000000004198e-03 1.406250000000000000e-01 4.397409000000000734e-02 1.725605375000000000e+06 1.828308250000000000e+06
1.000000000000000000e+00 -3.269999999999999990e-02 -5.720000000000000084e-02 -4.616999999999999993e-01 2.695000000000000173e-01 2.093000000000000138e-01 -1.822000000000000008e-01 -5.069999999999999507e-02 -1.677000000000000157e-01 -5.654000000000000137e-01 -1.094999999999999862e-01 5.989999999999999769e-01 1.739000000000000268e-01 1.069290000000000084e-03 3.271840000000000252e-03 2.131668899999999978e-01 7.263025000000000730e-02 4.380649000000000348e-02 3.319683999999999829e-02 2.570489999999999494e-03 2.812329000000000565e-02 3.196771600000000157e-01 1.199024999999999744e-02 3.588009999999999811e-01 3.024121000000000795e-02 1.726435750000000000e+06 1.833310000000000000e+06
1.000000000000000000e+00 -1.134000000000000008e-01 -3.679999999999999938e-02 -7.024000000000000243e-01 3.640000000000000180e-02 6.520000000000000240e-01 -4.100000000000000172e-02 -8.069999999999999396e-02 2.040000000000000147e-02 -2.407000000000000250e-01 -2.331000000000000294e-01 4.426999999999999824e-01 1.411999999999999922e-01 1.285956000000000078e-02 1.354240000000000044e-03 4.933657600000000421e-01 1.324960000000000027e-03 4.251040000000000374e-01 1.681000000000000202e-03 6.512489999999999252e-03 4.161600000000000542e-04 5.793649000000001409e-02 5.433561000000001334e-02 1.959832899999999767e-01 1.993743999999999725e-02 1.728055625000000000e+06 1.835344875000000000e+06
1.000000000000000000e+00 -4.799999999999999580e-03 -1.063999999999999946e-01 -3.618000000000000105e-01 1.569000000000000117e-01 3.942999999999999838e-01 -8.680000000000000215e-02 1.086000000000000021e-01 -6.959999999999999520e-02 3.406000000000000139e-01 1.205000000000000099e-01 -2.577000000000000401e-01 -4.580000000000000043e-02 2.303999999999999625e-05 1.132095999999999970e-02 1.308992400000000000e-01 2.461761000000000504e-02 1.554724899999999910e-01 7.534240000000000208e-03 1.179396000000000090e-02 4.844159999999999265e-03 1.160083600000000048e-01 1.452025000000000191e-02 6.640929000000002358e-02 2.097640000000000008e-03 1.730153000000000000e+06 1.832644000000000000e+06
1.000000000000000000e+00 -3.969999999999999918e-02 -1.577999999999999958e-01 -3.849000000000000199e-01 8.060000000000000497e-02 4.369999999999999996e-01 -7.870000000000000606e-02 -3.490000000000000047e-02 -5.140000000000000124e-02 -2.310000000000000941e-02 -7.630000000000000671e-02 4.270000000000001572e-02 8.099999999999996092e-03 1.576090000000000043e-03 2.490083999999999700e-02 1.481480100000000244e-01 6.496360000000000502e-03 1.909689999999999999e-01 6.193690000000000827e-03 1.218010000000000056e-03 2.641960000000000055e-03 5.336100000000004425e-04 5.821690000000000892e-03 1.823290000000001281e-03 6.560999999999993595e-05 1.729344250000000000e+06 1.831094125000000000e+06
1.000000000000000000e+00 -6.769999999999999629e-02 -5.539999999999999786e-02 -1.247999999999999943e-01 9.099999999999999756e-02 2.340000000000000135e-01 -1.016999999999999987e-01 -2.799999999999999711e-02 1.023999999999999910e-01 2.600999999999999979e-01 1.039999999999999258e-02 -2.029999999999999860e-01 -2.299999999999999267e-02 4.583289999999999413e-03 3.069159999999999597e-03 1.557503999999999833e-02 8.281000000000000166e-03 5.475600000000000606e-02 1.034289000000000042e-02 7.839999999999998663e-04 1.048575999999999848e-02 6.765200999999999854e-02 1.081599999999998454e-04 4.120899999999999563e-02 5.289999999999996311e-04 1.720520750000000000e+06 1.815923125000000000e+06
1.000000000000000000e+00 -7.539999999999999480e-02 -6.250000000000000000e-02 -3.337999999999999856e-01 1.927999999999999992e-01 2.364999999999999880e-01 -1.100000000000000006e-01 -7.699999999999998512e-03 -7.100000000000002143e-03 -2.089999999999999913e-01 1.018000000000000016e-01 2.499999999999974465e-03 -8.300000000000001821e-03 5.685159999999998999e-03 3.906250000000000000e-03 1.114224399999999837e-01 3.717183999999999766e-02 5.593224999999999586e-02 1.209999999999999964e-02 5.928999999999997613e-05 5.041000000000002727e-05 4.368099999999999761e-02 1.036324000000000099e-02 6.249999999999872398e-06 6.889000000000002652e-05 1.722468000000000000e+06 1.813139875000000000e+06
1.000000000000000000e+00 -9.779999999999999805e-02 -7.499999999999999722e-02 -4.796000000000000263e-01 1.386000000000000010e-01 3.683000000000000163e-01 -1.343999999999999917e-01 -2.240000000000000324e-02 -1.249999999999999722e-02 -1.458000000000000407e-01 -5.419999999999999818e-02 1.318000000000000282e-01 -2.439999999999999114e-02 9.564839999999999801e-03 5.624999999999999792e-03 2.300161600000000250e-01 1.920996000000000162e-02 1.356448900000000179e-01 1.806335999999999706e-02 5.017600000000001833e-04 1.562499999999999219e-04 2.125764000000001167e-02 2.937639999999999609e-03 1.737124000000000654e-02 5.953599999999995311e-04 1.727469250000000000e+06 1.828022375000000000e+06
1.000000000000000000e+00 4.240000000000000019e-02 -3.200000000000000067e-02 -4.328000000000000180e-01 2.967000000000000193e-01 9.299999999999999933e-02 -1.241000000000000020e-01 1.401999999999999913e-01 4.299999999999999656e-02 4.680000000000000826e-02 1.581000000000000183e-01 -2.752999999999999892e-01 1.029999999999998972e-02 1.797760000000000026e-03 1.023999999999999954e-03 1.873158400000000112e-01 8.803089000000001441e-02 8.649000000000000438e-03 1.540081000000000089e-02 1.965603999999999615e-02 1.848999999999999732e-03 2.190240000000000849e-03 2.499561000000000491e-02 7.579008999999999052e-02 1.060899999999997923e-04 1.733132750000000000e+06 1.834982750000000000e+06
1.000000000000000000e+00 -3.090000000000000038e-02 4.939999999999999947e-02 -2.308999999999999941e-01 1.441000000000000059e-01 -1.049999999999999961e-01 -2.393000000000000127e-01 -7.330000000000000404e-02 8.140000000000000013e-02 2.019000000000000239e-01 -1.526000000000000134e-01 -1.980000000000000093e-01 -1.152000000000000107e-01 9.548100000000000554e-04 2.440359999999999925e-03 5.331480999999999720e-02 2.076481000000000160e-02 1.102499999999999834e-02 5.726449000000000816e-02 5.372890000000000825e-03 6.625960000000000183e-03 4.076361000000001261e-02 2.328676000000000357e-02 3.920400000000000273e-02 1.327104000000000304e-02 1.730570625000000000e+06 1.836008125000000000e+06
1.000000000000000000e+00 -2.368999999999999995e-01 1.660000000000000017e-02 -1.652000000000000135e-01 -2.330000000000000127e-02 9.139999999999999514e-02 -2.403000000000000136e-01 -2.059999999999999887e-01 -3.279999999999999583e-02 6.569999999999998064e-02 -1.673999999999999932e-01 1.963999999999999913e-01 -1.000000000000000888e-03 5.612161000000000233e-02 2.755599999999999977e-04 2.729104000000000599e-02 5.428900000000000826e-04 8.353959999999998817e-03 5.774409000000000486e-02 4.243599999999999456e-02 1.075839999999999783e-03 4.316489999999997482e-03 2.802275999999999725e-02 3.857295999999999642e-02 1.000000000000001861e-06 1.730333750000000000e+06 1.836790375000000000e+06
1.000000000000000000e+00 -3.219999999999999946e-02 -9.890000000000000180e-02 -4.158999999999999919e-01 1.710000000000000131e-01 2.873999999999999888e-01 -1.082999999999999935e-01 2.046999999999999931e-01 -1.155000000000000054e-01 -2.506999999999999784e-01 1.943000000000000282e-01 1.960000000000000075e-01 1.320000000000000062e-01 1.036840000000000027e-03 9.781210000000000251e-03 1.729728100000000046e-01 2.924100000000000310e-02 8.259875999999999330e-02 1.172888999999999876e-02 4.190208999999999601e-02 1.334025000000000141e-02 6.285048999999999497e-02 3.775249000000001354e-02 3.841600000000000570e-02 1.742400000000000199e-02 1.728698375000000000e+06 1.831646625000000000e+06
1.000000000000000000e+00 7.409999999999999920e-02 -8.200000000000000344e-02 -2.727999999999999869e-01 3.487999999999999989e-01 2.756000000000000116e-01 -1.135000000000000037e-01 1.063000000000000056e-01 1.689999999999999836e-02 1.431000000000000050e-01 1.777999999999999858e-01 -1.179999999999997717e-02 -5.200000000000010170e-03 5.490809999999999615e-03 6.724000000000000810e-03 7.441983999999998711e-02 1.216614399999999957e-01 7.595535999999999954e-02 1.288225000000000134e-02 1.129969000000000112e-02 2.856099999999999438e-04 2.047761000000000026e-02 3.161283999999999622e-02 1.392399999999994597e-04 2.704000000000010703e-05 1.725656375000000000e+06 1.824613500000000000e+06
1.000000000000000000e+00 -9.499999999999999764e-03 -7.829999999999999460e-02 -3.040999999999999814e-01 1.958000000000000018e-01 2.652999999999999803e-01 -1.279000000000000137e-01 -8.359999999999999376e-02 3.700000000000008837e-03 -3.129999999999999449e-02 -1.529999999999999971e-01 -1.030000000000003135e-02 -1.440000000000001001e-02 9.024999999999999819e-05 6.130889999999999083e-03 9.247680999999999263e-02 3.833763999999999922e-02 7.038408999999999638e-02 1.635841000000000378e-02 6.988959999999998923e-03 1.369000000000006544e-05 9.796899999999996410e-04 2.340899999999999925e-02 1.060900000000006461e-04 2.073600000000002915e-04 1.728687125000000000e+06 1.825741250000000000e+06
1.000000000000000000e+00 -1.257999999999999952e-01 -6.180000000000000077e-02 -4.002999999999999892e-01 4.240000000000000019e-02 4.022000000000000020e-01 -1.241000000000000020e-01 -1.163000000000000006e-01 1.649999999999999384e-02 -9.620000000000000773e-02 -1.534000000000000086e-01 1.369000000000000217e-01 3.800000000000011702e-03 1.582563999999999846e-02 3.819240000000000222e-03 1.602400900000000017e-01 1.797760000000000026e-03 1.617648399999999931e-01 1.540081000000000089e-02 1.352568999999999994e-02 2.722499999999998142e-04 9.254440000000000929e-03 2.353156000000000345e-02 1.874161000000000576e-02 1.444000000000008875e-05 1.729019500000000000e+06 1.832435000000000000e+06
1.000000000000000000e+00 -8.089999999999999969e-02 -8.999999999999999320e-03 -2.146000000000000130e-01 9.729999999999999760e-02 3.704000000000000070e-01 -1.358000000000000040e-01 4.489999999999999547e-02 5.279999999999999971e-02 1.856999999999999762e-01 5.489999999999999741e-02 -3.179999999999999494e-02 -1.170000000000000207e-02 6.544809999999999864e-03 8.099999999999999019e-05 4.605316000000000271e-02 9.467289999999999733e-03 1.371961600000000114e-01 1.844164000000000220e-02 2.016009999999999504e-03 2.787839999999999763e-03 3.448448999999999265e-02 3.014009999999999693e-03 1.011239999999999622e-03 1.368900000000000531e-04 1.726851250000000000e+06 1.828057625000000000e+06
1.000000000000000000e+00 -9.779999999999999805e-02 -8.640000000000000457e-02 -2.891000000000000236e-01 1.680999999999999994e-01 2.247999999999999998e-01 -1.476000000000000090e-01 -1.689999999999999836e-02 -7.740000000000001046e-02 -7.450000000000001066e-02 7.080000000000000182e-02 -1.456000000000000072e-01 -1.180000000000000493e-02 9.564839999999999801e-03 7.464960000000000519e-03 8.357881000000001726e-02 2.825760999999999898e-02 5.053504000000000329e-02 2.178576000000000124e-02 2.856099999999999438e-04 5.990760000000001223e-03 5.550250000000001363e-03 5.012640000000000498e-03 2.119936000000000043e-02 1.392400000000001102e-04 1.725231125000000000e+06 1.823147500000000000e+06
1.000000000000000000e+00 -4.349999999999999700e-02 -9.460000000000000353e-02 -4.022000000000000020e-01 2.494999999999999996e-01 7.649999999999999856e-02 -1.778000000000000136e-01 5.430000000000000104e-02 -8.199999999999998956e-03 -1.130999999999999783e-01 8.140000000000000013e-02 -1.482999999999999874e-01 -3.020000000000000462e-02 1.892249999999999835e-03 8.949160000000001142e-03 1.617648399999999931e-01 6.225025000000000003e-02 5.852249999999999813e-03 3.161284000000000316e-02 2.948490000000000225e-03 6.723999999999998641e-05 1.279160999999999493e-02 6.625960000000000183e-03 2.199288999999999758e-02 9.120400000000002463e-04 1.725363625000000000e+06 1.826858375000000000e+06
1.000000000000000000e+00 -3.799999999999999992e-03 4.000000000000000083e-02 -3.230000000000000232e-02 2.757000000000000006e-01 -1.039000000000000062e-01 -1.872000000000000053e-01 3.969999999999999918e-02 1.345999999999999974e-01 3.699000000000000066e-01 2.620000000000000107e-02 -1.804000000000000048e-01 -9.399999999999991696e-03 1.444000000000000066e-05 1.600000000000000077e-03 1.043290000000000103e-03 7.601049000000000000e-02 1.079521000000000126e-02 3.504383999999999971e-02 1.576090000000000043e-03 1.811716000000000021e-02 1.368260099999999979e-01 6.864400000000000753e-04 3.254416000000000253e-02 8.835999999999983841e-05 1.723706000000000000e+06 1.822947250000000000e+06
1.000000000000000000e+00 9.499999999999999764e-03 -5.149999999999999717e-02 -3.004000000000000004e-01 2.877000000000000113e-01 1.250000000000000069e-02 -1.733999999999999986e-01 1.329999999999999932e-02 -9.149999999999999800e-02 -2.681000000000000050e-01 1.200000000000001066e-02 1.164000000000000035e-01 1.380000000000000671e-02 9.024999999999999819e-05 2.652249999999999660e-03 9.024015999999999982e-02 8.277129000000001124e-02 1.562500000000000304e-04 3.006756000000000012e-02 1.768899999999999954e-04 8.372249999999999484e-03 7.187761000000000844e-02 1.440000000000002476e-04 1.354896000000000052e-02 1.904400000000001892e-04 1.727064000000000000e+06 1.827805875000000000e+06
1.000000000000000000e+00 1.699999999999999905e-03 4.300000000000000003e-03 -2.805000000000000271e-01 2.590000000000000080e-01 -2.409999999999999989e-02 -1.444999999999999896e-01 -7.799999999999999642e-03 5.579999999999999544e-02 1.989999999999997327e-02 -2.870000000000000329e-02 -3.660000000000000059e-02 2.890000000000000902e-02 2.889999999999999859e-06 1.849000000000000085e-05 7.868025000000002100e-02 6.708100000000000174e-02 5.808099999999999635e-04 2.088024999999999604e-02 6.083999999999999348e-05 3.113639999999999550e-03 3.960099999999989410e-04 8.236900000000001859e-04 1.339560000000000056e-03 8.352100000000005093e-04 1.725552000000000000e+06 1.831017750000000000e+06
1.000000000000000000e+00 -1.116999999999999937e-01 8.229999999999999816e-02 -3.209999999999999659e-02 1.550999999999999879e-01 -2.916000000000000258e-01 -1.630999999999999950e-01 -1.133999999999999869e-01 7.799999999999999989e-02 2.484000000000000374e-01 -1.039000000000000201e-01 -2.675000000000000155e-01 -1.860000000000000542e-02 1.247688999999999916e-02 6.773289999999999519e-03 1.030409999999999833e-03 2.405600999999999573e-02 8.503056000000001891e-02 2.660160999999999776e-02 1.285955999999999731e-02 6.083999999999999998e-03 6.170256000000001739e-02 1.079521000000000473e-02 7.155625000000000180e-02 3.459600000000001910e-04 1.727990250000000000e+06 1.835296250000000000e+06
1.000000000000000000e+00 -9.969999999999999696e-02 -4.070000000000000007e-02 -3.932999999999999829e-01 2.709999999999999909e-02 2.189999999999999933e-02 -1.917999999999999983e-01 1.199999999999999678e-02 -1.229999999999999982e-01 -3.611999999999999655e-01 -1.280000000000000027e-01 3.135000000000000009e-01 -2.870000000000000329e-02 9.940089999999998649e-03 1.656490000000000046e-03 1.546848899999999916e-01 7.344099999999999023e-04 4.796099999999999973e-04 3.678723999999999883e-02 1.439999999999999223e-04 1.512900000000000009e-02 1.304654399999999881e-01 1.638399999999999926e-02 9.828225000000000156e-02 8.236900000000001859e-04 1.722217625000000000e+06 1.831694875000000000e+06
1.000000000000000000e+00 -1.743999999999999995e-01 1.899999999999999953e-02 -2.609000000000000208e-01 -4.920000000000000068e-02 2.013000000000000067e-01 -1.236000000000000015e-01 -7.470000000000000251e-02 5.970000000000000306e-02 1.323999999999999622e-01 -7.630000000000000671e-02 1.794000000000000039e-01 6.819999999999999674e-02 3.041535999999999892e-02 3.609999999999999928e-04 6.806881000000000737e-02 2.420639999999999945e-03 4.052169000000000604e-02 1.527696000000000089e-02 5.580090000000000224e-03 3.564090000000000227e-03 1.752975999999999146e-02 5.821690000000000892e-03 3.218436000000000213e-02 4.651239999999999195e-03 1.724137625000000000e+06 1.836146625000000000e+06
1.000000000000000000e+00 -1.461999999999999966e-01 8.740000000000000546e-02 -6.950000000000000622e-02 8.840000000000000635e-02 7.679999999999999327e-02 -1.239999999999999991e-01 2.820000000000000284e-02 6.840000000000000246e-02 1.914000000000000146e-01 1.376000000000000001e-01 -1.245000000000000134e-01 -3.999999999999975797e-04 2.137443999999999802e-02 7.638760000000001382e-03 4.830250000000001209e-03 7.814560000000001644e-03 5.898239999999999039e-03 1.537599999999999904e-02 7.952400000000001178e-04 4.678560000000000010e-03 3.663396000000000707e-02 1.893376000000000087e-02 1.550025000000000361e-02 1.599999999999980711e-07 1.723559875000000000e+06 1.834833250000000000e+06
1.000000000000000000e+00 -1.102999999999999953e-01 -5.129999999999999838e-02 -1.882999999999999952e-01 1.130000000000000032e-01 1.537000000000000033e-01 -1.401000000000000023e-01 3.590000000000000135e-02 -1.386999999999999900e-01 -1.187999999999999889e-01 2.459999999999999687e-02 7.690000000000001001e-02 -1.610000000000000320e-02 1.216608999999999920e-02 2.631689999999999897e-03 3.545688999999999785e-02 1.276900000000000084e-02 2.362369000000000274e-02 1.962801000000000129e-02 1.288810000000000042e-03 1.923768999999999826e-02 1.411343999999999793e-02 6.051599999999998777e-04 5.913610000000001435e-03 2.592100000000001152e-04 1.724160000000000000e+06 1.838057750000000000e+06
1.000000000000000000e+00 -1.264000000000000123e-01 -1.522000000000000020e-01 -3.598999999999999977e-01 8.010000000000000453e-02 3.138000000000000234e-01 -1.122999999999999970e-01 -1.610000000000001708e-02 -1.009000000000000036e-01 -1.716000000000000025e-01 -3.289999999999999869e-02 1.601000000000000201e-01 2.780000000000000526e-02 1.597696000000000185e-02 2.316483999999999904e-02 1.295280099999999990e-01 6.416010000000000636e-03 9.847044000000002018e-02 1.261128999999999896e-02 2.592100000000005489e-04 1.018081000000000021e-02 2.944656000000000010e-02 1.082410000000000013e-03 2.563201000000000715e-02 7.728400000000003323e-04 1.722218250000000000e+06 1.834460375000000000e+06
1.000000000000000000e+00 -4.320000000000000229e-02 -1.464000000000000024e-01 -3.600999999999999757e-01 1.313999999999999890e-01 4.515000000000000124e-01 -9.429999999999999494e-02 8.320000000000001006e-02 5.799999999999999600e-03 -1.999999999999779732e-04 5.129999999999998450e-02 1.376999999999999891e-01 1.800000000000000211e-02 1.866240000000000130e-03 2.143296000000000090e-02 1.296720099999999765e-01 1.726595999999999687e-02 2.038522500000000126e-01 8.892489999999999423e-03 6.922240000000001378e-03 3.363999999999999640e-05 3.999999999999118640e-08 2.631689999999998596e-03 1.896128999999999870e-02 3.240000000000000692e-04 1.724129375000000000e+06 1.836943250000000000e+06
1.000000000000000000e+00 -4.399999999999999745e-02 -9.840000000000000135e-02 -2.624000000000000221e-01 1.190999999999999975e-01 4.046000000000000152e-01 -9.529999999999999583e-02 -7.999999999999951594e-04 4.800000000000000100e-02 9.769999999999995355e-02 -1.229999999999999150e-02 -4.689999999999999725e-02 -1.000000000000000888e-03 1.935999999999999787e-03 9.682559999999999778e-03 6.885376000000001384e-02 1.418480999999999909e-02 1.637011600000000122e-01 9.082089999999999261e-03 6.399999999999922842e-07 2.304000000000000058e-03 9.545289999999991004e-03 1.512899999999997797e-04 2.199609999999999847e-03 1.000000000000001861e-06 1.722152000000000000e+06 1.832200375000000000e+06
1.000000000000000000e+00 5.120000000000000245e-02 -1.233000000000000068e-01 -4.086000000000000187e-01 3.110999999999999877e-01 2.033000000000000085e-01 -6.180000000000000077e-02 9.520000000000000684e-02 -2.490000000000000546e-02 -1.461999999999999966e-01 1.920000000000000040e-01 -2.013000000000000067e-01 3.349999999999999506e-02 2.621440000000000055e-03 1.520289000000000189e-02 1.669539600000000124e-01 9.678320999999999452e-02 4.133089000000000207e-02 3.819240000000000222e-03 9.063040000000001373e-03 6.200100000000002658e-04 2.137443999999999802e-02 3.686400000000000093e-02 4.052169000000000604e-02 1.122249999999999767e-03 1.720254750000000000e+06 1.828282250000000000e+06
1.000000000000000000e+00 5.279999999999999971e-02 -1.102000000000000063e-01 -4.148000000000000020e-01 3.462000000000000077e-01 8.309999999999999332e-02 -1.872000000000000053e-01 1.599999999999997258e-03 1.310000000000000053e-02 -6.199999999999983302e-03 3.510000000000002007e-02 -1.202000000000000152e-01 -1.254000000000000115e-01 2.787839999999999763e-03 1.214404000000000178e-02 1.720590399999999964e-01 1.198544400000000065e-01 6.905609999999998659e-03 3.504383999999999971e-02 2.559999999999991160e-06 1.716100000000000188e-04 3.843999999999979459e-05 1.232010000000001481e-03 1.444804000000000400e-02 1.572516000000000191e-02 1.722191750000000000e+06 1.822166250000000000e+06
1.000000000000000000e+00 -9.799999999999999684e-03 -2.879999999999999921e-02 -1.200999999999999984e-01 2.589000000000000190e-01 1.500000000000000031e-03 -1.150000000000000050e-01 -6.260000000000000286e-02 8.140000000000000013e-02 2.947000000000000175e-01 -8.729999999999998872e-02 -8.159999999999999198e-02 7.220000000000000029e-02 9.603999999999999527e-05 8.294399999999999733e-04 1.442400999999999926e-02 6.702921000000000573e-02 2.250000000000000057e-06 1.322500000000000064e-02 3.918760000000000299e-03 6.625960000000000183e-03 8.684809000000001666e-02 7.621289999999998448e-03 6.658559999999998265e-03 5.212839999999999835e-03 1.718106875000000000e+06 1.819630500000000000e+06
1.000000000000000000e+00 2.399999999999999790e-03 -4.680000000000000132e-02 -2.489999999999999991e-01 2.818999999999999839e-01 6.660000000000000642e-02 -1.565999999999999892e-01 1.219999999999999904e-02 -1.800000000000000211e-02 -1.289000000000000146e-01 2.299999999999996492e-02 6.510000000000000508e-02 -4.159999999999998421e-02 5.759999999999999062e-06 2.190239999999999982e-03 6.200100000000000056e-02 7.946760999999999409e-02 4.435560000000000717e-03 2.452355999999999633e-02 1.488399999999999641e-04 3.240000000000000692e-04 1.661521000000000525e-02 5.289999999999984385e-04 4.238010000000000388e-03 1.730559999999998610e-03 1.723045500000000000e+06 1.827764500000000000e+06
1.000000000000000000e+00 -6.429999999999999605e-02 -8.050000000000000211e-02 -4.273000000000000131e-01 8.939999999999999336e-02 4.082000000000000073e-01 -1.875999999999999890e-01 -6.669999999999999540e-02 -3.370000000000000079e-02 -1.783000000000000140e-01 -1.925000000000000044e-01 3.416000000000000147e-01 -3.099999999999999978e-02 4.134489999999999346e-03 6.480250000000000767e-03 1.825852900000000112e-01 7.992359999999998701e-03 1.666272400000000098e-01 3.519375999999999755e-02 4.448889999999999616e-03 1.135689999999999963e-03 3.179089000000000220e-02 3.705624999999999891e-02 1.166905600000000126e-01 9.609999999999999402e-04 1.724525000000000000e+06 1.836241125000000000e+06
1.000000000000000000e+00 -7.399999999999999634e-02 -2.999999999999999889e-02 -2.887000000000000122e-01 9.600000000000000200e-02 3.955000000000000182e-01 -5.040000000000000036e-02 -9.700000000000000289e-03 5.050000000000000322e-02 1.386000000000000010e-01 6.600000000000008638e-03 -1.269999999999998908e-02 1.371999999999999886e-01 5.475999999999999097e-03 8.999999999999999754e-04 8.334769000000000205e-02 9.216000000000000233e-03 1.564202500000000107e-01 2.540160000000000074e-03 9.409000000000000208e-05 2.550250000000000433e-03 1.920996000000000162e-02 4.356000000000011149e-05 1.612899999999997246e-04 1.882383999999999794e-02 1.723795750000000000e+06 1.833900000000000000e+06
1.000000000000000000e+00 -4.900000000000000189e-02 -3.919999999999999873e-02 -4.440000000000000058e-01 2.283999999999999919e-01 2.338999999999999968e-01 -1.242999999999999938e-01 2.499999999999999445e-02 -9.199999999999999845e-03 -1.552999999999999936e-01 1.323999999999999899e-01 -1.616000000000000214e-01 -7.389999999999999347e-02 2.401000000000000356e-03 1.536639999999999924e-03 1.971360000000000057e-01 5.216655999999999377e-02 5.470921000000000117e-02 1.545048999999999902e-02 6.249999999999996877e-04 8.464000000000000278e-05 2.411808999999999828e-02 1.752975999999999840e-02 2.611456000000000541e-02 5.461209999999999329e-03 1.720697250000000000e+06 1.832663250000000000e+06
1.000000000000000000e+00 -4.019999999999999962e-02 -1.638000000000000012e-01 -5.901999999999999469e-01 2.218999999999999861e-01 3.241999999999999882e-01 -7.349999999999999589e-02 8.800000000000002265e-03 -1.246000000000000024e-01 -1.461999999999999411e-01 -6.500000000000005773e-03 9.029999999999999138e-02 5.079999999999999793e-02 1.616040000000000011e-03 2.683044000000000054e-02 3.483360399999999579e-01 4.923960999999999616e-02 1.051056399999999863e-01 5.402249999999999067e-03 7.744000000000004461e-05 1.552516000000000139e-02 2.137443999999998415e-02 4.225000000000007829e-05 8.154089999999999255e-03 2.580639999999999930e-03 1.722735500000000000e+06 1.831215250000000000e+06
1.000000000000000000e+00 -8.759999999999999731e-02 -5.240000000000000213e-02 -2.321000000000000008e-01 1.144000000000000017e-01 2.923000000000000043e-01 -1.418000000000000094e-01 -4.739999999999999769e-02 1.113999999999999990e-01 3.580999999999999739e-01 -1.074999999999999845e-01 -3.189999999999998392e-02 -6.830000000000001348e-02 7.673759999999999956e-03 2.745760000000000301e-03 5.387041000000000052e-02 1.308736000000000101e-02 8.543929000000000107e-02 2.010724000000000192e-02 2.246759999999999990e-03 1.240995999999999939e-02 1.282356099999999721e-01 1.155624999999999708e-02 1.017609999999998871e-03 4.664890000000002264e-03 1.722697000000000000e+06 1.831357250000000000e+06
1.000000000000000000e+00 -1.290000000000000036e-01 -3.849999999999999950e-02 -5.460000000000000270e-02 1.487999999999999878e-01 1.865999999999999881e-01 -9.929999999999999938e-02 -4.140000000000000624e-02 1.390000000000000263e-02 1.774999999999999911e-01 3.439999999999998614e-02 -1.057000000000000162e-01 4.250000000000000999e-02 1.664099999999999954e-02 1.482250000000000061e-03 2.981160000000000494e-03 2.214143999999999488e-02 3.481955999999999246e-02 9.860489999999999533e-03 1.713960000000000483e-03 1.932100000000000831e-04 3.150624999999999953e-02 1.183359999999998970e-03 1.117249000000000367e-02 1.806250000000000780e-03 1.723206875000000000e+06 1.832638875000000000e+06
1.000000000000000000e+00 -7.839999999999999747e-02 -1.178000000000000019e-01 -4.133000000000000007e-01 1.269000000000000128e-01 2.020000000000000129e-01 -1.932000000000000106e-01 5.060000000000000608e-02 -7.930000000000000937e-02 -3.587000000000000188e-01 -2.189999999999997504e-02 1.540000000000002478e-02 -9.390000000000001124e-02 6.146559999999999697e-03 1.387683999999999966e-02 1.708168899999999990e-01 1.610361000000000431e-02 4.080400000000000693e-02 3.732624000000000358e-02 2.560360000000000674e-03 6.288490000000001613e-03 1.286656900000000270e-01 4.796099999999989131e-04 2.371600000000007719e-04 8.817210000000002407e-03 1.720488375000000000e+06 1.826540000000000000e+06
1.000000000000000000e+00 -2.019999999999999921e-02 -1.338999999999999913e-01 -5.356999999999999540e-01 1.713000000000000078e-01 2.980999999999999761e-01 -1.320999999999999952e-01 5.820000000000000173e-02 -1.609999999999998932e-02 -1.223999999999999533e-01 4.439999999999999503e-02 9.609999999999996323e-02 6.110000000000001541e-02 4.080399999999999761e-04 1.792920999999999751e-02 2.869744899999999710e-01 2.934369000000000213e-02 8.886360999999998178e-02 1.745040999999999953e-02 3.387240000000000129e-03 2.592099999999996815e-04 1.498175999999998807e-02 1.971359999999999692e-03 9.235209999999993702e-03 3.733210000000001996e-03 1.721076000000000000e+06 1.830723750000000000e+06
1.000000000000000000e+00 -4.599999999999999922e-03 -3.169999999999999901e-02 -9.270000000000000462e-02 2.953000000000000069e-01 8.699999999999999400e-02 -1.018000000000000016e-01 1.559999999999999928e-02 1.021999999999999853e-01 4.429999999999999494e-01 1.239999999999999991e-01 -2.110999999999999821e-01 3.029999999999999361e-02 2.116000000000000069e-05 1.004890000000000037e-03 8.593290000000001691e-03 8.720209000000000987e-02 7.568999999999999340e-03 1.036324000000000099e-02 2.433599999999999739e-04 1.044483999999999690e-02 1.962489999999999513e-01 1.537599999999999904e-02 4.456320999999999199e-02 9.180899999999996616e-04 1.720570625000000000e+06 1.823277375000000000e+06
