1.000000000000000000e+00 0.000000000000000000e+00 -0.000000000000000000e+00 -0.000000000000000000e+00 0.000000000000000000e+00 0.000000000000000000e+00 -0.000000000000000000e+00 0.000000000000000000e+00 0.000000000000000000e+00 0.000000000000000000e+00 0.000000000000000000e+00 0.000000000000000000e+00 0.000000000000000000e+00 0.000000000000000000e+00 0.000000000000000000e+00 0.000000000000000000e+00 0.000000000000000000e+00 0.000000000000000000e+00 0.000000000000000000e+00 0.000000000000000000e+00 0.000000000000000000e+00 0.000000000000000000e+00 0.000000000000000000e+00 0.000000000000000000e+00 0.000000000000000000e+00 1.633498906250000000e+05 1.794817187500000000e+05
1.000000000000000000e+00 -8.099999999999999561e-03 7.700000000000000247e-03 -7.660000000000000142e-02 4.000000000000000083e-03 -1.119999999999999989e-02 -1.529999999999999936e-02 -8.099999999999999561e-03 7.700000000000000247e-03 -7.660000000000000142e-02 4.000000000000000083e-03 -1.119999999999999989e-02 -1.529999999999999936e-02 6.560999999999999016e-05 5.929000000000000324e-05 5.867559999999999963e-03 1.599999999999999928e-05 1.254399999999999916e-04 2.340899999999999763e-04 6.560999999999999016e-05 5.929000000000000324e-05 5.867559999999999963e-03 1.599999999999999928e-05 1.254399999999999916e-04 2.340899999999999763e-04 1.635115312500000000e+05 1.794696875000000000e+05
1.000000000000000000e+00 -1.799999999999999951e-03 3.069999999999999951e-01 -3.509999999999999926e-02 -6.569999999999999452e-02 2.889999999999999861e-02 3.899999999999999821e-03 6.300000000000000044e-03 2.993000000000000105e-01 4.150000000000000216e-02 -6.969999999999999807e-02 4.009999999999999676e-02 1.919999999999999832e-02 3.239999999999999896e-06 9.424899999999999944e-02 1.232009999999999963e-03 4.316489999999999216e-03 8.352099999999999672e-04 1.520999999999999837e-05 3.969000000000000116e-05 8.958049000000001261e-02 1.722250000000000256e-03 4.858089999999999804e-03 1.608009999999999778e-03 3.686399999999999400e-04 1.634124843750000000e+05 1.793920312500000000e+05
1.000000000000000000e+00 1.340000000000000045e-02 3.337999999999999856e-01 -3.599999999999999728e-02 -5.229999999999999927e-02 -2.899999999999999800e-03 -8.000000000000000383e-04 1.519999999999999997e-02 2.679999999999999050e-02 -8.999999999999980238e-04 1.339999999999999525e-02 -3.179999999999999494e-02 -4.700000000000000185e-03 1.795600000000000223e-04 1.114224399999999837e-01 1.295999999999999843e-03 2.735290000000000030e-03 8.409999999999999101e-06 6.400000000000000134e-07 2.310400000000000106e-04 7.182399999999994388e-04 8.099999999999964799e-07 1.795599999999998597e-04 1.011239999999999622e-03 2.209000000000000026e-05 1.633378593750000000e+05 1.793455312500000000e+05
1.000000000000000000e+00 -1.310000000000000053e-02 1.338000000000000023e-01 2.539999999999999897e-02 -8.319999999999999618e-02 -2.900000000000000147e-02 1.540000000000000049e-02 -2.650000000000000272e-02 -1.999999999999999833e-01 6.139999999999999625e-02 -3.089999999999999691e-02 -2.610000000000000167e-02 1.619999999999999912e-02 1.716100000000000188e-04 1.790244000000000210e-02 6.451599999999999826e-04 6.922239999999999643e-03 8.410000000000000591e-04 2.371600000000000129e-04 7.022500000000001831e-04 3.999999999999999389e-02 3.769959999999999718e-03 9.548099999999998385e-04 6.812100000000001271e-04 2.624399999999999606e-04 1.635314218750000000e+05 1.795301718750000000e+05
1.000000000000000000e+00 -1.450000000000000074e-02 1.381999999999999895e-01 4.200000000000000261e-02 -5.899999999999999689e-02 5.179999999999999882e-02 4.329999999999999821e-02 -1.400000000000000203e-03 4.399999999999987255e-03 1.660000000000000364e-02 2.419999999999999929e-02 8.079999999999999682e-02 2.789999999999999772e-02 2.102500000000000148e-04 1.909923999999999650e-02 1.764000000000000160e-03 3.480999999999999719e-03 2.683239999999999931e-03 1.874889999999999933e-03 1.960000000000000716e-06 1.935999999999988918e-05 2.755600000000001061e-04 5.856400000000000104e-04 6.528639999999999617e-03 7.784099999999998876e-04 1.635214218750000000e+05 1.798045000000000000e+05
1.000000000000000000e+00 6.499999999999999702e-03 1.416000000000000036e-01 -1.060000000000000005e-02 -4.059999999999999720e-02 1.040999999999999981e-01 1.689999999999999836e-02 2.100000000000000130e-02 3.400000000000014122e-03 -5.260000000000000092e-02 1.839999999999999969e-02 5.229999999999999927e-02 -2.639999999999999986e-02 4.224999999999999698e-05 2.005056000000000199e-02 1.123600000000000016e-04 1.648359999999999756e-03 1.083680999999999880e-02 2.856099999999999438e-04 4.410000000000000400e-04 1.156000000000009600e-05 2.766760000000000053e-03 3.385600000000000111e-04 2.735290000000000030e-03 6.969599999999999407e-04 1.632824531250000000e+05 1.789634062500000000e+05
1.000000000000000000e+00 -1.060000000000000005e-02 1.743999999999999995e-01 -8.899999999999999925e-03 -6.210000000000000242e-02 7.720000000000000473e-02 5.400000000000000286e-03 -1.710000000000000062e-02 3.279999999999999583e-02 1.700000000000000122e-03 -2.150000000000000522e-02 -2.689999999999999336e-02 -1.149999999999999807e-02 1.123600000000000016e-04 3.041535999999999892e-02 7.920999999999999547e-05 3.856410000000000220e-03 5.959840000000000970e-03 2.916000000000000203e-05 2.924100000000000006e-04 1.075839999999999783e-03 2.890000000000000282e-06 4.622500000000002041e-04 7.236099999999996398e-04 1.322499999999999620e-04 1.629859843750000000e+05 1.785915937500000000e+05
1.000000000000000000e+00 9.100000000000000450e-03 1.759999999999999898e-01 -3.740000000000000269e-02 -4.309999999999999942e-02 3.169999999999999901e-02 -1.110000000000000049e-02 1.970000000000000223e-02 1.599999999999990319e-03 -2.850000000000000450e-02 1.900000000000000300e-02 -4.550000000000000572e-02 -1.650000000000000078e-02 8.281000000000000166e-05 3.097599999999999659e-02 1.398760000000000194e-03 1.857609999999999990e-03 1.004890000000000037e-03 1.232100000000000079e-04 3.880900000000001146e-04 2.559999999999969137e-06 8.122500000000002548e-04 3.610000000000001012e-04 2.070250000000000475e-03 2.722500000000000310e-04 1.634190781250000000e+05 1.793003750000000000e+05
1.000000000000000000e+00 -1.170000000000000033e-02 3.297999999999999821e-01 -3.860000000000000236e-02 -6.660000000000000642e-02 8.129999999999999727e-02 4.390000000000000152e-02 -2.079999999999999905e-02 1.537999999999999923e-01 -1.199999999999999678e-03 -2.350000000000000699e-02 4.959999999999999826e-02 5.500000000000000028e-02 1.368899999999999989e-04 1.087680399999999825e-01 1.489960000000000243e-03 4.435560000000000717e-03 6.609689999999999663e-03 1.927210000000000164e-03 4.326399999999999777e-04 2.365443999999999880e-02 1.439999999999999130e-06 5.522500000000003318e-04 2.460159999999999864e-03 3.024999999999999911e-03 1.637880000000000000e+05 1.795227187500000000e+05
1.000000000000000000e+00 -1.299999999999999940e-02 2.535999999999999921e-01 -1.028000000000000025e-01 -1.011999999999999983e-01 -3.339999999999999913e-02 1.689999999999999836e-02 -1.299999999999999073e-03 -7.619999999999998996e-02 -6.420000000000000706e-02 -3.459999999999999187e-02 -1.146999999999999964e-01 -2.700000000000000316e-02 1.689999999999999879e-04 6.431296000000000235e-02 1.056784000000000022e-02 1.024143999999999922e-02 1.115560000000000032e-03 2.856099999999999438e-04 1.689999999999997584e-06 5.806439999999998651e-03 4.121640000000001067e-03 1.197159999999999414e-03 1.315608999999999876e-02 7.290000000000001557e-04 1.637719843750000000e+05 1.797938437500000000e+05
1.000000000000000000e+00 -1.799999999999999864e-02 8.089999999999999969e-02 7.030000000000000138e-02 -9.520000000000000684e-02 -1.688999999999999946e-01 1.430000000000000021e-02 -4.999999999999999237e-03 -1.726999999999999924e-01 1.731000000000000039e-01 5.999999999999991451e-03 -1.355000000000000093e-01 -2.599999999999998146e-03 3.239999999999999608e-04 6.544809999999999864e-03 4.942090000000000545e-03 9.063040000000001373e-03 2.852720999999999729e-02 2.044900000000000157e-04 2.499999999999999103e-05 2.982528999999999736e-02 2.996361000000000163e-02 3.599999999999989927e-05 1.836025000000000157e-02 6.759999999999990334e-06 1.635693125000000000e+05 1.792350937500000000e+05
1.000000000000000000e+00 -1.409999999999999969e-02 1.812000000000000000e-01 2.842000000000000082e-01 -6.479999999999999649e-02 -1.522000000000000020e-01 1.600000000000000033e-02 3.899999999999998954e-03 1.003000000000000003e-01 2.139000000000000068e-01 3.040000000000001035e-02 1.669999999999999263e-02 1.700000000000000122e-03 1.988100000000000023e-04 3.283343999999999846e-02 8.076964000000000365e-02 4.199039999999999370e-03 2.316483999999999904e-02 2.559999999999999884e-04 1.520999999999999159e-05 1.006009000000000070e-02 4.575321000000000249e-02 9.241600000000005843e-04 2.788899999999997371e-04 2.890000000000000282e-06 1.630973906250000000e+05 1.785095937500000000e+05
1.000000000000000000e+00 -2.799999999999999972e-03 1.981999999999999873e-01 9.239999999999999603e-02 -8.050000000000000211e-02 -8.970000000000000195e-02 -2.500000000000000052e-03 1.129999999999999928e-02 1.699999999999998734e-02 -1.918000000000000260e-01 -1.570000000000000562e-02 6.250000000000000000e-02 -1.849999999999999908e-02 7.839999999999999476e-06 3.928323999999999705e-02 8.537759999999998406e-03 6.480250000000000767e-03 8.046090000000000533e-03 6.250000000000000300e-06 1.276899999999999921e-04 2.889999999999995437e-04 3.678724000000001271e-02 2.464900000000001964e-04 3.906250000000000000e-03 3.422499999999999436e-04 1.631317968750000000e+05 1.784949218750000000e+05
1.000000000000000000e+00 2.019999999999999921e-02 3.261000000000000010e-01 -4.510000000000000120e-02 -1.710000000000000062e-02 1.600000000000000077e-03 -4.429999999999999910e-02 2.299999999999999961e-02 1.279000000000000137e-01 -1.375000000000000111e-01 6.339999999999999802e-02 9.130000000000000615e-02 -4.179999999999999688e-02 4.080399999999999761e-04 1.063412100000000055e-01 2.034010000000000158e-03 2.924100000000000006e-04 2.560000000000000054e-06 1.962489999999999894e-03 5.289999999999999564e-04 1.635841000000000378e-02 1.890625000000000291e-02 4.019560000000000147e-03 8.335690000000001501e-03 1.747239999999999731e-03 1.633137656250000000e+05 1.794011718750000000e+05
1.000000000000000000e+00 1.299999999999999940e-03 2.999999999999999889e-01 -4.830000000000000265e-02 -6.690000000000000113e-02 2.079999999999999905e-02 -1.949999999999999997e-02 -1.890000000000000013e-02 -2.610000000000001208e-02 -3.200000000000001454e-03 -4.979999999999999705e-02 1.919999999999999832e-02 2.479999999999999913e-02 1.689999999999999913e-06 8.999999999999999667e-02 2.332890000000000224e-03 4.475610000000000525e-03 4.326399999999999777e-04 3.802499999999999999e-04 3.572100000000000036e-04 6.812100000000006692e-04 1.024000000000000868e-05 2.480039999999999762e-03 3.686399999999999400e-04 6.150399999999999661e-04 1.627398750000000000e+05 1.784803281250000000e+05
1.000000000000000000e+00 1.149999999999999981e-02 1.390000000000000124e-01 -6.999999999999999929e-04 -6.400000000000000307e-03 1.839999999999999969e-02 -5.120000000000000245e-02 1.020000000000000073e-02 -1.609999999999999765e-01 4.760000000000000342e-02 6.049999999999999822e-02 -2.399999999999999356e-03 -3.170000000000000595e-02 1.322499999999999891e-04 1.932100000000000484e-02 4.899999999999999672e-07 4.096000000000000086e-05 3.385600000000000111e-04 2.621440000000000055e-03 1.040400000000000135e-04 2.592099999999999266e-02 2.265760000000000343e-03 3.660249999999999875e-03 5.759999999999996521e-06 1.004890000000000470e-03 1.628952500000000000e+05 1.786461250000000000e+05
1.000000000000000000e+00 -2.259999999999999856e-02 1.534000000000000086e-01 2.259999999999999856e-02 -8.429999999999999993e-02 -5.639999999999999875e-02 -4.240000000000000019e-02 -3.409999999999999837e-02 1.439999999999999614e-02 2.329999999999999780e-02 -7.789999999999999702e-02 -7.480000000000000537e-02 8.800000000000002265e-03 5.107599999999999684e-04 2.353156000000000345e-02 5.107599999999999684e-04 7.106490000000000029e-03 3.180960000000000037e-03 1.797760000000000026e-03 1.162809999999999799e-03 2.073599999999998849e-04 5.428899999999998657e-04 6.068409999999999777e-03 5.595040000000000777e-03 7.744000000000004461e-05 1.632760625000000000e+05 1.791236875000000000e+05
1.000000000000000000e+00 -2.910000000000000087e-02 1.794999999999999929e-01 9.070000000000000284e-02 -2.740000000000000074e-02 -6.450000000000000178e-02 -7.960000000000000409e-02 -6.500000000000002304e-03 2.609999999999998432e-02 6.810000000000000775e-02 5.689999999999999919e-02 -8.100000000000003031e-03 -3.720000000000000390e-02 8.468100000000000323e-04 3.222024999999999889e-02 8.226490000000001232e-03 7.507600000000000558e-04 4.160249999999999886e-03 6.336160000000000403e-03 4.225000000000003086e-05 6.812099999999991513e-04 4.637610000000001211e-03 3.237609999999999707e-03 6.561000000000004437e-05 1.383840000000000330e-03 1.635278750000000000e+05 1.795907500000000000e+05
1.000000000000000000e+00 -3.119999999999999857e-02 1.763000000000000123e-01 -1.779999999999999985e-02 -7.799999999999999989e-02 -2.599999999999999881e-02 -4.710000000000000298e-02 -2.099999999999997702e-03 -3.199999999999980638e-03 -1.084999999999999992e-01 -5.059999999999999915e-02 3.850000000000000644e-02 3.250000000000000111e-02 9.734399999999998956e-04 3.108169000000000556e-02 3.168399999999999819e-04 6.083999999999999998e-03 6.759999999999999516e-04 2.218410000000000087e-03 4.409999999999989964e-06 1.023999999999987655e-05 1.177224999999999973e-02 2.560359999999999806e-03 1.482250000000000494e-03 1.056250000000000114e-03 1.632381093750000000e+05 1.791261406250000000e+05
1.000000000000000000e+00 2.000000000000000096e-04 1.635000000000000064e-01 -1.305000000000000049e-01 5.700000000000000205e-03 -2.120000000000000009e-02 -4.019999999999999962e-02 3.139999999999999736e-02 -1.280000000000000582e-02 -1.127000000000000085e-01 8.369999999999999662e-02 4.799999999999998712e-03 6.900000000000003353e-03 4.000000000000000084e-08 2.673225000000000254e-02 1.703025000000000025e-02 3.249000000000000233e-05 4.494400000000000066e-04 1.616040000000000011e-03 9.859599999999999181e-04 1.638400000000001390e-04 1.270129000000000223e-02 7.005689999999999314e-03 2.303999999999998608e-05 4.761000000000004730e-05 1.629497187500000000e+05 1.789220937500000000e+05
1.000000000000000000e+00 -2.249999999999999917e-02 2.225000000000000033e-01 1.990000000000000102e-02 -4.769999999999999934e-02 4.300000000000000003e-03 -6.769999999999999629e-02 -2.269999999999999796e-02 5.899999999999999689e-02 1.504000000000000059e-01 -5.340000000000000302e-02 2.550000000000000183e-02 -2.749999999999999667e-02 5.062499999999999726e-04 4.950625000000000164e-02 3.960100000000000252e-04 2.275290000000000125e-03 1.849000000000000085e-05 4.583289999999999413e-03 5.152899999999999538e-04 3.480999999999999719e-03 2.262016000000000027e-02 2.851560000000000379e-03 6.502500000000001118e-04 7.562499999999998694e-04 1.632335468750000000e+05 1.793582343750000000e+05
1.000000000000000000e+00 2.000000000000000042e-03 2.447000000000000008e-01 7.470000000000000251e-02 -1.739999999999999880e-02 1.299999999999999940e-02 -6.740000000000000158e-02 2.450000000000000094e-02 2.219999999999999751e-02 5.480000000000000149e-02 3.030000000000000054e-02 8.699999999999999400e-03 2.999999999999947153e-04 3.999999999999999819e-06 5.987809000000000187e-02 5.580090000000000224e-03 3.027599999999999541e-04 1.689999999999999879e-04 4.542759999999999854e-03 6.002500000000000890e-04 4.928399999999999231e-04 3.003040000000000223e-03 9.180899999999999868e-04 7.568999999999998852e-05 8.999999999999683544e-08 1.627973125000000000e+05 1.785810000000000000e+05
1.000000000000000000e+00 2.369999999999999885e-02 8.559999999999999554e-02 -5.685999999999999943e-01 -7.839999999999999747e-02 3.919999999999999873e-02 -7.699999999999999900e-02 2.169999999999999707e-02 -1.591000000000000192e-01 -6.432999999999999829e-01 -6.099999999999999867e-02 2.620000000000000107e-02 -9.599999999999997424e-03 5.616899999999999974e-04 7.327359999999998909e-03 3.233059600000000033e-01 6.146559999999999697e-03 1.536639999999999924e-03 5.929000000000000242e-03 4.708899999999998504e-04 2.531281000000000503e-02 4.138348899999999553e-01 3.720999999999999915e-03 6.864400000000000753e-04 9.215999999999994433e-05 1.611369375000000000e+05 1.750298593750000000e+05
1.000000000000000000e+00 -2.100000000000000130e-02 1.819999999999999951e-01 -1.050000000000000065e-02 -8.599999999999999312e-02 -6.660000000000000642e-02 -5.480000000000000149e-02 -4.470000000000000362e-02 9.639999999999999958e-02 5.581000000000000405e-01 -7.599999999999995648e-03 -1.058000000000000052e-01 2.219999999999999751e-02 4.410000000000000400e-04 3.312400000000000067e-02 1.102500000000000100e-04 7.395999999999998929e-03 4.435560000000000717e-03 3.003040000000000223e-03 1.998090000000000109e-03 9.292959999999999415e-03 3.114756100000000694e-01 5.775999999999993488e-05 1.119364000000000123e-02 4.928399999999999231e-04 1.631582187500000000e+05 1.799509062500000000e+05
1.000000000000000000e+00 -4.700000000000000185e-03 3.728000000000000203e-01 5.544000000000000039e-01 -8.069999999999999396e-02 -5.609999999999999709e-02 -7.149999999999999412e-02 1.630000000000000199e-02 1.908000000000000251e-01 5.648999999999999577e-01 5.299999999999999156e-03 1.050000000000000933e-02 -1.669999999999999263e-02 2.209000000000000026e-05 1.389798400000000211e-01 3.073593600000000259e-01 6.512489999999999252e-03 3.147209999999999678e-03 5.112249999999998740e-03 2.656900000000000667e-04 3.640464000000000894e-02 3.191120099999999460e-01 2.808999999999999025e-05 1.102500000000001997e-04 2.788899999999997371e-04 1.629763437500000000e+05 1.777103281250000000e+05
1.000000000000000000e+00 1.679999999999999896e-02 2.129000000000000059e-01 -2.210000000000000159e-02 -4.560000000000000164e-02 -3.640000000000000180e-02 -9.080000000000000571e-02 2.149999999999999828e-02 -1.599000000000000143e-01 -5.765000000000000124e-01 3.509999999999999232e-02 1.969999999999999529e-02 -1.930000000000001159e-02 2.822399999999999540e-04 4.532641000000000447e-02 4.884100000000001027e-04 2.079360000000000149e-03 1.324960000000000027e-03 8.244640000000000996e-03 4.622499999999999331e-04 2.556801000000000559e-02 3.323522500000000157e-01 1.232009999999999529e-03 3.880899999999997893e-04 3.724900000000004401e-04 1.630329843750000000e+05 1.787597031250000000e+05
1.000000000000000000e+00 5.999999999999999474e-04 4.162000000000000144e-01 1.319999999999999993e-02 -4.979999999999999705e-02 4.710000000000000298e-02 -1.218999999999999945e-01 -1.619999999999999912e-02 2.033000000000000085e-01 3.529999999999999805e-02 -4.199999999999995404e-03 8.350000000000000477e-02 -3.109999999999998876e-02 3.599999999999999414e-07 1.732224400000000053e-01 1.742399999999999852e-04 2.480039999999999762e-03 2.218410000000000087e-03 1.485960999999999879e-02 2.624399999999999606e-04 4.133089000000000207e-02 1.246089999999999828e-03 1.763999999999995986e-05 6.972250000000001016e-03 9.672099999999992726e-04 1.630037812500000000e+05 1.787857031250000000e+05
1.000000000000000000e+00 -3.930000000000000160e-02 2.576999999999999846e-01 7.670000000000000429e-02 -7.159999999999999698e-02 -1.156999999999999973e-01 -4.569999999999999757e-02 -3.990000000000000491e-02 -1.585000000000000298e-01 6.350000000000000089e-02 -2.179999999999999993e-02 -1.628000000000000003e-01 7.619999999999998996e-02 1.544490000000000142e-03 6.640928999999999582e-02 5.882890000000000862e-03 5.126559999999999624e-03 1.338648999999999915e-02 2.088489999999999704e-03 1.592010000000000473e-03 2.512225000000000916e-02 4.032250000000000244e-03 4.752399999999999832e-04 2.650384000000000073e-02 5.806439999999998651e-03 1.626403750000000000e+05 1.782834687500000000e+05
1.000000000000000000e+00 -5.659999999999999754e-02 -5.199999999999999761e-03 2.239999999999999977e-02 -1.297000000000000097e-01 -1.429999999999999882e-01 -8.110000000000000542e-02 -1.729999999999999594e-02 -2.628999999999999670e-01 -5.430000000000000104e-02 -5.810000000000001275e-02 -2.729999999999999094e-02 -3.540000000000000785e-02 3.203559999999999828e-03 2.703999999999999861e-05 5.017599999999999665e-04 1.682209000000000135e-02 2.044899999999999496e-02 6.577210000000000868e-03 2.992899999999998535e-04 6.911640999999998924e-02 2.948490000000000225e-03 3.375610000000001543e-03 7.452899999999994729e-04 1.253160000000000558e-03 1.632326718750000000e+05 1.792469218750000000e+05
1.000000000000000000e+00 -4.950000000000000233e-02 2.175999999999999879e-01 9.700000000000000289e-03 -1.149000000000000021e-01 -5.240000000000000213e-02 -7.340000000000000691e-02 7.099999999999995204e-03 2.227999999999999980e-01 -1.269999999999999948e-02 1.480000000000000759e-02 9.059999999999998610e-02 7.699999999999998512e-03 2.450250000000000171e-03 4.734975999999999768e-02 9.409000000000000208e-05 1.320201000000000013e-02 2.745760000000000301e-03 5.387560000000001306e-03 5.040999999999993240e-05 4.963983999999999758e-02 1.612899999999999957e-04 2.190400000000002339e-04 8.208359999999997880e-03 5.928999999999997613e-05 1.631674531250000000e+05 1.788538750000000000e+05
1.000000000000000000e+00 -4.560000000000000164e-02 2.283000000000000029e-01 8.709999999999999687e-02 -1.859999999999999848e-02 -9.539999999999999869e-02 -5.589999999999999830e-02 3.900000000000000688e-03 1.070000000000001505e-02 7.739999999999999658e-02 9.629999999999999671e-02 -4.299999999999999656e-02 1.750000000000000860e-02 2.079360000000000149e-03 5.212089000000000305e-02 7.586409999999999161e-03 3.459599999999999199e-04 9.101160000000000500e-03 3.124810000000000001e-03 1.521000000000000515e-05 1.144900000000003218e-04 5.990759999999999488e-03 9.273689999999999364e-03 1.848999999999999732e-03 3.062500000000003154e-04 1.631510781250000000e+05 1.786411250000000000e+05
1.000000000000000000e+00 -5.160000000000000003e-02 3.305000000000000160e-01 9.650000000000000244e-02 -2.400000000000000050e-02 -7.149999999999999412e-02 -1.039999999999999952e-01 -5.999999999999998390e-03 1.022000000000000131e-01 9.400000000000005573e-03 -5.400000000000002021e-03 2.390000000000000457e-02 -4.809999999999999692e-02 2.662560000000000014e-03 1.092302500000000148e-01 9.312250000000001082e-03 5.760000000000000146e-04 5.112249999999998740e-03 1.081599999999999923e-02 3.599999999999998058e-05 1.044484000000000211e-02 8.836000000000010946e-05 2.916000000000002236e-05 5.712100000000002722e-04 2.313609999999999799e-03 1.627730625000000000e+05 1.789486718750000000e+05
1.000000000000000000e+00 -4.540000000000000285e-02 1.978999999999999926e-01 -1.151999999999999968e-01 -2.869999999999999982e-02 -1.540999999999999870e-01 -9.220000000000000417e-02 6.199999999999997180e-03 -1.326000000000000234e-01 -2.116999999999999993e-01 -4.699999999999999317e-03 -8.259999999999999287e-02 1.179999999999999105e-02 2.061160000000000249e-03 3.916440999999999673e-02 1.327103999999999957e-02 8.236899999999999691e-04 2.374680999999999667e-02 8.500840000000000826e-03 3.843999999999996400e-05 1.758276000000000630e-02 4.481688999999999812e-02 2.208999999999999348e-05 6.822759999999998895e-03 1.392399999999997849e-04 1.630074531250000000e+05 1.787274375000000000e+05
1.000000000000000000e+00 -3.799999999999999906e-02 2.340000000000000066e-02 -1.100000000000000006e-01 -2.160000000000000114e-02 -1.968999999999999917e-01 -9.320000000000000506e-02 7.400000000000003797e-03 -1.744999999999999885e-01 5.199999999999996292e-03 7.099999999999998673e-03 -4.280000000000000471e-02 -1.000000000000000888e-03 1.443999999999999971e-03 5.475599999999999955e-04 1.209999999999999964e-02 4.665600000000000324e-04 3.876960999999999602e-02 8.686240000000001321e-03 5.476000000000005847e-05 3.045024999999999468e-02 2.703999999999996134e-05 5.040999999999997984e-05 1.831840000000000378e-03 1.000000000000001861e-06 1.630819375000000000e+05 1.789129062500000000e+05
1.000000000000000000e+00 -5.700000000000000205e-02 1.935000000000000053e-01 7.870000000000000606e-02 -2.409999999999999989e-02 -1.015000000000000069e-01 -6.539999999999999980e-02 -1.900000000000000300e-02 1.701000000000000012e-01 1.887000000000000066e-01 -2.499999999999998751e-03 9.539999999999998481e-02 2.780000000000000526e-02 3.249000000000000152e-03 3.744225000000000331e-02 6.193690000000000827e-03 5.808099999999999635e-04 1.030225000000000064e-02 4.277160000000000337e-03 3.610000000000001012e-04 2.893400999999999959e-02 3.560769000000000434e-02 6.249999999999993523e-06 9.101159999999997030e-03 7.728400000000003323e-04 1.627146562500000000e+05 1.781150312500000000e+05
1.000000000000000000e+00 -2.939999999999999905e-02 3.340000000000000191e-01 1.161999999999999977e-01 -1.149999999999999981e-02 -2.359999999999999945e-02 -7.480000000000000537e-02 2.760000000000000300e-02 1.405000000000000138e-01 3.749999999999999167e-02 1.260000000000000009e-02 7.790000000000001090e-02 -9.400000000000005573e-03 8.643599999999999981e-04 1.115560000000000163e-01 1.350243999999999923e-02 1.322499999999999891e-04 5.569600000000000072e-04 5.595040000000000777e-03 7.617600000000002147e-04 1.974025000000000432e-02 1.406249999999999297e-03 1.587600000000000046e-04 6.068410000000001511e-03 8.836000000000010946e-05 1.625795937500000000e+05 1.778783281250000000e+05
1.000000000000000000e+00 1.600000000000000033e-02 3.659000000000000030e-01 6.899999999999999883e-03 3.899999999999999821e-03 5.909999999999999976e-02 -7.019999999999999851e-02 4.539999999999999591e-02 3.189999999999998392e-02 -1.092999999999999944e-01 1.540000000000000049e-02 8.269999999999999574e-02 4.600000000000006861e-03 2.559999999999999884e-04 1.338828099999999910e-01 4.760999999999999987e-05 1.520999999999999837e-05 3.492809999999999838e-03 4.928039999999999851e-03 2.061159999999999815e-03 1.017609999999998871e-03 1.194648999999999885e-02 2.371600000000000129e-04 6.839289999999999606e-03 2.116000000000006168e-05 1.628880625000000000e+05 1.787654687500000000e+05
1.000000000000000000e+00 -3.679999999999999938e-02 1.458000000000000129e-01 -9.529999999999999583e-02 1.799999999999999951e-03 3.180000000000000188e-02 -8.190000000000000058e-02 -5.279999999999999971e-02 -2.200999999999999901e-01 -1.021999999999999992e-01 -2.099999999999999870e-03 -2.729999999999999788e-02 -1.170000000000000207e-02 1.354240000000000044e-03 2.125764000000000473e-02 9.082089999999999261e-03 3.239999999999999896e-06 1.011240000000000056e-03 6.707610000000000135e-03 2.787839999999999763e-03 4.844400999999999569e-02 1.044484000000000037e-02 4.409999999999999282e-06 7.452899999999999065e-04 1.368900000000000531e-04 1.627491250000000000e+05 1.784462812500000000e+05
1.000000000000000000e+00 -2.639999999999999986e-02 5.580000000000000238e-02 2.120000000000000009e-02 -4.080000000000000293e-02 -1.108999999999999986e-01 -1.107999999999999957e-01 1.039999999999999952e-02 -9.000000000000001055e-02 1.164999999999999925e-01 -4.260000000000000592e-02 -1.426999999999999935e-01 -2.889999999999999514e-02 6.969599999999999407e-04 3.113640000000000418e-03 4.494400000000000066e-04 1.664640000000000217e-03 1.229881000000000030e-02 1.227663999999999839e-02 1.081599999999999944e-04 8.100000000000001296e-03 1.357224999999999751e-02 1.814760000000000548e-03 2.036328999999999917e-02 8.352099999999997504e-04 1.622494375000000000e+05 1.777738593750000000e+05
1.000000000000000000e+00 -2.699999999999999969e-02 2.129999999999999949e-01 9.130000000000000615e-02 -5.559999999999999665e-02 -7.230000000000000315e-02 -8.169999999999999485e-02 -5.999999999999998390e-04 1.572000000000000064e-01 7.010000000000000953e-02 -1.479999999999999372e-02 3.859999999999999543e-02 2.910000000000000087e-02 7.289999999999999388e-04 4.536899999999999961e-02 8.335690000000001501e-03 3.091359999999999594e-03 5.227290000000000755e-03 6.674889999999999296e-03 3.599999999999997825e-07 2.471184000000000228e-02 4.914010000000001641e-03 2.190399999999998273e-04 1.489959999999999592e-03 8.468100000000000323e-04 1.626884375000000000e+05 1.781257656250000000e+05
1.000000000000000000e+00 -1.389999999999999916e-02 2.710000000000000187e-01 1.500000000000000031e-03 -3.780000000000000027e-02 -4.199999999999999740e-03 -8.719999999999999973e-02 1.310000000000000053e-02 5.800000000000002376e-02 -8.980000000000000482e-02 1.779999999999999638e-02 6.810000000000000775e-02 -5.500000000000004885e-03 1.932099999999999746e-04 7.344100000000000628e-02 2.250000000000000057e-06 1.428840000000000015e-03 1.763999999999999713e-05 7.603839999999999731e-03 1.716100000000000188e-04 3.364000000000002839e-03 8.064040000000001485e-03 3.168399999999998735e-04 4.637610000000001211e-03 3.025000000000005427e-05 1.631883906250000000e+05 1.791375156250000000e+05
1.000000000000000000e+00 -1.430000000000000021e-02 3.207999999999999741e-01 -1.544999999999999984e-01 -6.610000000000000597e-02 1.395000000000000129e-01 -8.849999999999999534e-02 -4.000000000000010492e-04 4.979999999999995541e-02 -1.559999999999999998e-01 -2.830000000000000571e-02 1.437000000000000222e-01 -1.299999999999995604e-03 2.044900000000000157e-04 1.029126399999999858e-01 2.387024999999999911e-02 4.369210000000000975e-03 1.946025000000000532e-02 7.832249999999998935e-03 1.600000000000008504e-07 2.480039999999995425e-03 2.433599999999999999e-02 8.008900000000002822e-04 2.064969000000000526e-02 1.689999999999988478e-06 1.631661093750000000e+05 1.790006875000000000e+05
1.000000000000000000e+00 -1.110000000000000049e-02 1.759999999999999898e-01 -6.169999999999999790e-02 -1.849999999999999908e-02 2.630000000000000046e-02 -7.489999999999999436e-02 3.199999999999999720e-03 -1.447999999999999843e-01 9.279999999999999361e-02 4.760000000000000342e-02 -1.132000000000000089e-01 1.360000000000000098e-02 1.232100000000000079e-04 3.097599999999999659e-02 3.806889999999999840e-03 3.422499999999999436e-04 6.916900000000000132e-04 5.610009999999999476e-03 1.023999999999999852e-05 2.096703999999999582e-02 8.611839999999999079e-03 2.265760000000000343e-03 1.281424000000000278e-02 1.849600000000000181e-04 1.626484687500000000e+05 1.786569843750000000e+05
1.000000000000000000e+00 -4.300000000000000003e-03 4.000000000000000083e-03 4.089999999999999886e-02 8.800000000000000530e-03 -1.005999999999999950e-01 -7.220000000000000029e-02 6.800000000000000488e-03 -1.719999999999999862e-01 1.025999999999999968e-01 2.729999999999999788e-02 -1.268999999999999850e-01 2.699999999999994071e-03 1.849000000000000085e-05 1.599999999999999928e-05 1.672809999999999835e-03 7.744000000000000395e-05 1.012035999999999838e-02 5.212839999999999835e-03 4.624000000000000451e-05 2.958399999999999572e-02 1.052675999999999959e-02 7.452899999999999065e-04 1.610360999999999737e-02 7.289999999999968319e-06 1.629826093750000000e+05 1.785417968750000000e+05
1.000000000000000000e+00 2.649999999999999925e-02 8.419999999999999707e-01 8.899999999999999925e-03 6.410000000000000420e-02 4.555000000000000160e-01 -3.679999999999999938e-02 3.080000000000000099e-02 8.379999999999999671e-01 -3.200000000000000067e-02 5.530000000000000193e-02 5.561000000000000387e-01 3.540000000000000091e-02 7.022499999999999663e-04 7.089639999999999276e-01 7.920999999999999547e-05 4.108810000000000934e-03 2.074802500000000050e-01 1.354240000000000044e-03 9.486400000000000518e-04 7.022439999999999793e-01 1.023999999999999954e-03 3.058090000000000287e-03 3.092472100000000501e-01 1.253160000000000125e-03 1.625001875000000000e+05 1.776898125000000000e+05
1.000000000000000000e+00 5.000000000000000104e-04 2.644000000000000239e-01 -3.255000000000000115e-01 -1.073000000000000065e-01 -2.479999999999999913e-02 6.400000000000000307e-03 -2.599999999999999881e-02 -5.775999999999998913e-01 -3.344000000000000306e-01 -1.713999999999999968e-01 -4.803000000000000047e-01 4.320000000000000229e-02 2.499999999999999887e-07 6.990736000000001560e-02 1.059502500000000097e-01 1.151329000000000068e-02 6.150399999999999661e-04 4.096000000000000086e-05 6.759999999999999516e-04 3.336217599999998784e-01 1.118233600000000244e-01 2.937795999999999810e-02 2.306880900000000123e-01 1.866240000000000130e-03 1.630738593750000000e+05 1.798022187500000000e+05
1.000000000000000000e+00 -1.559999999999999928e-02 -6.921000000000000485e-01 -3.322999999999999843e-01 -1.612999999999999989e-01 -3.200999999999999956e-01 -3.869999999999999829e-02 -1.609999999999999973e-02 -9.565000000000001279e-01 -6.799999999999972733e-03 -5.399999999999999245e-02 -2.953000000000000069e-01 -4.510000000000000120e-02 2.433599999999999739e-04 4.790024100000000451e-01 1.104232899999999934e-01 2.601768999999999957e-02 1.024640099999999943e-01 1.497689999999999872e-03 2.592100000000000068e-04 9.148922500000002955e-01 4.623999999999963182e-05 2.915999999999999322e-03 8.720209000000000987e-02 2.034010000000000158e-03 1.626362812500000000e+05 1.780502031250000000e+05
1.000000000000000000e+00 -1.980000000000000163e-02 1.353999999999999926e-01 1.388999999999999957e-01 -3.610000000000000014e-02 1.209999999999999964e-02 -6.619999999999999496e-02 -4.200000000000002343e-03 8.275000000000000133e-01 4.711999999999999522e-01 1.252000000000000057e-01 3.321999999999999953e-01 -2.749999999999999667e-02 3.920400000000000751e-04 1.833315999999999765e-02 1.929320999999999814e-02 1.303209999999999959e-03 1.464100000000000026e-04 4.382439999999999600e-03 1.764000000000002084e-05 6.847562500000000663e-01 2.220294399999999668e-01 1.567504000000000119e-02 1.103568399999999977e-01 7.562499999999998694e-04 1.632820000000000000e+05 1.792325312500000000e+05
1.000000000000000000e+00 -1.990000000000000102e-02 2.555999999999999939e-01 1.486000000000000099e-01 -1.890000000000000013e-02 -1.690000000000000113e-01 -7.660000000000000142e-02 -9.999999999999939493e-05 1.202000000000000013e-01 9.700000000000014166e-03 1.720000000000000001e-02 -1.811000000000000110e-01 -1.040000000000000646e-02 3.960100000000000252e-04 6.533135999999999111e-02 2.208196000000000464e-02 3.572100000000000036e-04 2.856100000000000305e-02 5.867559999999999963e-03 9.999999999999879441e-09 1.444804000000000054e-02 9.409000000000027313e-05 2.958400000000000135e-04 3.279721000000000719e-02 1.081600000000001300e-04 1.633903125000000000e+05 1.782393437500000000e+05
1.000000000000000000e+00 -2.380000000000000171e-02 2.416999999999999982e-01 1.526000000000000134e-01 -9.100000000000000450e-03 -1.019000000000000045e-01 -8.930000000000000437e-02 -3.900000000000000688e-03 -1.389999999999999569e-02 4.000000000000003553e-03 9.799999999999999684e-03 6.710000000000000686e-02 -1.270000000000000295e-02 5.664400000000000858e-04 5.841889000000000109e-02 2.328676000000000357e-02 8.281000000000000166e-05 1.038361000000000145e-02 7.974490000000000745e-03 1.521000000000000515e-05 1.932099999999998933e-04 1.600000000000002977e-05 9.603999999999999527e-05 4.502410000000000960e-03 1.612900000000000770e-04 1.628767031250000000e+05 1.779840156250000000e+05
1.000000000000000000e+00 -1.859999999999999848e-02 3.427999999999999936e-01 1.512000000000000011e-01 2.099999999999999870e-03 -8.119999999999999440e-02 -1.067000000000000032e-01 5.200000000000003231e-03 1.010999999999999954e-01 -1.400000000000012346e-03 1.119999999999999989e-02 2.070000000000001006e-02 -1.739999999999999880e-02 3.459599999999999199e-04 1.175118399999999924e-01 2.286144000000000023e-02 4.409999999999999282e-06 6.593439999999999024e-03 1.138488999999999994e-02 2.704000000000003249e-05 1.022120999999999967e-02 1.960000000000034597e-06 1.254399999999999916e-04 4.284900000000003918e-04 3.027599999999999541e-04 1.631747343750000000e+05 1.789917031250000000e+05
1.000000000000000000e+00 4.599999999999999922e-03 2.903999999999999915e-01 -1.020000000000000073e-02 -2.889999999999999861e-02 3.849999999999999950e-02 -8.949999999999999623e-02 2.319999999999999840e-02 -5.240000000000000213e-02 -1.613999999999999879e-01 -3.099999999999999978e-02 1.197000000000000008e-01 1.720000000000000695e-02 2.116000000000000069e-05 8.433215999999998935e-02 1.040400000000000135e-04 8.352099999999999672e-04 1.482250000000000061e-03 8.010250000000000009e-03 5.382399999999999424e-04 2.745760000000000301e-03 2.604995999999999701e-02 9.609999999999999402e-04 1.432808999999999992e-02 2.958400000000002304e-04 1.629877656250000000e+05 1.791763281250000000e+05
1.000000000000000000e+00 -2.350000000000000006e-02 1.791000000000000092e-01 -2.999999999999999737e-04 -4.549999999999999878e-02 3.950000000000000039e-02 -1.010000000000000064e-01 -2.809999999999999998e-02 -1.112999999999999823e-01 9.900000000000000813e-03 -1.660000000000000017e-02 1.000000000000000888e-03 -1.150000000000001021e-02 5.522500000000000065e-04 3.207681000000000421e-02 8.999999999999998534e-08 2.070250000000000042e-03 1.560250000000000005e-03 1.020100000000000173e-02 7.896100000000000514e-04 1.238768999999999634e-02 9.801000000000001876e-05 2.755599999999999977e-04 1.000000000000001861e-06 1.322500000000002330e-04 1.629002343750000000e+05 1.792553281250000000e+05
1.000000000000000000e+00 -2.529999999999999957e-02 2.195000000000000007e-01 8.540000000000000369e-02 -3.679999999999999938e-02 3.039999999999999994e-02 -6.619999999999999496e-02 -1.799999999999999517e-03 4.039999999999999147e-02 8.569999999999999840e-02 8.699999999999999400e-03 -9.100000000000000450e-03 3.480000000000001148e-02 6.400899999999999515e-04 4.818025000000000085e-02 7.293160000000000788e-03 1.354240000000000044e-03 9.241600000000000422e-04 4.382439999999999600e-03 3.239999999999998202e-06 1.632159999999999254e-03 7.344489999999999526e-03 7.568999999999998852e-05 8.281000000000000166e-05 1.211040000000000900e-03 1.626437343750000000e+05 1.787362500000000000e+05
1.000000000000000000e+00 -1.349999999999999985e-02 2.766000000000000125e-01 -5.410000000000000225e-02 -3.320000000000000034e-02 5.609999999999999709e-02 -4.019999999999999962e-02 1.179999999999999973e-02 5.710000000000001186e-02 -1.395000000000000129e-01 3.599999999999999034e-03 2.569999999999999715e-02 2.599999999999999534e-02 1.822499999999999847e-04 7.650756000000000223e-02 2.926810000000000175e-03 1.102239999999999991e-03 3.147209999999999678e-03 1.616040000000000011e-03 1.392400000000000018e-04 3.260410000000001345e-03 1.946025000000000532e-02 1.295999999999999281e-05 6.604899999999999053e-04 6.759999999999997348e-04 1.627821250000000000e+05 1.793987656250000000e+05
1.000000000000000000e+00 -7.400000000000000328e-03 4.517999999999999794e-01 -1.572000000000000064e-01 -3.899999999999999821e-03 1.413000000000000089e-01 -2.850000000000000103e-02 6.099999999999999520e-03 1.751999999999999669e-01 -1.030999999999999972e-01 2.929999999999999966e-02 8.520000000000001183e-02 1.169999999999999860e-02 5.476000000000000426e-05 2.041232399999999836e-01 2.471184000000000228e-02 1.520999999999999837e-05 1.996569000000000121e-02 8.122500000000000379e-04 3.720999999999999102e-05 3.069503999999998942e-02 1.062960999999999941e-02 8.584899999999999476e-04 7.259040000000002192e-03 1.368899999999999718e-04 1.633696250000000000e+05 1.794408437500000000e+05
1.000000000000000000e+00 1.880000000000000074e-02 1.302000000000000102e-01 -2.621999999999999886e-01 -1.559999999999999928e-02 2.900000000000000147e-02 6.799999999999999621e-03 2.620000000000000107e-02 -3.215999999999999970e-01 -1.049999999999999822e-01 -1.169999999999999860e-02 -1.123000000000000109e-01 3.529999999999999805e-02 3.534400000000000042e-04 1.695204000000000155e-02 6.874883999999999162e-02 2.433599999999999739e-04 8.410000000000000591e-04 4.623999999999999774e-05 6.864400000000000753e-04 1.034265600000000007e-01 1.102499999999999661e-02 1.368899999999999718e-04 1.261129000000000243e-02 1.246089999999999828e-03 1.629809062500000000e+05 1.790764843750000000e+05
1.000000000000000000e+00 2.129999999999999949e-02 -1.029000000000000054e-01 -1.229999999999999982e-01 -8.359999999999999376e-02 -4.240000000000000019e-02 -1.190000000000000085e-02 2.499999999999998751e-03 -2.331000000000000294e-01 1.391999999999999904e-01 -6.799999999999999101e-02 -7.140000000000000513e-02 -1.870000000000000134e-02 4.536899999999999744e-04 1.058841000000000122e-02 1.512900000000000009e-02 6.988959999999998923e-03 1.797760000000000026e-03 1.416100000000000214e-04 6.249999999999993523e-06 5.433561000000001334e-02 1.937663999999999706e-02 4.623999999999998771e-03 5.097960000000000338e-03 3.496900000000000485e-04 1.629469062500000000e+05 1.788181718750000000e+05
1.000000000000000000e+00 3.309999999999999748e-02 1.779999999999999916e-01 1.642000000000000126e-01 -3.500000000000000073e-03 2.659999999999999865e-02 -2.469999999999999973e-02 1.179999999999999799e-02 2.808999999999999830e-01 2.872000000000000108e-01 8.009999999999999065e-02 6.900000000000000577e-02 -1.279999999999999888e-02 1.095609999999999900e-03 3.168399999999999689e-02 2.696164000000000546e-02 1.225000000000000130e-05 7.075599999999999815e-04 6.100899999999999813e-04 1.392399999999999476e-04 7.890480999999999190e-02 8.248384000000000271e-02 6.416009999999998901e-03 4.761000000000000475e-03 1.638399999999999763e-04 1.631308750000000000e+05 1.790553750000000000e+05
1.000000000000000000e+00 2.690000000000000030e-02 2.431999999999999995e-01 8.719999999999999973e-02 -6.500000000000000222e-02 -4.700000000000000011e-02 -3.590000000000000135e-02 -6.199999999999997180e-03 6.520000000000000795e-02 -7.700000000000001288e-02 -6.149999999999999911e-02 -7.359999999999999876e-02 -1.120000000000000162e-02 7.236099999999999650e-04 5.914624000000000270e-02 7.603839999999999731e-03 4.225000000000000457e-03 2.209000000000000026e-03 1.288810000000000042e-03 3.843999999999996400e-05 4.251040000000001068e-03 5.929000000000001977e-03 3.782250000000000022e-03 5.416960000000000178e-03 1.254400000000000458e-04 1.629983437500000000e+05 1.785605312500000000e+05
1.000000000000000000e+00 -5.400000000000000286e-03 2.038999999999999979e-01 -5.689999999999999919e-02 -7.660000000000000142e-02 2.069999999999999965e-02 -4.680000000000000132e-02 -3.230000000000000232e-02 -3.930000000000000160e-02 -1.441000000000000059e-01 -1.159999999999999920e-02 6.769999999999999629e-02 -1.089999999999999997e-02 2.916000000000000203e-05 4.157521000000000133e-02 3.237609999999999707e-03 5.867559999999999963e-03 4.284900000000000124e-04 2.190239999999999982e-03 1.043290000000000103e-03 1.544490000000000142e-03 2.076481000000000160e-02 1.345599999999999856e-04 4.583289999999999413e-03 1.188099999999999958e-04 1.629348437500000000e+05 1.787161406250000000e+05
1.000000000000000000e+00 2.000000000000000042e-03 2.524000000000000132e-01 8.999999999999999320e-03 -6.210000000000000242e-02 5.199999999999999761e-03 -4.929999999999999660e-02 7.400000000000000328e-03 4.850000000000001532e-02 6.590000000000000024e-02 1.449999999999999900e-02 -1.549999999999999989e-02 -2.499999999999995282e-03 3.999999999999999819e-06 6.370576000000000016e-02 8.099999999999999019e-05 3.856410000000000220e-03 2.703999999999999861e-05 2.430489999999999561e-03 5.476000000000000426e-05 2.352250000000001475e-03 4.342809999999999900e-03 2.102499999999999606e-04 2.402499999999999851e-04 6.249999999999976583e-06 1.628840625000000000e+05 1.787827500000000000e+05
1.000000000000000000e+00 2.790000000000000119e-02 2.371999999999999942e-01 -1.499999999999999944e-02 -4.780000000000000221e-02 1.030000000000000013e-02 -4.880000000000000310e-02 2.589999999999999941e-02 -1.520000000000001905e-02 -2.400000000000000050e-02 1.430000000000000021e-02 5.100000000000000366e-03 4.999999999999935052e-04 7.784100000000001044e-04 5.626383999999999552e-02 2.249999999999999938e-04 2.284840000000000221e-03 1.060900000000000092e-04 2.381440000000000293e-03 6.708099999999999827e-04 2.310400000000005798e-04 5.760000000000000146e-04 2.044900000000000157e-04 2.601000000000000339e-05 2.499999999999935301e-07 1.632450000000000000e+05 1.794103125000000000e+05
1.000000000000000000e+00 3.320000000000000034e-02 1.665999999999999981e-01 -2.599999999999999881e-02 -4.299999999999999656e-02 -5.229999999999999927e-02 -4.059999999999999720e-02 5.299999999999999156e-03 -7.059999999999999609e-02 -1.099999999999999936e-02 4.800000000000005651e-03 -6.260000000000000286e-02 8.200000000000005895e-03 1.102239999999999991e-03 2.775555999999999857e-02 6.759999999999999516e-04 1.848999999999999732e-03 2.735290000000000030e-03 1.648359999999999756e-03 2.808999999999999025e-05 4.984359999999999312e-03 1.209999999999999867e-04 2.304000000000005385e-05 3.918760000000000299e-03 6.724000000000009483e-05 1.630655156250000000e+05 1.793334687500000000e+05
1.000000000000000000e+00 5.850000000000000339e-02 2.021999999999999909e-01 -1.072000000000000036e-01 -2.440000000000000155e-02 2.799999999999999972e-03 -4.159999999999999809e-02 2.530000000000000304e-02 3.559999999999999276e-02 -8.120000000000000828e-02 1.859999999999999501e-02 5.509999999999999620e-02 -1.000000000000000888e-03 3.422250000000000379e-03 4.088483999999999868e-02 1.149184000000000143e-02 5.953600000000000732e-04 7.839999999999999476e-06 1.730559999999999911e-03 6.400900000000001684e-04 1.267359999999999494e-03 6.593440000000001626e-03 3.459599999999998115e-04 3.036009999999999577e-03 1.000000000000001861e-06 1.632457812500000000e+05 1.793304218750000000e+05
1.000000000000000000e+00 6.990000000000000380e-02 2.081999999999999962e-01 -8.890000000000000679e-02 -7.100000000000000408e-03 -5.700000000000000205e-03 -5.349999999999999895e-02 1.140000000000000041e-02 6.000000000000005329e-03 1.829999999999999682e-02 1.730000000000000288e-02 -8.500000000000000611e-03 -1.190000000000000085e-02 4.886010000000000526e-03 4.334723999999999522e-02 7.903210000000000790e-03 5.041000000000000694e-05 3.249000000000000233e-05 2.862249999999999777e-03 1.299600000000000093e-04 3.600000000000006190e-05 3.348899999999999056e-04 2.992900000000001245e-04 7.225000000000000790e-05 1.416100000000000214e-04 1.631442343750000000e+05 1.792300937500000000e+05
1.000000000000000000e+00 -1.400000000000000029e-02 2.293000000000000038e-01 8.749999999999999445e-02 -8.099999999999999561e-03 2.220000000000000098e-02 -6.460000000000000464e-02 -8.390000000000000235e-02 2.110000000000000764e-02 1.764000000000000012e-01 -9.999999999999991535e-04 2.790000000000000119e-02 -1.110000000000000570e-02 1.960000000000000208e-04 5.257848999999999856e-02 7.656249999999998994e-03 6.560999999999999016e-05 4.928400000000000315e-04 4.173160000000000411e-03 7.039210000000000605e-03 4.452100000000002995e-04 3.111695999999999906e-02 9.999999999999982607e-07 7.784100000000001044e-04 1.232100000000001163e-04 1.632740156250000000e+05 1.790979843750000000e+05
1.000000000000000000e+00 -2.529999999999999957e-02 2.894999999999999796e-01 1.222000000000000031e-01 -5.999999999999999778e-02 2.040000000000000147e-02 -6.640000000000000069e-02 -1.129999999999999928e-02 6.019999999999997575e-02 3.470000000000000862e-02 -5.190000000000000169e-02 -1.799999999999999517e-03 -1.799999999999996048e-03 6.400899999999999515e-04 8.381024999999998892e-02 1.493284000000000104e-02 3.599999999999999901e-03 4.161600000000000542e-04 4.408959999999999962e-03 1.276899999999999921e-04 3.624039999999997212e-03 1.204090000000000542e-03 2.693610000000000362e-03 3.239999999999998202e-06 3.239999999999985920e-06 1.629553906250000000e+05 1.790744218750000000e+05
1.000000000000000000e+00 -2.649999999999999925e-02 2.358999999999999986e-01 -1.113999999999999990e-01 -6.600000000000000311e-02 5.920000000000000262e-02 -5.739999999999999963e-02 -1.199999999999999678e-03 -5.359999999999998099e-02 -2.336000000000000021e-01 -6.000000000000005329e-03 3.880000000000000115e-02 9.000000000000001055e-03 7.022499999999999663e-04 5.564880999999999994e-02 1.240995999999999939e-02 4.356000000000000497e-03 3.504640000000000272e-03 3.294759999999999876e-03 1.439999999999999130e-06 2.872959999999997755e-03 5.456895999999999969e-02 3.600000000000006190e-05 1.505440000000000033e-03 8.100000000000001730e-05 1.628707968750000000e+05 1.792301093750000000e+05
1.000000000000000000e+00 8.800000000000000530e-03 2.484000000000000097e-01 -6.186000000000000387e-01 -5.279999999999999971e-02 2.154000000000000081e-01 -5.170000000000000290e-02 3.529999999999999805e-02 1.250000000000001110e-02 -5.072000000000000952e-01 1.320000000000000340e-02 1.562000000000000055e-01 5.699999999999996736e-03 7.744000000000000395e-05 6.170256000000000352e-02 3.826659600000000272e-01 2.787839999999999763e-03 4.639716000000000673e-02 2.672890000000000248e-03 1.246089999999999828e-03 1.562500000000002743e-04 2.572518400000001204e-01 1.742400000000000936e-04 2.439844000000000040e-02 3.248999999999996167e-05 1.605780000000000000e+05 1.745566875000000000e+05
1.000000000000000000e+00 -3.470000000000000168e-02 1.547000000000000042e-01 -2.394000000000000017e-01 -1.013000000000000012e-01 2.525999999999999912e-01 1.450000000000000074e-02 -4.350000000000000394e-02 -9.370000000000000551e-02 3.792000000000000370e-01 -4.850000000000000144e-02 3.719999999999998308e-02 6.620000000000000884e-02 1.204090000000000108e-03 2.393208999999999961e-02 5.731235999999999969e-02 1.026169000000000039e-02 6.380675999999999015e-02 2.102500000000000148e-04 1.892250000000000269e-03 8.779690000000001451e-03 1.437926400000000271e-01 2.352250000000000174e-03 1.383839999999998812e-03 4.382440000000001334e-03 1.636785781250000000e+05 1.807599218750000000e+05
1.000000000000000000e+00 -4.529999999999999999e-02 7.779999999999999416e-02 3.912999999999999812e-01 -1.323999999999999899e-01 1.000000000000000021e-03 2.829999999999999877e-02 -1.059999999999999831e-02 -7.690000000000001001e-02 6.307000000000000384e-01 -3.109999999999998876e-02 -2.515999999999999903e-01 1.379999999999999803e-02 2.052089999999999904e-03 6.052839999999999436e-03 1.531156899999999987e-01 1.752975999999999840e-02 9.999999999999999547e-07 8.008899999999999570e-04 1.123599999999999610e-04 5.913610000000001435e-03 3.977824900000000441e-01 9.672099999999992726e-04 6.330255999999999383e-02 1.904399999999999453e-04 1.629686406250000000e+05 1.790867968750000000e+05
1.000000000000000000e+00 -1.990000000000000102e-02 7.249999999999999500e-02 1.067000000000000032e-01 -1.209999999999999964e-01 -6.169999999999999790e-02 -3.500000000000000073e-03 2.539999999999999897e-02 -5.299999999999999156e-03 -2.845999999999999641e-01 1.139999999999999347e-02 -6.269999999999999185e-02 -3.180000000000000188e-02 3.960100000000000252e-04 5.256249999999999638e-03 1.138488999999999994e-02 1.464099999999999950e-02 3.806889999999999840e-03 1.225000000000000130e-05 6.451599999999999826e-04 2.808999999999999025e-05 8.099715999999998473e-02 1.299599999999998467e-04 3.931289999999998744e-03 1.011240000000000056e-03 1.635415468750000000e+05 1.788721718750000000e+05
1.000000000000000000e+00 -2.210000000000000159e-02 1.872000000000000053e-01 -6.550000000000000266e-02 -2.000000000000000042e-02 -6.169999999999999790e-02 -2.199999999999999872e-02 -2.200000000000000566e-03 1.147000000000000103e-01 -1.722000000000000197e-01 1.009999999999999926e-01 0.000000000000000000e+00 -1.849999999999999908e-02 4.884100000000001027e-04 3.504383999999999971e-02 4.290250000000000660e-03 4.000000000000000192e-04 3.806889999999999840e-03 4.839999999999999468e-04 4.840000000000002788e-06 1.315609000000000223e-02 2.965284000000000669e-02 1.020099999999999826e-02 0.000000000000000000e+00 3.422499999999999436e-04 1.632422968750000000e+05 1.783192031250000000e+05
1.000000000000000000e+00 -9.499999999999999764e-03 2.449000000000000066e-01 -4.900000000000000189e-02 -1.299999999999999940e-03 -4.159999999999999809e-02 -3.679999999999999938e-02 1.260000000000000182e-02 5.770000000000000129e-02 1.650000000000000078e-02 1.870000000000000134e-02 2.009999999999999981e-02 -1.480000000000000066e-02 9.024999999999999819e-05 5.997601000000000321e-02 2.401000000000000356e-03 1.689999999999999913e-06 1.730559999999999911e-03 1.354240000000000044e-03 1.587600000000000588e-04 3.329289999999999940e-03 2.722500000000000310e-04 3.496900000000000485e-04 4.040100000000000028e-04 2.190400000000000170e-04 1.628373125000000000e+05 1.778573125000000000e+05
1.000000000000000000e+00 -1.159999999999999920e-02 3.012000000000000233e-01 -3.629999999999999893e-02 4.199999999999999740e-03 -4.979999999999999705e-02 -5.870000000000000218e-02 -2.099999999999999437e-03 5.630000000000001670e-02 1.270000000000000295e-02 5.499999999999999681e-03 -8.199999999999998956e-03 -2.190000000000000280e-02 1.345599999999999856e-04 9.072144000000001429e-02 1.317689999999999834e-03 1.763999999999999713e-05 2.480039999999999762e-03 3.445690000000000384e-03 4.409999999999997588e-06 3.169690000000001916e-03 1.612900000000000770e-04 3.024999999999999667e-05 6.723999999999998641e-05 4.796100000000001057e-04 1.628179687500000000e+05 1.784537656250000000e+05
1.000000000000000000e+00 -2.029999999999999860e-02 2.363000000000000100e-01 -5.899999999999999863e-03 -7.270000000000000073e-02 -1.491000000000000103e-01 -6.110000000000000153e-02 -8.699999999999999400e-03 -6.490000000000001323e-02 3.039999999999999994e-02 -7.689999999999999614e-02 -9.930000000000001326e-02 -2.399999999999999356e-03 4.120899999999999390e-04 5.583769000000000232e-02 3.481000000000000045e-05 5.285289999999999780e-03 2.223081000000000362e-02 3.733210000000000261e-03 7.568999999999998852e-05 4.212010000000002141e-03 9.241600000000000422e-04 5.913609999999999700e-03 9.860490000000003002e-03 5.759999999999996521e-06 1.629111406250000000e+05 1.787420781250000000e+05
1.000000000000000000e+00 -6.100000000000000387e-03 1.799999999999999933e-01 -8.640000000000000457e-02 -4.359999999999999987e-02 -1.290000000000000036e-01 -6.489999999999999936e-02 1.419999999999999735e-02 -5.630000000000001670e-02 -8.050000000000000211e-02 2.910000000000000087e-02 2.010000000000000675e-02 -3.799999999999997824e-03 3.721000000000000457e-05 3.239999999999999825e-02 7.464960000000000519e-03 1.900959999999999933e-03 1.664099999999999954e-02 4.212009999999999539e-03 2.016399999999999193e-04 3.169690000000001916e-03 6.480250000000000767e-03 8.468100000000000323e-04 4.040100000000002738e-04 1.443999999999998372e-05 1.632644843750000000e+05 1.791639062500000000e+05
1.000000000000000000e+00 1.159999999999999920e-02 3.451000000000000179e-01 -2.048000000000000098e-01 -1.310000000000000053e-02 4.070000000000000007e-02 -4.909999999999999781e-02 1.770000000000000046e-02 1.651000000000000245e-01 -1.184000000000000052e-01 3.049999999999999933e-02 1.697000000000000175e-01 1.580000000000000154e-02 1.345599999999999856e-04 1.190940100000000140e-01 4.194304000000000088e-02 1.716100000000000188e-04 1.656490000000000046e-03 2.410809999999999776e-03 3.132900000000000311e-04 2.725801000000000959e-02 1.401856000000000109e-02 9.302499999999999788e-04 2.879809000000000535e-02 2.496400000000000290e-04 1.630117187500000000e+05 1.794789531250000000e+05
1.000000000000000000e+00 -3.169999999999999901e-02 3.094999999999999973e-01 7.400000000000000328e-03 -5.079999999999999793e-02 -1.208999999999999936e-01 -7.040000000000000424e-02 -4.329999999999999821e-02 -3.560000000000002052e-02 2.121999999999999997e-01 -3.769999999999999740e-02 -1.615999999999999936e-01 -2.130000000000000643e-02 1.004890000000000037e-03 9.579024999999999346e-02 5.476000000000000426e-05 2.580639999999999930e-03 1.461680999999999918e-02 4.956160000000000253e-03 1.874889999999999933e-03 1.267360000000001445e-03 4.502884000000000053e-02 1.421289999999999750e-03 2.611455999999999847e-02 4.536900000000002996e-04 1.629938593750000000e+05 1.789729843750000000e+05
1.000000000000000000e+00 -1.750000000000000167e-02 1.160999999999999949e-01 2.821000000000000174e-01 -2.970000000000000070e-02 -7.969999999999999307e-02 -6.130000000000000032e-02 1.419999999999999735e-02 -1.934000000000000163e-01 2.746999999999999997e-01 2.109999999999999723e-02 4.120000000000000051e-02 9.100000000000003919e-03 3.062500000000000443e-04 1.347920999999999842e-02 7.958041000000000420e-02 8.820900000000000876e-04 6.352089999999998605e-03 3.757690000000000162e-03 2.016399999999999193e-04 3.740356000000000930e-02 7.546008999999999356e-02 4.452099999999998658e-04 1.697440000000000147e-03 8.281000000000006943e-05 1.630390781250000000e+05 1.791924687500000000e+05
1.000000000000000000e+00 3.099999999999999891e-03 1.184999999999999942e-01 9.969999999999999696e-02 -1.039999999999999952e-02 -1.319999999999999993e-02 -7.689999999999999614e-02 2.060000000000000026e-02 2.399999999999999356e-03 -1.824000000000000066e-01 1.930000000000000118e-02 6.649999999999998967e-02 -1.559999999999999581e-02 9.609999999999999470e-06 1.404224999999999918e-02 9.940089999999998649e-03 1.081599999999999944e-04 1.742399999999999852e-04 5.913609999999999700e-03 4.243600000000000367e-04 5.759999999999996521e-06 3.326976000000000239e-02 3.724900000000000606e-04 4.422249999999998231e-03 2.433599999999998655e-04 1.626480156250000000e+05 1.786097656250000000e+05
1.000000000000000000e+00 1.000000000000000021e-02 2.363000000000000100e-01 -6.769999999999999629e-02 -2.000000000000000042e-03 2.899999999999999800e-03 -7.670000000000000429e-02 6.899999999999999883e-03 1.178000000000000158e-01 -1.673999999999999932e-01 8.399999999999999481e-03 1.609999999999999973e-02 1.999999999999918510e-04 1.000000000000000048e-04 5.583769000000000232e-02 4.583289999999999413e-03 3.999999999999999819e-06 8.409999999999999101e-06 5.882890000000000862e-03 4.760999999999999987e-05 1.387684000000000313e-02 2.802275999999999725e-02 7.055999999999998851e-05 2.592100000000000068e-04 3.999999999999673844e-08 1.628020468750000000e+05 1.788812968750000000e+05
1.000000000000000000e+00 1.209999999999999964e-02 2.093000000000000138e-01 -2.639999999999999986e-02 -6.599999999999999964e-03 9.199999999999999845e-03 -6.460000000000000464e-02 2.099999999999999437e-03 -2.699999999999999623e-02 4.129999999999999644e-02 -4.599999999999999922e-03 6.300000000000000044e-03 1.209999999999999964e-02 1.464100000000000026e-04 4.380649000000000348e-02 6.969599999999999407e-04 4.355999999999999629e-05 8.464000000000000278e-05 4.173160000000000411e-03 4.409999999999997588e-06 7.289999999999998304e-04 1.705689999999999724e-03 2.116000000000000069e-05 3.969000000000000116e-05 1.464100000000000026e-04 1.629585312500000000e+05 1.790522812500000000e+05
1.000000000000000000e+00 1.710000000000000062e-02 1.945999999999999952e-01 1.590000000000000094e-02 -1.009999999999999960e-02 -2.649999999999999925e-02 -6.610000000000000597e-02 5.000000000000000971e-03 -1.470000000000001861e-02 4.230000000000000426e-02 -3.499999999999999639e-03 -3.569999999999999563e-02 -1.500000000000001332e-03 2.924100000000000006e-04 3.786915999999999893e-02 2.528100000000000139e-04 1.020099999999999940e-04 7.022499999999999663e-04 4.369210000000000975e-03 2.500000000000001136e-05 2.160900000000005416e-04 1.789290000000000455e-03 1.224999999999999791e-05 1.274489999999999651e-03 2.250000000000003869e-06 1.628808437500000000e+05 1.786222343750000000e+05
1.000000000000000000e+00 2.000000000000000096e-04 1.895999999999999908e-01 7.159999999999999698e-02 -3.839999999999999664e-02 -5.170000000000000290e-02 -6.040000000000000230e-02 -1.690000000000000183e-02 -5.000000000000004441e-03 5.569999999999999951e-02 -2.829999999999999877e-02 -2.520000000000000365e-02 5.700000000000003675e-03 4.000000000000000084e-08 3.594815999999999984e-02 5.126559999999999624e-03 1.474559999999999760e-03 2.672890000000000248e-03 3.648160000000000118e-03 2.856100000000000522e-04 2.500000000000004524e-05 3.102489999999999849e-03 8.008899999999999570e-04 6.350400000000002354e-04 3.249000000000004299e-05 1.628089687500000000e+05 1.787007187500000000e+05
1.000000000000000000e+00 5.990000000000000185e-02 5.641000000000000458e-01 3.981000000000000094e-01 6.990000000000000380e-02 2.179999999999999993e-02 -9.700000000000000289e-03 5.970000000000000306e-02 3.745000000000000551e-01 3.265000000000000124e-01 1.083000000000000074e-01 7.350000000000000977e-02 5.070000000000000201e-02 3.588010000000000418e-03 3.182088100000000641e-01 1.584836099999999970e-01 4.886010000000000526e-03 4.752399999999999832e-04 9.409000000000000208e-05 3.564090000000000227e-03 1.402502500000000485e-01 1.066022500000000095e-01 1.172889000000000223e-02 5.402250000000001669e-03 2.570490000000000361e-03 1.624330781250000000e+05 1.779187656250000000e+05
1.000000000000000000e+00 5.439999999999999697e-02 2.676000000000000045e-01 -4.218999999999999972e-01 -7.599999999999999985e-03 1.647000000000000131e-01 4.700000000000000011e-02 -5.500000000000004885e-03 -2.965000000000000413e-01 -8.200000000000000622e-01 -7.749999999999999944e-02 1.429000000000000270e-01 5.670000000000000040e-02 2.959359999999999855e-03 7.160976000000000841e-02 1.779996100000000026e-01 5.776000000000000264e-05 2.712609000000000548e-02 2.209000000000000026e-03 3.025000000000005427e-05 8.791225000000002510e-02 6.724000000000001087e-01 6.006250000000000304e-03 2.042041000000000689e-02 3.214890000000000195e-03 1.612656406250000000e+05 1.769872500000000000e+05
1.000000000000000000e+00 -6.799999999999999621e-03 -2.331999999999999906e-01 -7.489999999999999991e-01 -1.685000000000000109e-01 1.290000000000000036e-01 2.589999999999999941e-02 -6.119999999999999746e-02 -5.008000000000000229e-01 -3.271000000000000019e-01 -1.609000000000000152e-01 -3.570000000000000950e-02 -2.110000000000000070e-02 4.623999999999999774e-05 5.438223999999999836e-02 5.610009999999999719e-01 2.839225000000000429e-02 1.664099999999999954e-02 6.708099999999999827e-04 3.745439999999999620e-03 2.508006400000000191e-01 1.069944099999999981e-01 2.588881000000000515e-02 1.274490000000000735e-03 4.452100000000000285e-04 1.623582812500000000e+05 1.785018125000000000e+05
1.000000000000000000e+00 1.899999999999999996e-03 7.670000000000000429e-02 4.469999999999999668e-02 -6.569999999999999452e-02 1.077000000000000041e-01 -1.379999999999999977e-02 8.699999999999999400e-03 3.099000000000000088e-01 7.936999999999999611e-01 1.028000000000000164e-01 -2.129999999999999949e-02 -3.969999999999999918e-02 3.610000000000000165e-06 5.882890000000000862e-03 1.998089999999999675e-03 4.316489999999999216e-03 1.159929000000000168e-02 1.904399999999999995e-04 7.568999999999998852e-05 9.603801000000000698e-02 6.299596899999999611e-01 1.056784000000000369e-02 4.536899999999999744e-04 1.576090000000000043e-03 1.616087500000000000e+05 1.769881718750000000e+05
1.000000000000000000e+00 -2.630000000000000046e-02 2.687999999999999834e-01 -2.120000000000000009e-02 -7.199999999999999456e-02 -1.280000000000000061e-02 -3.000000000000000062e-03 -2.819999999999999937e-02 1.920999999999999930e-01 -6.590000000000000024e-02 -6.300000000000000044e-03 -1.205000000000000099e-01 1.080000000000000057e-02 6.916900000000000132e-04 7.225343999999998823e-02 4.494400000000000066e-04 5.183999999999999372e-03 1.638400000000000034e-04 9.000000000000000228e-06 7.952400000000000094e-04 3.690240999999999660e-02 4.342809999999999900e-03 3.969000000000000116e-05 1.452025000000000191e-02 1.166400000000000081e-04 1.613587500000000000e+05 1.756427343750000000e+05
1.000000000000000000e+00 -6.899999999999999883e-03 4.200000000000000261e-02 -3.639000000000000012e-01 -6.629999999999999782e-02 -1.779000000000000026e-01 5.589999999999999830e-02 1.940000000000000058e-02 -2.267999999999999738e-01 -3.427000000000000046e-01 5.699999999999996736e-03 -1.650999999999999968e-01 5.890000000000000097e-02 4.760999999999999987e-05 1.764000000000000160e-03 1.324232100000000134e-01 4.395689999999999840e-03 3.164841000000000182e-02 3.124810000000000001e-03 3.763600000000000083e-04 5.143823999999998925e-02 1.174432900000000057e-01 3.248999999999996167e-05 2.725800999999999918e-02 3.469209999999999915e-03 1.614766718750000000e+05 1.770330468750000000e+05
1.000000000000000000e+00 -1.529999999999999936e-02 1.237999999999999934e-01 -4.000000000000000192e-04 -8.110000000000000542e-02 -9.499999999999999764e-03 3.400000000000000244e-02 -8.399999999999999481e-03 8.179999999999998384e-02 3.634999999999999898e-01 -1.480000000000000759e-02 1.683999999999999941e-01 -2.189999999999999586e-02 2.340899999999999763e-04 1.532643999999999847e-02 1.600000000000000033e-07 6.577210000000000868e-03 9.024999999999999819e-05 1.156000000000000126e-03 7.055999999999998851e-05 6.691239999999997606e-03 1.321322499999999789e-01 2.190400000000002339e-04 2.835855999999999794e-02 4.796099999999998346e-04 1.630954531250000000e+05 1.786118906250000000e+05
1.000000000000000000e+00 -3.899999999999999821e-03 7.651999999999999913e-01 4.716000000000000192e-01 -4.410000000000000031e-02 1.643000000000000016e-01 -7.199999999999999803e-03 1.140000000000000041e-02 6.413999999999999702e-01 4.720000000000000306e-01 3.700000000000000511e-02 1.738000000000000100e-01 -4.120000000000000051e-02 1.520999999999999837e-05 5.855310400000000026e-01 2.224065600000000309e-01 1.944809999999999942e-03 2.699448999999999946e-02 5.183999999999999833e-05 1.299600000000000093e-04 4.113939599999999475e-01 2.227840000000000376e-01 1.369000000000000425e-03 3.020644000000000454e-02 1.697440000000000147e-03 1.636754687500000000e+05 1.794240000000000000e+05
1.000000000000000000e+00 1.609999999999999973e-02 3.368999999999999773e-01 3.000000000000000062e-03 -7.850000000000000033e-02 8.010000000000000453e-02 7.599999999999999985e-03 2.000000000000000042e-02 -4.283000000000000140e-01 -4.686000000000000165e-01 -3.440000000000000002e-02 -8.419999999999999707e-02 1.480000000000000066e-02 2.592100000000000068e-04 1.135016099999999889e-01 9.000000000000000228e-06 6.162250000000000193e-03 6.416010000000000636e-03 5.776000000000000264e-05 4.000000000000000192e-04 1.834408900000000231e-01 2.195859600000000245e-01 1.183360000000000054e-03 7.089639999999999484e-03 2.190400000000000170e-04 1.628648437500000000e+05 1.783946718750000000e+05
1.000000000000000000e+00 1.080000000000000057e-02 -2.134000000000000064e-01 -1.809999999999999942e-01 -8.930000000000000437e-02 -2.539999999999999897e-02 -1.179999999999999973e-02 -5.299999999999999156e-03 -5.503000000000000114e-01 -1.839999999999999969e-01 -1.080000000000000404e-02 -1.055000000000000104e-01 -1.940000000000000058e-02 1.166400000000000081e-04 4.553955999999999976e-02 3.276099999999999846e-02 7.974490000000000745e-03 6.451599999999999826e-04 1.392400000000000018e-04 2.808999999999999025e-05 3.028300899999999962e-01 3.385599999999999721e-02 1.166400000000000894e-04 1.113025000000000299e-02 3.763600000000000083e-04 1.629636875000000000e+05 1.789657500000000000e+05
1.000000000000000000e+00 8.699999999999999400e-03 2.359999999999999945e-02 5.779999999999999721e-02 -9.919999999999999651e-02 -4.019999999999999962e-02 1.140000000000000041e-02 -2.100000000000001171e-03 2.370000000000000162e-01 2.387999999999999845e-01 -9.899999999999992140e-03 -1.480000000000000066e-02 2.319999999999999840e-02 7.568999999999998852e-05 5.569600000000000072e-04 3.340839999999999869e-03 9.840639999999999457e-03 1.616040000000000011e-03 1.299600000000000093e-04 4.410000000000005211e-06 5.616900000000001059e-02 5.702543999999998975e-02 9.800999999999984258e-05 2.190400000000000170e-04 5.382399999999999424e-04 1.639436406250000000e+05 1.800492343750000000e+05
1.000000000000000000e+00 1.969999999999999876e-02 1.887000000000000066e-01 9.199999999999999845e-03 -8.290000000000000147e-02 -8.350000000000000477e-02 -2.800000000000000058e-02 1.099999999999999936e-02 1.650999999999999968e-01 -4.859999999999999737e-02 1.629999999999999505e-02 -4.330000000000000515e-02 -3.940000000000000446e-02 3.880899999999999519e-04 3.560769000000000434e-02 8.464000000000000278e-05 6.872410000000000671e-03 6.972250000000001016e-03 7.840000000000000831e-04 1.209999999999999867e-04 2.725800999999999918e-02 2.361959999999999754e-03 2.656899999999998499e-04 1.874890000000000367e-03 1.552360000000000458e-03 1.634922656250000000e+05 1.791825156250000000e+05
1.000000000000000000e+00 1.319999999999999993e-02 2.112999999999999878e-01 3.350000000000000200e-02 -9.229999999999999316e-02 -9.099999999999999756e-02 -4.349999999999999700e-02 -6.499999999999998834e-03 2.259999999999998122e-02 2.430000000000000215e-02 -9.399999999999991696e-03 -7.499999999999992784e-03 -1.549999999999999642e-02 1.742399999999999852e-04 4.464768999999999682e-02 1.122250000000000201e-03 8.519289999999998808e-03 8.281000000000000166e-03 1.892249999999999835e-03 4.224999999999998342e-05 5.107599999999991010e-04 5.904900000000001554e-04 8.835999999999983841e-05 5.624999999999989004e-05 2.402499999999998766e-04 1.633114843750000000e+05 1.784533750000000000e+05
1.000000000000000000e+00 2.259999999999999856e-02 3.017000000000000237e-01 6.160000000000000198e-02 -6.049999999999999822e-02 1.699999999999999905e-03 -1.499999999999999944e-02 9.399999999999998634e-03 9.040000000000003588e-02 2.809999999999999998e-02 3.179999999999999494e-02 9.269999999999999074e-02 2.849999999999999756e-02 5.107599999999999684e-04 9.102289000000000907e-02 3.794560000000000207e-03 3.660249999999999875e-03 2.889999999999999859e-06 2.249999999999999938e-04 8.835999999999997394e-05 8.172160000000006433e-03 7.896100000000000514e-04 1.011239999999999622e-03 8.593289999999998222e-03 8.122499999999998211e-04 1.632542812500000000e+05 1.787218281250000000e+05
1.000000000000000000e+00 2.879999999999999921e-02 3.605999999999999761e-01 1.887999999999999956e-01 -6.260000000000000286e-02 -1.009000000000000036e-01 -5.550000000000000072e-02 6.200000000000000649e-03 5.889999999999995239e-02 1.271999999999999797e-01 -2.100000000000004641e-03 -1.025999999999999968e-01 -4.050000000000000128e-02 8.294399999999999733e-04 1.300323599999999857e-01 3.564544000000000046e-02 3.918760000000000299e-03 1.018081000000000021e-02 3.080250000000000089e-03 3.844000000000001143e-05 3.469209999999994277e-03 1.617983999999999395e-02 4.410000000000019610e-06 1.052675999999999959e-02 1.640249999999999998e-03 1.633819843750000000e+05 1.793006406250000000e+05
1.000000000000000000e+00 2.779999999999999832e-02 2.713999999999999746e-01 -4.689999999999999725e-02 -6.250000000000000000e-02 -1.053999999999999937e-01 -5.249999999999999806e-02 -1.000000000000000888e-03 -8.920000000000000151e-02 -2.356999999999999929e-01 1.000000000000028644e-04 -4.499999999999990119e-03 3.000000000000002665e-03 7.728399999999998986e-04 7.365795999999998067e-02 2.199609999999999847e-03 3.906250000000000000e-03 1.110915999999999813e-02 2.756249999999999586e-03 1.000000000000001861e-06 7.956640000000000934e-03 5.555448999999999804e-02 1.000000000000057262e-08 2.024999999999990946e-05 9.000000000000015475e-06 1.632584531250000000e+05 1.791912656250000000e+05
1.000000000000000000e+00 1.370000000000000037e-02 1.572000000000000064e-01 6.809999999999999387e-02 -6.769999999999999629e-02 -1.489999999999999936e-01 -2.589999999999999941e-02 -1.409999999999999795e-02 -1.141999999999999682e-01 1.149999999999999911e-01 -5.199999999999996292e-03 -4.359999999999999987e-02 2.659999999999999865e-02 1.876900000000000139e-04 2.471184000000000228e-02 4.637609999999999476e-03 4.583289999999999413e-03 2.220099999999999851e-02 6.708099999999999827e-04 1.988099999999999481e-04 1.304163999999999324e-02 1.322499999999999717e-02 2.703999999999996134e-05 1.900959999999999933e-03 7.075599999999999815e-04 1.634253750000000000e+05 1.794324843750000000e+05
1.000000000000000000e+00 5.079999999999999793e-02 2.878000000000000003e-01 -1.044000000000000067e-01 -1.450000000000000074e-02 2.200000000000000133e-03 -6.729999999999999871e-02 3.709999999999999409e-02 1.305999999999999939e-01 -1.724999999999999867e-01 5.319999999999999729e-02 1.512000000000000011e-01 -4.139999999999999930e-02 2.580639999999999930e-03 8.282884000000000080e-02 1.089936000000000203e-02 2.102500000000000148e-04 4.840000000000000247e-06 4.529290000000000052e-03 1.376409999999999570e-03 1.705635999999999958e-02 2.975624999999999451e-02 2.830239999999999926e-03 2.286144000000000023e-02 1.713960000000000049e-03 1.627441250000000000e+05 1.781981875000000000e+05
1.000000000000000000e+00 5.460000000000000270e-02 5.963000000000000522e-01 1.269000000000000128e-01 -2.069999999999999965e-02 2.993000000000000105e-01 -6.189999999999999669e-02 3.800000000000004763e-03 3.085000000000000520e-01 2.313000000000000056e-01 -6.199999999999998915e-03 2.971000000000000307e-01 5.400000000000002021e-03 2.981160000000000494e-03 3.555736900000000533e-01 1.610361000000000431e-02 4.284900000000000124e-04 8.958049000000001261e-02 3.831609999999999617e-03 1.444000000000003623e-05 9.517225000000002766e-02 5.349969000000000252e-02 3.843999999999998433e-05 8.826841000000001936e-02 2.916000000000002236e-05 1.639795000000000000e+05 1.806658437500000000e+05
1.000000000000000000e+00 2.019999999999999921e-02 3.966999999999999971e-01 1.540999999999999870e-01 -2.939999999999999905e-02 1.300000000000000044e-01 -1.439999999999999961e-02 -3.440000000000000002e-02 -1.996000000000000552e-01 2.719999999999997420e-02 -8.699999999999999400e-03 -1.693000000000000060e-01 4.750000000000000056e-02 4.080399999999999761e-04 1.573708899999999855e-01 2.374680999999999667e-02 8.643599999999999981e-04 1.690000000000000183e-02 2.073599999999999933e-04 1.183360000000000054e-03 3.984016000000002028e-02 7.398399999999985543e-04 7.568999999999998852e-05 2.866249000000000227e-02 2.256250000000000009e-03 1.635764531250000000e+05 1.798218125000000000e+05
1.000000000000000000e+00 -3.690000000000000224e-02 5.759999999999999842e-02 -1.199999999999999956e-01 -5.439999999999999697e-02 1.045999999999999985e-01 -1.280000000000000061e-02 -5.709999999999999798e-02 -3.391000000000000125e-01 -2.741000000000000103e-01 -2.499999999999999792e-02 -2.540000000000000591e-02 1.599999999999998992e-03 1.361610000000000077e-03 3.317759999999999893e-03 1.439999999999999961e-02 2.959359999999999855e-03 1.094116000000000012e-02 1.638400000000000034e-04 3.260409999999999611e-03 1.149888100000000107e-01 7.513081000000000620e-02 6.249999999999999046e-04 6.451600000000003079e-04 2.559999999999996665e-06 1.634444062500000000e+05 1.795568750000000000e+05
1.000000000000000000e+00 -4.159999999999999809e-02 -2.575000000000000067e-01 -1.612000000000000099e-01 -5.369999999999999774e-02 -1.449000000000000010e-01 8.500000000000000611e-03 -4.699999999999995848e-03 -3.150999999999999912e-01 -4.120000000000001439e-02 6.999999999999992339e-04 -2.494999999999999996e-01 2.129999999999999949e-02 1.730559999999999911e-03 6.630624999999999714e-02 2.598544000000000201e-02 2.883689999999999951e-03 2.099600999999999898e-02 7.225000000000000790e-05 2.208999999999995960e-05 9.928800999999999599e-02 1.697440000000001231e-03 4.899999999999989084e-07 6.225025000000000003e-02 4.536899999999999744e-04 1.632281250000000000e+05 1.789133281250000000e+05
1.000000000000000000e+00 3.189999999999999780e-02 -8.300000000000000086e-03 -1.927999999999999992e-01 -3.880000000000000115e-02 -4.139999999999999930e-02 3.860000000000000236e-02 7.349999999999999589e-02 2.492000000000000048e-01 -3.159999999999998921e-02 1.489999999999999658e-02 1.035000000000000087e-01 3.010000000000000175e-02 1.017609999999999956e-03 6.888999999999999941e-05 3.717183999999999766e-02 1.505440000000000033e-03 1.713960000000000049e-03 1.489960000000000243e-03 5.402249999999999067e-03 6.210064000000000556e-02 9.985599999999992486e-04 2.220099999999998886e-04 1.071225000000000128e-02 9.060100000000000618e-04 1.628722812500000000e+05 1.781856562500000000e+05
1.000000000000000000e+00 -2.479999999999999913e-02 1.773000000000000131e-01 4.989999999999999991e-02 -2.580000000000000002e-02 -7.570000000000000340e-02 -1.080000000000000057e-02 -5.670000000000000040e-02 1.856000000000000150e-01 2.426999999999999991e-01 1.300000000000000114e-02 -3.430000000000000410e-02 -4.939999999999999947e-02 6.150399999999999661e-04 3.143529000000000462e-02 2.490009999999999966e-03 6.656400000000000034e-04 5.730490000000000410e-03 1.166400000000000081e-04 3.214890000000000195e-03 3.444736000000000326e-02 5.890328999999999704e-02 1.690000000000000421e-04 1.176490000000000305e-03 2.440359999999999925e-03 1.627906250000000000e+05 1.780569375000000000e+05
1.000000000000000000e+00 -2.929999999999999966e-02 2.929999999999999827e-01 1.048000000000000043e-01 -3.090000000000000038e-02 -3.309999999999999748e-02 -1.000000000000000021e-02 -4.500000000000000527e-03 1.156999999999999695e-01 5.490000000000000435e-02 -5.100000000000000366e-03 4.260000000000000592e-02 8.000000000000003636e-04 8.584899999999999476e-04 8.584899999999999476e-02 1.098304000000000120e-02 9.548100000000000554e-04 1.095609999999999900e-03 1.000000000000000048e-04 2.025000000000000432e-05 1.338648999999999221e-02 3.014010000000000560e-03 2.601000000000000339e-05 1.814760000000000548e-03 6.400000000000005428e-07 1.631945468750000000e+05 1.784172343750000000e+05
1.000000000000000000e+00 5.419999999999999818e-02 3.159000000000000141e-01 -6.600000000000000311e-02 -1.870000000000000134e-02 -4.299999999999999656e-02 -4.039999999999999841e-02 8.349999999999999090e-02 2.290000000000003144e-02 -1.708000000000000074e-01 1.219999999999999904e-02 -9.899999999999999079e-03 -3.039999999999999647e-02 2.937639999999999609e-03 9.979281000000000956e-02 4.356000000000000497e-03 3.496900000000000485e-04 1.848999999999999732e-03 1.632159999999999904e-03 6.972249999999998414e-03 5.244100000000014115e-04 2.917264000000000315e-02 1.488399999999999641e-04 9.800999999999997811e-05 9.241599999999998254e-04 1.632999062500000000e+05 1.791364531250000000e+05
1.000000000000000000e+00 -1.400000000000000029e-02 2.973999999999999977e-01 -1.899999999999999996e-03 -1.810000000000000150e-02 2.769999999999999893e-02 -5.279999999999999971e-02 -6.819999999999999674e-02 -1.850000000000001643e-02 6.410000000000000420e-02 5.999999999999998390e-04 7.069999999999999896e-02 -1.240000000000000130e-02 1.960000000000000208e-04 8.844675999999999927e-02 3.610000000000000165e-06 3.276100000000000431e-04 7.672899999999998992e-04 2.787839999999999763e-03 4.651239999999999195e-03 3.422500000000005941e-04 4.108810000000000934e-03 3.599999999999997825e-07 4.998489999999999531e-03 1.537600000000000457e-04 1.636386718750000000e+05 1.797934375000000000e+05
1.000000000000000000e+00 -1.030000000000000013e-02 2.888000000000000012e-01 -6.300000000000000044e-03 -2.899999999999999800e-03 -1.710000000000000062e-02 -6.010000000000000064e-02 3.700000000000000164e-03 -8.599999999999996536e-03 -4.400000000000000265e-03 1.520000000000000170e-02 -4.479999999999999954e-02 -7.300000000000000933e-03 1.060900000000000092e-04 8.340543999999999736e-02 3.969000000000000116e-05 8.409999999999999101e-06 2.924100000000000006e-04 3.612010000000000134e-03 1.369000000000000106e-05 7.395999999999993562e-05 1.936000000000000099e-05 2.310400000000000648e-04 2.007039999999999866e-03 5.329000000000001325e-05 1.635665000000000000e+05 1.797257031250000000e+05
1.000000000000000000e+00 -2.149999999999999828e-02 1.973000000000000032e-01 -3.599999999999999867e-01 -1.729999999999999941e-02 -2.440000000000000155e-02 -6.239999999999999714e-02 -1.119999999999999815e-02 -9.149999999999999800e-02 -3.537000000000000144e-01 -1.439999999999999961e-02 -7.300000000000000933e-03 -2.299999999999996492e-03 4.622499999999999331e-04 3.892729000000000328e-02 1.295999999999999930e-01 2.992899999999999619e-04 5.953600000000000732e-04 3.893759999999999583e-03 1.254399999999999645e-04 8.372249999999999484e-03 1.251036900000000174e-01 2.073599999999999933e-04 5.329000000000001325e-05 5.289999999999984080e-06 1.632456093750000000e+05 1.799822500000000000e+05
1.000000000000000000e+00 -1.450000000000000074e-02 1.494999999999999940e-01 -2.079999999999999905e-01 -2.409999999999999989e-02 -2.009999999999999981e-02 -7.910000000000000364e-02 6.999999999999997544e-03 -4.780000000000000915e-02 1.519999999999999962e-01 -6.800000000000000488e-03 4.300000000000001737e-03 -1.670000000000000651e-02 2.102500000000000148e-04 2.235024999999999859e-02 4.326399999999999690e-02 5.808099999999999635e-04 4.040100000000000028e-04 6.256810000000000670e-03 4.899999999999996454e-05 2.284840000000001089e-03 2.310399999999999954e-02 4.624000000000000451e-05 1.849000000000001440e-05 2.788900000000002250e-04 1.630144218750000000e+05 1.790620468750000000e+05
1.000000000000000000e+00 -1.349999999999999985e-02 1.970999999999999974e-01 -1.024000000000000049e-01 -7.599999999999999811e-02 -4.750000000000000056e-02 -8.429999999999999993e-02 1.000000000000000888e-03 4.760000000000000342e-02 1.055999999999999855e-01 -5.190000000000000169e-02 -2.740000000000000074e-02 -5.199999999999996292e-03 1.822499999999999847e-04 3.884840999999999989e-02 1.048576000000000022e-02 5.775999999999999884e-03 2.256250000000000009e-03 7.106490000000000029e-03 1.000000000000001861e-06 2.265760000000000343e-03 1.115135999999999732e-02 2.693610000000000362e-03 7.507600000000000558e-04 2.703999999999996134e-05 1.633048593750000000e+05 1.792962500000000000e+05
1.000000000000000000e+00 -4.700000000000000185e-03 4.600000000000000200e-01 9.310000000000000220e-02 4.100000000000000346e-03 4.401999999999999802e-01 -4.959999999999999826e-02 8.799999999999998795e-03 2.629000000000000226e-01 1.955000000000000071e-01 8.010000000000000453e-02 4.876999999999999669e-01 3.470000000000000168e-02 2.209000000000000026e-05 2.116000000000000103e-01 8.667610000000000939e-03 1.681000000000000338e-05 1.937760399999999827e-01 2.460159999999999864e-03 7.743999999999997684e-05 6.911641000000001700e-02 3.822025000000000422e-02 6.416010000000000636e-03 2.378512899999999652e-01 1.204090000000000108e-03 1.638893125000000000e+05 1.799704687500000000e+05
1.000000000000000000e+00 -2.639999999999999986e-02 3.154000000000000137e-01 -1.015000000000000069e-01 -5.380000000000000060e-02 1.731000000000000039e-01 -3.699999999999999817e-02 -2.170000000000000054e-02 -1.446000000000000063e-01 -1.945999999999999952e-01 -5.790000000000000008e-02 -2.671000000000000041e-01 1.260000000000000009e-02 6.969599999999999407e-04 9.947716000000000891e-02 1.030225000000000064e-02 2.894439999999999860e-03 2.996361000000000163e-02 1.368999999999999774e-03 4.708900000000000130e-04 2.090916000000000302e-02 3.786915999999999893e-02 3.352410000000000112e-03 7.134241000000000887e-02 1.587600000000000046e-04 1.629095937500000000e+05 1.784732031250000000e+05
1.000000000000000000e+00 -5.229999999999999927e-02 2.681999999999999940e-01 1.310000000000000053e-02 -1.496999999999999997e-01 -1.569999999999999868e-02 -2.000000000000000042e-02 -2.589999999999999941e-02 -4.720000000000001972e-02 1.146000000000000074e-01 -9.589999999999999913e-02 -1.887999999999999956e-01 1.699999999999999775e-02 2.735290000000000030e-03 7.193123999999999352e-02 1.716100000000000188e-04 2.241009000000000057e-02 2.464899999999999795e-04 4.000000000000000192e-04 6.708099999999999827e-04 2.227840000000001763e-03 1.313316000000000136e-02 9.196809999999999707e-03 3.564544000000000046e-02 2.889999999999999232e-04 1.629757187500000000e+05 1.787295312500000000e+05
1.000000000000000000e+00 -7.470000000000000251e-02 2.249999999999999917e-02 3.064999999999999947e-01 -1.545999999999999874e-01 -3.276999999999999913e-01 -5.279999999999999971e-02 -2.240000000000000324e-02 -2.457000000000000017e-01 2.933999999999999941e-01 -4.899999999999987699e-03 -3.119999999999999996e-01 -3.279999999999999583e-02 5.580090000000000224e-03 5.062499999999999726e-04 9.394224999999999104e-02 2.390115999999999769e-02 1.073872899999999964e-01 2.787839999999999763e-03 5.017600000000001833e-04 6.036849000000000381e-02 8.608356000000000341e-02 2.400999999999988023e-05 9.734399999999999997e-02 1.075839999999999783e-03 1.633248593750000000e+05 1.791520625000000000e+05
1.000000000000000000e+00 -5.790000000000000008e-02 4.850000000000000144e-02 4.363000000000000211e-01 -9.769999999999999518e-02 -1.102000000000000063e-01 -5.999999999999999778e-02 1.680000000000000243e-02 2.600000000000000228e-02 1.298000000000000265e-01 5.689999999999999225e-02 2.174999999999999711e-01 -7.199999999999998068e-03 3.352410000000000112e-03 2.352250000000000174e-03 1.903576900000000238e-01 9.545289999999999678e-03 1.214404000000000178e-02 3.599999999999999901e-03 2.822400000000000624e-04 6.760000000000001685e-04 1.684804000000000856e-02 3.237609999999999273e-03 4.730624999999998720e-02 5.183999999999997123e-05 1.634732031250000000e+05 1.788103437500000000e+05
1.000000000000000000e+00 -6.610000000000000597e-02 1.180999999999999966e-01 2.162999999999999923e-01 -8.939999999999999336e-02 -2.970000000000000070e-02 -2.029999999999999860e-02 -8.200000000000005895e-03 6.959999999999999520e-02 -2.200000000000000289e-01 8.300000000000001821e-03 8.050000000000000211e-02 3.969999999999999918e-02 4.369210000000000975e-03 1.394760999999999918e-02 4.678568999999999783e-02 7.992359999999998701e-03 8.820900000000000876e-04 4.120899999999999390e-04 6.724000000000009483e-05 4.844159999999999265e-03 4.840000000000001246e-02 6.889000000000002652e-05 6.480250000000000767e-03 1.576090000000000043e-03 1.629754843750000000e+05 1.782340781250000000e+05
1.000000000000000000e+00 1.609999999999999973e-02 2.116999999999999993e-01 6.600000000000000311e-02 -7.929999999999999549e-02 -1.663000000000000034e-01 -5.619999999999999996e-02 8.220000000000000917e-02 9.360000000000000264e-02 -1.502999999999999892e-01 1.009999999999999787e-02 -1.365999999999999992e-01 -3.590000000000000135e-02 2.592100000000000068e-04 4.481688999999999812e-02 4.356000000000000497e-03 6.288489999999999011e-03 2.765569000000000013e-02 3.158440000000000206e-03 6.756840000000001803e-03 8.760959999999999928e-03 2.259008999999999670e-02 1.020099999999999534e-04 1.865955999999999865e-02 1.288810000000000042e-03 1.628674375000000000e+05 1.780071562500000000e+05
1.000000000000000000e+00 5.160000000000000003e-02 2.763999999999999790e-01 -1.262999999999999956e-01 -6.980000000000000093e-02 -7.459999999999999964e-02 -6.260000000000000286e-02 3.550000000000000377e-02 6.469999999999997975e-02 -1.922999999999999987e-01 9.499999999999994560e-03 9.170000000000000373e-02 -6.400000000000002909e-03 2.662560000000000014e-03 7.639695999999998599e-02 1.595168999999999754e-02 4.872040000000000225e-03 5.565159999999999552e-03 3.918760000000000299e-03 1.260250000000000302e-03 4.186089999999997348e-03 3.697928999999999800e-02 9.024999999999990332e-05 8.408890000000000461e-03 4.096000000000003474e-05 1.626309218750000000e+05 1.780165156250000000e+05
1.000000000000000000e+00 8.999999999999999320e-03 3.022000000000000242e-01 -6.189999999999999669e-02 -9.510000000000000397e-02 -7.639999999999999569e-02 -4.460000000000000075e-02 -4.259999999999999898e-02 2.580000000000004512e-02 6.439999999999999891e-02 -2.530000000000000304e-02 -1.799999999999996048e-03 1.800000000000000211e-02 8.099999999999999019e-05 9.132484000000001823e-02 3.831609999999999617e-03 9.044009999999999896e-03 5.836959999999999545e-03 1.989160000000000234e-03 1.814759999999999898e-03 6.656400000000022802e-04 4.147360000000000109e-03 6.400900000000001684e-04 3.239999999999985920e-06 3.240000000000000692e-04 1.628274375000000000e+05 1.786156875000000000e+05
1.000000000000000000e+00 2.670000000000000151e-02 3.380000000000000226e-01 -6.250000000000000000e-02 -6.969999999999999807e-02 -1.299999999999999940e-03 -8.500000000000000611e-02 1.770000000000000046e-02 3.579999999999999849e-02 -6.000000000000033085e-04 2.540000000000000591e-02 7.510000000000000009e-02 -4.040000000000000535e-02 7.128900000000000948e-04 1.142440000000000122e-01 3.906250000000000000e-03 4.858089999999999804e-03 1.689999999999999913e-06 7.225000000000001386e-03 3.132900000000000311e-04 1.281639999999999906e-03 3.600000000000039648e-07 6.451600000000003079e-04 5.640009999999999989e-03 1.632160000000000338e-03 1.631212656250000000e+05 1.791487031250000000e+05
1.000000000000000000e+00 -2.869999999999999982e-02 2.505999999999999894e-01 9.700000000000000289e-03 -5.990000000000000185e-02 1.149999999999999981e-02 -7.370000000000000162e-02 -5.540000000000000480e-02 -8.740000000000003322e-02 7.220000000000000029e-02 9.799999999999996214e-03 1.279999999999999888e-02 1.130000000000000449e-02 8.236899999999999691e-04 6.280035999999999952e-02 9.409000000000000208e-05 3.588010000000000418e-03 1.322499999999999891e-04 5.431690000000000303e-03 3.069160000000000464e-03 7.638760000000005719e-03 5.212839999999999835e-03 9.603999999999992751e-05 1.638399999999999763e-04 1.276900000000001005e-04 1.633810781250000000e+05 1.792907656250000000e+05
1.000000000000000000e+00 2.790000000000000119e-02 2.028999999999999970e-01 -1.458000000000000129e-01 -8.329999999999999905e-02 -4.469999999999999668e-02 -2.850000000000000103e-02 5.659999999999999754e-02 -4.769999999999999241e-02 -1.555000000000000271e-01 -2.339999999999999719e-02 -5.619999999999999996e-02 4.520000000000000406e-02 7.784100000000001044e-04 4.116840999999999556e-02 2.125764000000000473e-02 6.938889999999999642e-03 1.998089999999999675e-03 8.122500000000000379e-04 3.203559999999999828e-03 2.275289999999999258e-03 2.418025000000000729e-02 5.475599999999998871e-04 3.158440000000000206e-03 2.043040000000000307e-03 1.632774843750000000e+05 1.790423906250000000e+05
1.000000000000000000e+00 3.640000000000000180e-02 1.875000000000000000e-01 -1.136000000000000065e-01 -6.819999999999999674e-02 -2.699999999999999969e-02 -3.579999999999999849e-02 8.500000000000000611e-03 -1.539999999999999702e-02 3.220000000000000639e-02 1.510000000000000231e-02 1.769999999999999699e-02 -7.299999999999997463e-03 1.324960000000000027e-03 3.515625000000000000e-02 1.290496000000000178e-02 4.651239999999999195e-03 7.289999999999999388e-04 1.281639999999999906e-03 7.225000000000000790e-05 2.371599999999999045e-04 1.036840000000000461e-03 2.280100000000000616e-04 3.132899999999998685e-04 5.328999999999996581e-05 1.633104375000000000e+05 1.791826718750000000e+05
1.000000000000000000e+00 -1.450000000000000074e-02 1.479000000000000037e-01 -7.989999999999999880e-02 -7.349999999999999589e-02 -5.729999999999999677e-02 -6.729999999999999871e-02 -5.090000000000000080e-02 -3.959999999999999631e-02 3.370000000000000773e-02 -5.299999999999999156e-03 -3.029999999999999707e-02 -3.150000000000000022e-02 2.102500000000000148e-04 2.187441000000000038e-02 6.384009999999999858e-03 5.402249999999999067e-03 3.283289999999999473e-03 4.529290000000000052e-03 2.590810000000000248e-03 1.568159999999999650e-03 1.135690000000000614e-03 2.808999999999999025e-05 9.180899999999997700e-04 9.922500000000000764e-04 1.635130781250000000e+05 1.793579843750000000e+05
1.000000000000000000e+00 8.999999999999999667e-02 3.682000000000000273e-01 -3.099000000000000088e-01 -3.479999999999999760e-02 1.676999999999999880e-01 -4.429999999999999910e-02 1.044999999999999957e-01 2.203000000000000236e-01 -2.300000000000000100e-01 3.869999999999999829e-02 2.249999999999999778e-01 2.299999999999999961e-02 8.099999999999999561e-03 1.355712400000000095e-01 9.603801000000000698e-02 1.211039999999999816e-03 2.812328999999999524e-02 1.962489999999999894e-03 1.092024999999999940e-02 4.853209000000001383e-02 5.290000000000000258e-02 1.497689999999999872e-03 5.062499999999998945e-02 5.289999999999999564e-04 1.630517343750000000e+05 1.790372187500000000e+05
1.000000000000000000e+00 2.589999999999999941e-02 2.268000000000000016e-01 -1.224999999999999978e-01 -2.539999999999999897e-02 -1.069999999999999944e-02 -3.729999999999999982e-02 -6.409999999999999032e-02 -1.414000000000000257e-01 1.874000000000000110e-01 9.399999999999998634e-03 -1.783999999999999753e-01 6.999999999999999278e-03 6.708099999999999827e-04 5.143824000000000313e-02 1.500624999999999876e-02 6.451599999999999826e-04 1.144899999999999830e-04 1.391289999999999888e-03 4.108809999999998332e-03 1.999396000000000853e-02 3.511876000000000581e-02 8.835999999999997394e-05 3.182655999999998986e-02 4.899999999999999164e-05 1.629087031250000000e+05 1.790792343750000000e+05
1.000000000000000000e+00 2.670000000000000151e-02 2.151000000000000134e-01 9.900000000000000813e-03 -5.140000000000000124e-02 5.550000000000000072e-02 -7.240000000000000602e-02 8.000000000000020983e-04 -1.169999999999998819e-02 1.323999999999999899e-01 -2.600000000000000228e-02 6.619999999999999496e-02 -3.510000000000000620e-02 7.128900000000000948e-04 4.626801000000000524e-02 9.801000000000001876e-05 2.641960000000000055e-03 3.080250000000000089e-03 5.241760000000000690e-03 6.400000000000034015e-07 1.368899999999997278e-04 1.752975999999999840e-02 6.760000000000001685e-04 4.382439999999999600e-03 1.232010000000000396e-03 1.632271406250000000e+05 1.790679531250000000e+05
