1.000000000000000000e+00 0.000000000000000000e+00 -0.000000000000000000e+00 0.000000000000000000e+00 0.000000000000000000e+00 -0.000000000000000000e+00 -0.000000000000000000e+00 0.000000000000000000e+00 0.000000000000000000e+00 0.000000000000000000e+00 0.000000000000000000e+00 0.000000000000000000e+00 0.000000000000000000e+00 0.000000000000000000e+00 0.000000000000000000e+00 0.000000000000000000e+00 0.000000000000000000e+00 0.000000000000000000e+00 0.000000000000000000e+00 0.000000000000000000e+00 0.000000000000000000e+00 0.000000000000000000e+00 0.000000000000000000e+00 0.000000000000000000e+00 0.000000000000000000e+00 1.686118125000000000e+06 1.796988875000000000e+06
1.000000000000000000e+00 1.000000000000000048e-04 -4.420000000000000318e-02 -1.368000000000000049e-01 -6.519999999999999407e-02 7.330000000000000404e-02 -2.200000000000000133e-03 1.000000000000000048e-04 -4.420000000000000318e-02 -1.368000000000000049e-01 -6.519999999999999407e-02 7.330000000000000404e-02 -2.200000000000000133e-03 1.000000000000000021e-08 1.953640000000000411e-03 1.871424000000000004e-02 4.251039999999999333e-03 5.372890000000000825e-03 4.840000000000000247e-06 1.000000000000000021e-08 1.953640000000000411e-03 1.871424000000000004e-02 4.251039999999999333e-03 5.372890000000000825e-03 4.840000000000000247e-06 1.685768750000000000e+06 1.798188500000000000e+06
1.000000000000000000e+00 1.220000000000000077e-02 -2.319999999999999840e-02 -4.669999999999999846e-02 -4.959999999999999826e-02 -3.529999999999999805e-02 1.480000000000000066e-02 1.210000000000000138e-02 2.100000000000000477e-02 9.010000000000001341e-02 1.559999999999999581e-02 -1.086000000000000021e-01 1.700000000000000122e-02 1.488400000000000183e-04 5.382399999999999424e-04 2.180889999999999999e-03 2.460159999999999864e-03 1.246089999999999828e-03 2.190400000000000170e-04 1.464100000000000297e-04 4.410000000000002026e-04 8.118010000000001891e-03 2.433599999999998655e-04 1.179396000000000090e-02 2.890000000000000316e-04 1.687647000000000000e+06 1.801091375000000000e+06
1.000000000000000000e+00 4.070000000000000007e-02 6.010000000000000064e-02 2.615999999999999992e-01 -1.779999999999999985e-02 -1.340000000000000080e-01 -2.850000000000000103e-02 2.849999999999999756e-02 8.329999999999999905e-02 3.083000000000000185e-01 3.179999999999999494e-02 -9.870000000000000995e-02 -4.330000000000000515e-02 1.656490000000000046e-03 3.612010000000000134e-03 6.843456000000000539e-02 3.168399999999999819e-04 1.795600000000000321e-02 8.122500000000000379e-04 8.122499999999998211e-04 6.938889999999999642e-03 9.504889000000001087e-02 1.011239999999999622e-03 9.741690000000002500e-03 1.874890000000000367e-03 1.682506625000000000e+06 1.789904625000000000e+06
1.000000000000000000e+00 1.980000000000000163e-02 6.729999999999999871e-02 1.610000000000000042e-01 -2.520000000000000018e-02 -1.710000000000000131e-01 -1.110000000000000049e-02 -2.089999999999999844e-02 7.199999999999998068e-03 -1.005999999999999950e-01 -7.400000000000000328e-03 -3.700000000000000511e-02 1.739999999999999880e-02 3.920400000000000751e-04 4.529290000000000052e-03 2.592100000000000307e-02 6.350400000000000185e-04 2.924100000000000310e-02 1.232100000000000079e-04 4.368099999999999327e-04 5.183999999999997123e-05 1.012035999999999838e-02 5.476000000000000426e-05 1.369000000000000425e-03 3.027599999999999541e-04 1.683581500000000000e+06 1.788168500000000000e+06
1.000000000000000000e+00 -5.960000000000000020e-02 -1.423999999999999988e-01 -1.726999999999999924e-01 -8.989999999999999380e-02 -1.492999999999999883e-01 -1.450000000000000074e-02 -7.939999999999999836e-02 -2.096999999999999975e-01 -3.336999999999999966e-01 -6.469999999999999363e-02 2.170000000000002482e-02 -3.400000000000000244e-03 3.552159999999999953e-03 2.027775999999999884e-02 2.982528999999999736e-02 8.082009999999998848e-03 2.229048999999999614e-02 2.102500000000000148e-04 6.304360000000000172e-03 4.397409000000000040e-02 1.113556899999999933e-01 4.186089999999999083e-03 4.708900000000010972e-04 1.156000000000000113e-05 1.684960625000000000e+06 1.787514000000000000e+06
1.000000000000000000e+00 -3.570000000000000256e-02 -1.869000000000000106e-01 -2.074999999999999900e-01 -9.360000000000000264e-02 -7.580000000000000626e-02 -7.520000000000000295e-02 2.389999999999999764e-02 -4.450000000000001177e-02 -3.479999999999999760e-02 -3.700000000000008837e-03 7.349999999999998201e-02 -6.070000000000000395e-02 1.274490000000000085e-03 3.493161000000000183e-02 4.305624999999999730e-02 8.760959999999999928e-03 5.745640000000000643e-03 5.655040000000000067e-03 5.712099999999998385e-04 1.980250000000001107e-03 1.211039999999999816e-03 1.369000000000006544e-05 5.402249999999997332e-03 3.684490000000000334e-03 1.685039625000000000e+06 1.789946250000000000e+06
1.000000000000000000e+00 -1.014000000000000040e-01 3.023000000000000131e-01 2.539000000000000146e-01 -1.418000000000000094e-01 -2.321999999999999897e-01 -5.100000000000000366e-03 -6.570000000000000839e-02 4.892000000000000237e-01 4.614000000000000323e-01 -4.820000000000000673e-02 -1.563999999999999835e-01 7.009999999999999565e-02 1.028196000000000145e-02 9.138529000000000790e-02 6.446521000000000889e-02 2.010724000000000192e-02 5.391683999999999366e-02 2.601000000000000339e-05 4.316490000000000951e-03 2.393166400000000249e-01 2.128899600000000170e-01 2.323240000000000721e-03 2.446095999999999340e-02 4.914009999999999039e-03 1.682369250000000000e+06 1.792398250000000000e+06
1.000000000000000000e+00 -9.569999999999999341e-02 1.019000000000000045e-01 7.220000000000000029e-02 -1.701000000000000012e-01 -1.507999999999999896e-01 -3.690000000000000224e-02 5.700000000000010614e-03 -2.004000000000000226e-01 -1.817000000000000282e-01 -2.829999999999999183e-02 8.140000000000000013e-02 -3.180000000000000188e-02 9.158489999999998299e-03 1.038361000000000145e-02 5.212839999999999835e-03 2.893400999999999959e-02 2.274063999999999600e-02 1.361610000000000077e-03 3.249000000000012430e-05 4.016016000000000724e-02 3.301489000000001200e-02 8.008899999999995233e-04 6.625960000000000183e-03 1.011240000000000056e-03 1.686653125000000000e+06 1.794695500000000000e+06
1.000000000000000000e+00 -1.460000000000000013e-02 -2.785000000000000253e-01 -3.552000000000000157e-01 -8.229999999999999816e-02 1.683000000000000052e-01 -1.100000000000000006e-01 8.109999999999999154e-02 -3.804000000000000159e-01 -4.274000000000000021e-01 8.780000000000000304e-02 3.190999999999999948e-01 -7.309999999999999831e-02 2.131599999999999988e-04 7.756225000000001313e-02 1.261670400000000081e-01 6.773289999999999519e-03 2.832489000000000187e-02 1.209999999999999964e-02 6.577209999999998266e-03 1.447041599999999983e-01 1.826707600000000153e-01 7.708840000000000657e-03 1.018248100000000017e-01 5.343609999999999506e-03 1.683104125000000000e+06 1.787579500000000000e+06
1.000000000000000000e+00 -4.839999999999999858e-02 3.099999999999999978e-02 5.510000000000000314e-02 -1.039999999999999952e-01 2.850000000000000103e-02 -9.020000000000000240e-02 -3.379999999999999671e-02 3.094999999999999973e-01 4.102999999999999980e-01 -2.169999999999999707e-02 -1.398000000000000076e-01 1.979999999999999816e-02 2.342560000000000042e-03 9.609999999999999402e-04 3.036010000000000444e-03 1.081599999999999923e-02 8.122500000000000379e-04 8.136040000000000633e-03 1.142439999999999775e-03 9.579024999999999346e-02 1.683460900000000038e-01 4.708899999999998504e-04 1.954404000000000211e-02 3.920399999999999124e-04 1.680951375000000000e+06 1.785029125000000000e+06
1.000000000000000000e+00 -6.990000000000000380e-02 6.919999999999999762e-02 2.767000000000000015e-01 -1.173000000000000015e-01 -1.471999999999999975e-01 -2.840000000000000163e-02 -2.150000000000000522e-02 3.819999999999999785e-02 2.215999999999999914e-01 -1.330000000000000626e-02 -1.756999999999999951e-01 6.180000000000000077e-02 4.886010000000000526e-03 4.788639999999999390e-03 7.656288999999999456e-02 1.375929000000000041e-02 2.166784000000000071e-02 8.065600000000001111e-04 4.622500000000002041e-04 1.459239999999999886e-03 4.910655999999999355e-02 1.768900000000001580e-04 3.087048999999999696e-02 3.819240000000000222e-03 1.682665875000000000e+06 1.787609000000000000e+06
1.000000000000000000e+00 -3.180000000000000188e-02 5.099999999999999672e-02 7.049999999999999323e-02 -1.008000000000000007e-01 -1.047000000000000014e-01 -4.649999999999999967e-02 3.810000000000000192e-02 -1.820000000000000090e-02 -2.061999999999999944e-01 1.650000000000000078e-02 4.249999999999999611e-02 -1.809999999999999803e-02 1.011240000000000056e-03 2.600999999999999580e-03 4.970249999999998974e-03 1.016064000000000030e-02 1.096209000000000072e-02 2.162250000000000109e-03 1.451610000000000096e-03 3.312400000000000067e-04 4.251843999999999762e-02 2.722500000000000310e-04 1.806249999999999696e-03 3.276099999999999347e-04 1.681978250000000000e+06 1.787071250000000000e+06
1.000000000000000000e+00 -3.209999999999999659e-02 3.790000000000000313e-02 -7.190000000000000557e-02 -8.849999999999999534e-02 -1.418999999999999984e-01 1.340000000000000045e-02 -2.999999999999947153e-04 -1.309999999999999359e-02 -1.423999999999999988e-01 1.230000000000000537e-02 -3.719999999999999696e-02 5.990000000000000185e-02 1.030409999999999833e-03 1.436410000000000161e-03 5.169610000000000698e-03 7.832249999999998935e-03 2.013560999999999823e-02 1.795600000000000223e-04 8.999999999999683544e-08 1.716099999999998291e-04 2.027775999999999884e-02 1.512900000000001321e-04 1.383839999999999680e-03 3.588010000000000418e-03 1.679530500000000000e+06 1.785137500000000000e+06
1.000000000000000000e+00 -3.030000000000000054e-02 1.155999999999999944e-01 -4.799999999999999580e-03 -8.640000000000000457e-02 -1.547000000000000042e-01 -3.629999999999999893e-02 1.799999999999996048e-03 7.769999999999999130e-02 6.710000000000000686e-02 2.099999999999990763e-03 -1.280000000000000582e-02 -4.970000000000000112e-02 9.180899999999999868e-04 1.336335999999999948e-02 2.303999999999999625e-05 7.464960000000000519e-03 2.393208999999999961e-02 1.317689999999999834e-03 3.239999999999985920e-06 6.037289999999998977e-03 4.502410000000000960e-03 4.409999999999961165e-06 1.638400000000001390e-04 2.470090000000000306e-03 1.682114125000000000e+06 1.789850250000000000e+06
1.000000000000000000e+00 -3.000000000000000062e-03 1.237000000000000044e-01 9.769999999999999518e-02 -5.360000000000000181e-02 -7.480000000000000537e-02 -4.429999999999999910e-02 2.730000000000000135e-02 8.100000000000009970e-03 1.024999999999999939e-01 3.280000000000000276e-02 7.989999999999999880e-02 -8.000000000000000167e-03 9.000000000000000228e-06 1.530169000000000147e-02 9.545289999999999678e-03 2.872960000000000357e-03 5.595040000000000777e-03 1.962489999999999894e-03 7.452900000000001234e-04 6.561000000000016634e-05 1.050624999999999823e-02 1.075840000000000216e-03 6.384009999999999858e-03 6.399999999999999710e-05 1.683279750000000000e+06 1.794588125000000000e+06
1.000000000000000000e+00 -2.380000000000000171e-02 3.649999999999999772e-02 1.640000000000000138e-02 -7.649999999999999856e-02 -1.072000000000000036e-01 -3.339999999999999913e-02 -2.080000000000000251e-02 -8.719999999999999973e-02 -8.129999999999999727e-02 -2.289999999999999675e-02 -3.239999999999999825e-02 1.089999999999999997e-02 5.664400000000000858e-04 1.332249999999999884e-03 2.689600000000000541e-04 5.852249999999999813e-03 1.149184000000000143e-02 1.115560000000000032e-03 4.326400000000000861e-04 7.603839999999999731e-03 6.609689999999999663e-03 5.244099999999998936e-04 1.049759999999999843e-03 1.188099999999999958e-04 1.683392000000000000e+06 1.794384000000000000e+06
1.000000000000000000e+00 -3.540000000000000091e-02 3.080000000000000099e-02 5.449999999999999983e-02 -8.509999999999999509e-02 -1.199999999999999956e-01 -2.040000000000000147e-02 -1.159999999999999920e-02 -5.699999999999996736e-03 3.809999999999999498e-02 -8.599999999999996536e-03 -1.279999999999999194e-02 1.299999999999999767e-02 1.253160000000000125e-03 9.486400000000000518e-04 2.970249999999999800e-03 7.242009999999999247e-03 1.439999999999999961e-02 4.161600000000000542e-04 1.345599999999999856e-04 3.248999999999996167e-05 1.451609999999999663e-03 7.395999999999993562e-05 1.638399999999997866e-04 1.689999999999999337e-04 1.684449500000000000e+06 1.797609375000000000e+06
1.000000000000000000e+00 -1.149999999999999981e-02 6.350000000000000089e-02 3.109999999999999917e-02 -5.870000000000000218e-02 -1.242999999999999938e-01 -1.009999999999999960e-02 2.390000000000000110e-02 3.269999999999999990e-02 -2.340000000000000066e-02 2.639999999999999292e-02 -4.299999999999998268e-03 1.030000000000000186e-02 1.322499999999999891e-04 4.032250000000000244e-03 9.672099999999999231e-04 3.445690000000000384e-03 1.545048999999999902e-02 1.020099999999999940e-04 5.712100000000000554e-04 1.069290000000000084e-03 5.475599999999999955e-04 6.969599999999996154e-04 1.848999999999998391e-05 1.060900000000000363e-04 1.683651750000000000e+06 1.796123750000000000e+06
1.000000000000000000e+00 2.850000000000000103e-02 -1.029000000000000054e-01 -2.918999999999999928e-01 -8.899999999999999925e-03 -4.950000000000000233e-02 -1.460000000000000013e-02 4.000000000000000083e-02 -1.663999999999999924e-01 -3.230000000000000093e-01 4.980000000000000399e-02 7.479999999999999150e-02 -4.500000000000000527e-03 8.122500000000000379e-04 1.058841000000000122e-02 8.520561000000000107e-02 7.920999999999999547e-05 2.450250000000000171e-03 2.131599999999999988e-04 1.600000000000000077e-03 2.768895999999999857e-02 1.043290000000000051e-01 2.480040000000000196e-03 5.595039999999999042e-03 2.025000000000000432e-05 1.685548125000000000e+06 1.800446500000000000e+06
1.000000000000000000e+00 7.660000000000000142e-02 -8.160000000000000586e-02 -6.569999999999999452e-02 3.320000000000000034e-02 -1.429999999999999882e-01 -3.590000000000000135e-02 4.810000000000000386e-02 2.129999999999999949e-02 2.262000000000000122e-01 4.209999999999999853e-02 -9.349999999999998590e-02 -2.129999999999999949e-02 5.867559999999999963e-03 6.658560000000000867e-03 4.316489999999999216e-03 1.102239999999999991e-03 2.044899999999999496e-02 1.288810000000000042e-03 2.313610000000000232e-03 4.536899999999999744e-04 5.116644000000000747e-02 1.772409999999999871e-03 8.742249999999996551e-03 4.536899999999999744e-04 1.683634375000000000e+06 1.796116000000000000e+06
1.000000000000000000e+00 1.480000000000000066e-02 9.520000000000000684e-02 3.966000000000000081e-01 -2.040000000000000147e-02 -2.066999999999999948e-01 1.880000000000000074e-02 -6.180000000000000077e-02 1.768000000000000127e-01 4.622999999999999887e-01 -5.360000000000000181e-02 -6.370000000000000662e-02 5.469999999999999862e-02 2.190400000000000170e-04 9.063040000000001373e-03 1.572915599999999969e-01 4.161600000000000542e-04 4.272488999999999454e-02 3.534400000000000042e-04 3.819240000000000222e-03 3.125824000000000658e-02 2.137212899999999804e-01 2.872960000000000357e-03 4.057690000000000949e-03 2.992089999999999767e-03 1.678430625000000000e+06 1.786495375000000000e+06
1.000000000000000000e+00 -2.790000000000000119e-02 5.840000000000000052e-02 1.598999999999999866e-01 -2.440000000000000155e-02 -1.902000000000000079e-01 -1.450000000000000074e-02 -4.270000000000000184e-02 -3.680000000000000632e-02 -2.367000000000000215e-01 -4.000000000000000083e-03 1.649999999999998690e-02 -3.330000000000000321e-02 7.784100000000001044e-04 3.410559999999999981e-03 2.556800999999999519e-02 5.953600000000000732e-04 3.617603999999999959e-02 2.102500000000000148e-04 1.823290000000000197e-03 1.354240000000000478e-03 5.602689000000000974e-02 1.599999999999999928e-05 2.722499999999995431e-04 1.108890000000000179e-03 1.679624125000000000e+06 1.785453375000000000e+06
1.000000000000000000e+00 -1.660000000000000017e-02 1.890000000000000013e-01 -6.040000000000000230e-02 -8.759999999999999731e-02 -1.572999999999999954e-01 4.000000000000000083e-03 1.130000000000000102e-02 1.305999999999999939e-01 -2.202999999999999958e-01 -6.319999999999999230e-02 3.290000000000001257e-02 1.850000000000000255e-02 2.755599999999999977e-04 3.572100000000000275e-02 3.648160000000000118e-03 7.673759999999999956e-03 2.474328999999999765e-02 1.599999999999999928e-05 1.276900000000000192e-04 1.705635999999999958e-02 4.853208999999999995e-02 3.994239999999998729e-03 1.082410000000000880e-03 3.422500000000001062e-04 1.678772875000000000e+06 1.786319750000000000e+06
1.000000000000000000e+00 -3.950000000000000039e-02 -2.350000000000000006e-02 -4.248000000000000109e-01 -7.770000000000000517e-02 7.900000000000000078e-02 -1.299999999999999940e-03 -2.290000000000000022e-02 -2.124999999999999944e-01 -3.644000000000000017e-01 9.899999999999992140e-03 2.363000000000000100e-01 -5.300000000000000024e-03 1.560250000000000005e-03 5.522500000000000065e-04 1.804550400000000110e-01 6.037290000000000711e-03 6.241000000000000020e-03 1.689999999999999913e-06 5.244100000000000020e-04 4.515624999999999500e-02 1.327873599999999932e-01 9.800999999999984258e-05 5.583769000000000232e-02 2.809000000000000041e-05 1.684476125000000000e+06 1.790367250000000000e+06
1.000000000000000000e+00 -1.609999999999999973e-02 -8.269999999999999574e-02 -6.719999999999999585e-02 -6.819999999999999674e-02 4.479999999999999954e-02 -2.390000000000000110e-02 2.340000000000000066e-02 -5.919999999999999568e-02 3.576000000000000290e-01 9.500000000000008438e-03 -3.420000000000000123e-02 -2.260000000000000203e-02 2.592100000000000068e-04 6.839289999999999606e-03 4.515839999999999264e-03 4.651239999999999195e-03 2.007039999999999866e-03 5.712100000000000554e-04 5.475599999999999955e-04 3.504639999999999405e-03 1.278777600000000070e-01 9.025000000000016082e-05 1.169640000000000003e-03 5.107600000000000768e-04 1.680386375000000000e+06 1.790496750000000000e+06
1.000000000000000000e+00 1.519999999999999997e-02 -2.359999999999999945e-02 3.644999999999999907e-01 -8.600000000000000006e-03 -1.968999999999999917e-01 -4.400000000000000265e-03 3.130000000000000143e-02 5.909999999999999976e-02 4.316999999999999726e-01 5.960000000000000020e-02 -2.416999999999999982e-01 1.949999999999999997e-02 2.310400000000000106e-04 5.569600000000000072e-04 1.328602499999999853e-01 7.396000000000000339e-05 3.876960999999999602e-02 1.936000000000000099e-05 9.796900000000000747e-04 3.492809999999999838e-03 1.863648899999999775e-01 3.552159999999999953e-03 5.841889000000000109e-02 3.802499999999999999e-04 1.677696000000000000e+06 1.786639125000000000e+06
1.000000000000000000e+00 2.100000000000000130e-02 9.289999999999999647e-02 5.750000000000000250e-02 1.060000000000000005e-02 -1.449999999999999900e-01 6.199999999999999782e-03 5.800000000000001335e-03 1.164999999999999925e-01 -3.069999999999999951e-01 1.920000000000000179e-02 5.190000000000000169e-02 1.060000000000000005e-02 4.410000000000000400e-04 8.630409999999999818e-03 3.306250000000000161e-03 1.123600000000000016e-04 2.102499999999999855e-02 3.843999999999999788e-05 3.364000000000001673e-05 1.357224999999999751e-02 9.424899999999999944e-02 3.686400000000000484e-04 2.693610000000000362e-03 1.123600000000000016e-04 1.681123750000000000e+06 1.789895625000000000e+06
1.000000000000000000e+00 3.710000000000000103e-02 -2.390000000000000110e-02 -2.685000000000000164e-01 -6.909999999999999476e-02 1.079999999999999988e-01 -6.479999999999999649e-02 1.609999999999999973e-02 -1.168000000000000010e-01 -3.260000000000000120e-01 -7.969999999999999307e-02 2.530000000000000027e-01 -7.099999999999999367e-02 1.376410000000000003e-03 5.712100000000000554e-04 7.209225000000001049e-02 4.774809999999999124e-03 1.166399999999999902e-02 4.199039999999999370e-03 2.592100000000000068e-04 1.364223999999999992e-02 1.062760000000000093e-01 6.352089999999998605e-03 6.400899999999999646e-02 5.040999999999999474e-03 1.685999125000000000e+06 1.790090875000000000e+06
1.000000000000000000e+00 -5.850000000000000339e-02 1.215999999999999998e-01 2.249999999999999917e-02 -7.920000000000000651e-02 8.930000000000000437e-02 -8.039999999999999925e-02 -9.560000000000000442e-02 1.454999999999999905e-01 2.910000000000000364e-01 -1.010000000000001175e-02 -1.869999999999999440e-02 -1.560000000000000275e-02 3.422250000000000379e-03 1.478656000000000068e-02 5.062499999999999726e-04 6.272640000000001201e-03 7.974490000000000745e-03 6.464160000000000045e-03 9.139360000000000886e-03 2.117024999999999810e-02 8.468100000000002014e-02 1.020100000000002380e-04 3.496899999999997775e-04 2.433600000000000823e-04 1.683915875000000000e+06 1.795287875000000000e+06
1.000000000000000000e+00 1.039999999999999952e-02 2.440000000000000155e-02 2.185999999999999888e-01 -5.530000000000000193e-02 -2.018999999999999961e-01 -6.450000000000000178e-02 6.890000000000000291e-02 -9.719999999999999474e-02 1.960999999999999965e-01 2.390000000000000457e-02 -2.912000000000000144e-01 1.589999999999999747e-02 1.081599999999999944e-04 5.953600000000000732e-04 4.778595999999999538e-02 3.058090000000000287e-03 4.076360999999999873e-02 4.160249999999999886e-03 4.747209999999999971e-03 9.447839999999999017e-03 3.845520999999999662e-02 5.712100000000002722e-04 8.479744000000000170e-02 2.528099999999999055e-04 1.683555000000000000e+06 1.793142125000000000e+06
1.000000000000000000e+00 3.299999999999999982e-03 -6.250000000000000000e-02 -5.399999999999999939e-02 -1.179999999999999973e-02 -3.760000000000000148e-02 -7.149999999999999412e-02 -7.099999999999999541e-03 -8.690000000000000502e-02 -2.726000000000000090e-01 4.350000000000000394e-02 1.643000000000000016e-01 -6.999999999999992339e-03 1.088999999999999907e-05 3.906250000000000000e-03 2.915999999999999755e-03 1.392400000000000018e-04 1.413760000000000017e-03 5.112249999999998740e-03 5.040999999999999339e-05 7.551610000000001134e-03 7.431076000000000348e-02 1.892250000000000269e-03 2.699448999999999946e-02 4.899999999999989000e-05 1.683578375000000000e+06 1.789047750000000000e+06
1.000000000000000000e+00 3.930000000000000160e-02 -3.899999999999999994e-02 -2.757000000000000006e-01 2.419999999999999929e-02 7.570000000000000340e-02 -5.170000000000000290e-02 3.600000000000000422e-02 2.350000000000000006e-02 -2.217000000000000082e-01 3.599999999999999728e-02 1.133000000000000118e-01 1.979999999999999122e-02 1.544490000000000142e-03 1.521000000000000000e-03 7.601049000000000000e-02 5.856400000000000104e-04 5.730490000000000410e-03 2.672890000000000248e-03 1.296000000000000277e-03 5.522500000000000065e-04 4.915089000000000263e-02 1.295999999999999843e-03 1.283689000000000184e-02 3.920399999999996414e-04 1.684125375000000000e+06 1.789759000000000000e+06
1.000000000000000000e+00 1.032000000000000001e-01 -8.450000000000000566e-02 6.790000000000000202e-02 2.939999999999999905e-02 -1.373999999999999944e-01 -8.099999999999999561e-03 6.389999999999999847e-02 -4.550000000000000572e-02 3.436000000000000165e-01 5.199999999999999761e-03 -2.131000000000000116e-01 4.359999999999999987e-02 1.065024000000000005e-02 7.140250000000000763e-03 4.610410000000000549e-03 8.643599999999999981e-04 1.887875999999999790e-02 6.560999999999999016e-05 4.083209999999999444e-03 2.070250000000000475e-03 1.180609600000000065e-01 2.703999999999999861e-05 4.541161000000000503e-02 1.900959999999999933e-03 1.682969250000000000e+06 1.793753875000000000e+06
1.000000000000000000e+00 5.689999999999999919e-02 3.849999999999999950e-02 3.688000000000000167e-01 8.690000000000000502e-02 -2.736999999999999988e-01 2.879999999999999921e-02 -4.630000000000000088e-02 1.229999999999999982e-01 3.009000000000000008e-01 5.750000000000000944e-02 -1.363000000000000045e-01 3.690000000000000224e-02 3.237609999999999707e-03 1.482250000000000061e-03 1.360134400000000132e-01 7.551610000000001134e-03 7.491169000000000300e-02 8.294399999999999733e-04 2.143690000000000179e-03 1.512900000000000009e-02 9.054080999999999935e-02 3.306250000000001028e-03 1.857769000000000087e-02 1.361610000000000077e-03 1.681434750000000000e+06 1.790970625000000000e+06
1.000000000000000000e+00 1.450000000000000074e-02 4.050000000000000128e-02 6.090000000000000274e-02 -1.430000000000000021e-02 -1.481000000000000094e-01 -6.499999999999999702e-03 -4.240000000000000019e-02 2.000000000000001776e-03 -3.079000000000000070e-01 -1.012000000000000122e-01 1.255999999999999894e-01 -3.529999999999999805e-02 2.102500000000000148e-04 1.640249999999999998e-03 3.708810000000000318e-03 2.044900000000000157e-04 2.193361000000000269e-02 4.224999999999999698e-05 1.797760000000000026e-03 4.000000000000007442e-06 9.480241000000000362e-02 1.024144000000000269e-02 1.577535999999999869e-02 1.246089999999999828e-03 1.681984625000000000e+06 1.788474750000000000e+06
1.000000000000000000e+00 3.549999999999999684e-02 1.176999999999999991e-01 -3.339999999999999913e-02 -3.520000000000000212e-02 -1.565999999999999892e-01 3.559999999999999970e-02 2.099999999999999784e-02 7.719999999999999085e-02 -9.429999999999999494e-02 -2.090000000000000191e-02 -8.499999999999979794e-03 4.209999999999999853e-02 1.260249999999999869e-03 1.385328999999999901e-02 1.115560000000000032e-03 1.239040000000000063e-03 2.452355999999999633e-02 1.267359999999999928e-03 4.409999999999999316e-04 5.959839999999998368e-03 8.892489999999999423e-03 4.368100000000000953e-04 7.224999999999965554e-05 1.772409999999999871e-03 1.682988875000000000e+06 1.789279500000000000e+06
1.000000000000000000e+00 8.000000000000000167e-03 8.140000000000000013e-02 1.067000000000000032e-01 -1.799999999999999864e-02 -9.660000000000000531e-02 -2.009999999999999981e-02 -2.749999999999999667e-02 -3.629999999999999893e-02 1.401000000000000023e-01 1.720000000000000348e-02 5.999999999999998390e-02 -5.569999999999999951e-02 6.399999999999999710e-05 6.625960000000000183e-03 1.138488999999999994e-02 3.239999999999999608e-04 9.331560000000000896e-03 4.040100000000000028e-04 7.562499999999998694e-04 1.317689999999999834e-03 1.962801000000000129e-02 2.958400000000001220e-04 3.599999999999998167e-03 3.102489999999999849e-03 1.681895000000000000e+06 1.789343125000000000e+06
1.000000000000000000e+00 -1.580000000000000154e-02 5.249999999999999806e-02 6.279999999999999472e-02 -9.909999999999999365e-02 -1.464000000000000024e-01 -2.110000000000000070e-02 -2.380000000000000171e-02 -2.890000000000000208e-02 -4.390000000000000846e-02 -8.109999999999999154e-02 -4.979999999999999705e-02 -1.000000000000000888e-03 2.496400000000000290e-04 2.756249999999999586e-03 3.943839999999999672e-03 9.820809999999999262e-03 2.143296000000000090e-02 4.452100000000000285e-04 5.664400000000000858e-04 8.352100000000000756e-04 1.927210000000000815e-03 6.577209999999998266e-03 2.480039999999999762e-03 1.000000000000001861e-06 1.682326000000000000e+06 1.790854625000000000e+06
1.000000000000000000e+00 -1.190000000000000085e-02 -1.323999999999999899e-01 -2.805000000000000271e-01 -8.669999999999999929e-02 -1.540000000000000049e-02 -4.780000000000000221e-02 3.900000000000000688e-03 -1.848999999999999810e-01 -3.433000000000000496e-01 1.239999999999999436e-02 1.310000000000000053e-01 -2.670000000000000151e-02 1.416100000000000214e-04 1.752975999999999840e-02 7.868025000000002100e-02 7.516890000000000030e-03 2.371600000000000129e-04 2.284840000000000221e-03 1.521000000000000515e-05 3.418800999999999091e-02 1.178548900000000316e-01 1.537599999999998560e-04 1.716100000000000264e-02 7.128900000000000948e-04 1.682487875000000000e+06 1.789718375000000000e+06
1.000000000000000000e+00 -4.549999999999999878e-02 1.396999999999999909e-01 1.089999999999999997e-02 -1.248999999999999971e-01 -6.959999999999999520e-02 -4.179999999999999688e-02 -3.359999999999999792e-02 2.721000000000000085e-01 2.914000000000000479e-01 -3.819999999999999785e-02 -5.419999999999999818e-02 6.000000000000005329e-03 2.070250000000000042e-03 1.951608999999999636e-02 1.188099999999999958e-04 1.560000999999999922e-02 4.844159999999999265e-03 1.747239999999999731e-03 1.128959999999999816e-03 7.403840999999999894e-02 8.491396000000002442e-02 1.459239999999999886e-03 2.937639999999999609e-03 3.600000000000006190e-05 1.681815500000000000e+06 1.795022625000000000e+06
1.000000000000000000e+00 -4.599999999999999922e-02 3.421000000000000152e-01 3.663000000000000145e-01 -1.053999999999999937e-01 -1.827000000000000013e-01 -4.900000000000000189e-02 -5.000000000000004441e-04 2.024000000000000243e-01 3.553999999999999937e-01 1.950000000000000344e-02 -1.131000000000000061e-01 -7.200000000000005007e-03 2.115999999999999825e-03 1.170324100000000173e-01 1.341756900000000141e-01 1.110915999999999813e-02 3.337928999999999896e-02 2.401000000000000356e-03 2.500000000000004651e-07 4.096576000000001078e-02 1.263091600000000037e-01 3.802500000000001083e-04 1.279161000000000187e-02 5.184000000000007287e-05 1.677561000000000000e+06 1.790785750000000000e+06
1.000000000000000000e+00 -1.880000000000000074e-02 7.710000000000000187e-02 3.299999999999999982e-03 -8.260000000000000675e-02 -8.100000000000000255e-02 -2.589999999999999941e-02 2.719999999999999848e-02 -2.650000000000000133e-01 -3.629999999999999893e-01 2.279999999999998694e-02 1.016999999999999987e-01 2.310000000000000248e-02 3.534400000000000042e-04 5.944410000000000666e-03 1.088999999999999907e-05 6.822760000000001497e-03 6.560999999999999992e-03 6.708099999999999827e-04 7.398399999999999638e-04 7.022500000000000964e-02 1.317689999999999972e-01 5.198399999999993868e-04 1.034289000000000042e-02 5.336100000000001172e-04 1.679657000000000000e+06 1.792815625000000000e+06
1.000000000000000000e+00 -1.349999999999999985e-02 -5.419999999999999818e-02 1.899999999999999996e-03 -6.819999999999999674e-02 -1.378000000000000058e-01 -2.639999999999999986e-02 5.300000000000000891e-03 -1.313000000000000000e-01 -1.399999999999999986e-03 1.440000000000001001e-02 -5.680000000000000326e-02 -5.000000000000004441e-04 1.822499999999999847e-04 2.937639999999999609e-03 3.610000000000000165e-06 4.651239999999999195e-03 1.898883999999999989e-02 6.969599999999999407e-04 2.809000000000001058e-05 1.723968999999999849e-02 1.959999999999999869e-06 2.073600000000002915e-04 3.226240000000000444e-03 2.500000000000004651e-07 1.679845750000000000e+06 1.788416500000000000e+06
1.000000000000000000e+00 -1.119999999999999989e-02 -4.700000000000000011e-02 -1.852999999999999925e-01 -4.700000000000000011e-02 -5.899999999999999689e-02 -3.189999999999999780e-02 2.299999999999999961e-03 7.199999999999998068e-03 -1.872000000000000053e-01 2.119999999999999662e-02 7.880000000000000893e-02 -5.499999999999997946e-03 1.254399999999999916e-04 2.209000000000000026e-03 3.433608999999999967e-02 2.209000000000000026e-03 3.480999999999999719e-03 1.017609999999999956e-03 5.290000000000000174e-06 5.183999999999997123e-05 3.504383999999999971e-02 4.494399999999998440e-04 6.209440000000001833e-03 3.024999999999997634e-05 1.684847750000000000e+06 1.799061375000000000e+06
1.000000000000000000e+00 -5.460000000000000270e-02 -7.520000000000000295e-02 -1.776000000000000079e-01 -5.670000000000000040e-02 -1.091000000000000025e-01 -1.710000000000000062e-02 -4.340000000000000108e-02 -2.820000000000000284e-02 7.699999999999984635e-03 -9.700000000000000289e-03 -5.010000000000000564e-02 1.479999999999999719e-02 2.981160000000000494e-03 5.655040000000000067e-03 3.154176000000000202e-02 3.214890000000000195e-03 1.190280999999999978e-02 2.924100000000000006e-04 1.883560000000000052e-03 7.952400000000001178e-04 5.928999999999976607e-05 9.409000000000000208e-05 2.510010000000000453e-03 2.190399999999999086e-04 1.682301750000000000e+06 1.800172125000000000e+06
1.000000000000000000e+00 -4.460000000000000075e-02 -1.149999999999999981e-02 2.649000000000000243e-01 -2.000000000000000042e-03 -1.494000000000000050e-01 -3.710000000000000103e-02 1.000000000000000194e-02 6.370000000000000662e-02 4.425000000000000044e-01 5.469999999999999862e-02 -4.030000000000000249e-02 -2.000000000000000042e-02 1.989160000000000234e-03 1.322499999999999891e-04 7.017201000000000688e-02 3.999999999999999819e-06 2.232036000000000089e-02 1.376410000000000003e-03 1.000000000000000454e-04 4.057690000000000949e-03 1.958062500000000150e-01 2.992089999999999767e-03 1.624090000000000126e-03 4.000000000000000192e-04 1.682768875000000000e+06 1.798274000000000000e+06
1.000000000000000000e+00 -5.890000000000000097e-02 1.239999999999999956e-02 2.253000000000000003e-01 7.100000000000000408e-03 -1.096000000000000030e-01 -4.619999999999999801e-02 -1.430000000000000021e-02 2.389999999999999764e-02 -3.960000000000002407e-02 9.100000000000000450e-03 3.980000000000000204e-02 -9.099999999999996980e-03 3.469209999999999915e-03 1.537599999999999915e-04 5.076009000000000077e-02 5.041000000000000694e-05 1.201216000000000089e-02 2.134439999999999601e-03 2.044900000000000157e-04 5.712099999999998385e-04 1.568160000000001818e-03 8.281000000000000166e-05 1.584040000000000101e-03 8.280999999999994745e-05 1.681599750000000000e+06 1.789700250000000000e+06
1.000000000000000000e+00 -4.039999999999999841e-02 -7.979999999999999594e-02 -3.047000000000000264e-01 -3.039999999999999994e-02 9.729999999999999760e-02 -5.750000000000000250e-02 1.850000000000000255e-02 -9.219999999999999030e-02 -5.300000000000000266e-01 -3.749999999999999861e-02 2.069000000000000006e-01 -1.130000000000000449e-02 1.632159999999999904e-03 6.368039999999999291e-03 9.284209000000001599e-02 9.241600000000000422e-04 9.467289999999999733e-03 3.306250000000000161e-03 3.422500000000001062e-04 8.500839999999997357e-03 2.809000000000000385e-01 1.406249999999999948e-03 4.280761000000000288e-02 1.276900000000001005e-04 1.681228375000000000e+06 1.786412625000000000e+06
1.000000000000000000e+00 -4.429999999999999910e-02 2.369999999999999885e-02 -1.358999999999999930e-01 -3.189999999999999780e-02 4.479999999999999954e-02 -5.759999999999999842e-02 -3.900000000000000688e-03 1.034999999999999948e-01 1.688000000000000334e-01 -1.499999999999997863e-03 -5.249999999999999806e-02 -9.999999999999592548e-05 1.962489999999999894e-03 5.616899999999999974e-04 1.846880999999999870e-02 1.017609999999999956e-03 2.007039999999999866e-03 3.317759999999999893e-03 1.521000000000000515e-05 1.071224999999999955e-02 2.849344000000001223e-02 2.249999999999993704e-06 2.756249999999999586e-03 9.999999999999184609e-09 1.680669125000000000e+06 1.784849000000000000e+06
1.000000000000000000e+00 -1.089999999999999997e-02 9.639999999999999958e-02 3.169000000000000150e-01 -6.189999999999999669e-02 -1.928999999999999881e-01 -4.909999999999999781e-02 3.339999999999999913e-02 7.270000000000000073e-02 4.527999999999999803e-01 -2.999999999999999889e-02 -2.376999999999999946e-01 8.500000000000000611e-03 1.188099999999999958e-04 9.292959999999999415e-03 1.004256100000000124e-01 3.831609999999999617e-03 3.721040999999999238e-02 2.410809999999999776e-03 1.115560000000000032e-03 5.285289999999999780e-03 2.050278399999999890e-01 8.999999999999999754e-04 5.650128999999999568e-02 7.225000000000000790e-05 1.679752875000000000e+06 1.787748750000000000e+06
1.000000000000000000e+00 9.100000000000000450e-03 -1.302999999999999992e-01 2.899999999999999800e-03 -2.460000000000000034e-02 -1.312000000000000111e-01 1.050000000000000065e-02 2.000000000000000042e-02 -2.267000000000000126e-01 -3.140000000000000013e-01 3.729999999999999982e-02 6.169999999999997708e-02 5.960000000000000020e-02 8.281000000000000166e-05 1.697809000000000124e-02 8.409999999999999101e-06 6.051599999999999861e-04 1.721344000000000346e-02 1.102500000000000100e-04 4.000000000000000192e-04 5.139289000000000357e-02 9.859600000000000308e-02 1.391289999999999888e-03 3.806889999999997238e-03 3.552159999999999953e-03 1.679476750000000000e+06 1.783769750000000000e+06
1.000000000000000000e+00 2.359999999999999945e-02 -1.741000000000000048e-01 -2.968999999999999972e-01 1.729999999999999941e-02 -4.059999999999999720e-02 -2.920000000000000026e-02 1.449999999999999900e-02 -4.380000000000000560e-02 -2.998000000000000109e-01 4.189999999999999974e-02 9.060000000000001386e-02 -3.969999999999999918e-02 5.569600000000000072e-04 3.031081000000000053e-02 8.814961000000000324e-02 2.992899999999999619e-04 1.648359999999999756e-03 8.526399999999999951e-04 2.102499999999999606e-04 1.918440000000000423e-03 8.988004000000000826e-02 1.755609999999999896e-03 8.208360000000003084e-03 1.576090000000000043e-03 1.679062750000000000e+06 1.782801875000000000e+06
1.000000000000000000e+00 3.599999999999999728e-02 1.400000000000000133e-01 -4.070000000000000007e-02 -5.770000000000000129e-02 -4.739999999999999769e-02 -9.130000000000000615e-02 1.239999999999999783e-02 3.141000000000000458e-01 2.561999999999999833e-01 -7.499999999999999722e-02 -6.800000000000000488e-03 -6.210000000000000242e-02 1.295999999999999843e-03 1.960000000000000284e-02 1.656490000000000046e-03 3.329289999999999940e-03 2.246759999999999990e-03 8.335690000000001501e-03 1.537599999999999373e-04 9.865881000000002732e-02 6.563843999999999235e-02 5.624999999999999792e-03 4.624000000000000451e-05 3.856410000000000220e-03 1.681989875000000000e+06 1.790257250000000000e+06
1.000000000000000000e+00 2.630000000000000046e-02 1.680999999999999994e-01 1.580999999999999905e-01 1.310000000000000053e-02 -9.070000000000000284e-02 -3.070000000000000159e-02 -9.699999999999996819e-03 2.809999999999998610e-02 1.987999999999999767e-01 7.080000000000000182e-02 -4.330000000000000515e-02 6.060000000000000109e-02 6.916900000000000132e-04 2.825760999999999898e-02 2.499560999999999797e-02 1.716100000000000188e-04 8.226490000000001232e-03 9.424900000000001462e-04 9.408999999999993432e-05 7.896099999999991841e-04 3.952143999999999102e-02 5.012640000000000498e-03 1.874890000000000367e-03 3.672359999999999947e-03 1.683443625000000000e+06 1.795394250000000000e+06
1.000000000000000000e+00 1.110000000000000049e-02 7.779999999999999416e-02 1.441000000000000059e-01 -7.300000000000000065e-03 -7.589999999999999525e-02 -1.131999999999999951e-01 -1.519999999999999997e-02 -9.030000000000000526e-02 -1.399999999999998468e-02 -2.040000000000000147e-02 1.480000000000000759e-02 -8.249999999999999001e-02 1.232100000000000079e-04 6.052839999999999436e-03 2.076481000000000160e-02 5.328999999999999970e-05 5.760809999999999022e-03 1.281423999999999931e-02 2.310400000000000106e-04 8.154090000000000990e-03 1.959999999999995600e-04 4.161600000000000542e-04 2.190400000000002339e-04 6.806249999999998065e-03 1.681533750000000000e+06 1.790992375000000000e+06
1.000000000000000000e+00 -8.820000000000000062e-02 3.740000000000000269e-02 1.784000000000000030e-01 -1.350000000000000089e-01 -1.658000000000000029e-01 -5.330000000000000016e-02 -9.929999999999999938e-02 -4.039999999999999147e-02 3.429999999999999716e-02 -1.277000000000000079e-01 -8.990000000000000768e-02 5.989999999999999492e-02 7.779239999999999766e-03 1.398760000000000194e-03 3.182656000000000374e-02 1.822500000000000162e-02 2.748964000000000268e-02 2.840889999999999995e-03 9.860489999999999533e-03 1.632159999999999254e-03 1.176489999999999871e-03 1.630729000000000206e-02 8.082010000000000582e-03 3.588009999999999550e-03 1.681508875000000000e+06 1.791652625000000000e+06
1.000000000000000000e+00 -9.500000000000000111e-02 -9.599999999999999159e-03 6.419999999999999318e-02 -1.360000000000000098e-01 -1.126000000000000056e-01 -6.650000000000000355e-02 -6.800000000000000488e-03 -4.700000000000000011e-02 -1.142000000000000098e-01 -1.000000000000000888e-03 5.319999999999999729e-02 -1.320000000000000340e-02 9.025000000000000036e-03 9.215999999999998499e-05 4.121639999999999332e-03 1.849600000000000202e-02 1.267876000000000072e-02 4.422250000000000833e-03 4.624000000000000451e-05 2.209000000000000026e-03 1.304164000000000191e-02 1.000000000000001861e-06 2.830239999999999926e-03 1.742400000000000936e-04 1.682627125000000000e+06 1.794611750000000000e+06
1.000000000000000000e+00 -2.989999999999999949e-02 8.300000000000000433e-02 7.799999999999999989e-02 -6.850000000000000533e-02 -1.184000000000000052e-01 -7.180000000000000271e-02 6.510000000000000508e-02 9.260000000000000175e-02 1.380000000000000671e-02 6.750000000000000444e-02 -5.799999999999999600e-03 -5.299999999999999156e-03 8.940099999999999870e-04 6.889000000000001026e-03 6.083999999999999998e-03 4.692250000000001108e-03 1.401856000000000109e-02 5.155240000000000170e-03 4.238010000000000388e-03 8.574760000000000715e-03 1.904400000000001892e-04 4.556250000000000404e-03 3.363999999999999640e-05 2.808999999999999025e-05 1.683802375000000000e+06 1.796343875000000000e+06
1.000000000000000000e+00 -2.290000000000000022e-02 1.100000000000000066e-03 4.109999999999999765e-02 -6.869999999999999718e-02 -1.202000000000000013e-01 -7.510000000000000009e-02 6.999999999999999278e-03 -8.190000000000000058e-02 -3.690000000000000224e-02 -1.999999999999918510e-04 -1.799999999999996048e-03 -3.299999999999997380e-03 5.244100000000000020e-04 1.210000000000000062e-06 1.689209999999999800e-03 4.719689999999999476e-03 1.444804000000000054e-02 5.640009999999999989e-03 4.899999999999999164e-05 6.707610000000000135e-03 1.361610000000000077e-03 3.999999999999673844e-08 3.239999999999985920e-06 1.088999999999998213e-05 1.682981000000000000e+06 1.794380250000000000e+06
1.000000000000000000e+00 -1.559999999999999928e-02 2.369999999999999885e-02 8.840000000000000635e-02 -7.009999999999999565e-02 -1.552999999999999936e-01 -7.130000000000000226e-02 7.300000000000000933e-03 2.259999999999999856e-02 4.730000000000000870e-02 -1.399999999999998468e-03 -3.509999999999999232e-02 3.799999999999997824e-03 2.433599999999999739e-04 5.616899999999999974e-04 7.814560000000001644e-03 4.914009999999999039e-03 2.411808999999999828e-02 5.083690000000000084e-03 5.329000000000001325e-05 5.107599999999999684e-04 2.237290000000000719e-03 1.959999999999995634e-06 1.232009999999999529e-03 1.443999999999998372e-05 1.679994250000000000e+06 1.789636375000000000e+06
1.000000000000000000e+00 2.799999999999999972e-03 -4.290000000000000063e-02 -7.370000000000000162e-02 -6.469999999999999363e-02 -3.810000000000000192e-02 -7.520000000000000295e-02 1.839999999999999969e-02 -6.659999999999999254e-02 -1.621000000000000218e-01 5.400000000000002021e-03 1.171999999999999986e-01 -3.900000000000000688e-03 7.839999999999999476e-06 1.840410000000000006e-03 5.431690000000000303e-03 4.186089999999999083e-03 1.451610000000000096e-03 5.655040000000000067e-03 3.385600000000000111e-04 4.435559999999998983e-03 2.627641000000000698e-02 2.916000000000002236e-05 1.373583999999999916e-02 1.521000000000000515e-05 1.679822000000000000e+06 1.784718750000000000e+06
1.000000000000000000e+00 1.039999999999999952e-02 1.234999999999999987e-01 -3.309999999999999748e-02 -5.290000000000000258e-02 -1.269999999999999948e-02 -9.360000000000000264e-02 7.599999999999999117e-03 1.663999999999999924e-01 4.060000000000000414e-02 1.179999999999999105e-02 2.540000000000000244e-02 -1.839999999999999969e-02 1.081599999999999944e-04 1.525225000000000018e-02 1.095609999999999900e-03 2.798410000000000307e-03 1.612899999999999957e-04 8.760959999999999928e-03 5.775999999999998909e-05 2.768895999999999857e-02 1.648360000000000406e-03 1.392399999999997849e-04 6.451600000000000910e-04 3.385600000000000111e-04 1.681016625000000000e+06 1.790583750000000000e+06
1.000000000000000000e+00 1.699999999999999905e-03 1.607000000000000095e-01 2.500999999999999890e-01 -8.269999999999999574e-02 -2.718999999999999750e-01 -6.110000000000000153e-02 -8.699999999999999400e-03 3.720000000000001084e-02 2.832000000000000073e-01 -2.979999999999999316e-02 -2.591999999999999860e-01 3.250000000000000111e-02 2.889999999999999859e-06 2.582449000000000203e-02 6.255000999999998923e-02 6.839289999999999606e-03 7.392960999999999283e-02 3.733210000000000261e-03 7.568999999999998852e-05 1.383840000000000764e-03 8.020224000000000797e-02 8.880399999999995546e-04 6.718463999999998992e-02 1.056250000000000114e-03 1.678916750000000000e+06 1.789283875000000000e+06
1.000000000000000000e+00 -3.180000000000000188e-02 -2.630000000000000046e-02 -2.520999999999999908e-01 -7.870000000000000606e-02 -7.700000000000000247e-03 -3.980000000000000204e-02 -3.350000000000000200e-02 -1.869999999999999996e-01 -5.021999999999999797e-01 3.999999999999989675e-03 2.641999999999999904e-01 2.129999999999999949e-02 1.011240000000000056e-03 6.916900000000000132e-04 6.355440999999999174e-02 6.193690000000000827e-03 5.929000000000000324e-05 1.584040000000000101e-03 1.122250000000000201e-03 3.496900000000000008e-02 2.522048399999999857e-01 1.599999999999991796e-05 6.980163999999999813e-02 4.536899999999999744e-04 1.678767750000000000e+06 1.785921625000000000e+06
1.000000000000000000e+00 -5.380000000000000060e-02 8.089999999999999969e-02 -2.631000000000000005e-01 -9.110000000000000042e-02 9.760000000000000620e-02 -6.219999999999999835e-02 -2.199999999999999872e-02 1.072000000000000036e-01 -1.100000000000000977e-02 -1.239999999999999436e-02 1.053000000000000047e-01 -2.239999999999999630e-02 2.894439999999999860e-03 6.544809999999999864e-03 6.922161000000000286e-02 8.299209999999999574e-03 9.525760000000001171e-03 3.868839999999999692e-03 4.839999999999999468e-04 1.149184000000000143e-02 1.210000000000002171e-04 1.537599999999998560e-04 1.108809000000000183e-02 5.017599999999998580e-04 1.675358875000000000e+06 1.781761000000000000e+06
1.000000000000000000e+00 -1.140000000000000041e-02 -5.439999999999999697e-02 2.079000000000000015e-01 -6.019999999999999657e-02 -1.829000000000000070e-01 -5.709999999999999798e-02 4.240000000000000019e-02 -1.353000000000000036e-01 4.709999999999999742e-01 3.090000000000000385e-02 -2.805000000000000271e-01 5.100000000000000366e-03 1.299600000000000093e-04 2.959359999999999855e-03 4.322241000000000277e-02 3.624039999999999380e-03 3.345241000000000187e-02 3.260409999999999611e-03 1.797760000000000026e-03 1.830609000000000056e-02 2.218409999999999827e-01 9.548100000000002722e-04 7.868025000000002100e-02 2.601000000000000339e-05 1.682240000000000000e+06 1.794704125000000000e+06
1.000000000000000000e+00 0.000000000000000000e+00 -2.879999999999999921e-02 2.111999999999999988e-01 -3.549999999999999684e-02 -2.003000000000000058e-01 -3.049999999999999933e-02 1.140000000000000041e-02 2.559999999999999776e-02 3.299999999999997380e-03 2.469999999999999973e-02 -1.739999999999999880e-02 2.659999999999999865e-02 0.000000000000000000e+00 8.294399999999999733e-04 4.460543999999999620e-02 1.260249999999999869e-03 4.012009000000000408e-02 9.302499999999999788e-04 1.299600000000000093e-04 6.553599999999999053e-04 1.088999999999998213e-05 6.100899999999999813e-04 3.027599999999999541e-04 7.075599999999999815e-04 1.677522125000000000e+06 1.790789875000000000e+06
1.000000000000000000e+00 -9.700000000000000289e-03 1.224999999999999978e-01 1.234999999999999987e-01 -1.089999999999999997e-02 -2.043999999999999984e-01 -2.409999999999999989e-02 -9.700000000000000289e-03 1.512999999999999901e-01 -8.770000000000000018e-02 2.459999999999999687e-02 -4.099999999999992539e-03 6.399999999999999439e-03 9.409000000000000208e-05 1.500624999999999876e-02 1.525225000000000018e-02 1.188099999999999958e-04 4.177936000000000150e-02 5.808099999999999635e-04 9.409000000000000208e-05 2.289168999999999579e-02 7.691289999999999932e-03 6.051599999999998777e-04 1.680999999999993900e-05 4.095999999999999408e-05 1.678899375000000000e+06 1.788735500000000000e+06
1.000000000000000000e+00 1.770000000000000046e-02 -9.220000000000000417e-02 -2.358000000000000096e-01 -2.570000000000000062e-02 1.159000000000000030e-01 -3.740000000000000269e-02 2.740000000000000074e-02 -2.147000000000000020e-01 -3.593000000000000083e-01 -1.480000000000000066e-02 3.203000000000000291e-01 -1.330000000000000279e-02 3.132900000000000311e-04 8.500840000000000826e-03 5.560164000000000772e-02 6.604900000000000137e-04 1.343280999999999989e-02 1.398760000000000194e-03 7.507600000000000558e-04 4.609608999999999929e-02 1.290964900000000082e-01 2.190400000000000170e-04 1.025920900000000247e-01 1.768900000000000767e-04 1.681016750000000000e+06 1.787471125000000000e+06
1.000000000000000000e+00 -7.100000000000000408e-03 5.300000000000000024e-03 -2.230000000000000038e-02 -4.469999999999999668e-02 -2.440000000000000155e-02 -2.019999999999999921e-02 -2.480000000000000260e-02 9.750000000000000333e-02 2.135000000000000231e-01 -1.899999999999999606e-02 -1.403000000000000080e-01 1.720000000000000348e-02 5.041000000000000694e-05 2.809000000000000041e-05 4.972900000000000584e-04 1.998089999999999675e-03 5.953600000000000732e-04 4.080399999999999761e-04 6.150400000000001829e-04 9.506250000000000810e-03 4.558225000000001165e-02 3.609999999999998301e-04 1.968409000000000131e-02 2.958400000000001220e-04 1.680069125000000000e+06 1.791864375000000000e+06
1.000000000000000000e+00 -7.810000000000000275e-02 7.470000000000000251e-02 3.095999999999999863e-01 -1.229999999999999982e-01 -2.277000000000000135e-01 -2.709999999999999909e-02 -7.100000000000000755e-02 6.940000000000000335e-02 3.318999999999999728e-01 -7.830000000000000848e-02 -2.033000000000000085e-01 -6.899999999999999883e-03 6.099610000000000101e-03 5.580090000000000224e-03 9.585215999999999181e-02 1.512900000000000009e-02 5.184729000000000421e-02 7.344099999999999023e-04 5.041000000000001209e-03 4.816360000000000433e-03 1.101576099999999753e-01 6.130890000000001686e-03 4.133089000000000207e-02 4.760999999999999987e-05 1.676956000000000000e+06 1.788339625000000000e+06
1.000000000000000000e+00 -2.069999999999999965e-02 4.900000000000000189e-02 1.230000000000000017e-02 -4.120000000000000051e-02 -8.490000000000000324e-02 -2.790000000000000119e-02 5.740000000000000657e-02 -2.570000000000000062e-02 -2.973000000000000087e-01 8.179999999999999771e-02 1.428000000000000103e-01 -8.000000000000020983e-04 4.284900000000000124e-04 2.401000000000000356e-03 1.512899999999999965e-04 1.697440000000000147e-03 7.208010000000000805e-03 7.784100000000001044e-04 3.294760000000000744e-03 6.604900000000000137e-04 8.838729000000000724e-02 6.691239999999999341e-03 2.039184000000000135e-02 6.400000000000034015e-07 1.678657500000000000e+06 1.788121250000000000e+06
1.000000000000000000e+00 -4.320000000000000229e-02 2.450000000000000094e-02 1.700000000000000122e-02 -1.179999999999999938e-01 -1.313000000000000000e-01 -1.729999999999999941e-02 -2.250000000000000264e-02 -2.450000000000000094e-02 4.700000000000001052e-03 -7.679999999999999327e-02 -4.639999999999999680e-02 1.060000000000000178e-02 1.866240000000000130e-03 6.002500000000000890e-04 2.890000000000000316e-04 1.392399999999999888e-02 1.723968999999999849e-02 2.992899999999999619e-04 5.062500000000000810e-04 6.002500000000000890e-04 2.209000000000001042e-05 5.898239999999999039e-03 2.152959999999999770e-03 1.123600000000000423e-04 1.679942000000000000e+06 1.789438250000000000e+06
1.000000000000000000e+00 6.320000000000000617e-02 -1.401000000000000023e-01 -2.189000000000000112e-01 3.400000000000000244e-02 -4.189999999999999974e-02 -2.510000000000000078e-02 1.064000000000000085e-01 -1.645999999999999963e-01 -2.358999999999999986e-01 1.519999999999999962e-01 8.940000000000000724e-02 -7.800000000000001377e-03 3.994240000000000464e-03 1.962801000000000129e-02 4.791721000000000175e-02 1.156000000000000126e-03 1.755609999999999896e-03 6.300100000000000752e-04 1.132096000000000144e-02 2.709315999999999808e-02 5.564880999999999994e-02 2.310399999999999954e-02 7.992360000000000436e-03 6.084000000000002058e-05 1.675631625000000000e+06 1.778586125000000000e+06
1.000000000000000000e+00 -1.640000000000000138e-02 5.500000000000000028e-02 -1.097999999999999948e-01 -4.479999999999999954e-02 -3.610000000000000014e-02 -6.099999999999999867e-02 -7.960000000000000409e-02 1.950999999999999956e-01 1.091000000000000164e-01 -7.880000000000000893e-02 5.799999999999999600e-03 -3.590000000000000135e-02 2.689600000000000541e-04 3.024999999999999911e-03 1.205603999999999877e-02 2.007039999999999866e-03 1.303209999999999959e-03 3.720999999999999915e-03 6.336160000000000403e-03 3.806400999999999535e-02 1.190281000000000325e-02 6.209440000000001833e-03 3.363999999999999640e-05 1.288810000000000042e-03 1.681937500000000000e+06 1.797936250000000000e+06
1.000000000000000000e+00 -2.299999999999999961e-03 2.866000000000000214e-01 4.199999999999999740e-03 -8.559999999999999554e-02 6.079999999999999988e-02 -4.139999999999999930e-02 1.410000000000000142e-02 2.316000000000000281e-01 1.139999999999999902e-01 -4.079999999999999599e-02 9.690000000000000002e-02 1.959999999999999937e-02 5.290000000000000174e-06 8.213956000000001423e-02 1.763999999999999713e-05 7.327359999999998909e-03 3.696640000000000169e-03 1.713960000000000049e-03 1.988100000000000294e-04 5.363856000000001567e-02 1.299599999999999714e-02 1.664639999999999566e-03 9.389609999999999623e-03 3.841599999999999811e-04 1.688218250000000000e+06 1.801899000000000000e+06
1.000000000000000000e+00 3.030000000000000054e-02 -4.669999999999999846e-02 -1.842999999999999916e-01 3.570000000000000256e-02 8.859999999999999820e-02 -2.869999999999999982e-02 3.260000000000000397e-02 -3.333000000000000407e-01 -1.885000000000000009e-01 1.212999999999999912e-01 2.779999999999999832e-02 1.269999999999999948e-02 9.180899999999999868e-04 2.180889999999999999e-03 3.396648999999999502e-02 1.274490000000000085e-03 7.849959999999999577e-03 8.236899999999999691e-04 1.062760000000000267e-03 1.110888900000000235e-01 3.553225000000000133e-02 1.471368999999999802e-02 7.728399999999998986e-04 1.612899999999999957e-04 1.684481375000000000e+06 1.793337750000000000e+06
1.000000000000000000e+00 -2.479999999999999913e-02 -2.351999999999999924e-01 -1.223000000000000059e-01 -7.059999999999999609e-02 4.739999999999999769e-02 -5.779999999999999721e-02 -5.509999999999999620e-02 -1.885000000000000009e-01 6.199999999999998568e-02 -1.063000000000000056e-01 -4.120000000000000051e-02 -2.909999999999999740e-02 6.150399999999999661e-04 5.531903999999999988e-02 1.495729000000000156e-02 4.984359999999999312e-03 2.246759999999999990e-03 3.340839999999999869e-03 3.036009999999999577e-03 3.553225000000000133e-02 3.843999999999998026e-03 1.129969000000000112e-02 1.697440000000000147e-03 8.468099999999998155e-04 1.681732125000000000e+06 1.789457750000000000e+06
1.000000000000000000e+00 -1.096000000000000030e-01 -7.000000000000000146e-03 2.034999999999999865e-01 -1.930999999999999939e-01 -6.189999999999999669e-02 -9.349999999999999978e-02 -8.480000000000000038e-02 2.281999999999999862e-01 3.257999999999999785e-01 -1.224999999999999978e-01 -1.092999999999999944e-01 -3.570000000000000256e-02 1.201216000000000089e-02 4.900000000000000519e-05 4.141224999999999767e-02 3.728760999999999881e-02 3.831609999999999617e-03 8.742250000000000021e-03 7.191040000000000106e-03 5.207523999999999487e-02 1.061456399999999856e-01 1.500624999999999876e-02 1.194648999999999885e-02 1.274490000000000085e-03 1.681105000000000000e+06 1.790690500000000000e+06
1.000000000000000000e+00 -9.100000000000000450e-03 1.532999999999999918e-01 2.477000000000000035e-01 -1.535999999999999865e-01 -2.918999999999999928e-01 -4.880000000000000310e-02 1.005000000000000060e-01 1.602999999999999980e-01 4.420000000000001705e-02 3.950000000000000733e-02 -2.299999999999999822e-01 4.469999999999999668e-02 8.281000000000000166e-05 2.350088999999999650e-02 6.135528999999999983e-02 2.359295999999999616e-02 8.520561000000000107e-02 2.381440000000000293e-03 1.010025000000000159e-02 2.569608999999999782e-02 1.953640000000001712e-03 1.560250000000000655e-03 5.289999999999998870e-02 1.998089999999999675e-03 1.684190875000000000e+06 1.791453000000000000e+06
1.000000000000000000e+00 6.599999999999999964e-03 1.231000000000000011e-01 3.039999999999999994e-02 -8.340000000000000191e-02 -1.824999999999999956e-01 -2.149999999999999828e-02 1.569999999999999868e-02 -3.019999999999999074e-02 -2.172999999999999932e-01 7.019999999999998463e-02 1.093999999999999972e-01 2.730000000000000482e-02 4.355999999999999629e-05 1.515360999999999965e-02 9.241600000000000422e-04 6.955560000000000388e-03 3.330624999999999558e-02 4.622499999999999331e-04 2.464899999999999795e-04 9.120399999999994874e-04 4.721928999999999710e-02 4.928039999999998116e-03 1.196835999999999907e-02 7.452900000000002318e-04 1.683016375000000000e+06 1.790100250000000000e+06
1.000000000000000000e+00 -3.500000000000000073e-03 2.356999999999999929e-01 4.619999999999999801e-02 -5.840000000000000052e-02 -1.270000000000000018e-01 -1.389999999999999916e-02 -1.009999999999999960e-02 1.125999999999999918e-01 1.579999999999999807e-02 2.500000000000000139e-02 5.549999999999999378e-02 7.599999999999999117e-03 1.225000000000000130e-05 5.555448999999999804e-02 2.134439999999999601e-03 3.410559999999999981e-03 1.612900000000000097e-02 1.932099999999999746e-04 1.020099999999999940e-04 1.267875999999999899e-02 2.496399999999999206e-04 6.250000000000001214e-04 3.080249999999999221e-03 5.775999999999998909e-05 1.684092250000000000e+06 1.793293750000000000e+06
1.000000000000000000e+00 1.080000000000000057e-02 -4.469999999999999668e-02 -1.250999999999999890e-01 1.529999999999999936e-02 -2.409999999999999989e-02 -1.629999999999999852e-02 1.430000000000000021e-02 -2.803999999999999826e-01 -1.712999999999999801e-01 7.370000000000000162e-02 1.029000000000000054e-01 -2.399999999999999356e-03 1.166400000000000081e-04 1.998089999999999675e-03 1.565000999999999892e-02 2.340899999999999763e-04 5.808099999999999635e-04 2.656899999999999583e-04 2.044900000000000157e-04 7.862415999999998462e-02 2.934368999999999172e-02 5.431690000000000303e-03 1.058841000000000122e-02 5.759999999999996521e-06 1.684538000000000000e+06 1.795648250000000000e+06
1.000000000000000000e+00 8.999999999999999320e-03 -6.919999999999999762e-02 1.529999999999999936e-02 2.099999999999999870e-03 -1.000000000000000021e-02 -4.769999999999999934e-02 -1.800000000000001252e-03 -2.450000000000000094e-02 1.403999999999999970e-01 -1.319999999999999993e-02 1.409999999999999969e-02 -3.139999999999999736e-02 8.099999999999999019e-05 4.788639999999999390e-03 2.340899999999999763e-04 4.409999999999999282e-06 1.000000000000000048e-04 2.275290000000000125e-03 3.240000000000004554e-06 6.002500000000000890e-04 1.971215999999999940e-02 1.742399999999999852e-04 1.988100000000000023e-04 9.859599999999999181e-04 1.686628875000000000e+06 1.797172750000000000e+06
1.000000000000000000e+00 2.630000000000000046e-02 3.500000000000000333e-02 2.034999999999999865e-01 -6.750000000000000444e-02 -7.989999999999999880e-02 -3.849999999999999950e-02 1.730000000000000288e-02 1.042000000000000010e-01 1.881999999999999784e-01 -6.960000000000000908e-02 -6.990000000000000380e-02 9.199999999999999845e-03 6.916900000000000132e-04 1.225000000000000177e-03 4.141224999999999767e-02 4.556250000000000404e-03 6.384009999999999858e-03 1.482250000000000061e-03 2.992900000000001245e-04 1.085764000000000000e-02 3.541923999999999073e-02 4.844160000000001000e-03 4.886010000000000526e-03 8.464000000000000278e-05 1.683962875000000000e+06 1.793757625000000000e+06
1.000000000000000000e+00 3.259999999999999704e-02 -7.259999999999999787e-02 -1.269999999999999948e-02 -2.869999999999999982e-02 -6.270000000000000573e-02 -2.409999999999999989e-02 6.299999999999996575e-03 -1.076000000000000012e-01 -2.161999999999999755e-01 3.880000000000000115e-02 1.719999999999999307e-02 1.439999999999999961e-02 1.062759999999999833e-03 5.270759999999999335e-03 1.612899999999999957e-04 8.236899999999999691e-04 3.931290000000000479e-03 5.808099999999999635e-04 3.968999999999995372e-05 1.157775999999999944e-02 4.674243999999998928e-02 1.505440000000000033e-03 2.958399999999997425e-04 2.073599999999999933e-04 1.682079750000000000e+06 1.789787125000000000e+06
1.000000000000000000e+00 -4.669999999999999846e-02 4.549999999999999878e-02 -8.659999999999999643e-02 -2.510000000000000078e-02 -5.160000000000000003e-02 -2.040000000000000147e-02 -7.929999999999999549e-02 1.180999999999999966e-01 -7.389999999999999347e-02 3.599999999999999034e-03 1.110000000000000570e-02 3.699999999999998429e-03 2.180889999999999999e-03 2.070250000000000042e-03 7.499559999999999733e-03 6.300100000000000752e-04 2.662560000000000014e-03 4.161600000000000542e-04 6.288489999999999011e-03 1.394760999999999918e-02 5.461209999999999329e-03 1.295999999999999281e-05 1.232100000000001163e-04 1.368999999999998921e-05 1.681708375000000000e+06 1.791982375000000000e+06
1.000000000000000000e+00 -5.229999999999999927e-02 1.456999999999999962e-01 -3.180000000000000188e-02 -9.790000000000000091e-02 -8.530000000000000082e-02 -2.790000000000000119e-02 -5.600000000000000810e-03 1.001999999999999974e-01 5.479999999999999455e-02 -7.280000000000000360e-02 -3.370000000000000079e-02 -7.499999999999999722e-03 2.735290000000000030e-03 2.122848999999999917e-02 1.011240000000000056e-03 9.584409999999999805e-03 7.276089999999999815e-03 7.784100000000001044e-04 3.136000000000001146e-05 1.004004000000000008e-02 3.003039999999999356e-03 5.299840000000000106e-03 1.135689999999999963e-03 5.624999999999999846e-05 1.680563625000000000e+06 1.788064875000000000e+06
1.000000000000000000e+00 -5.360000000000000181e-02 2.029999999999999860e-02 -6.060000000000000109e-02 -7.860000000000000320e-02 -4.700000000000000011e-02 -1.849999999999999908e-02 -1.300000000000002542e-03 -1.254000000000000115e-01 -2.879999999999999921e-02 1.929999999999999771e-02 3.830000000000000071e-02 9.400000000000002104e-03 2.872960000000000357e-03 4.120899999999999390e-04 3.672359999999999947e-03 6.177960000000000569e-03 2.209000000000000026e-03 3.422499999999999436e-04 1.690000000000006689e-06 1.572516000000000191e-02 8.294399999999999733e-04 3.724899999999998980e-04 1.466889999999999991e-03 8.836000000000004170e-05 1.683680750000000000e+06 1.792347500000000000e+06
1.000000000000000000e+00 -2.649999999999999925e-02 -2.750000000000000222e-01 -2.210000000000000159e-02 -6.180000000000000077e-02 -4.510000000000000120e-02 -2.920000000000000026e-02 2.710000000000000256e-02 -2.953000000000000069e-01 3.849999999999999950e-02 1.680000000000000243e-02 1.899999999999998912e-03 -1.070000000000000118e-02 7.022499999999999663e-04 7.562500000000001166e-02 4.884100000000001027e-04 3.819240000000000222e-03 2.034010000000000158e-03 8.526399999999999951e-04 7.344100000000001191e-04 8.720209000000000987e-02 1.482250000000000061e-03 2.822400000000000624e-04 3.609999999999995930e-06 1.144900000000000236e-04 1.682153250000000000e+06 1.789858000000000000e+06
1.000000000000000000e+00 -9.450000000000000067e-02 1.202000000000000013e-01 1.288999999999999868e-01 -1.209999999999999964e-01 -5.859999999999999931e-02 -4.950000000000000233e-02 -6.800000000000000488e-02 3.951999999999999957e-01 1.509999999999999953e-01 -5.919999999999999568e-02 -1.349999999999999811e-02 -2.030000000000000207e-02 8.930250000000000687e-03 1.444804000000000054e-02 1.661520999999999831e-02 1.464099999999999950e-02 3.433959999999999790e-03 2.450250000000000171e-03 4.624000000000000506e-03 1.561830399999999952e-01 2.280099999999999835e-02 3.504639999999999405e-03 1.822499999999999576e-04 4.120900000000001016e-04 1.681712625000000000e+06 1.792430625000000000e+06
1.000000000000000000e+00 -8.880000000000000393e-02 3.007000000000000228e-01 1.142999999999999988e-01 -8.909999999999999865e-02 -9.690000000000000002e-02 -4.080000000000000293e-02 5.699999999999996736e-03 1.805000000000000215e-01 -1.459999999999998799e-02 3.189999999999999780e-02 -3.830000000000000071e-02 8.699999999999999400e-03 7.885440000000000504e-03 9.042049000000002001e-02 1.306448999999999978e-02 7.938809999999999270e-03 9.389609999999999623e-03 1.664640000000000217e-03 3.248999999999996167e-05 3.258025000000000504e-02 2.131599999999996464e-04 1.017609999999999956e-03 1.466889999999999991e-03 7.568999999999998852e-05 1.681964625000000000e+06 1.792126000000000000e+06
1.000000000000000000e+00 1.540000000000000049e-02 6.379999999999999560e-02 1.423000000000000098e-01 -3.479999999999999760e-02 -1.132999999999999979e-01 4.000000000000000192e-04 1.042000000000000010e-01 -2.369000000000000272e-01 2.800000000000001099e-02 5.430000000000000104e-02 -1.639999999999999791e-02 4.120000000000000051e-02 2.371600000000000129e-04 4.070439999999999822e-03 2.024929000000000312e-02 1.211039999999999816e-03 1.283689000000000011e-02 1.600000000000000033e-07 1.085764000000000000e-02 5.612161000000001621e-02 7.840000000000006252e-04 2.948490000000000225e-03 2.689599999999999456e-04 1.697440000000000147e-03 1.678529375000000000e+06 1.784831500000000000e+06
1.000000000000000000e+00 5.430000000000000104e-02 1.330000000000000071e-01 -9.879999999999999893e-02 1.299999999999999940e-02 -3.000000000000000062e-03 2.149999999999999828e-02 3.890000000000000402e-02 6.920000000000001150e-02 -2.411000000000000087e-01 4.779999999999999527e-02 1.102999999999999953e-01 2.109999999999999723e-02 2.948490000000000225e-03 1.768900000000000333e-02 9.761439999999999700e-03 1.689999999999999879e-04 9.000000000000000228e-06 4.622499999999999331e-04 1.513210000000000293e-03 4.788640000000001992e-03 5.812921000000000754e-02 2.284839999999999354e-03 1.216608999999999920e-02 4.452099999999998658e-04 1.682358250000000000e+06 1.791016750000000000e+06
1.000000000000000000e+00 -1.250000000000000069e-02 -3.379999999999999671e-02 -1.782999999999999863e-01 -3.599999999999999901e-03 1.181999999999999995e-01 -2.460000000000000034e-02 -6.679999999999999827e-02 -1.668000000000000038e-01 -7.949999999999998734e-02 -1.660000000000000017e-02 1.212000000000000022e-01 -4.610000000000000209e-02 1.562500000000000304e-04 1.142439999999999775e-03 3.179088999999999526e-02 1.295999999999999958e-05 1.397123999999999935e-02 6.051599999999999861e-04 4.462240000000000130e-03 2.782224000000000155e-02 6.320249999999997745e-03 2.755599999999999977e-04 1.468943999999999979e-02 2.125210000000000207e-03 1.679326125000000000e+06 1.786164500000000000e+06
1.000000000000000000e+00 -1.450000000000000074e-02 -8.079999999999999682e-02 1.077000000000000041e-01 -1.409999999999999969e-02 -8.429999999999999993e-02 1.000000000000000021e-02 -2.000000000000000042e-03 -4.700000000000000011e-02 2.859999999999999765e-01 -1.049999999999999892e-02 -2.025000000000000133e-01 3.459999999999999881e-02 2.102500000000000148e-04 6.528639999999999617e-03 1.159929000000000168e-02 1.988100000000000023e-04 7.106490000000000029e-03 1.000000000000000048e-04 3.999999999999999819e-06 2.209000000000000026e-03 8.179599999999997983e-02 1.102499999999999829e-04 4.100625000000000797e-02 1.197159999999999848e-03 1.683048500000000000e+06 1.794648000000000000e+06
1.000000000000000000e+00 -8.300000000000000086e-03 2.189999999999999933e-02 2.293000000000000038e-01 9.900000000000000813e-03 -2.127999999999999892e-01 2.670000000000000151e-02 6.200000000000000649e-03 1.026999999999999996e-01 1.215999999999999998e-01 2.400000000000000050e-02 -1.285000000000000031e-01 1.669999999999999957e-02 6.888999999999999941e-05 4.796099999999999973e-04 5.257848999999999856e-02 9.801000000000001876e-05 4.528383999999999882e-02 7.128900000000000948e-04 3.844000000000001143e-05 1.054728999999999910e-02 1.478656000000000068e-02 5.760000000000000146e-04 1.651224999999999915e-02 2.788900000000000081e-04 1.683157875000000000e+06 1.793772875000000000e+06
1.000000000000000000e+00 6.099999999999999867e-02 5.380000000000000060e-02 -8.530000000000000082e-02 9.599999999999999159e-03 1.500000000000000031e-03 -2.949999999999999845e-02 6.930000000000000049e-02 3.189999999999999780e-02 -3.145999999999999908e-01 -3.000000000000016542e-04 2.142999999999999905e-01 -5.619999999999999996e-02 3.720999999999999915e-03 2.894439999999999860e-03 7.276089999999999815e-03 9.215999999999998499e-05 2.250000000000000057e-06 8.702499999999999299e-04 4.802490000000000404e-03 1.017609999999999956e-03 9.897315999999999059e-02 9.000000000000099119e-08 4.592448999999999837e-02 3.158440000000000206e-03 1.679758375000000000e+06 1.788895375000000000e+06
1.000000000000000000e+00 4.259999999999999898e-02 8.600000000000000006e-03 -1.652000000000000135e-01 -2.610000000000000167e-02 1.079999999999999988e-01 -3.169999999999999901e-02 -1.839999999999999969e-02 -4.520000000000000406e-02 -7.990000000000001268e-02 -3.570000000000000256e-02 1.064999999999999974e-01 -2.200000000000000566e-03 1.814759999999999898e-03 7.396000000000000339e-05 2.729104000000000599e-02 6.812100000000001271e-04 1.166399999999999902e-02 1.004890000000000037e-03 3.385600000000000111e-04 2.043040000000000307e-03 6.384010000000001593e-03 1.274490000000000085e-03 1.134224999999999990e-02 4.840000000000002788e-06 1.679953250000000000e+06 1.780812500000000000e+06
1.000000000000000000e+00 -5.129999999999999838e-02 2.809999999999999998e-02 -7.700000000000000247e-03 -1.067000000000000032e-01 -4.850000000000000144e-02 -4.089999999999999886e-02 -9.389999999999999736e-02 1.949999999999999997e-02 1.575000000000000011e-01 -8.060000000000000497e-02 -1.565000000000000002e-01 -9.199999999999999845e-03 2.631689999999999897e-03 7.896100000000000514e-04 5.929000000000000324e-05 1.138488999999999994e-02 2.352250000000000174e-03 1.672809999999999835e-03 8.817209999999998937e-03 3.802499999999999999e-04 2.480625000000000191e-02 6.496360000000000502e-03 2.449225000000000013e-02 8.464000000000000278e-05 1.683592000000000000e+06 1.792330750000000000e+06
1.000000000000000000e+00 -3.280000000000000276e-02 1.043000000000000038e-01 4.909999999999999781e-02 -1.069999999999999979e-01 -1.577999999999999958e-01 -3.370000000000000079e-02 1.849999999999999561e-02 7.620000000000000384e-02 5.679999999999999633e-02 -2.999999999999947153e-04 -1.092999999999999944e-01 7.199999999999998068e-03 1.075840000000000216e-03 1.087849000000000108e-02 2.410809999999999776e-03 1.144899999999999911e-02 2.490083999999999700e-02 1.135689999999999963e-03 3.422499999999998352e-04 5.806440000000000386e-03 3.226239999999999577e-03 8.999999999999683544e-08 1.194648999999999885e-02 5.183999999999997123e-05 1.686019000000000000e+06 1.800762750000000000e+06
1.000000000000000000e+00 -5.190000000000000169e-02 1.975000000000000089e-01 1.212000000000000022e-01 -1.633999999999999897e-01 -1.613999999999999879e-01 7.499999999999999722e-03 -1.909999999999999892e-02 9.320000000000000506e-02 7.209999999999999742e-02 -5.639999999999999181e-02 -3.599999999999992095e-03 4.120000000000000051e-02 2.693610000000000362e-03 3.900625000000000620e-02 1.468943999999999979e-02 2.669955999999999718e-02 2.604995999999999701e-02 5.624999999999999846e-05 3.648099999999999715e-04 8.686240000000001321e-03 5.198409999999999663e-03 3.180959999999999170e-03 1.295999999999994368e-05 1.697440000000000147e-03 1.683098750000000000e+06 1.792432625000000000e+06
1.000000000000000000e+00 -2.319999999999999840e-02 6.629999999999999782e-02 2.449000000000000066e-01 -8.680000000000000215e-02 -1.600000000000000033e-01 2.029999999999999860e-02 2.870000000000000329e-02 -1.312000000000000111e-01 1.237000000000000044e-01 7.659999999999998754e-02 1.399999999999984590e-03 1.279999999999999888e-02 5.382399999999999424e-04 4.395689999999999840e-03 5.997601000000000321e-02 7.534240000000000208e-03 2.560000000000000123e-02 4.120899999999999390e-04 8.236900000000001859e-04 1.721344000000000346e-02 1.530169000000000147e-02 5.867559999999998228e-03 1.959999999999956670e-06 1.638399999999999763e-04 1.680998750000000000e+06 1.786446875000000000e+06
1.000000000000000000e+00 5.799999999999999600e-03 6.850000000000000533e-02 -4.599999999999999922e-03 6.500000000000000222e-02 -1.420000000000000082e-02 -2.539999999999999897e-02 2.899999999999999800e-02 2.200000000000007505e-03 -2.494999999999999996e-01 1.517999999999999905e-01 1.458000000000000129e-01 -4.569999999999999757e-02 3.363999999999999640e-05 4.692250000000001108e-03 2.116000000000000069e-05 4.225000000000000457e-03 2.016400000000000278e-04 6.451599999999999826e-04 8.409999999999998423e-04 4.840000000000033281e-06 6.225025000000000003e-02 2.304323999999999609e-02 2.125764000000000473e-02 2.088489999999999704e-03 1.685013000000000000e+06 1.792725375000000000e+06
1.000000000000000000e+00 -1.389999999999999916e-02 -1.640000000000000138e-02 -2.310000000000000109e-01 -5.240000000000000213e-02 1.663999999999999924e-01 -2.210000000000000159e-02 -1.969999999999999876e-02 -8.490000000000000324e-02 -2.264000000000000179e-01 -1.174000000000000044e-01 1.805999999999999828e-01 3.299999999999997380e-03 1.932099999999999746e-04 2.689600000000000541e-04 5.336100000000000565e-02 2.745760000000000301e-03 2.768895999999999857e-02 4.884100000000001027e-04 3.880899999999999519e-04 7.208010000000000805e-03 5.125696000000001112e-02 1.378276000000000154e-02 3.261635999999999702e-02 1.088999999999998213e-05 1.685182625000000000e+06 1.794952250000000000e+06
1.000000000000000000e+00 -3.790000000000000313e-02 -3.960000000000000325e-02 -4.700000000000000185e-03 -1.405000000000000138e-01 -5.249999999999999806e-02 -5.240000000000000213e-02 -2.400000000000000397e-02 -2.320000000000000187e-02 2.263000000000000012e-01 -8.810000000000001164e-02 -2.188999999999999835e-01 -3.030000000000000054e-02 1.436410000000000161e-03 1.568160000000000300e-03 2.209000000000000026e-05 1.974025000000000432e-02 2.756249999999999586e-03 2.745760000000000301e-03 5.760000000000002314e-04 5.382400000000000509e-04 5.121168999999999721e-02 7.761610000000002119e-03 4.791720999999999481e-02 9.180899999999999868e-04 1.685794125000000000e+06 1.798638875000000000e+06
1.000000000000000000e+00 -7.140000000000000513e-02 -2.330000000000000127e-02 3.699000000000000066e-01 -7.059999999999999609e-02 -2.499000000000000110e-01 -4.059999999999999720e-02 -3.350000000000000200e-02 1.630000000000000199e-02 3.745999999999999885e-01 6.990000000000001767e-02 -1.974000000000000199e-01 1.180000000000000493e-02 5.097960000000000338e-03 5.428900000000000826e-04 1.368260099999999979e-01 4.984359999999999312e-03 6.245001000000000718e-02 1.648359999999999756e-03 1.122250000000000201e-03 2.656900000000000667e-04 1.403251600000000043e-01 4.886010000000002261e-03 3.896676000000001000e-02 1.392400000000001102e-04 1.680327500000000000e+06 1.789898750000000000e+06
1.000000000000000000e+00 -8.749999999999999445e-02 2.185999999999999888e-01 5.899999999999999863e-03 -5.790000000000000008e-02 -6.180000000000000077e-02 -3.749999999999999861e-02 -1.609999999999998932e-02 2.419000000000000039e-01 -3.639999999999999902e-01 1.269999999999999601e-02 1.881000000000000172e-01 3.099999999999998590e-03 7.656249999999998994e-03 4.778595999999999538e-02 3.481000000000000045e-05 3.352410000000000112e-03 3.819240000000000222e-03 1.406249999999999948e-03 2.592099999999996815e-04 5.851561000000000262e-02 1.324960000000000027e-01 1.612899999999998872e-04 3.538161000000000778e-02 9.609999999999991000e-06 1.681947875000000000e+06 1.791549875000000000e+06
1.000000000000000000e+00 2.719999999999999848e-02 -4.800000000000000100e-02 -3.533999999999999919e-01 3.679999999999999938e-02 1.279000000000000137e-01 -4.100000000000000172e-02 1.146999999999999964e-01 -2.666000000000000036e-01 -3.593000000000000083e-01 9.470000000000000639e-02 1.897000000000000075e-01 -3.500000000000003109e-03 7.398399999999999638e-04 2.304000000000000058e-03 1.248915599999999987e-01 1.354240000000000044e-03 1.635841000000000378e-02 1.681000000000000202e-03 1.315608999999999876e-02 7.107555999999999596e-02 1.290964900000000082e-01 8.968090000000001477e-03 3.598609000000000530e-02 1.225000000000002163e-05 1.685043500000000000e+06 1.792392000000000000e+06
1.000000000000000000e+00 -3.620000000000000301e-02 -2.610999999999999988e-01 -1.547999999999999932e-01 -5.210000000000000048e-02 7.449999999999999678e-02 -1.360000000000000098e-01 -6.339999999999999802e-02 -2.131000000000000116e-01 1.985999999999999988e-01 -8.890000000000000679e-02 -5.340000000000001690e-02 -9.500000000000000111e-02 1.310440000000000172e-03 6.817320999999999798e-02 2.396303999999999795e-02 2.714410000000000000e-03 5.550249999999999628e-03 1.849600000000000202e-02 4.019560000000000147e-03 4.541161000000000503e-02 3.944195999999999813e-02 7.903210000000000790e-03 2.851560000000001680e-03 9.025000000000000036e-03 1.683352625000000000e+06 1.790486250000000000e+06
1.000000000000000000e+00 -1.642000000000000126e-01 1.995000000000000107e-01 1.040999999999999981e-01 -2.084000000000000019e-01 -1.635000000000000064e-01 -1.605000000000000038e-01 -1.280000000000000027e-01 4.606000000000000094e-01 2.589000000000000190e-01 -1.562999999999999945e-01 -2.379999999999999893e-01 -2.449999999999999400e-02 2.696164000000000546e-02 3.980025000000000229e-02 1.083680999999999880e-02 4.343056000000000000e-02 2.673225000000000254e-02 2.576025000000000190e-02 1.638399999999999926e-02 2.121523600000000120e-01 6.702921000000000573e-02 2.442968999999999696e-02 5.664399999999999297e-02 6.002499999999996554e-04 1.682931625000000000e+06 1.793744750000000000e+06
1.000000000000000000e+00 -7.850000000000000033e-02 1.140000000000000041e-01 8.379999999999999949e-02 -2.469999999999999973e-02 -2.416000000000000092e-01 -3.509999999999999926e-02 8.570000000000001228e-02 -8.550000000000000655e-02 -2.029999999999999860e-02 1.837000000000000022e-01 -7.810000000000000275e-02 1.254000000000000115e-01 6.162250000000000193e-03 1.299600000000000061e-02 7.022439999999999585e-03 6.100899999999999813e-04 5.837056000000000189e-02 1.232009999999999963e-03 7.344490000000002128e-03 7.310250000000000775e-03 4.120899999999999390e-04 3.374569000000000180e-02 6.099610000000000101e-03 1.572516000000000191e-02 1.683549875000000000e+06 1.792710500000000000e+06
1.000000000000000000e+00 -1.650000000000000078e-02 2.700000000000000143e-03 1.526000000000000134e-01 9.499999999999999764e-03 -1.542000000000000037e-01 -3.389999999999999958e-02 6.199999999999999956e-02 -1.113000000000000100e-01 6.880000000000001392e-02 3.420000000000000123e-02 8.740000000000000546e-02 1.199999999999999678e-03 2.722500000000000310e-04 7.290000000000000507e-06 2.328676000000000357e-02 9.024999999999999819e-05 2.377764000000000266e-02 1.149209999999999902e-03 3.843999999999999761e-03 1.238769000000000155e-02 4.733440000000001951e-03 1.169640000000000003e-03 7.638760000000001382e-03 1.439999999999999130e-06 1.681158250000000000e+06 1.789668500000000000e+06
1.000000000000000000e+00 -9.550000000000000155e-02 1.608999999999999875e-01 8.530000000000000082e-02 -4.639999999999999680e-02 -9.539999999999999869e-02 -3.899999999999999994e-02 -7.900000000000000078e-02 1.581999999999999795e-01 -6.730000000000001259e-02 -5.589999999999999830e-02 5.880000000000000504e-02 -5.100000000000000366e-03 9.120249999999999885e-03 2.588880999999999474e-02 7.276089999999999815e-03 2.152959999999999770e-03 9.101160000000000500e-03 1.521000000000000000e-03 6.241000000000000020e-03 2.502723999999999227e-02 4.529290000000001787e-03 3.124810000000000001e-03 3.457440000000000426e-03 2.601000000000000339e-05 1.681118625000000000e+06 1.790292000000000000e+06
1.000000000000000000e+00 -4.519999999999999712e-02 1.199000000000000066e-01 1.750000000000000167e-02 -5.190000000000000169e-02 -9.900000000000000466e-02 -6.019999999999999657e-02 5.030000000000000443e-02 -4.099999999999998090e-02 -6.779999999999999916e-02 -5.500000000000004885e-03 -3.600000000000005973e-03 -2.119999999999999662e-02 2.043039999999999873e-03 1.437601000000000157e-02 3.062500000000000443e-04 2.693610000000000362e-03 9.801000000000000684e-03 3.624039999999999380e-03 2.530090000000000464e-03 1.680999999999998468e-03 4.596839999999999607e-03 3.025000000000005427e-05 1.296000000000004363e-05 4.494399999999998440e-04 1.682293000000000000e+06 1.794997625000000000e+06
1.000000000000000000e+00 1.359999999999999924e-02 3.610000000000000014e-02 1.033000000000000029e-01 1.230000000000000017e-02 -1.524999999999999967e-01 -4.979999999999999705e-02 5.879999999999999810e-02 -8.380000000000001337e-02 8.580000000000000127e-02 6.420000000000000706e-02 -5.349999999999999201e-02 1.039999999999999952e-02 1.849599999999999910e-04 1.303209999999999959e-03 1.067089000000000058e-02 1.512899999999999965e-04 2.325624999999999915e-02 2.480039999999999762e-03 3.457439999999999992e-03 7.022440000000002187e-03 7.361640000000000024e-03 4.121640000000001067e-03 2.862249999999999343e-03 1.081599999999999944e-04 1.684574000000000000e+06 1.796794750000000000e+06
1.000000000000000000e+00 2.429999999999999868e-02 -8.989999999999999380e-02 4.059999999999999720e-02 5.460000000000000270e-02 -1.246000000000000024e-01 -1.009000000000000036e-01 1.069999999999999944e-02 -1.260000000000000009e-01 -6.270000000000000573e-02 4.230000000000000426e-02 2.789999999999999425e-02 -5.110000000000000653e-02 5.904899999999999385e-04 8.082009999999998848e-03 1.648359999999999756e-03 2.981160000000000494e-03 1.552516000000000139e-02 1.018081000000000021e-02 1.144899999999999830e-04 1.587600000000000122e-02 3.931290000000000479e-03 1.789290000000000455e-03 7.784099999999996708e-04 2.611210000000000527e-03 1.686025250000000000e+06 1.796430250000000000e+06
1.000000000000000000e+00 -3.269999999999999990e-02 -5.099999999999999672e-02 -1.400000000000000133e-01 -4.030000000000000249e-02 -3.500000000000000333e-02 -1.089999999999999997e-01 -5.699999999999999512e-02 3.889999999999999708e-02 -1.806000000000000105e-01 -9.490000000000001212e-02 8.959999999999999909e-02 -8.099999999999996092e-03 1.069290000000000084e-03 2.600999999999999580e-03 1.960000000000000284e-02 1.624090000000000126e-03 1.225000000000000177e-03 1.188099999999999920e-02 3.248999999999999284e-03 1.513209999999999859e-03 3.261636000000000396e-02 9.006010000000001792e-03 8.028159999999999463e-03 6.560999999999993595e-05 1.683832375000000000e+06 1.794761500000000000e+06
1.000000000000000000e+00 -8.119999999999999440e-02 -1.779999999999999985e-02 -1.071000000000000008e-01 -6.419999999999999318e-02 -7.839999999999999747e-02 -1.529999999999999971e-01 -4.849999999999999450e-02 3.319999999999999341e-02 3.290000000000001257e-02 -2.389999999999999070e-02 -4.339999999999999414e-02 -4.399999999999999745e-02 6.593439999999999024e-03 3.168399999999999819e-04 1.147041000000000033e-02 4.121639999999999332e-03 6.146559999999999697e-03 2.340899999999999925e-02 2.352249999999999307e-03 1.102239999999999557e-03 1.082410000000000880e-03 5.712099999999995133e-04 1.883559999999999401e-03 1.935999999999999787e-03 1.685093750000000000e+06 1.795095625000000000e+06
1.000000000000000000e+00 -9.239999999999999603e-02 -9.100000000000000450e-03 -9.260000000000000175e-02 -5.550000000000000072e-02 -1.549999999999999989e-02 -9.569999999999999341e-02 -1.120000000000000162e-02 8.699999999999999400e-03 1.449999999999999900e-02 8.699999999999992462e-03 6.289999999999999758e-02 5.730000000000000371e-02 8.537759999999998406e-03 8.281000000000000166e-05 8.574760000000000715e-03 3.080250000000000089e-03 2.402499999999999851e-04 9.158489999999998299e-03 1.254400000000000458e-04 7.568999999999998852e-05 2.102499999999999606e-04 7.568999999999986654e-05 3.956409999999999615e-03 3.283290000000000340e-03 1.684332500000000000e+06 1.789828000000000000e+06
1.000000000000000000e+00 2.899999999999999800e-03 1.008000000000000007e-01 7.910000000000000364e-02 -4.850000000000000144e-02 -1.345000000000000084e-01 -9.329999999999999405e-02 9.529999999999999583e-02 1.098999999999999977e-01 1.717000000000000193e-01 6.999999999999999278e-03 -1.190000000000000085e-01 2.399999999999999356e-03 8.409999999999999101e-06 1.016064000000000030e-02 6.256810000000000670e-03 2.352250000000000174e-03 1.809025000000000216e-02 8.704889999999998115e-03 9.082089999999999261e-03 1.207801000000000013e-02 2.948089000000000612e-02 4.899999999999999164e-05 1.416100000000000171e-02 5.759999999999996521e-06 1.681115000000000000e+06 1.790345125000000000e+06
1.000000000000000000e+00 2.000000000000000042e-03 1.246000000000000024e-01 2.144000000000000072e-01 -2.000000000000000042e-02 -1.789999999999999925e-01 -8.930000000000000437e-02 -8.999999999999997585e-04 2.380000000000000171e-02 1.353000000000000036e-01 2.850000000000000103e-02 -4.449999999999998401e-02 3.999999999999989675e-03 3.999999999999999819e-06 1.552516000000000139e-02 4.596736000000000572e-02 4.000000000000000192e-04 3.204100000000000004e-02 7.974490000000000745e-03 8.099999999999995504e-07 5.664400000000000858e-04 1.830609000000000056e-02 8.122500000000000379e-04 1.980249999999998504e-03 1.599999999999991796e-05 1.682180750000000000e+06 1.788889750000000000e+06
1.000000000000000000e+00 3.799999999999999992e-03 1.403999999999999970e-01 1.416999999999999926e-01 -2.040000000000000147e-02 -9.520000000000000684e-02 -7.960000000000000409e-02 1.799999999999999951e-03 1.579999999999999460e-02 -7.270000000000001461e-02 -4.000000000000010492e-04 8.379999999999998561e-02 9.700000000000000289e-03 1.444000000000000066e-05 1.971215999999999940e-02 2.007888999999999854e-02 4.161600000000000542e-04 9.063040000000001373e-03 6.336160000000000403e-03 3.239999999999999896e-06 2.496399999999998121e-04 5.285290000000002382e-03 1.600000000000008504e-07 7.022439999999997851e-03 9.409000000000000208e-05 1.679768125000000000e+06 1.783738625000000000e+06
1.000000000000000000e+00 5.090000000000000080e-02 -2.060000000000000026e-02 -8.329999999999999905e-02 -5.999999999999999778e-02 -4.730000000000000177e-02 -5.829999999999999766e-02 4.710000000000000298e-02 -1.610000000000000042e-01 -2.249999999999999778e-01 -3.959999999999999631e-02 4.790000000000000507e-02 2.130000000000000643e-02 2.590810000000000248e-03 4.243600000000000367e-04 6.938889999999999642e-03 3.599999999999999901e-03 2.237290000000000285e-03 3.398889999999999897e-03 2.218410000000000087e-03 2.592100000000000307e-02 5.062499999999998945e-02 1.568159999999999650e-03 2.294410000000000633e-03 4.536900000000002996e-04 1.680580375000000000e+06 1.787162750000000000e+06
1.000000000000000000e+00 9.460000000000000353e-02 -1.809999999999999942e-01 -2.501999999999999780e-01 -5.249999999999999806e-02 1.652000000000000135e-01 -1.232000000000000040e-01 4.370000000000000273e-02 -1.603999999999999870e-01 -1.668999999999999928e-01 7.499999999999999722e-03 2.125000000000000222e-01 -6.490000000000001323e-02 8.949160000000001142e-03 3.276099999999999846e-02 6.260003999999999569e-02 2.756249999999999586e-03 2.729104000000000599e-02 1.517824000000000083e-02 1.909690000000000346e-03 2.572815999999999645e-02 2.785560999999999593e-02 5.624999999999999846e-05 4.515625000000000888e-02 4.212010000000002141e-03 1.680823500000000000e+06 1.786534250000000000e+06
1.000000000000000000e+00 3.250000000000000111e-02 2.417999999999999872e-01 -1.899999999999999953e-02 -3.409999999999999837e-02 9.979999999999999982e-02 -1.082999999999999935e-01 -6.210000000000000242e-02 4.227999999999999536e-01 2.311999999999999889e-01 1.839999999999999969e-02 -6.540000000000001368e-02 1.490000000000001046e-02 1.056250000000000114e-03 5.846723999999999671e-02 3.609999999999999928e-04 1.162809999999999799e-03 9.960039999999999866e-03 1.172888999999999876e-02 3.856410000000000220e-03 1.787598399999999477e-01 5.345343999999999790e-02 3.385600000000000111e-04 4.277160000000002071e-03 2.220100000000003223e-04 1.684513000000000000e+06 1.795749000000000000e+06
1.000000000000000000e+00 5.609999999999999709e-02 3.259999999999999704e-02 -5.430000000000000104e-02 7.499999999999999722e-03 -1.597999999999999976e-01 -3.320000000000000034e-02 2.359999999999999598e-02 -2.091999999999999971e-01 -3.529999999999999805e-02 4.159999999999999809e-02 -2.595999999999999974e-01 7.510000000000000009e-02 3.147209999999999678e-03 1.062759999999999833e-03 2.948490000000000225e-03 5.624999999999999846e-05 2.553603999999999943e-02 1.102239999999999991e-03 5.569599999999997903e-04 4.376464000000000049e-02 1.246089999999999828e-03 1.730559999999999911e-03 6.739215999999999263e-02 5.640009999999999989e-03 1.687220000000000000e+06 1.800358250000000000e+06
1.000000000000000000e+00 -2.350000000000000006e-02 -1.870999999999999885e-01 6.809999999999999387e-02 -6.499999999999999702e-03 -1.584000000000000130e-01 -6.940000000000000335e-02 -7.960000000000000409e-02 -2.196999999999999786e-01 1.223999999999999949e-01 -1.399999999999999856e-02 1.399999999999984590e-03 -3.620000000000000301e-02 5.522500000000000065e-04 3.500640999999999475e-02 4.637609999999999476e-03 4.224999999999999698e-05 2.509056000000000480e-02 4.816360000000000433e-03 6.336160000000000403e-03 4.826808999999999267e-02 1.498175999999999848e-02 1.959999999999999666e-04 1.959999999999956670e-06 1.310440000000000172e-03 1.681853625000000000e+06 1.790881375000000000e+06
1.000000000000000000e+00 -5.870000000000000218e-02 1.854999999999999982e-01 2.891000000000000236e-01 1.009999999999999960e-02 -1.464999999999999913e-01 -5.160000000000000003e-02 -3.520000000000000212e-02 3.725999999999999868e-01 2.210000000000000298e-01 1.660000000000000017e-02 1.190000000000002167e-02 1.780000000000000332e-02 3.445690000000000384e-03 3.441024999999999640e-02 8.357881000000001726e-02 1.020099999999999940e-04 2.146224999999999869e-02 2.662560000000000014e-03 1.239040000000000063e-03 1.388307599999999975e-01 4.884100000000001635e-02 2.755599999999999977e-04 1.416100000000005093e-04 3.168400000000001445e-04 1.679695375000000000e+06 1.786833250000000000e+06
1.000000000000000000e+00 -3.169999999999999901e-02 1.084999999999999992e-01 2.899999999999999800e-03 -5.160000000000000003e-02 -1.077000000000000041e-01 -3.039999999999999994e-02 2.700000000000000316e-02 -7.699999999999999900e-02 -2.862000000000000099e-01 -6.169999999999999790e-02 3.879999999999998728e-02 2.120000000000000009e-02 1.004890000000000037e-03 1.177224999999999973e-02 8.409999999999999101e-06 2.662560000000000014e-03 1.159929000000000168e-02 9.241600000000000422e-04 7.290000000000001557e-04 5.929000000000000242e-03 8.191044000000000103e-02 3.806889999999999840e-03 1.505439999999998949e-03 4.494400000000000066e-04 1.684219875000000000e+06 1.794743000000000000e+06
1.000000000000000000e+00 -3.919999999999999873e-02 1.280000000000000061e-02 2.799999999999999972e-03 -3.899999999999999994e-02 -1.000000000000000056e-01 -1.799999999999999951e-03 -7.499999999999999722e-03 -9.569999999999999341e-02 -9.999999999999982861e-05 1.260000000000000009e-02 7.699999999999998512e-03 2.860000000000000042e-02 1.536639999999999924e-03 1.638400000000000034e-04 7.839999999999999476e-06 1.521000000000000000e-03 1.000000000000000194e-02 3.239999999999999896e-06 5.624999999999999846e-05 9.158489999999998299e-03 9.999999999999965468e-09 1.587600000000000046e-04 5.928999999999997613e-05 8.179600000000000629e-04 1.683871000000000000e+06 1.792730625000000000e+06
1.000000000000000000e+00 -4.549999999999999878e-02 2.949999999999999845e-02 5.840000000000000052e-02 -3.869999999999999829e-02 -1.318999999999999895e-01 1.080000000000000057e-02 -6.300000000000000044e-03 1.669999999999999957e-02 5.560000000000000359e-02 3.000000000000016542e-04 -3.189999999999998392e-02 1.260000000000000009e-02 2.070250000000000042e-03 8.702499999999999299e-04 3.410559999999999981e-03 1.497689999999999872e-03 1.739760999999999738e-02 1.166400000000000081e-04 3.969000000000000116e-05 2.788900000000000081e-04 3.091360000000000462e-03 9.000000000000099119e-08 1.017609999999998871e-03 1.587600000000000046e-04 1.682309250000000000e+06 1.787884500000000000e+06
1.000000000000000000e+00 -1.650000000000000078e-02 -7.249999999999999500e-02 7.599999999999999985e-03 -1.760000000000000106e-02 -1.218000000000000055e-01 -1.619999999999999912e-02 2.899999999999999800e-02 -1.019999999999999934e-01 -5.079999999999999793e-02 2.109999999999999723e-02 1.009999999999998399e-02 -2.699999999999999969e-02 2.722500000000000310e-04 5.256249999999999638e-03 5.776000000000000264e-05 3.097600000000000158e-04 1.483524000000000127e-02 2.624399999999999606e-04 8.409999999999998423e-04 1.040399999999999832e-02 2.580639999999999930e-03 4.452099999999998658e-04 1.020099999999996823e-04 7.289999999999999388e-04 1.682503000000000000e+06 1.785598750000000000e+06
1.000000000000000000e+00 -1.490000000000000005e-02 -1.969999999999999876e-02 -3.740000000000000269e-02 8.699999999999999400e-03 -9.389999999999999736e-02 -5.700000000000000205e-03 1.600000000000000727e-03 5.279999999999999971e-02 -4.500000000000000527e-02 2.630000000000000046e-02 2.790000000000000813e-02 1.049999999999999892e-02 2.220099999999999971e-04 3.880899999999999519e-04 1.398760000000000194e-03 7.568999999999998852e-05 8.817209999999998937e-03 3.249000000000000233e-05 2.560000000000002171e-06 2.787839999999999763e-03 2.025000000000000324e-03 6.916900000000000132e-04 7.784100000000004297e-04 1.102499999999999829e-04 1.682488250000000000e+06 1.787055125000000000e+06
