1.000000000000000000e+00 0.000000000000000000e+00 -0.000000000000000000e+00 0.000000000000000000e+00 -0.000000000000000000e+00 -0.000000000000000000e+00 0.000000000000000000e+00 0.000000000000000000e+00 0.000000000000000000e+00 0.000000000000000000e+00 0.000000000000000000e+00 0.000000000000000000e+00 0.000000000000000000e+00 0.000000000000000000e+00 0.000000000000000000e+00 0.000000000000000000e+00 0.000000000000000000e+00 0.000000000000000000e+00 0.000000000000000000e+00 0.000000000000000000e+00 0.000000000000000000e+00 0.000000000000000000e+00 0.000000000000000000e+00 0.000000000000000000e+00 0.000000000000000000e+00 1.489851375000000000e+06 1.577457375000000000e+06
1.000000000000000000e+00 -3.660000000000000059e-02 8.089999999999999969e-02 -3.099999999999999891e-03 5.949999999999999734e-02 2.019999999999999921e-02 2.469999999999999973e-02 -3.660000000000000059e-02 8.089999999999999969e-02 -3.099999999999999891e-03 5.949999999999999734e-02 2.019999999999999921e-02 2.469999999999999973e-02 1.339560000000000056e-03 6.544809999999999864e-03 9.609999999999999470e-06 3.540249999999999560e-03 4.080399999999999761e-04 6.100899999999999813e-04 1.339560000000000056e-03 6.544809999999999864e-03 9.609999999999999470e-06 3.540249999999999560e-03 4.080399999999999761e-04 6.100899999999999813e-04 1.491900000000000000e+06 1.587270250000000000e+06
1.000000000000000000e+00 -4.320000000000000229e-02 8.359999999999999376e-02 -9.489999999999999825e-02 4.399999999999999745e-02 2.160000000000000114e-02 5.399999999999999939e-02 -6.600000000000001699e-03 2.699999999999994071e-03 -9.179999999999999272e-02 -1.549999999999999989e-02 1.400000000000001937e-03 2.929999999999999966e-02 1.866240000000000130e-03 6.988959999999998923e-03 9.006010000000000057e-03 1.935999999999999787e-03 4.665600000000000324e-04 2.915999999999999755e-03 4.356000000000002340e-05 7.289999999999968319e-06 8.427239999999999037e-03 2.402499999999999851e-04 1.960000000000005375e-06 8.584899999999999476e-04 1.496681500000000000e+06 1.590910250000000000e+06
1.000000000000000000e+00 -5.020000000000000157e-02 4.799999999999999580e-03 9.400000000000000369e-03 -2.680000000000000090e-02 3.969999999999999918e-02 4.220000000000000140e-02 -6.999999999999999278e-03 -7.879999999999999505e-02 1.043000000000000038e-01 -7.080000000000000182e-02 1.809999999999999803e-02 -1.179999999999999799e-02 2.520040000000000301e-03 2.303999999999999625e-05 8.836000000000000104e-05 7.182400000000000893e-04 1.576090000000000043e-03 1.780840000000000114e-03 4.899999999999999164e-05 6.209439999999999231e-03 1.087849000000000108e-02 5.012640000000000498e-03 3.276099999999999347e-04 1.392399999999999476e-04 1.498630625000000000e+06 1.596235000000000000e+06
1.000000000000000000e+00 2.299999999999999961e-03 4.819999999999999979e-02 -3.960000000000000325e-02 8.190000000000000058e-02 7.560000000000000053e-02 2.520000000000000018e-02 5.250000000000000500e-02 4.340000000000000108e-02 -4.900000000000000189e-02 1.087000000000000050e-01 3.590000000000000135e-02 -1.700000000000000122e-02 5.290000000000000174e-06 2.323239999999999854e-03 1.568160000000000300e-03 6.707610000000000135e-03 5.715360000000000058e-03 6.350400000000000185e-04 2.756250000000000453e-03 1.883560000000000052e-03 2.401000000000000356e-03 1.181569000000000022e-02 1.288810000000000042e-03 2.890000000000000316e-04 1.490159500000000000e+06 1.581095125000000000e+06
1.000000000000000000e+00 -9.799999999999999684e-03 3.769999999999999740e-02 3.379999999999999671e-02 -3.599999999999999901e-03 -1.500000000000000031e-03 3.429999999999999716e-02 -1.209999999999999964e-02 -1.050000000000000239e-02 7.339999999999999303e-02 -8.550000000000000655e-02 -7.710000000000000187e-02 9.099999999999996980e-03 9.603999999999999527e-05 1.421289999999999750e-03 1.142439999999999775e-03 1.295999999999999958e-05 2.250000000000000057e-06 1.176489999999999871e-03 1.464100000000000026e-04 1.102500000000000507e-04 5.387559999999998704e-03 7.310250000000000775e-03 5.944410000000000666e-03 8.280999999999994745e-05 1.487615500000000000e+06 1.577394250000000000e+06
1.000000000000000000e+00 -8.340000000000000191e-02 6.029999999999999943e-02 5.929999999999999855e-02 1.099999999999999936e-02 2.340000000000000066e-02 2.419999999999999929e-02 -7.359999999999999876e-02 2.260000000000000203e-02 2.550000000000000183e-02 1.459999999999999840e-02 2.490000000000000199e-02 -1.009999999999999787e-02 6.955560000000000388e-03 3.636089999999999808e-03 3.516489999999999720e-03 1.209999999999999867e-04 5.475599999999999955e-04 5.856400000000000104e-04 5.416960000000000178e-03 5.107600000000000768e-04 6.502500000000001118e-04 2.131599999999999446e-04 6.200100000000000489e-04 1.020099999999999534e-04 1.489570500000000000e+06 1.583233750000000000e+06
1.000000000000000000e+00 -3.400000000000000244e-02 1.337000000000000133e-01 -2.869999999999999982e-02 5.850000000000000339e-02 4.000000000000000083e-03 2.599999999999999881e-03 4.939999999999999947e-02 7.340000000000002078e-02 -8.799999999999999489e-02 4.750000000000000056e-02 -1.940000000000000058e-02 -2.160000000000000114e-02 1.156000000000000126e-03 1.787569000000000310e-02 8.236899999999999691e-04 3.422250000000000379e-03 1.599999999999999928e-05 6.759999999999999652e-06 2.440359999999999925e-03 5.387560000000003041e-03 7.743999999999999148e-03 2.256250000000000009e-03 3.763600000000000083e-04 4.665600000000000324e-04 1.488675250000000000e+06 1.576156250000000000e+06
1.000000000000000000e+00 -6.149999999999999911e-02 1.448000000000000120e-01 7.489999999999999436e-02 3.459999999999999881e-02 6.300000000000000044e-03 2.280000000000000082e-02 -2.749999999999999667e-02 1.109999999999999876e-02 1.035999999999999976e-01 -2.390000000000000457e-02 2.299999999999999961e-03 2.020000000000000268e-02 3.782250000000000022e-03 2.096704000000000276e-02 5.610009999999999476e-03 1.197159999999999848e-03 3.969000000000000116e-05 5.198400000000000373e-04 7.562499999999998694e-04 1.232099999999999808e-04 1.073295999999999972e-02 5.712100000000002722e-04 5.290000000000000174e-06 4.080400000000000845e-04 1.496714125000000000e+06 1.594635625000000000e+06
1.000000000000000000e+00 -2.980000000000000010e-02 4.340000000000000108e-02 4.920000000000000068e-02 -9.299999999999999239e-03 1.389999999999999916e-02 -1.569999999999999868e-02 3.169999999999999901e-02 -1.014000000000000179e-01 -2.569999999999999368e-02 -4.389999999999999458e-02 7.599999999999999117e-03 -3.849999999999999950e-02 8.880399999999999882e-04 1.883560000000000052e-03 2.420639999999999945e-03 8.648999999999997998e-05 1.932099999999999746e-04 2.464899999999999795e-04 1.004890000000000037e-03 1.028196000000000318e-02 6.604899999999996885e-04 1.927209999999999514e-03 5.775999999999998909e-05 1.482250000000000061e-03 1.495273000000000000e+06 1.590044750000000000e+06
1.000000000000000000e+00 -4.229999999999999732e-02 1.166999999999999982e-01 1.088999999999999968e-01 6.750000000000000444e-02 -2.110000000000000070e-02 2.779999999999999832e-02 -1.249999999999999722e-02 7.330000000000000404e-02 5.969999999999999613e-02 7.680000000000000715e-02 -3.500000000000000333e-02 4.349999999999999700e-02 1.789289999999999804e-03 1.361888999999999982e-02 1.185920999999999850e-02 4.556250000000000404e-03 4.452100000000000285e-04 7.728399999999998986e-04 1.562499999999999219e-04 5.372890000000000825e-03 3.564089999999999359e-03 5.898240000000000774e-03 1.225000000000000177e-03 1.892249999999999835e-03 1.493234875000000000e+06 1.586346000000000000e+06
1.000000000000000000e+00 -4.009999999999999676e-02 8.590000000000000413e-02 6.660000000000000642e-02 -2.580000000000000002e-02 1.600000000000000077e-03 8.999999999999999754e-04 2.200000000000000566e-03 -3.079999999999999405e-02 -4.229999999999999039e-02 -9.330000000000000793e-02 2.270000000000000143e-02 -2.689999999999999683e-02 1.608009999999999778e-03 7.378810000000000403e-03 4.435560000000000717e-03 6.656400000000000034e-04 2.560000000000000054e-06 8.099999999999999739e-07 4.840000000000002788e-06 9.486399999999996181e-04 1.789289999999999154e-03 8.704890000000001585e-03 5.152900000000000622e-04 7.236099999999998566e-04 1.497851875000000000e+06 1.601713625000000000e+06
1.000000000000000000e+00 -3.039999999999999994e-02 3.599999999999999728e-02 -6.710000000000000686e-02 3.059999999999999873e-02 1.039999999999999952e-02 3.450000000000000289e-02 9.699999999999996819e-03 -4.990000000000000685e-02 -1.337000000000000133e-01 5.639999999999999875e-02 8.799999999999998795e-03 3.360000000000000486e-02 9.241600000000000422e-04 1.295999999999999843e-03 4.502410000000000960e-03 9.363599999999999051e-04 1.081599999999999944e-04 1.190250000000000119e-03 9.408999999999993432e-05 2.490010000000000834e-03 1.787569000000000310e-02 3.180960000000000037e-03 7.743999999999997684e-05 1.128960000000000250e-03 1.494985000000000000e+06 1.594408750000000000e+06
1.000000000000000000e+00 -1.329999999999999932e-02 5.670000000000000040e-02 7.420000000000000207e-02 3.119999999999999857e-02 2.359999999999999945e-02 1.450000000000000074e-02 1.710000000000000062e-02 2.070000000000000312e-02 1.413000000000000089e-01 5.999999999999998390e-04 1.319999999999999993e-02 -2.000000000000000389e-02 1.768899999999999954e-04 3.214890000000000195e-03 5.505640000000000013e-03 9.734399999999998956e-04 5.569600000000000072e-04 2.102500000000000148e-04 2.924100000000000006e-04 4.284900000000001208e-04 1.996569000000000121e-02 3.599999999999997825e-07 1.742399999999999852e-04 4.000000000000001818e-04 1.489650875000000000e+06 1.586006250000000000e+06
1.000000000000000000e+00 -5.599999999999999943e-03 6.019999999999999657e-02 2.099999999999999870e-03 4.059999999999999720e-02 7.860000000000000320e-02 8.999999999999999320e-03 7.699999999999999380e-03 3.499999999999996170e-03 -7.209999999999999742e-02 9.399999999999998634e-03 5.500000000000000722e-02 -5.500000000000001416e-03 3.135999999999999790e-05 3.624039999999999380e-03 4.409999999999999282e-06 1.648359999999999756e-03 6.177960000000000569e-03 8.099999999999999019e-05 5.928999999999998968e-05 1.224999999999997250e-05 5.198409999999999663e-03 8.835999999999997394e-05 3.025000000000000779e-03 3.025000000000001700e-05 1.489431875000000000e+06 1.583526000000000000e+06
1.000000000000000000e+00 -5.210000000000000048e-02 1.115000000000000019e-01 -3.080000000000000099e-02 9.420000000000000595e-02 3.429999999999999716e-02 1.830000000000000029e-02 -4.649999999999999967e-02 5.130000000000000532e-02 -3.289999999999999869e-02 5.360000000000000875e-02 -4.430000000000000604e-02 9.300000000000000974e-03 2.714410000000000000e-03 1.243225000000000059e-02 9.486400000000000518e-04 8.873640000000000347e-03 1.176489999999999871e-03 3.348900000000000141e-04 2.162250000000000109e-03 2.631690000000000331e-03 1.082410000000000013e-03 2.872960000000000791e-03 1.962490000000000328e-03 8.649000000000002064e-05 1.489997125000000000e+06 1.584676125000000000e+06
1.000000000000000000e+00 -7.979999999999999594e-02 1.076000000000000012e-01 4.630000000000000088e-02 4.800000000000000100e-02 -3.599999999999999728e-02 1.770000000000000046e-02 -2.769999999999999546e-02 -3.900000000000000688e-03 7.710000000000000187e-02 -4.620000000000000495e-02 -7.030000000000000138e-02 -5.999999999999998390e-04 6.368039999999999291e-03 1.157775999999999944e-02 2.143690000000000179e-03 2.304000000000000058e-03 1.295999999999999843e-03 3.132900000000000311e-04 7.672899999999997908e-04 1.521000000000000515e-05 5.944410000000000666e-03 2.134440000000000469e-03 4.942090000000000545e-03 3.599999999999997825e-07 1.495623125000000000e+06 1.592308750000000000e+06
1.000000000000000000e+00 -5.340000000000000302e-02 4.979999999999999705e-02 8.129999999999999727e-02 -1.870000000000000134e-02 -2.840000000000000163e-02 2.939999999999999905e-02 2.639999999999999292e-02 -5.780000000000000415e-02 3.499999999999999639e-02 -6.670000000000000928e-02 7.599999999999995648e-03 1.169999999999999860e-02 2.851560000000000379e-03 2.480039999999999762e-03 6.609689999999999663e-03 3.496900000000000485e-04 8.065600000000001111e-04 8.643599999999999981e-04 6.969599999999996154e-04 3.340840000000000302e-03 1.224999999999999744e-03 4.448890000000001350e-03 5.775999999999993488e-05 1.368899999999999718e-04 1.497260500000000000e+06 1.594168625000000000e+06
1.000000000000000000e+00 -5.999999999999999778e-02 8.909999999999999865e-02 -2.899999999999999800e-03 8.219999999999999529e-02 -2.520000000000000018e-02 3.370000000000000079e-02 -6.599999999999994760e-03 3.930000000000000160e-02 -8.419999999999999707e-02 1.008999999999999897e-01 3.200000000000001454e-03 4.300000000000001737e-03 3.599999999999999901e-03 7.938809999999999270e-03 8.409999999999999101e-06 6.756839999999999201e-03 6.350400000000000185e-04 1.135689999999999963e-03 4.355999999999992853e-05 1.544490000000000142e-03 7.089639999999999484e-03 1.018080999999999847e-02 1.024000000000000868e-05 1.849000000000001440e-05 1.495875250000000000e+06 1.595786250000000000e+06
1.000000000000000000e+00 -5.970000000000000306e-02 7.009999999999999565e-02 3.500000000000000073e-03 -3.160000000000000309e-02 1.439999999999999961e-02 1.679999999999999896e-02 2.999999999999947153e-04 -1.900000000000000300e-02 6.399999999999999439e-03 -1.137999999999999984e-01 3.959999999999999631e-02 -1.690000000000000183e-02 3.564090000000000227e-03 4.914009999999999039e-03 1.225000000000000130e-05 9.985600000000001159e-04 2.073599999999999933e-04 2.822399999999999540e-04 8.999999999999683544e-08 3.610000000000001012e-04 4.095999999999999408e-05 1.295043999999999883e-02 1.568159999999999650e-03 2.856100000000000522e-04 1.495594375000000000e+06 1.594294250000000000e+06
1.000000000000000000e+00 -3.860000000000000236e-02 3.930000000000000160e-02 -6.740000000000000158e-02 -1.859999999999999848e-02 5.729999999999999677e-02 3.200000000000000153e-03 2.110000000000000070e-02 -3.079999999999999405e-02 -7.090000000000000469e-02 1.300000000000000461e-02 4.289999999999999369e-02 -1.359999999999999924e-02 1.489960000000000243e-03 1.544490000000000142e-03 4.542759999999999854e-03 3.459599999999999199e-04 3.283289999999999473e-03 1.024000000000000021e-05 4.452100000000000285e-04 9.486399999999996181e-04 5.026810000000000479e-03 1.690000000000001234e-04 1.840409999999999355e-03 1.849599999999999910e-04 1.497779375000000000e+06 1.597577250000000000e+06
1.000000000000000000e+00 -6.069999999999999701e-02 8.500000000000000611e-02 -1.359999999999999924e-02 -2.549999999999999836e-02 3.529999999999999805e-02 3.490000000000000047e-02 -2.209999999999999465e-02 4.570000000000000451e-02 5.380000000000000060e-02 -6.899999999999999883e-03 -2.199999999999999872e-02 3.169999999999999901e-02 3.684489999999999467e-03 7.225000000000001386e-03 1.849599999999999910e-04 6.502499999999998949e-04 1.246089999999999828e-03 1.218010000000000056e-03 4.884099999999997775e-04 2.088490000000000572e-03 2.894439999999999860e-03 4.760999999999999987e-05 4.839999999999999468e-04 1.004890000000000037e-03 1.493778750000000000e+06 1.592747875000000000e+06
1.000000000000000000e+00 -5.890000000000000097e-02 4.340000000000000108e-02 9.900000000000000466e-02 -5.040000000000000036e-02 -2.399999999999999790e-03 3.799999999999999992e-03 1.799999999999996048e-03 -4.160000000000000503e-02 1.126000000000000056e-01 -2.490000000000000199e-02 -3.769999999999999740e-02 -3.109999999999999917e-02 3.469209999999999915e-03 1.883560000000000052e-03 9.801000000000000684e-03 2.540160000000000074e-03 5.759999999999999062e-06 1.444000000000000066e-05 3.239999999999985920e-06 1.730560000000000345e-03 1.267876000000000072e-02 6.200100000000000489e-04 1.421289999999999750e-03 9.672099999999999231e-04 1.490186375000000000e+06 1.587759375000000000e+06
1.000000000000000000e+00 -2.719999999999999848e-02 6.090000000000000274e-02 -2.000000000000000096e-04 -6.300000000000000044e-03 8.999999999999999754e-04 -1.100000000000000066e-03 3.170000000000000595e-02 1.750000000000000167e-02 -9.920000000000001039e-02 4.410000000000000031e-02 3.299999999999999982e-03 -4.899999999999999842e-03 7.398399999999999638e-04 3.708810000000000318e-03 4.000000000000000084e-08 3.969000000000000116e-05 8.099999999999999739e-07 1.210000000000000062e-06 1.004890000000000470e-03 3.062500000000000443e-04 9.840640000000002927e-03 1.944809999999999942e-03 1.088999999999999907e-05 2.400999999999999882e-05 1.489374875000000000e+06 1.585025500000000000e+06
1.000000000000000000e+00 -4.449999999999999789e-02 1.471999999999999975e-01 2.599999999999999881e-02 4.120000000000000051e-02 1.480000000000000066e-02 8.300000000000000086e-03 -1.729999999999999941e-02 8.629999999999998783e-02 2.619999999999999760e-02 4.750000000000000056e-02 1.390000000000000090e-02 9.400000000000000369e-03 1.980249999999999806e-03 2.166784000000000071e-02 6.759999999999999516e-04 1.697440000000000147e-03 2.190400000000000170e-04 6.888999999999999941e-05 2.992899999999999619e-04 7.447689999999998131e-03 6.864399999999998584e-04 2.256250000000000009e-03 1.932100000000000289e-04 8.836000000000000104e-05 1.490306250000000000e+06 1.585166875000000000e+06
1.000000000000000000e+00 -3.919999999999999873e-02 3.899999999999999994e-02 -1.469999999999999953e-02 -2.829999999999999877e-02 2.879999999999999921e-02 -5.700000000000000205e-03 5.299999999999999156e-03 -1.081999999999999906e-01 -4.070000000000000007e-02 -6.950000000000000622e-02 1.399999999999999856e-02 -1.400000000000000029e-02 1.536639999999999924e-03 1.521000000000000000e-03 2.160899999999999995e-04 8.008899999999999570e-04 8.294399999999999733e-04 3.249000000000000233e-05 2.808999999999999025e-05 1.170723999999999723e-02 1.656490000000000046e-03 4.830250000000001209e-03 1.959999999999999666e-04 1.960000000000000208e-04 1.493622750000000000e+06 1.583407250000000000e+06
1.000000000000000000e+00 -1.940000000000000058e-02 1.111000000000000043e-01 -4.979999999999999705e-02 7.259999999999999787e-02 2.549999999999999836e-02 1.329999999999999932e-02 1.979999999999999816e-02 7.209999999999999742e-02 -3.509999999999999926e-02 1.008999999999999897e-01 -3.300000000000000849e-03 1.899999999999999953e-02 3.763600000000000083e-04 1.234321000000000029e-02 2.480039999999999762e-03 5.270759999999999335e-03 6.502499999999998949e-04 1.768899999999999954e-04 3.920399999999999124e-04 5.198409999999999663e-03 1.232009999999999963e-03 1.018080999999999847e-02 1.089000000000000585e-05 3.609999999999999928e-04 1.499671500000000000e+06 1.598026625000000000e+06
1.000000000000000000e+00 -4.569999999999999757e-02 7.009999999999999565e-02 -7.220000000000000029e-02 -4.009999999999999676e-02 5.960000000000000020e-02 4.199999999999999740e-03 -2.629999999999999699e-02 -4.100000000000000866e-02 -2.240000000000000324e-02 -1.126999999999999946e-01 3.410000000000000531e-02 -9.100000000000000450e-03 2.088489999999999704e-03 4.914009999999999039e-03 5.212839999999999835e-03 1.608009999999999778e-03 3.552159999999999953e-03 1.763999999999999713e-05 6.916899999999997963e-04 1.681000000000000636e-03 5.017600000000001833e-04 1.270128999999999876e-02 1.162810000000000449e-03 8.281000000000000166e-05 1.504694750000000000e+06 1.607784000000000000e+06
1.000000000000000000e+00 -1.071000000000000008e-01 -1.290000000000000001e-02 -7.019999999999999851e-02 -3.790000000000000313e-02 7.760000000000000231e-02 8.500000000000000611e-03 -6.140000000000000319e-02 -8.299999999999999045e-02 2.000000000000001776e-03 2.199999999999993627e-03 1.800000000000000211e-02 4.300000000000000870e-03 1.147041000000000033e-02 1.664100000000000008e-04 4.928039999999999851e-03 1.436410000000000161e-03 6.021760000000000133e-03 7.225000000000000790e-05 3.769960000000000585e-03 6.888999999999998423e-03 4.000000000000007442e-06 4.839999999999972295e-06 3.240000000000000692e-04 1.849000000000000762e-05 1.500806875000000000e+06 1.597545750000000000e+06
1.000000000000000000e+00 -1.839999999999999969e-02 1.629999999999999852e-02 1.700000000000000122e-02 3.849999999999999950e-02 2.759999999999999953e-02 1.379999999999999977e-02 8.870000000000000107e-02 2.919999999999999679e-02 8.719999999999999973e-02 7.639999999999999569e-02 -5.000000000000000278e-02 5.299999999999999156e-03 3.385600000000000111e-04 2.656899999999999583e-04 2.890000000000000316e-04 1.482250000000000061e-03 7.617599999999999979e-04 1.904399999999999995e-04 7.867690000000000100e-03 8.526399999999997783e-04 7.603839999999999731e-03 5.836959999999999545e-03 2.500000000000000486e-03 2.808999999999999025e-05 1.497452125000000000e+06 1.595872000000000000e+06
1.000000000000000000e+00 -7.409999999999999920e-02 3.320000000000000034e-02 9.799999999999999684e-03 -1.739999999999999880e-02 3.070000000000000159e-02 3.919999999999999873e-02 -5.569999999999999951e-02 1.690000000000000183e-02 -7.200000000000001538e-03 -5.589999999999999830e-02 3.100000000000002059e-03 2.539999999999999897e-02 5.490809999999999615e-03 1.102239999999999991e-03 9.603999999999999527e-05 3.027599999999999541e-04 9.424900000000001462e-04 1.536639999999999924e-03 3.102489999999999849e-03 2.856100000000000522e-04 5.184000000000002544e-05 3.124810000000000001e-03 9.610000000000013022e-06 6.451599999999999826e-04 1.494696000000000000e+06 1.591029750000000000e+06
1.000000000000000000e+00 -6.800000000000000488e-02 2.860000000000000042e-02 -2.079999999999999905e-02 5.059999999999999915e-02 2.910000000000000087e-02 4.000000000000000083e-02 6.099999999999994316e-03 -4.599999999999999922e-03 -3.059999999999999873e-02 6.800000000000000488e-02 -1.600000000000000727e-03 8.000000000000020983e-04 4.624000000000000506e-03 8.179600000000000629e-04 4.326399999999999777e-04 2.560359999999999806e-03 8.468100000000000323e-04 1.600000000000000077e-03 3.720999999999993003e-05 2.116000000000000069e-05 9.363599999999999051e-04 4.624000000000000506e-03 2.560000000000002171e-06 6.400000000000034015e-07 1.491996750000000000e+06 1.583112500000000000e+06
1.000000000000000000e+00 -2.570000000000000062e-02 9.750000000000000333e-02 -1.799999999999999864e-02 1.990000000000000102e-02 2.129999999999999949e-02 7.700000000000000247e-03 4.230000000000000426e-02 6.890000000000000291e-02 2.800000000000000405e-03 -3.069999999999999812e-02 -7.800000000000001377e-03 -3.230000000000000232e-02 6.604900000000000137e-04 9.506250000000000810e-03 3.239999999999999608e-04 3.960100000000000252e-04 4.536899999999999744e-04 5.929000000000000324e-05 1.789290000000000455e-03 4.747209999999999971e-03 7.840000000000002864e-06 9.424899999999999294e-04 6.084000000000002058e-05 1.043290000000000103e-03 1.492506000000000000e+06 1.584551250000000000e+06
1.000000000000000000e+00 -3.910000000000000281e-02 8.569999999999999840e-02 -6.100000000000000387e-03 7.560000000000000053e-02 2.440000000000000155e-02 3.009999999999999828e-02 -1.340000000000000219e-02 -1.180000000000000493e-02 1.189999999999999739e-02 5.569999999999999951e-02 3.100000000000002059e-03 2.239999999999999630e-02 1.528810000000000238e-03 7.344489999999999526e-03 3.721000000000000457e-05 5.715360000000000058e-03 5.953600000000000732e-04 9.060099999999998450e-04 1.795600000000000494e-04 1.392400000000001102e-04 1.416099999999999401e-04 3.102489999999999849e-03 9.610000000000013022e-06 5.017599999999998580e-04 1.495260750000000000e+06 1.588640500000000000e+06
1.000000000000000000e+00 -8.630000000000000171e-02 1.600000000000000033e-02 -6.329999999999999516e-02 2.429999999999999868e-02 1.110000000000000014e-01 4.279999999999999777e-02 -4.719999999999999890e-02 -6.969999999999999807e-02 -5.719999999999999390e-02 -5.129999999999999838e-02 8.659999999999999643e-02 1.269999999999999948e-02 7.447689999999999866e-03 2.559999999999999884e-04 4.006889999999999064e-03 5.904899999999999385e-04 1.232100000000000035e-02 1.831839999999999727e-03 2.227840000000000029e-03 4.858089999999999804e-03 3.271839999999999384e-03 2.631689999999999897e-03 7.499559999999999733e-03 1.612899999999999957e-04 1.497566500000000000e+06 1.591547250000000000e+06
1.000000000000000000e+00 -1.789999999999999925e-02 6.140000000000000319e-02 -8.069999999999999396e-02 3.950000000000000039e-02 1.260000000000000009e-02 4.780000000000000221e-02 6.840000000000000246e-02 4.540000000000000285e-02 -1.739999999999999880e-02 1.520000000000000170e-02 -9.840000000000000135e-02 5.000000000000004441e-03 3.204099999999999765e-04 3.769960000000000585e-03 6.512489999999999252e-03 1.560250000000000005e-03 1.587600000000000046e-04 2.284840000000000221e-03 4.678560000000000010e-03 2.061160000000000249e-03 3.027599999999999541e-04 2.310400000000000648e-04 9.682559999999999778e-03 2.500000000000004524e-05 1.494239375000000000e+06 1.585572375000000000e+06
1.000000000000000000e+00 -7.370000000000000162e-02 3.289999999999999869e-02 2.580000000000000002e-02 8.600000000000000006e-03 2.949999999999999845e-02 1.710000000000000062e-02 -5.580000000000000238e-02 -2.850000000000000450e-02 1.064999999999999974e-01 -3.090000000000000038e-02 1.689999999999999836e-02 -3.070000000000000159e-02 5.431690000000000303e-03 1.082410000000000013e-03 6.656400000000000034e-04 7.396000000000000339e-05 8.702499999999999299e-04 2.924100000000000006e-04 3.113640000000000418e-03 8.122500000000002548e-04 1.134224999999999990e-02 9.548100000000000554e-04 2.856099999999999438e-04 9.424900000000001462e-04 1.494872000000000000e+06 1.594167625000000000e+06
1.000000000000000000e+00 -3.450000000000000289e-02 1.118999999999999995e-01 -4.030000000000000249e-02 5.059999999999999915e-02 3.400000000000000244e-02 2.500000000000000139e-02 3.919999999999999873e-02 7.900000000000000078e-02 -6.610000000000000597e-02 4.199999999999999567e-02 4.500000000000003997e-03 7.900000000000000772e-03 1.190250000000000119e-03 1.252161000000000073e-02 1.624090000000000126e-03 2.560359999999999806e-03 1.156000000000000126e-03 6.250000000000001214e-04 1.536639999999999924e-03 6.241000000000000020e-03 4.369210000000000975e-03 1.763999999999999726e-03 2.025000000000003482e-05 6.241000000000000724e-05 1.499006625000000000e+06 1.599549500000000000e+06
1.000000000000000000e+00 -2.210000000000000159e-02 9.740000000000000047e-02 -9.370000000000000551e-02 7.030000000000000138e-02 2.500000000000000139e-02 3.610000000000000014e-02 1.240000000000000130e-02 -1.449999999999999900e-02 -5.340000000000000302e-02 1.970000000000000223e-02 -9.000000000000001055e-03 1.109999999999999876e-02 4.884100000000001027e-04 9.486760000000000331e-03 8.779690000000001451e-03 4.942090000000000545e-03 6.250000000000001214e-04 1.303209999999999959e-03 1.537600000000000457e-04 2.102499999999999606e-04 2.851560000000000379e-03 3.880900000000001146e-04 8.100000000000001730e-05 1.232099999999999808e-04 1.502864875000000000e+06 1.604225875000000000e+06
1.000000000000000000e+00 -3.769999999999999740e-02 -2.179999999999999993e-02 -1.000000000000000021e-02 5.090000000000000080e-02 6.809999999999999387e-02 2.680000000000000090e-02 -1.559999999999999581e-02 -1.192000000000000004e-01 8.370000000000001050e-02 -1.940000000000000058e-02 4.309999999999999248e-02 -9.299999999999999239e-03 1.421289999999999750e-03 4.752399999999999832e-04 1.000000000000000048e-04 2.590810000000000248e-03 4.637609999999999476e-03 7.182400000000000893e-04 2.433599999999998655e-04 1.420863999999999981e-02 7.005690000000001916e-03 3.763600000000000083e-04 1.857609999999999340e-03 8.648999999999997998e-05 1.499824250000000000e+06 1.597089875000000000e+06
1.000000000000000000e+00 -5.909999999999999976e-02 1.149999999999999981e-02 4.590000000000000330e-02 1.839999999999999969e-02 1.529999999999999936e-02 3.399999999999999811e-03 -2.140000000000000235e-02 3.329999999999999627e-02 5.590000000000000524e-02 -3.250000000000000111e-02 -5.279999999999999277e-02 -2.340000000000000066e-02 3.492809999999999838e-03 1.322499999999999891e-04 2.106810000000000193e-03 3.385600000000000111e-04 2.340899999999999763e-04 1.155999999999999943e-05 4.579600000000000944e-04 1.108889999999999746e-03 3.124810000000000434e-03 1.056250000000000114e-03 2.787839999999999329e-03 5.475599999999999955e-04 1.495858125000000000e+06 1.587068250000000000e+06
1.000000000000000000e+00 -1.349999999999999985e-02 4.660000000000000253e-02 -1.069999999999999944e-02 9.189999999999999558e-02 -2.510000000000000078e-02 4.109999999999999765e-02 4.560000000000000164e-02 3.510000000000000620e-02 -5.660000000000000447e-02 7.349999999999999589e-02 -4.039999999999999841e-02 3.769999999999999740e-02 1.822499999999999847e-04 2.171560000000000330e-03 1.144899999999999830e-04 8.445609999999999229e-03 6.300100000000000752e-04 1.689209999999999800e-03 2.079360000000000149e-03 1.232010000000000396e-03 3.203560000000000695e-03 5.402249999999999067e-03 1.632159999999999904e-03 1.421289999999999750e-03 1.494611875000000000e+06 1.588214875000000000e+06
1.000000000000000000e+00 -5.759999999999999842e-02 5.430000000000000104e-02 6.069999999999999701e-02 2.239999999999999977e-02 2.790000000000000119e-02 1.609999999999999973e-02 -4.410000000000000031e-02 7.699999999999998512e-03 7.139999999999999125e-02 -6.949999999999999234e-02 5.300000000000000544e-02 -2.499999999999999792e-02 3.317759999999999893e-03 2.948490000000000225e-03 3.684489999999999467e-03 5.017599999999999665e-04 7.784100000000001044e-04 2.592100000000000068e-04 1.944809999999999942e-03 5.928999999999997613e-05 5.097959999999998604e-03 4.830249999999998607e-03 2.809000000000000732e-03 6.249999999999999046e-04 1.496094625000000000e+06 1.589614000000000000e+06
1.000000000000000000e+00 -4.220000000000000140e-02 9.579999999999999627e-02 -1.110000000000000049e-02 5.410000000000000225e-02 -4.080000000000000293e-02 2.809999999999999998e-02 1.539999999999999702e-02 4.149999999999999523e-02 -7.180000000000000271e-02 3.170000000000000595e-02 -6.870000000000001106e-02 1.200000000000000025e-02 1.780840000000000114e-03 9.177639999999999063e-03 1.232100000000000079e-04 2.926810000000000175e-03 1.664640000000000217e-03 7.896100000000000514e-04 2.371599999999999045e-04 1.722249999999999606e-03 5.155240000000000170e-03 1.004890000000000470e-03 4.719690000000001211e-03 1.440000000000000036e-04 1.494982250000000000e+06 1.583184125000000000e+06
1.000000000000000000e+00 -6.519999999999999407e-02 1.376000000000000001e-01 5.279999999999999971e-02 1.980000000000000163e-02 -4.689999999999999725e-02 2.819999999999999937e-02 -2.299999999999999267e-02 4.180000000000000382e-02 6.389999999999999847e-02 -3.429999999999999716e-02 -6.099999999999994316e-03 9.999999999999939493e-05 4.251039999999999333e-03 1.893376000000000087e-02 2.787839999999999763e-03 3.920400000000000751e-04 2.199609999999999847e-03 7.952400000000000094e-04 5.289999999999996311e-04 1.747240000000000381e-03 4.083209999999999444e-03 1.176489999999999871e-03 3.720999999999993003e-05 9.999999999999879441e-09 1.502359250000000000e+06 1.601453625000000000e+06
1.000000000000000000e+00 -6.990000000000000380e-02 2.560000000000000123e-02 -6.060000000000000109e-02 -4.610000000000000209e-02 -7.799999999999999642e-03 1.940000000000000058e-02 -4.700000000000009726e-03 -1.120000000000000023e-01 -1.134000000000000008e-01 -6.590000000000000024e-02 3.909999999999999587e-02 -8.799999999999998795e-03 4.886010000000000526e-03 6.553600000000000137e-04 3.672359999999999947e-03 2.125210000000000207e-03 6.083999999999999348e-05 3.763600000000000083e-04 2.209000000000009174e-05 1.254400000000000133e-02 1.285956000000000078e-02 4.342809999999999900e-03 1.528809999999999588e-03 7.743999999999997684e-05 1.505475250000000000e+06 1.602277750000000000e+06
1.000000000000000000e+00 -6.119999999999999746e-02 8.939999999999999336e-02 1.170000000000000033e-02 2.649999999999999925e-02 -1.100000000000000066e-03 3.109999999999999917e-02 8.700000000000006339e-03 6.379999999999999560e-02 7.230000000000000315e-02 7.259999999999999787e-02 6.699999999999999359e-03 1.169999999999999860e-02 3.745439999999999620e-03 7.992359999999998701e-03 1.368899999999999989e-04 7.022499999999999663e-04 1.210000000000000062e-06 9.672099999999999231e-04 7.569000000000011049e-05 4.070439999999999822e-03 5.227290000000000755e-03 5.270759999999999335e-03 4.488999999999999203e-05 1.368899999999999718e-04 1.498178875000000000e+06 1.593380000000000000e+06
1.000000000000000000e+00 -5.999999999999999778e-02 1.391000000000000014e-01 4.950000000000000233e-02 1.650000000000000078e-02 -1.959999999999999937e-02 2.529999999999999957e-02 1.199999999999999678e-03 4.970000000000000806e-02 3.780000000000000027e-02 -9.999999999999998473e-03 -1.849999999999999908e-02 -5.799999999999999600e-03 3.599999999999999901e-03 1.934881000000000101e-02 2.450250000000000171e-03 2.722500000000000310e-04 3.841599999999999811e-04 6.400899999999999515e-04 1.439999999999999130e-06 2.470090000000000740e-03 1.428840000000000015e-03 9.999999999999996413e-05 3.422499999999999436e-04 3.363999999999999640e-05 1.494121875000000000e+06 1.589438000000000000e+06
1.000000000000000000e+00 -7.580000000000000626e-02 5.220000000000000334e-02 3.300000000000000155e-02 -6.499999999999999702e-03 -5.300000000000000024e-03 3.239999999999999825e-02 -1.580000000000000848e-02 -8.690000000000000502e-02 -1.650000000000000078e-02 -2.299999999999999961e-02 1.430000000000000021e-02 7.099999999999998673e-03 5.745640000000000643e-03 2.724840000000000508e-03 1.089000000000000124e-03 4.224999999999999698e-05 2.809000000000000041e-05 1.049759999999999843e-03 2.496400000000002458e-04 7.551610000000001134e-03 2.722500000000000310e-04 5.289999999999999564e-04 2.044900000000000157e-04 5.040999999999997984e-05 1.495297625000000000e+06 1.590878250000000000e+06
1.000000000000000000e+00 -6.079999999999999988e-02 7.389999999999999347e-02 1.359999999999999924e-02 7.300000000000000065e-03 4.300000000000000003e-03 4.299999999999999656e-02 1.500000000000000638e-02 2.169999999999999013e-02 -1.940000000000000058e-02 1.379999999999999977e-02 9.600000000000000894e-03 1.059999999999999831e-02 3.696640000000000169e-03 5.461209999999999329e-03 1.849599999999999910e-04 5.328999999999999970e-05 1.849000000000000085e-05 1.848999999999999732e-03 2.250000000000001836e-04 4.708899999999995793e-04 3.763600000000000083e-04 1.904399999999999995e-04 9.216000000000001209e-05 1.123599999999999610e-04 1.497728500000000000e+06 1.596218500000000000e+06
1.000000000000000000e+00 -8.269999999999999574e-02 1.192000000000000004e-01 5.589999999999999830e-02 -3.690000000000000224e-02 -1.039999999999999952e-02 5.890000000000000097e-02 -2.189999999999999586e-02 4.530000000000000693e-02 4.229999999999999732e-02 -4.420000000000000318e-02 -1.469999999999999953e-02 1.590000000000000441e-02 6.839289999999999606e-03 1.420863999999999981e-02 3.124810000000000001e-03 1.361610000000000077e-03 1.081599999999999944e-04 3.469209999999999915e-03 4.796099999999998346e-04 2.052090000000000771e-03 1.789289999999999804e-03 1.953640000000000411e-03 2.160899999999999995e-04 2.528100000000001223e-04 1.497676000000000000e+06 1.596338375000000000e+06
1.000000000000000000e+00 -3.470000000000000168e-02 4.100000000000000172e-02 -1.619999999999999912e-02 -6.400000000000000307e-03 3.540000000000000091e-02 4.340000000000000108e-02 4.799999999999999406e-02 -7.819999999999999174e-02 -7.209999999999999742e-02 3.050000000000000280e-02 4.580000000000000043e-02 -1.549999999999999989e-02 1.204090000000000108e-03 1.681000000000000202e-03 2.624399999999999606e-04 4.096000000000000086e-05 1.253160000000000125e-03 1.883560000000000052e-03 2.303999999999999625e-03 6.115239999999998351e-03 5.198409999999999663e-03 9.302500000000001957e-04 2.097640000000000008e-03 2.402499999999999851e-04 1.497696750000000000e+06 1.593220375000000000e+06
1.000000000000000000e+00 -5.999999999999999474e-04 1.001999999999999974e-01 1.569999999999999868e-02 2.910000000000000087e-02 9.799999999999999684e-03 7.340000000000000691e-02 3.409999999999999837e-02 5.919999999999999568e-02 3.189999999999999780e-02 3.550000000000000377e-02 -2.560000000000000123e-02 3.000000000000000583e-02 3.599999999999999414e-07 1.004004000000000008e-02 2.464899999999999795e-04 8.468100000000000323e-04 9.603999999999999527e-05 5.387560000000001306e-03 1.162809999999999799e-03 3.504639999999999405e-03 1.017609999999999956e-03 1.260250000000000302e-03 6.553600000000000137e-04 9.000000000000003006e-04 1.496892750000000000e+06 1.594919000000000000e+06
1.000000000000000000e+00 2.840000000000000163e-02 6.090000000000000274e-02 6.729999999999999871e-02 4.560000000000000164e-02 -9.400000000000000369e-03 5.779999999999999721e-02 2.900000000000000147e-02 -3.929999999999999466e-02 5.160000000000000003e-02 1.650000000000000078e-02 -1.920000000000000179e-02 -1.560000000000000969e-02 8.065600000000001111e-04 3.708810000000000318e-03 4.529290000000000052e-03 2.079360000000000149e-03 8.836000000000000104e-05 3.340839999999999869e-03 8.410000000000000591e-04 1.544489999999999492e-03 2.662560000000000014e-03 2.722500000000000310e-04 3.686400000000000484e-04 2.433600000000002992e-04 1.499589875000000000e+06 1.597107375000000000e+06
1.000000000000000000e+00 -2.980000000000000010e-02 4.830000000000000265e-02 -3.939999999999999752e-02 8.840000000000000635e-02 7.510000000000000009e-02 6.850000000000000533e-02 -5.820000000000000173e-02 -1.260000000000000009e-02 -1.066999999999999893e-01 4.280000000000000471e-02 8.450000000000000566e-02 1.070000000000000812e-02 8.880399999999999882e-04 2.332890000000000224e-03 1.552359999999999808e-03 7.814560000000001644e-03 5.640009999999999989e-03 4.692250000000001108e-03 3.387240000000000129e-03 1.587600000000000046e-04 1.138488999999999821e-02 1.831840000000000378e-03 7.140250000000000763e-03 1.144900000000001727e-04 1.496086000000000000e+06 1.586199750000000000e+06
1.000000000000000000e+00 6.999999999999999929e-04 1.600000000000000033e-01 6.250000000000000000e-02 9.009999999999999953e-02 -5.199999999999999761e-03 3.919999999999999873e-02 3.049999999999999933e-02 1.116999999999999937e-01 1.018999999999999906e-01 1.699999999999993183e-03 -8.029999999999999638e-02 -2.930000000000000659e-02 4.899999999999999672e-07 2.560000000000000123e-02 3.906250000000000000e-03 8.118010000000000156e-03 2.703999999999999861e-05 1.536639999999999924e-03 9.302499999999999788e-04 1.247688999999999916e-02 1.038360999999999798e-02 2.889999999999976989e-06 6.448089999999999204e-03 8.584900000000003813e-04 1.502173000000000000e+06 1.599754250000000000e+06
1.000000000000000000e+00 -5.499999999999999681e-03 1.839999999999999969e-02 4.059999999999999720e-02 -2.069999999999999965e-02 1.549999999999999989e-02 2.589999999999999941e-02 -6.199999999999999782e-03 -1.416000000000000036e-01 -2.190000000000000280e-02 -1.107999999999999957e-01 2.069999999999999965e-02 -1.329999999999999932e-02 3.024999999999999667e-05 3.385600000000000111e-04 1.648359999999999756e-03 4.284900000000000124e-04 2.402499999999999851e-04 6.708099999999999827e-04 3.843999999999999788e-05 2.005056000000000199e-02 4.796100000000001057e-04 1.227663999999999839e-02 4.284900000000000124e-04 1.768899999999999954e-04 1.502608000000000000e+06 1.598446875000000000e+06
1.000000000000000000e+00 -6.619999999999999496e-02 2.009999999999999981e-02 -1.750000000000000167e-02 -8.300000000000000086e-03 5.899999999999999689e-02 -6.199999999999999782e-03 -6.069999999999999701e-02 1.700000000000000122e-03 -5.809999999999999887e-02 1.239999999999999956e-02 4.349999999999999700e-02 -3.209999999999999659e-02 4.382439999999999600e-03 4.040100000000000028e-04 3.062500000000000443e-04 6.888999999999999941e-05 3.480999999999999719e-03 3.843999999999999788e-05 3.684489999999999467e-03 2.890000000000000282e-06 3.375609999999999809e-03 1.537599999999999915e-04 1.892249999999999835e-03 1.030409999999999833e-03 1.497590000000000000e+06 1.589229625000000000e+06
1.000000000000000000e+00 -9.479999999999999538e-02 1.083999999999999964e-01 5.279999999999999971e-02 -3.180000000000000188e-02 3.939999999999999752e-02 2.790000000000000119e-02 -2.860000000000000042e-02 8.829999999999998961e-02 7.030000000000000138e-02 -2.350000000000000006e-02 -1.959999999999999937e-02 3.409999999999999837e-02 8.987039999999999959e-03 1.175055999999999844e-02 2.787839999999999763e-03 1.011240000000000056e-03 1.552359999999999808e-03 7.784100000000001044e-04 8.179600000000000629e-04 7.796889999999998162e-03 4.942090000000000545e-03 5.522500000000000065e-04 3.841599999999999811e-04 1.162809999999999799e-03 1.493402500000000000e+06 1.586050250000000000e+06
1.000000000000000000e+00 -5.519999999999999907e-02 3.090000000000000038e-02 6.289999999999999758e-02 -3.200000000000000153e-03 -8.099999999999999561e-03 1.050000000000000065e-02 3.959999999999999631e-02 -7.749999999999999944e-02 1.009999999999999787e-02 2.860000000000000042e-02 -4.750000000000000056e-02 -1.739999999999999880e-02 3.047039999999999992e-03 9.548100000000000554e-04 3.956409999999999615e-03 1.024000000000000021e-05 6.560999999999999016e-05 1.102500000000000100e-04 1.568159999999999650e-03 6.006250000000000304e-03 1.020099999999999534e-04 8.179600000000000629e-04 2.256250000000000009e-03 3.027599999999999541e-04 1.492261375000000000e+06 1.584244250000000000e+06
1.000000000000000000e+00 -6.959999999999999520e-02 1.087999999999999939e-01 -3.610000000000000014e-02 1.190000000000000085e-02 2.129999999999999949e-02 4.410000000000000031e-02 -1.439999999999999614e-02 7.789999999999999702e-02 -9.900000000000000466e-02 1.510000000000000057e-02 2.939999999999999905e-02 3.359999999999999792e-02 4.844159999999999265e-03 1.183743999999999942e-02 1.303209999999999959e-03 1.416100000000000214e-04 4.536899999999999744e-04 1.944809999999999942e-03 2.073599999999998849e-04 6.068409999999999777e-03 9.801000000000000684e-03 2.280100000000000074e-04 8.643599999999999981e-04 1.128959999999999816e-03 1.499736125000000000e+06 1.595937250000000000e+06
1.000000000000000000e+00 -6.880000000000000004e-02 8.859999999999999820e-02 5.269999999999999685e-02 -7.100000000000000408e-03 5.400000000000000286e-03 1.020000000000000073e-02 7.999999999999951594e-04 -2.019999999999999574e-02 8.879999999999999005e-02 -1.900000000000000300e-02 -1.589999999999999747e-02 -3.389999999999999958e-02 4.733440000000000217e-03 7.849959999999999577e-03 2.777289999999999533e-03 5.041000000000000694e-05 2.916000000000000203e-05 1.040400000000000135e-04 6.399999999999922842e-07 4.080399999999998134e-04 7.885439999999998770e-03 3.610000000000001012e-04 2.528099999999999055e-04 1.149209999999999902e-03 1.504616250000000000e+06 1.601086500000000000e+06
1.000000000000000000e+00 -4.939999999999999947e-02 6.569999999999999452e-02 -5.899999999999999863e-03 2.199999999999999872e-02 6.599999999999999964e-03 1.409999999999999969e-02 1.940000000000000058e-02 -2.290000000000000369e-02 -5.859999999999999931e-02 2.910000000000000087e-02 1.199999999999999678e-03 3.899999999999998954e-03 2.440359999999999925e-03 4.316489999999999216e-03 3.481000000000000045e-05 4.839999999999999468e-04 4.355999999999999629e-05 1.988100000000000023e-04 3.763600000000000083e-04 5.244100000000002188e-04 3.433959999999999790e-03 8.468100000000000323e-04 1.439999999999999130e-06 1.520999999999999159e-05 1.503488750000000000e+06 1.600018750000000000e+06
1.000000000000000000e+00 -6.060000000000000109e-02 5.519999999999999907e-02 3.980000000000000204e-02 -4.700000000000000185e-03 3.509999999999999926e-02 1.830000000000000029e-02 -1.120000000000000162e-02 -1.049999999999999545e-02 4.570000000000000451e-02 -2.669999999999999804e-02 2.849999999999999756e-02 4.200000000000000608e-03 3.672359999999999947e-03 3.047039999999999992e-03 1.584040000000000101e-03 2.209000000000000026e-05 1.232009999999999963e-03 3.348900000000000141e-04 1.254400000000000458e-04 1.102499999999999016e-04 2.088490000000000572e-03 7.128899999999998779e-04 8.122499999999998211e-04 1.764000000000000390e-05 1.497948750000000000e+06 1.593664250000000000e+06
1.000000000000000000e+00 -4.399999999999999745e-02 2.759999999999999953e-02 4.100000000000000346e-03 1.209999999999999964e-02 5.960000000000000020e-02 1.700000000000000122e-02 1.660000000000000364e-02 -2.759999999999999953e-02 -3.570000000000000256e-02 1.679999999999999896e-02 2.450000000000000094e-02 -1.299999999999999073e-03 1.935999999999999787e-03 7.617599999999999979e-04 1.681000000000000338e-05 1.464100000000000026e-04 3.552159999999999953e-03 2.890000000000000316e-04 2.755600000000001061e-04 7.617599999999999979e-04 1.274490000000000085e-03 2.822399999999999540e-04 6.002500000000000890e-04 1.689999999999997584e-06 1.495920875000000000e+06 1.590327375000000000e+06
1.000000000000000000e+00 -1.669999999999999957e-02 1.028000000000000025e-01 4.139999999999999930e-02 4.390000000000000152e-02 -6.669999999999999540e-02 1.739999999999999880e-02 2.729999999999999788e-02 7.520000000000000295e-02 3.729999999999999982e-02 3.180000000000000188e-02 -1.262999999999999956e-01 3.999999999999975797e-04 2.788900000000000081e-04 1.056784000000000022e-02 1.713960000000000049e-03 1.927210000000000164e-03 4.448889999999999616e-03 3.027599999999999541e-04 7.452899999999999065e-04 5.655040000000000067e-03 1.391289999999999888e-03 1.011240000000000056e-03 1.595168999999999754e-02 1.599999999999980711e-07 1.493993125000000000e+06 1.591244875000000000e+06
1.000000000000000000e+00 -2.469999999999999973e-02 7.080000000000000182e-02 1.015000000000000069e-01 3.070000000000000159e-02 -7.149999999999999412e-02 1.880000000000000074e-02 -8.000000000000000167e-03 -3.200000000000000067e-02 6.010000000000000758e-02 -1.319999999999999993e-02 -4.799999999999998712e-03 1.400000000000001937e-03 6.100899999999999813e-04 5.012640000000000498e-03 1.030225000000000064e-02 9.424900000000001462e-04 5.112249999999998740e-03 3.534400000000000042e-04 6.399999999999999710e-05 1.023999999999999954e-03 3.612010000000001001e-03 1.742399999999999852e-04 2.303999999999998608e-05 1.960000000000005375e-06 1.493231500000000000e+06 1.584781125000000000e+06
1.000000000000000000e+00 -7.760000000000000231e-02 1.247999999999999943e-01 4.109999999999999765e-02 6.569999999999999452e-02 -5.190000000000000169e-02 2.040000000000000147e-02 -5.290000000000000258e-02 5.399999999999999245e-02 -6.040000000000000924e-02 3.499999999999998945e-02 1.959999999999999243e-02 1.600000000000000727e-03 6.021760000000000133e-03 1.557503999999999833e-02 1.689209999999999800e-03 4.316489999999999216e-03 2.693610000000000362e-03 4.161600000000000542e-04 2.798410000000000307e-03 2.915999999999999322e-03 3.648160000000000985e-03 1.224999999999999310e-03 3.841599999999997100e-04 2.560000000000002171e-06 1.494226875000000000e+06 1.586997000000000000e+06
1.000000000000000000e+00 -7.090000000000000469e-02 1.660999999999999976e-01 -2.570000000000000062e-02 7.439999999999999392e-02 -3.420000000000000123e-02 2.730000000000000135e-02 6.699999999999997624e-03 4.130000000000000338e-02 -6.679999999999999827e-02 8.699999999999999400e-03 1.770000000000000046e-02 6.899999999999999883e-03 5.026810000000000479e-03 2.758920999999999943e-02 6.604900000000000137e-04 5.535359999999998719e-03 1.169640000000000003e-03 7.452900000000001234e-04 4.488999999999996492e-05 1.705690000000000374e-03 4.462240000000000130e-03 7.568999999999998852e-05 3.132900000000000311e-04 4.760999999999999987e-05 1.500074750000000000e+06 1.600089500000000000e+06
1.000000000000000000e+00 -6.650000000000000355e-02 6.360000000000000375e-02 2.259999999999999856e-02 1.310000000000000053e-02 -6.899999999999999883e-03 1.009999999999999960e-02 4.400000000000001132e-03 -1.024999999999999939e-01 4.829999999999999571e-02 -6.129999999999999338e-02 2.730000000000000135e-02 -1.720000000000000001e-02 4.422250000000000833e-03 4.044960000000000222e-03 5.107599999999999684e-04 1.716100000000000188e-04 4.760999999999999987e-05 1.020099999999999940e-04 1.936000000000001115e-05 1.050624999999999823e-02 2.332889999999999790e-03 3.757689999999999295e-03 7.452900000000001234e-04 2.958400000000000135e-04 1.499169875000000000e+06 1.594585875000000000e+06
1.000000000000000000e+00 -2.900000000000000147e-02 4.299999999999999656e-02 7.570000000000000340e-02 4.660000000000000253e-02 2.570000000000000062e-02 3.429999999999999716e-02 3.750000000000000555e-02 -2.060000000000000719e-02 5.310000000000000830e-02 3.350000000000000200e-02 3.260000000000000397e-02 2.419999999999999929e-02 8.410000000000000591e-04 1.848999999999999732e-03 5.730490000000000410e-03 2.171560000000000330e-03 6.604900000000000137e-04 1.176489999999999871e-03 1.406250000000000382e-03 4.243600000000003077e-04 2.819610000000001039e-03 1.122250000000000201e-03 1.062760000000000267e-03 5.856400000000000104e-04 1.496400000000000000e+06 1.588578250000000000e+06
1.000000000000000000e+00 -2.960000000000000131e-02 8.909999999999999865e-02 1.145999999999999935e-01 5.700000000000000205e-02 -5.940000000000000141e-02 4.440000000000000197e-02 -5.999999999999998390e-04 4.610000000000000209e-02 3.889999999999999014e-02 1.039999999999999952e-02 -8.510000000000000897e-02 1.010000000000000481e-02 8.761600000000000681e-04 7.938809999999999270e-03 1.313315999999999789e-02 3.249000000000000152e-03 3.528360000000000350e-03 1.971360000000000126e-03 3.599999999999997825e-07 2.125210000000000207e-03 1.513209999999999208e-03 1.081599999999999944e-04 7.242010000000001849e-03 1.020100000000001024e-04 1.494916125000000000e+06 1.591222000000000000e+06
1.000000000000000000e+00 -4.899999999999999842e-03 5.140000000000000124e-02 8.000000000000000167e-02 7.910000000000000364e-02 -5.310000000000000137e-02 1.149999999999999981e-02 2.469999999999999973e-02 -3.769999999999999740e-02 -3.459999999999999187e-02 2.210000000000000159e-02 6.300000000000000044e-03 -3.289999999999999869e-02 2.400999999999999882e-05 2.641960000000000055e-03 6.400000000000000307e-03 6.256810000000000670e-03 2.819610000000000172e-03 1.322499999999999891e-04 6.100899999999999813e-04 1.421289999999999750e-03 1.197159999999999414e-03 4.884100000000001027e-04 3.969000000000000116e-05 1.082410000000000013e-03 1.494267500000000000e+06 1.589847625000000000e+06
1.000000000000000000e+00 -1.000000000000000021e-03 1.189999999999999947e-01 5.700000000000000205e-03 2.450000000000000094e-02 -5.000000000000000278e-02 6.599999999999999964e-03 3.899999999999999821e-03 6.759999999999999343e-02 -7.430000000000000493e-02 -5.460000000000000270e-02 3.099999999999998590e-03 -4.899999999999999842e-03 9.999999999999999547e-07 1.416099999999999824e-02 3.249000000000000233e-05 6.002500000000000890e-04 2.500000000000000486e-03 4.355999999999999629e-05 1.520999999999999837e-05 4.569759999999999101e-03 5.520490000000001160e-03 2.981160000000000494e-03 9.609999999999991000e-06 2.400999999999999882e-05 1.490686375000000000e+06 1.577559250000000000e+06
1.000000000000000000e+00 -7.130000000000000226e-02 1.391000000000000014e-01 1.640000000000000138e-02 2.299999999999999961e-02 -5.460000000000000270e-02 -8.000000000000000383e-04 -7.030000000000000138e-02 2.010000000000000675e-02 1.070000000000000118e-02 -1.500000000000001332e-03 -4.599999999999999922e-03 -7.400000000000000328e-03 5.083690000000000084e-03 1.934881000000000101e-02 2.689600000000000541e-04 5.289999999999999564e-04 2.981160000000000494e-03 6.400000000000000134e-07 4.942090000000000545e-03 4.040100000000002738e-04 1.144900000000000236e-04 2.250000000000003869e-06 2.116000000000000069e-05 5.476000000000000426e-05 1.495718875000000000e+06 1.590870250000000000e+06
1.000000000000000000e+00 -6.169999999999999790e-02 4.599999999999999922e-02 -9.700000000000000289e-03 3.749999999999999861e-02 -4.499999999999999833e-02 -1.250000000000000069e-02 9.600000000000004363e-03 -9.310000000000000220e-02 -2.610000000000000167e-02 1.449999999999999900e-02 9.600000000000004363e-03 -1.170000000000000033e-02 3.806889999999999840e-03 2.115999999999999825e-03 9.409000000000000208e-05 1.406249999999999948e-03 2.024999999999999890e-03 1.562500000000000304e-04 9.216000000000007986e-05 8.667610000000000939e-03 6.812100000000001271e-04 2.102499999999999606e-04 9.216000000000007986e-05 1.368899999999999989e-04 1.500558375000000000e+06 1.595523625000000000e+06
1.000000000000000000e+00 -5.220000000000000334e-02 1.053999999999999937e-01 2.369999999999999885e-02 7.399999999999999634e-02 -9.470000000000000639e-02 -8.500000000000000611e-03 9.499999999999994560e-03 5.939999999999999447e-02 3.339999999999999913e-02 3.649999999999999772e-02 -4.970000000000000806e-02 4.000000000000000083e-03 2.724840000000000508e-03 1.110915999999999813e-02 5.616899999999999974e-04 5.475999999999999097e-03 8.968090000000001477e-03 7.225000000000000790e-05 9.024999999999990332e-05 3.528359999999999483e-03 1.115560000000000032e-03 1.332249999999999884e-03 2.470090000000000740e-03 1.599999999999999928e-05 1.493106750000000000e+06 1.584249375000000000e+06
1.000000000000000000e+00 -6.959999999999999520e-02 1.529999999999999971e-01 5.099999999999999672e-02 4.240000000000000019e-02 -9.160000000000000087e-02 -2.019999999999999921e-02 -1.739999999999999186e-02 4.760000000000000342e-02 2.729999999999999788e-02 -3.159999999999999615e-02 3.100000000000005529e-03 -1.169999999999999860e-02 4.844159999999999265e-03 2.340899999999999925e-02 2.600999999999999580e-03 1.797760000000000026e-03 8.390560000000000032e-03 4.080399999999999761e-04 3.027599999999997372e-04 2.265760000000000343e-03 7.452899999999999065e-04 9.985599999999996822e-04 9.610000000000035045e-06 1.368899999999999718e-04 1.496531250000000000e+06 1.591583250000000000e+06
1.000000000000000000e+00 -3.699999999999999817e-02 1.023000000000000020e-01 2.910000000000000087e-02 -7.100000000000000408e-03 -4.809999999999999692e-02 -2.189999999999999933e-02 3.259999999999999704e-02 -5.069999999999999507e-02 -2.189999999999999586e-02 -4.950000000000000233e-02 4.350000000000000394e-02 -1.700000000000000122e-03 1.368999999999999774e-03 1.046529000000000036e-02 8.468100000000000323e-04 5.041000000000000694e-05 2.313609999999999799e-03 4.796099999999999973e-04 1.062759999999999833e-03 2.570489999999999494e-03 4.796099999999998346e-04 2.450250000000000171e-03 1.892250000000000269e-03 2.890000000000000282e-06 1.499026750000000000e+06 1.598553875000000000e+06
1.000000000000000000e+00 -4.870000000000000023e-02 1.059999999999999970e-01 8.909999999999999865e-02 7.820000000000000562e-02 -1.034000000000000058e-01 -1.820000000000000090e-02 -1.170000000000000207e-02 3.699999999999994960e-03 5.999999999999999778e-02 8.530000000000000082e-02 -5.530000000000000887e-02 3.699999999999998429e-03 2.371690000000000083e-03 1.123599999999999946e-02 7.938809999999999270e-03 6.115240000000000953e-03 1.069156000000000099e-02 3.312400000000000067e-04 1.368900000000000531e-04 1.368999999999996210e-05 3.599999999999999901e-03 7.276089999999999815e-03 3.058090000000001155e-03 1.368999999999998921e-05 1.493968625000000000e+06 1.592002875000000000e+06
1.000000000000000000e+00 -4.809999999999999692e-02 1.514000000000000068e-01 6.400000000000000133e-02 8.999999999999999754e-04 -1.044999999999999957e-01 -3.889999999999999708e-02 6.000000000000033085e-04 4.540000000000000979e-02 -2.509999999999999731e-02 -7.730000000000000759e-02 -1.099999999999989875e-03 -2.069999999999999618e-02 2.313609999999999799e-03 2.292196000000000164e-02 4.095999999999999815e-03 8.099999999999999739e-07 1.092024999999999940e-02 1.513209999999999859e-03 3.600000000000039648e-07 2.061160000000000683e-03 6.300099999999998583e-04 5.975290000000001156e-03 1.209999999999977827e-06 4.284899999999998497e-04 1.492596375000000000e+06 1.586675500000000000e+06
1.000000000000000000e+00 -5.340000000000000302e-02 1.037000000000000005e-01 2.580000000000000002e-02 -2.009999999999999981e-02 -5.500000000000000028e-02 -4.070000000000000007e-02 -5.300000000000006095e-03 -4.770000000000000628e-02 -3.819999999999999785e-02 -2.100000000000000130e-02 4.949999999999999539e-02 -1.800000000000002986e-03 2.851560000000000379e-03 1.075368999999999978e-02 6.656400000000000034e-04 4.040100000000000028e-04 3.024999999999999911e-03 1.656490000000000046e-03 2.809000000000006479e-05 2.275290000000000559e-03 1.459239999999999886e-03 4.410000000000000400e-04 2.450249999999999737e-03 3.240000000000010907e-06 1.492470125000000000e+06 1.589346000000000000e+06
1.000000000000000000e+00 -7.910000000000000364e-02 1.413000000000000089e-01 3.889999999999999708e-02 -6.339999999999999802e-02 -1.460000000000000013e-02 -1.600000000000000033e-02 -2.570000000000000062e-02 3.760000000000000842e-02 1.309999999999999706e-02 -4.329999999999999821e-02 4.039999999999999841e-02 2.469999999999999973e-02 6.256810000000000670e-03 1.996569000000000121e-02 1.513209999999999859e-03 4.019560000000000147e-03 2.131599999999999988e-04 2.559999999999999884e-04 6.604900000000000137e-04 1.413760000000000667e-03 1.716099999999999104e-04 1.874889999999999933e-03 1.632159999999999904e-03 6.100899999999999813e-04 1.497035500000000000e+06 1.594755875000000000e+06
1.000000000000000000e+00 -1.073999999999999955e-01 1.034999999999999948e-01 -2.479999999999999913e-02 -1.156999999999999973e-01 6.300000000000000044e-03 -6.199999999999999782e-03 -2.829999999999999183e-02 -3.780000000000001414e-02 -6.369999999999999274e-02 -5.229999999999999927e-02 2.090000000000000191e-02 9.799999999999999684e-03 1.153475999999999980e-02 1.071224999999999955e-02 6.150399999999999661e-04 1.338648999999999915e-02 3.969000000000000116e-05 3.843999999999999788e-05 8.008899999999995233e-04 1.428840000000001099e-03 4.057689999999999214e-03 2.735290000000000030e-03 4.368100000000000953e-04 9.603999999999999527e-05 1.499757250000000000e+06 1.603896250000000000e+06
1.000000000000000000e+00 -1.233000000000000068e-01 1.072000000000000036e-01 8.169999999999999485e-02 -4.789999999999999813e-02 -1.640000000000000138e-02 1.250000000000000069e-02 -1.590000000000001135e-02 3.700000000000008837e-03 1.064999999999999974e-01 6.779999999999999916e-02 -2.270000000000000143e-02 1.870000000000000134e-02 1.520289000000000189e-02 1.149184000000000143e-02 6.674889999999999296e-03 2.294409999999999766e-03 2.689600000000000541e-04 1.562500000000000304e-04 2.528100000000003391e-04 1.369000000000006544e-05 1.134224999999999990e-02 4.596839999999999607e-03 5.152900000000000622e-04 3.496900000000000485e-04 1.496131250000000000e+06 1.599165875000000000e+06
1.000000000000000000e+00 -1.087999999999999939e-01 6.160000000000000198e-02 9.329999999999999405e-02 3.500000000000000333e-02 5.300000000000000024e-03 2.479999999999999913e-02 1.450000000000001288e-02 -4.560000000000000164e-02 1.159999999999999920e-02 8.290000000000000147e-02 2.170000000000000054e-02 1.229999999999999843e-02 1.183743999999999942e-02 3.794560000000000207e-03 8.704889999999998115e-03 1.225000000000000177e-03 2.809000000000000041e-05 6.150399999999999661e-04 2.102500000000003672e-04 2.079360000000000149e-03 1.345599999999999856e-04 6.872410000000000671e-03 4.708900000000000130e-04 1.512899999999999694e-04 1.492952000000000000e+06 1.593065750000000000e+06
1.000000000000000000e+00 -5.700000000000000205e-03 1.579000000000000126e-01 1.699999999999999905e-03 9.859999999999999321e-02 -8.999999999999999320e-03 4.580000000000000043e-02 1.030999999999999972e-01 9.630000000000001059e-02 -9.160000000000000087e-02 6.359999999999998987e-02 -1.430000000000000021e-02 2.100000000000000130e-02 3.249000000000000233e-05 2.493241000000000554e-02 2.889999999999999859e-06 9.721959999999998242e-03 8.099999999999999019e-05 2.097640000000000008e-03 1.062960999999999941e-02 9.273690000000002834e-03 8.390560000000000032e-03 4.044959999999998487e-03 2.044900000000000157e-04 4.410000000000000400e-04 1.492499250000000000e+06 1.591559000000000000e+06
1.000000000000000000e+00 -5.099999999999999672e-02 1.627000000000000113e-01 7.199999999999999803e-03 1.199000000000000066e-01 6.100000000000000387e-03 1.145000000000000046e-01 -4.529999999999999305e-02 4.799999999999998712e-03 5.499999999999999681e-03 2.130000000000001337e-02 1.509999999999999884e-02 6.870000000000001106e-02 2.600999999999999580e-03 2.647129000000000495e-02 5.183999999999999833e-05 1.437601000000000157e-02 3.721000000000000457e-05 1.311025000000000038e-02 2.052089999999999470e-03 2.303999999999998608e-05 3.024999999999999667e-05 4.536900000000005707e-04 2.280099999999999532e-04 4.719690000000001211e-03 1.497060625000000000e+06 1.599666125000000000e+06
1.000000000000000000e+00 2.000000000000000096e-04 2.460000000000000034e-02 -1.849999999999999908e-02 6.610000000000000597e-02 1.820000000000000090e-02 8.980000000000000482e-02 5.119999999999999551e-02 -1.381000000000000005e-01 -2.570000000000000062e-02 -5.380000000000000060e-02 1.209999999999999964e-02 -2.469999999999999973e-02 4.000000000000000084e-08 6.051599999999999861e-04 3.422499999999999436e-04 4.369210000000000975e-03 3.312400000000000067e-04 8.064040000000001485e-03 2.621439999999999621e-03 1.907160999999999926e-02 6.604900000000000137e-04 2.894439999999999860e-03 1.464100000000000026e-04 6.100899999999999813e-04 1.496814750000000000e+06 1.589025625000000000e+06
1.000000000000000000e+00 5.099999999999999672e-02 6.640000000000000069e-02 -6.140000000000000319e-02 1.144000000000000017e-01 8.800000000000000530e-03 6.099999999999999867e-02 5.079999999999999793e-02 4.180000000000000382e-02 -4.290000000000000757e-02 4.829999999999999571e-02 -9.400000000000000369e-03 -2.880000000000000615e-02 2.600999999999999580e-03 4.408959999999999962e-03 3.769960000000000585e-03 1.308736000000000101e-02 7.744000000000000395e-05 3.720999999999999915e-03 2.580639999999999930e-03 1.747240000000000381e-03 1.840410000000000657e-03 2.332889999999999790e-03 8.836000000000000104e-05 8.294400000000004070e-04 1.500425250000000000e+06 1.598605375000000000e+06
1.000000000000000000e+00 -3.670000000000000345e-02 7.299999999999999545e-02 3.610000000000000014e-02 5.569999999999999951e-02 4.499999999999999660e-03 6.119999999999999746e-02 -8.770000000000000018e-02 6.599999999999994760e-03 9.750000000000000333e-02 -5.870000000000000218e-02 -4.300000000000000870e-03 1.999999999999987899e-04 1.346890000000000327e-03 5.328999999999999536e-03 1.303209999999999959e-03 3.102489999999999849e-03 2.024999999999999755e-05 3.745439999999999620e-03 7.691289999999999932e-03 4.355999999999992853e-05 9.506250000000000810e-03 3.445690000000000384e-03 1.849000000000000762e-05 3.999999999999951776e-08 1.502484125000000000e+06 1.601184000000000000e+06
1.000000000000000000e+00 -4.710000000000000298e-02 4.460000000000000075e-02 -1.990000000000000102e-02 5.349999999999999895e-02 3.009999999999999828e-02 1.000000000000000021e-02 -1.039999999999999952e-02 -2.839999999999999469e-02 -5.600000000000000117e-02 -2.200000000000000566e-03 2.559999999999999776e-02 -5.119999999999999551e-02 2.218410000000000087e-03 1.989160000000000234e-03 3.960100000000000252e-04 2.862249999999999777e-03 9.060099999999998450e-04 1.000000000000000048e-04 1.081599999999999944e-04 8.065599999999996774e-04 3.136000000000000332e-03 4.840000000000002788e-06 6.553599999999999053e-04 2.621439999999999621e-03 1.503187625000000000e+06 1.601439125000000000e+06
1.000000000000000000e+00 1.930000000000000118e-02 8.359999999999999376e-02 3.490000000000000047e-02 8.459999999999999465e-02 8.099999999999999561e-03 -1.299999999999999940e-03 6.640000000000000069e-02 3.899999999999999301e-02 5.480000000000000149e-02 3.109999999999999570e-02 -2.199999999999999872e-02 -1.130000000000000102e-02 3.724900000000000606e-04 6.988959999999998923e-03 1.218010000000000056e-03 7.157159999999999217e-03 6.560999999999999016e-05 1.689999999999999913e-06 4.408959999999999962e-03 1.520999999999999349e-03 3.003040000000000223e-03 9.672099999999997063e-04 4.839999999999999468e-04 1.276900000000000192e-04 1.497488875000000000e+06 1.589597750000000000e+06
1.000000000000000000e+00 -5.419999999999999818e-02 6.360000000000000375e-02 1.653999999999999915e-01 8.419999999999999707e-02 -5.489999999999999741e-02 -1.170000000000000033e-02 -7.349999999999999589e-02 -1.999999999999999001e-02 1.305000000000000049e-01 -3.999999999999975797e-04 -6.300000000000000044e-02 -1.039999999999999952e-02 2.937639999999999609e-03 4.044960000000000222e-03 2.735715999999999842e-02 7.089639999999999484e-03 3.014009999999999693e-03 1.368899999999999989e-04 5.402249999999999067e-03 3.999999999999995855e-04 1.703025000000000025e-02 1.599999999999980711e-07 3.969000000000000306e-03 1.081599999999999944e-04 1.490427875000000000e+06 1.578630125000000000e+06
1.000000000000000000e+00 -2.479999999999999913e-02 8.379999999999999949e-02 3.169999999999999901e-02 1.760000000000000106e-02 2.100000000000000130e-02 1.510000000000000057e-02 2.939999999999999905e-02 2.019999999999999574e-02 -1.336999999999999855e-01 -6.659999999999999254e-02 7.589999999999999525e-02 2.680000000000000090e-02 6.150399999999999661e-04 7.022439999999999585e-03 1.004890000000000037e-03 3.097600000000000158e-04 4.410000000000000400e-04 2.280100000000000074e-04 8.643599999999999981e-04 4.080399999999998134e-04 1.787568999999999617e-02 4.435559999999998983e-03 5.760809999999999022e-03 7.182400000000000893e-04 1.486935375000000000e+06 1.576711250000000000e+06
1.000000000000000000e+00 -2.179999999999999993e-02 1.824999999999999956e-01 -1.100000000000000006e-01 1.940000000000000058e-02 4.700000000000000185e-03 7.620000000000000384e-02 2.999999999999999195e-03 9.869999999999999607e-02 -1.416999999999999926e-01 1.799999999999999517e-03 -1.630000000000000199e-02 6.110000000000000153e-02 4.752399999999999832e-04 3.330624999999999558e-02 1.209999999999999964e-02 3.763600000000000083e-04 2.209000000000000026e-05 5.806440000000000386e-03 8.999999999999995146e-06 9.741689999999999031e-03 2.007888999999999854e-02 3.239999999999998202e-06 2.656900000000000667e-04 3.733210000000000261e-03 1.493865125000000000e+06 1.587190750000000000e+06
1.000000000000000000e+00 -9.120000000000000329e-02 6.429999999999999605e-02 -9.199999999999999845e-03 5.199999999999999761e-03 9.400000000000000022e-02 7.340000000000000691e-02 -6.940000000000000335e-02 -1.181999999999999995e-01 1.008000000000000007e-01 -1.420000000000000082e-02 8.930000000000000437e-02 -2.799999999999996936e-03 8.317440000000000597e-03 4.134489999999999346e-03 8.464000000000000278e-05 2.703999999999999861e-05 8.836000000000000104e-03 5.387560000000001306e-03 4.816360000000000433e-03 1.397123999999999935e-02 1.016064000000000030e-02 2.016400000000000278e-04 7.974490000000000745e-03 7.839999999999982535e-06 1.496679000000000000e+06 1.589464750000000000e+06
1.000000000000000000e+00 -5.160000000000000003e-02 9.810000000000000664e-02 4.599999999999999922e-02 2.270000000000000143e-02 3.610000000000000014e-02 -5.400000000000000286e-03 3.960000000000000325e-02 3.380000000000001059e-02 5.519999999999999907e-02 1.750000000000000167e-02 -5.790000000000000008e-02 -7.880000000000000893e-02 2.662560000000000014e-03 9.623610000000001191e-03 2.115999999999999825e-03 5.152900000000000622e-04 1.303209999999999959e-03 2.916000000000000203e-05 1.568160000000000300e-03 1.142440000000000642e-03 3.047039999999999992e-03 3.062500000000000443e-04 3.352410000000000112e-03 6.209440000000001833e-03 1.494554000000000000e+06 1.586121125000000000e+06
1.000000000000000000e+00 -5.210000000000000048e-02 6.850000000000000533e-02 -8.820000000000000062e-02 2.800000000000000058e-02 -9.299999999999999239e-03 9.700000000000000289e-03 -5.000000000000004441e-04 -2.960000000000000131e-02 -1.341999999999999860e-01 5.299999999999999156e-03 -4.539999999999999591e-02 1.510000000000000057e-02 2.714410000000000000e-03 4.692250000000001108e-03 7.779239999999999766e-03 7.840000000000000831e-04 8.648999999999997998e-05 9.409000000000000208e-05 2.500000000000004651e-07 8.761600000000000681e-04 1.800963999999999690e-02 2.808999999999999025e-05 2.061159999999999815e-03 2.280100000000000074e-04 1.498031250000000000e+06 1.595585625000000000e+06
1.000000000000000000e+00 -5.650000000000000161e-02 5.650000000000000161e-02 1.030000000000000013e-02 2.189999999999999933e-02 2.920000000000000026e-02 6.499999999999999702e-03 -4.400000000000001132e-03 -1.200000000000000372e-02 9.850000000000000422e-02 -6.100000000000001255e-03 3.849999999999999950e-02 -3.200000000000000587e-03 3.192250000000000209e-03 3.192250000000000209e-03 1.060900000000000092e-04 4.796099999999999973e-04 8.526399999999999951e-04 4.224999999999999698e-05 1.936000000000001115e-05 1.440000000000000850e-04 9.702250000000000804e-03 3.721000000000001813e-05 1.482250000000000061e-03 1.024000000000000360e-05 1.496492625000000000e+06 1.592534625000000000e+06
1.000000000000000000e+00 -6.169999999999999790e-02 8.959999999999999909e-02 5.260000000000000092e-02 2.680000000000000090e-02 3.540000000000000091e-02 8.600000000000000006e-03 -5.199999999999996292e-03 3.309999999999999748e-02 4.230000000000000426e-02 4.900000000000001577e-03 6.200000000000000649e-03 2.100000000000000304e-03 3.806889999999999840e-03 8.028159999999999463e-03 2.766760000000000053e-03 7.182400000000000893e-04 1.253160000000000125e-03 7.396000000000000339e-05 2.703999999999996134e-05 1.095609999999999900e-03 1.789290000000000455e-03 2.401000000000001576e-05 3.844000000000001143e-05 4.410000000000000976e-06 1.490561500000000000e+06 1.581279500000000000e+06
1.000000000000000000e+00 -6.719999999999999585e-02 1.446999999999999953e-01 -2.790000000000000119e-02 1.450000000000000074e-02 5.000000000000000104e-03 -4.700000000000000185e-03 -5.499999999999997946e-03 5.509999999999999620e-02 -8.050000000000000211e-02 -1.230000000000000017e-02 -3.039999999999999994e-02 -1.329999999999999932e-02 4.515839999999999264e-03 2.093808999999999948e-02 7.784100000000001044e-04 2.102500000000000148e-04 2.500000000000000120e-05 2.209000000000000026e-05 3.024999999999997634e-05 3.036009999999999577e-03 6.480250000000000767e-03 1.512899999999999965e-04 9.241600000000000422e-04 1.768899999999999954e-04 1.488510125000000000e+06 1.577719500000000000e+06
1.000000000000000000e+00 -5.809999999999999887e-02 6.829999999999999960e-02 6.610000000000000597e-02 1.159999999999999920e-02 -1.209999999999999964e-02 3.899999999999999821e-03 9.099999999999996980e-03 -7.639999999999999569e-02 9.400000000000000022e-02 -2.900000000000001535e-03 -1.710000000000000062e-02 8.600000000000000006e-03 3.375609999999999809e-03 4.664889999999999662e-03 4.369210000000000975e-03 1.345599999999999856e-04 1.464100000000000026e-04 1.520999999999999837e-05 8.280999999999994745e-05 5.836959999999999545e-03 8.836000000000000104e-03 8.410000000000009265e-06 2.924100000000000006e-04 7.396000000000000339e-05 1.491519625000000000e+06 1.585980375000000000e+06
1.000000000000000000e+00 -6.529999999999999694e-02 7.560000000000000053e-02 7.470000000000000251e-02 -1.100000000000000066e-03 -1.909999999999999892e-02 8.899999999999999925e-03 -7.199999999999998068e-03 7.300000000000000933e-03 8.599999999999996536e-03 -1.269999999999999948e-02 -6.999999999999999278e-03 5.000000000000000104e-03 4.264089999999999894e-03 5.715360000000000058e-03 5.580090000000000224e-03 1.210000000000000062e-06 3.648099999999999715e-04 7.920999999999999547e-05 5.183999999999997123e-05 5.329000000000001325e-05 7.395999999999993562e-05 1.612899999999999957e-04 4.899999999999999164e-05 2.500000000000000120e-05 1.499300250000000000e+06 1.596471375000000000e+06
1.000000000000000000e+00 -8.719999999999999973e-02 7.910000000000000364e-02 -2.029999999999999860e-02 -2.719999999999999848e-02 -1.669999999999999957e-02 4.199999999999999740e-03 -2.190000000000000280e-02 3.500000000000003109e-03 -9.500000000000000111e-02 -2.609999999999999820e-02 2.399999999999999356e-03 -4.700000000000000185e-03 7.603839999999999731e-03 6.256810000000000670e-03 4.120899999999999390e-04 7.398399999999999638e-04 2.788900000000000081e-04 1.763999999999999713e-05 4.796100000000001057e-04 1.225000000000002163e-05 9.025000000000000036e-03 6.812099999999999102e-04 5.759999999999996521e-06 2.209000000000000026e-05 1.500221375000000000e+06 1.597541125000000000e+06
1.000000000000000000e+00 -9.589999999999999913e-02 8.569999999999999840e-02 6.890000000000000291e-02 -3.780000000000000027e-02 -2.649999999999999925e-02 4.809999999999999692e-02 -8.699999999999999400e-03 6.599999999999994760e-03 8.920000000000000151e-02 -1.060000000000000178e-02 -9.799999999999999684e-03 4.389999999999999458e-02 9.196809999999999707e-03 7.344489999999999526e-03 4.747209999999999971e-03 1.428840000000000015e-03 7.022499999999999663e-04 2.313609999999999799e-03 7.568999999999998852e-05 4.355999999999992853e-05 7.956640000000000934e-03 1.123600000000000423e-04 9.603999999999999527e-05 1.927209999999999514e-03 1.493527250000000000e+06 1.585102500000000000e+06
1.000000000000000000e+00 -9.719999999999999474e-02 6.210000000000000242e-02 1.147999999999999993e-01 -4.130000000000000338e-02 1.039999999999999952e-02 4.669999999999999846e-02 -1.299999999999995604e-03 -2.359999999999999598e-02 4.589999999999999636e-02 -3.500000000000003109e-03 3.690000000000000224e-02 -1.399999999999998468e-03 9.447839999999999017e-03 3.856410000000000220e-03 1.317903999999999951e-02 1.705690000000000374e-03 1.081599999999999944e-04 2.180889999999999999e-03 1.689999999999988478e-06 5.569599999999997903e-04 2.106809999999999759e-03 1.225000000000002163e-05 1.361610000000000077e-03 1.959999999999995634e-06 1.496126125000000000e+06 1.597160000000000000e+06
1.000000000000000000e+00 -5.220000000000000334e-02 1.282999999999999974e-01 1.540000000000000049e-02 5.550000000000000072e-02 -1.460000000000000013e-02 6.400000000000000307e-03 4.499999999999999140e-02 6.619999999999999496e-02 -9.940000000000000224e-02 9.679999999999999716e-02 -2.500000000000000139e-02 -4.029999999999999555e-02 2.724840000000000508e-03 1.646088999999999886e-02 2.371600000000000129e-04 3.080250000000000089e-03 2.131599999999999988e-04 4.096000000000000086e-05 2.024999999999999023e-03 4.382439999999999600e-03 9.880360000000001225e-03 9.370240000000000166e-03 6.250000000000001214e-04 1.624089999999999692e-03 1.496023875000000000e+06 1.599474625000000000e+06
1.000000000000000000e+00 -8.340000000000000191e-02 1.320999999999999952e-01 8.599999999999999312e-02 1.299999999999999940e-02 -1.689999999999999836e-02 -1.239999999999999956e-02 -3.119999999999999857e-02 3.799999999999997824e-03 7.059999999999999609e-02 -4.250000000000000305e-02 -2.299999999999998226e-03 -1.880000000000000074e-02 6.955560000000000388e-03 1.745040999999999953e-02 7.395999999999998929e-03 1.689999999999999879e-04 2.856099999999999438e-04 1.537599999999999915e-04 9.734399999999998956e-04 1.443999999999998372e-05 4.984359999999999312e-03 1.806250000000000347e-03 5.289999999999991703e-06 3.534400000000000042e-04 1.493052875000000000e+06 1.594004750000000000e+06
1.000000000000000000e+00 -4.989999999999999991e-02 8.300000000000000433e-02 1.039999999999999952e-02 5.099999999999999672e-02 4.290000000000000063e-02 -8.099999999999999561e-03 3.350000000000000200e-02 -4.909999999999999087e-02 -7.560000000000000053e-02 3.799999999999999906e-02 5.979999999999999899e-02 4.300000000000000003e-03 2.490009999999999966e-03 6.889000000000001026e-03 1.081599999999999944e-04 2.600999999999999580e-03 1.840410000000000006e-03 6.560999999999999016e-05 1.122250000000000201e-03 2.410809999999998909e-03 5.715360000000000058e-03 1.443999999999999971e-03 3.576039999999999948e-03 1.849000000000000085e-05 1.491445625000000000e+06 1.587428375000000000e+06
1.000000000000000000e+00 -1.909999999999999892e-02 1.391000000000000014e-01 -4.540000000000000285e-02 9.520000000000000684e-02 3.549999999999999684e-02 -3.299999999999999982e-03 3.080000000000000099e-02 5.609999999999999709e-02 -5.580000000000000238e-02 4.420000000000001011e-02 -7.400000000000003797e-03 4.799999999999999580e-03 3.648099999999999715e-04 1.934881000000000101e-02 2.061160000000000249e-03 9.063040000000001373e-03 1.260249999999999869e-03 1.088999999999999907e-05 9.486400000000000518e-04 3.147209999999999678e-03 3.113640000000000418e-03 1.953640000000000845e-03 5.476000000000005847e-05 2.303999999999999625e-05 1.490512000000000000e+06 1.584512125000000000e+06
1.000000000000000000e+00 -2.980000000000000010e-02 7.000000000000000666e-02 5.790000000000000008e-02 8.300000000000000433e-02 -3.299999999999999982e-03 -4.039999999999999841e-02 -1.070000000000000118e-02 -6.909999999999999476e-02 1.033000000000000029e-01 -1.220000000000000251e-02 -3.879999999999999422e-02 -3.710000000000000103e-02 8.880399999999999882e-04 4.900000000000000709e-03 3.352410000000000112e-03 6.889000000000001026e-03 1.088999999999999907e-05 1.632159999999999904e-03 1.144900000000000236e-04 4.774809999999999124e-03 1.067089000000000058e-02 1.488400000000000725e-04 1.505439999999999600e-03 1.376410000000000003e-03 1.492683000000000000e+06 1.580600875000000000e+06
1.000000000000000000e+00 -7.670000000000000429e-02 4.189999999999999974e-02 1.450000000000000074e-02 -2.999999999999999737e-04 -6.199999999999999782e-03 -6.619999999999999496e-02 -4.690000000000000419e-02 -2.810000000000000692e-02 -4.340000000000000108e-02 -8.329999999999999905e-02 -2.899999999999999800e-03 -2.579999999999999655e-02 5.882890000000000862e-03 1.755609999999999896e-03 2.102500000000000148e-04 8.999999999999998534e-08 3.843999999999999788e-05 4.382439999999999600e-03 2.199610000000000280e-03 7.896100000000003767e-04 1.883560000000000052e-03 6.938889999999999642e-03 8.409999999999999101e-06 6.656399999999997865e-04 1.501179875000000000e+06 1.599874500000000000e+06
1.000000000000000000e+00 -8.329999999999999905e-02 6.809999999999999387e-02 2.380000000000000171e-02 -1.490000000000000005e-02 -1.890000000000000013e-02 -6.909999999999999476e-02 -6.599999999999994760e-03 2.619999999999999413e-02 9.300000000000000974e-03 -1.460000000000000013e-02 -1.269999999999999948e-02 -2.899999999999999800e-03 6.938889999999999642e-03 4.637609999999999476e-03 5.664400000000000858e-04 2.220099999999999971e-04 3.572100000000000036e-04 4.774809999999999124e-03 4.355999999999992853e-05 6.864399999999996416e-04 8.649000000000002064e-05 2.131599999999999988e-04 1.612899999999999957e-04 8.409999999999999101e-06 1.499977000000000000e+06 1.595810000000000000e+06
1.000000000000000000e+00 -1.150000000000000050e-01 8.409999999999999420e-02 4.519999999999999712e-02 -3.150000000000000022e-02 -1.750000000000000167e-02 -5.439999999999999697e-02 -3.170000000000000595e-02 1.600000000000000033e-02 2.139999999999999541e-02 -1.660000000000000017e-02 1.399999999999998468e-03 1.469999999999999779e-02 1.322500000000000064e-02 7.072809999999998820e-03 2.043039999999999873e-03 9.922500000000000764e-04 3.062500000000000443e-04 2.959359999999999855e-03 1.004890000000000470e-03 2.559999999999999884e-04 4.579599999999998234e-04 2.755599999999999977e-04 1.959999999999995634e-06 2.160899999999999453e-04 1.499084375000000000e+06 1.596963125000000000e+06
1.000000000000000000e+00 -1.015000000000000069e-01 9.260000000000000175e-02 -2.469999999999999973e-02 -2.380000000000000171e-02 2.330000000000000127e-02 -6.140000000000000319e-02 1.349999999999999811e-02 8.500000000000007550e-03 -6.989999999999998992e-02 7.699999999999998512e-03 4.080000000000000293e-02 -7.000000000000006217e-03 1.030225000000000064e-02 8.574760000000000715e-03 6.100899999999999813e-04 5.664400000000000858e-04 5.428900000000000826e-04 3.769960000000000585e-03 1.822499999999999576e-04 7.225000000000012987e-05 4.886009999999998792e-03 5.928999999999997613e-05 1.664640000000000217e-03 4.900000000000008651e-05 1.496046375000000000e+06 1.589979000000000000e+06
1.000000000000000000e+00 -1.655999999999999972e-01 7.209999999999999742e-02 -1.378999999999999948e-01 -1.087000000000000050e-01 1.668000000000000038e-01 -1.293999999999999873e-01 -6.409999999999999032e-02 -2.050000000000000433e-02 -1.131999999999999951e-01 -8.490000000000000324e-02 1.435000000000000164e-01 -6.799999999999997713e-02 2.742336000000000079e-02 5.198409999999999663e-03 1.901640999999999748e-02 1.181569000000000022e-02 2.782224000000000155e-02 1.674435999999999633e-02 4.108809999999998332e-03 4.202500000000001590e-04 1.281423999999999931e-02 7.208010000000000805e-03 2.059225000000000638e-02 4.623999999999997036e-03 1.491116500000000000e+06 1.580980000000000000e+06
1.000000000000000000e+00 -2.205000000000000016e-01 1.319999999999999993e-02 -3.719999999999999696e-02 -1.635999999999999954e-01 1.489000000000000046e-01 -1.042000000000000010e-01 -5.490000000000000435e-02 -5.889999999999999403e-02 1.006999999999999978e-01 -5.489999999999999047e-02 -1.789999999999999925e-02 2.519999999999998630e-02 4.862025000000000374e-02 1.742399999999999852e-04 1.383839999999999680e-03 2.676495999999999736e-02 2.217121000000000022e-02 1.085764000000000000e-02 3.014010000000000560e-03 3.469209999999999482e-03 1.014049000000000027e-02 3.014009999999998825e-03 3.204099999999999765e-04 6.350399999999992596e-04 1.490468750000000000e+06 1.581412875000000000e+06
1.000000000000000000e+00 -1.351999999999999869e-01 -2.050000000000000086e-02 1.010999999999999954e-01 -2.570000000000000062e-02 3.950000000000000039e-02 -5.149999999999999717e-02 8.530000000000001470e-02 -3.370000000000000079e-02 1.382999999999999785e-01 1.378999999999999948e-01 -1.093999999999999972e-01 5.270000000000000379e-02 1.827903999999999640e-02 4.202500000000000506e-04 1.022120999999999967e-02 6.604900000000000137e-04 1.560250000000000005e-03 2.652249999999999660e-03 7.276090000000002417e-03 1.135689999999999963e-03 1.912688999999999362e-02 1.901640999999999748e-02 1.196835999999999907e-02 2.777290000000000401e-03 1.485478250000000000e+06 1.570118375000000000e+06
1.000000000000000000e+00 -4.150000000000000216e-02 8.989999999999999380e-02 8.440000000000000280e-02 7.770000000000000517e-02 3.830000000000000071e-02 -4.580000000000000043e-02 9.369999999999997775e-02 1.103999999999999981e-01 -1.669999999999999263e-02 1.034000000000000058e-01 -1.199999999999999678e-03 5.699999999999996736e-03 1.722250000000000256e-03 8.082009999999998848e-03 7.123360000000000455e-03 6.037290000000000711e-03 1.466889999999999991e-03 2.097640000000000008e-03 8.779689999999996247e-03 1.218815999999999997e-02 2.788899999999997371e-04 1.069156000000000099e-02 1.439999999999999130e-06 3.248999999999996167e-05 1.496599750000000000e+06 1.589457500000000000e+06
1.000000000000000000e+00 -3.559999999999999970e-02 6.069999999999999701e-02 -3.690000000000000224e-02 9.199999999999999845e-03 -1.609999999999999973e-02 -3.520000000000000212e-02 5.900000000000002465e-03 -2.919999999999999679e-02 -1.213000000000000050e-01 -6.850000000000000533e-02 -5.440000000000000391e-02 1.059999999999999831e-02 1.267359999999999928e-03 3.684489999999999467e-03 1.361610000000000077e-03 8.464000000000000278e-05 2.592100000000000068e-04 1.239040000000000063e-03 3.481000000000002755e-05 8.526399999999997783e-04 1.471369000000000149e-02 4.692250000000001108e-03 2.959360000000000289e-03 1.123599999999999610e-04 1.500226875000000000e+06 1.598408125000000000e+06
1.000000000000000000e+00 -7.860000000000000320e-02 1.000000000000000021e-02 -1.121999999999999942e-01 -5.170000000000000290e-02 1.011999999999999983e-01 -4.560000000000000164e-02 -4.300000000000000350e-02 -5.069999999999999507e-02 -7.529999999999999194e-02 -6.090000000000000274e-02 1.173000000000000015e-01 -1.039999999999999952e-02 6.177960000000000569e-03 1.000000000000000048e-04 1.258883999999999871e-02 2.672890000000000248e-03 1.024143999999999922e-02 2.079360000000000149e-03 1.849000000000000383e-03 2.570489999999999494e-03 5.670089999999999159e-03 3.708810000000000318e-03 1.375929000000000041e-02 1.081599999999999944e-04 1.496121125000000000e+06 1.592836875000000000e+06
1.000000000000000000e+00 -6.529999999999999694e-02 1.396999999999999909e-01 3.119999999999999857e-02 -4.050000000000000128e-02 6.940000000000000335e-02 -3.320000000000000034e-02 1.330000000000000626e-02 1.296999999999999820e-01 1.433999999999999997e-01 1.120000000000000162e-02 -3.179999999999999494e-02 1.240000000000000130e-02 4.264089999999999894e-03 1.951608999999999636e-02 9.734399999999998956e-04 1.640249999999999998e-03 4.816360000000000433e-03 1.102239999999999991e-03 1.768900000000001580e-04 1.682208999999999441e-02 2.056356000000000156e-02 1.254400000000000458e-04 1.011239999999999622e-03 1.537600000000000457e-04 1.492782500000000000e+06 1.588069375000000000e+06
1.000000000000000000e+00 -8.799999999999999489e-02 4.499999999999999833e-02 1.413000000000000089e-01 8.300000000000000086e-03 -6.900000000000000577e-02 -1.679999999999999896e-02 -2.269999999999999796e-02 -9.469999999999999252e-02 1.101000000000000034e-01 4.880000000000000310e-02 -1.384000000000000230e-01 1.640000000000000138e-02 7.743999999999999148e-03 2.024999999999999890e-03 1.996569000000000121e-02 6.888999999999999941e-05 4.761000000000000475e-03 2.822399999999999540e-04 5.152899999999999538e-04 8.968089999999998008e-03 1.212201000000000077e-02 2.381440000000000293e-03 1.915456000000000797e-02 2.689600000000000541e-04 1.490179375000000000e+06 1.586017250000000000e+06
1.000000000000000000e+00 -1.074999999999999983e-01 2.740000000000000074e-02 4.340000000000000108e-02 -3.239999999999999825e-02 -7.080000000000000182e-02 3.099999999999999891e-03 -1.950000000000000344e-02 -1.759999999999999759e-02 -9.790000000000001479e-02 -4.070000000000000007e-02 -1.799999999999996048e-03 1.989999999999999755e-02 1.155624999999999881e-02 7.507600000000000558e-04 1.883560000000000052e-03 1.049759999999999843e-03 5.012640000000000498e-03 9.609999999999999470e-06 3.802500000000001083e-04 3.097599999999999074e-04 9.584410000000003274e-03 1.656490000000000046e-03 3.239999999999985920e-06 3.960099999999999168e-04 1.490644500000000000e+06 1.587981875000000000e+06
1.000000000000000000e+00 -1.005000000000000060e-01 1.665000000000000091e-01 3.860000000000000236e-02 -1.880000000000000074e-02 -6.119999999999999746e-02 2.170000000000000054e-02 6.999999999999992339e-03 1.391000000000000014e-01 -4.799999999999998712e-03 1.359999999999999751e-02 9.600000000000004363e-03 1.860000000000000195e-02 1.010025000000000159e-02 2.772225000000000383e-02 1.489960000000000243e-03 3.534400000000000042e-04 3.745439999999999620e-03 4.708900000000000130e-04 4.899999999999989000e-05 1.934881000000000101e-02 2.303999999999998608e-05 1.849599999999999367e-04 9.216000000000007986e-05 3.459600000000000826e-04 1.495532375000000000e+06 1.594503500000000000e+06
1.000000000000000000e+00 -1.496000000000000107e-01 1.210999999999999993e-01 4.819999999999999979e-02 -8.630000000000000171e-02 -5.129999999999999838e-02 6.590000000000000024e-02 -4.910000000000000475e-02 -4.540000000000000979e-02 9.599999999999997424e-03 -6.750000000000000444e-02 9.899999999999999079e-03 4.420000000000000318e-02 2.238016000000000311e-02 1.466520999999999970e-02 2.323239999999999854e-03 7.447689999999999866e-03 2.631689999999999897e-03 4.342809999999999900e-03 2.410810000000000643e-03 2.061160000000000683e-03 9.215999999999994433e-05 4.556250000000000404e-03 9.800999999999997811e-05 1.953640000000000411e-03 1.497755000000000000e+06 1.596752500000000000e+06
1.000000000000000000e+00 -9.969999999999999696e-02 8.740000000000000546e-02 2.139999999999999888e-02 -3.030000000000000054e-02 -4.630000000000000088e-02 5.720000000000000084e-02 4.990000000000001379e-02 -3.369999999999999385e-02 -2.680000000000000090e-02 5.600000000000000117e-02 4.999999999999997502e-03 -8.699999999999999400e-03 9.940089999999998649e-03 7.638760000000001382e-03 4.579599999999999318e-04 9.180899999999999868e-04 2.143690000000000179e-03 3.271840000000000252e-03 2.490010000000001267e-03 1.135689999999999530e-03 7.182400000000000893e-04 3.136000000000000332e-03 2.499999999999997409e-05 7.568999999999998852e-05 1.497672375000000000e+06 1.593739000000000000e+06
1.000000000000000000e+00 5.890000000000000097e-02 1.346999999999999864e-01 6.300000000000000044e-02 1.464999999999999913e-01 -8.630000000000000171e-02 3.860000000000000236e-02 1.585999999999999910e-01 4.729999999999998095e-02 4.159999999999999809e-02 1.767999999999999849e-01 -4.000000000000000083e-02 -1.859999999999999848e-02 3.469209999999999915e-03 1.814408999999999467e-02 3.969000000000000306e-03 2.146224999999999869e-02 7.447689999999999866e-03 1.489960000000000243e-03 2.515395999999999604e-02 2.237289999999998117e-03 1.730559999999999911e-03 3.125823999999999270e-02 1.600000000000000077e-03 3.459599999999999199e-04 1.494596125000000000e+06 1.592875125000000000e+06
1.000000000000000000e+00 -2.920000000000000026e-02 5.399999999999999939e-02 6.969999999999999807e-02 2.929999999999999966e-02 -4.630000000000000088e-02 4.850000000000000144e-02 -8.809999999999999776e-02 -8.069999999999999396e-02 6.699999999999997624e-03 -1.171999999999999986e-01 4.000000000000000083e-02 9.899999999999999079e-03 8.526399999999999951e-04 2.915999999999999755e-03 4.858089999999999804e-03 8.584899999999999476e-04 2.143690000000000179e-03 2.352250000000000174e-03 7.761609999999999517e-03 6.512489999999999252e-03 4.488999999999996492e-05 1.373583999999999916e-02 1.600000000000000077e-03 9.800999999999997811e-05 1.496933250000000000e+06 1.592112375000000000e+06
1.000000000000000000e+00 -7.420000000000000207e-02 1.625000000000000056e-01 5.750000000000000250e-02 4.590000000000000330e-02 3.429999999999999716e-02 2.040000000000000147e-02 -4.499999999999999833e-02 1.085000000000000131e-01 -1.219999999999999557e-02 1.660000000000000364e-02 8.060000000000000497e-02 -2.809999999999999998e-02 5.505640000000000013e-03 2.640625000000000264e-02 3.306250000000000161e-03 2.106810000000000193e-03 1.176489999999999871e-03 4.161600000000000542e-04 2.024999999999999890e-03 1.177225000000000320e-02 1.488399999999998828e-04 2.755600000000001061e-04 6.496360000000000502e-03 7.896100000000000514e-04 1.496031125000000000e+06 1.593382250000000000e+06
1.000000000000000000e+00 -6.669999999999999540e-02 1.847000000000000031e-01 3.679999999999999938e-02 5.430000000000000104e-02 -7.499999999999999722e-03 4.150000000000000216e-02 7.500000000000006661e-03 2.219999999999999751e-02 -2.070000000000000312e-02 8.399999999999997746e-03 -4.179999999999999688e-02 2.110000000000000070e-02 4.448889999999999616e-03 3.411408999999999969e-02 1.354240000000000044e-03 2.948490000000000225e-03 5.624999999999999846e-05 1.722250000000000256e-03 5.625000000000010010e-05 4.928399999999999231e-04 4.284900000000001208e-04 7.055999999999996140e-05 1.747239999999999731e-03 4.452100000000000285e-04 1.493923250000000000e+06 1.586797375000000000e+06
1.000000000000000000e+00 -8.359999999999999376e-02 3.699999999999999817e-02 1.267000000000000071e-01 2.929999999999999966e-02 -3.570000000000000256e-02 1.980000000000000163e-02 -1.689999999999999836e-02 -1.476999999999999980e-01 8.990000000000000768e-02 -2.500000000000000139e-02 -2.820000000000000284e-02 -2.170000000000000054e-02 6.988959999999998923e-03 1.368999999999999774e-03 1.605289000000000021e-02 8.584899999999999476e-04 1.274490000000000085e-03 3.920400000000000751e-04 2.856099999999999438e-04 2.181529000000000107e-02 8.082010000000000582e-03 6.250000000000001214e-04 7.952400000000001178e-04 4.708900000000000130e-04 1.489780375000000000e+06 1.581075375000000000e+06
1.000000000000000000e+00 -6.489999999999999936e-02 1.198000000000000037e-01 7.560000000000000053e-02 2.380000000000000171e-02 -2.220000000000000098e-02 -2.009999999999999981e-02 1.869999999999999440e-02 8.280000000000001248e-02 -5.110000000000000653e-02 -5.499999999999997946e-03 1.350000000000000158e-02 -3.990000000000000491e-02 4.212009999999999539e-03 1.435204000000000167e-02 5.715360000000000058e-03 5.664400000000000858e-04 4.928400000000000315e-04 4.040100000000000028e-04 3.496899999999997775e-04 6.855840000000001933e-03 2.611210000000000527e-03 3.024999999999997634e-05 1.822500000000000389e-04 1.592010000000000473e-03 1.492416375000000000e+06 1.589661500000000000e+06
1.000000000000000000e+00 -1.020999999999999963e-01 1.333999999999999908e-01 -4.739999999999999769e-02 -1.290000000000000001e-02 4.400000000000000265e-03 3.799999999999999906e-02 -3.719999999999999696e-02 1.359999999999998710e-02 -1.229999999999999982e-01 -3.670000000000000345e-02 2.660000000000000211e-02 5.809999999999999887e-02 1.042440999999999854e-02 1.779555999999999846e-02 2.246759999999999990e-03 1.664100000000000008e-04 1.936000000000000099e-05 1.443999999999999971e-03 1.383839999999999680e-03 1.849599999999996386e-04 1.512900000000000009e-02 1.346890000000000327e-03 7.075600000000000899e-04 3.375609999999999809e-03 1.496396375000000000e+06 1.594056250000000000e+06
