1.000000000000000000e+00 -0.000000000000000000e+00 -0.000000000000000000e+00 -0.000000000000000000e+00 -0.000000000000000000e+00 -0.000000000000000000e+00 0.000000000000000000e+00 0.000000000000000000e+00 0.000000000000000000e+00 0.000000000000000000e+00 0.000000000000000000e+00 0.000000000000000000e+00 0.000000000000000000e+00 0.000000000000000000e+00 0.000000000000000000e+00 0.000000000000000000e+00 0.000000000000000000e+00 0.000000000000000000e+00 0.000000000000000000e+00 0.000000000000000000e+00 0.000000000000000000e+00 0.000000000000000000e+00 0.000000000000000000e+00 0.000000000000000000e+00 0.000000000000000000e+00 1.668709625000000000e+06 1.725778500000000000e+06
1.000000000000000000e+00 -2.120000000000000009e-02 -7.320000000000000118e-02 9.310000000000000220e-02 -2.400000000000000050e-02 -1.067000000000000032e-01 -2.170000000000000054e-02 -2.120000000000000009e-02 -7.320000000000000118e-02 9.310000000000000220e-02 -2.400000000000000050e-02 -1.067000000000000032e-01 -2.170000000000000054e-02 4.494400000000000066e-04 5.358240000000000225e-03 8.667610000000000939e-03 5.760000000000000146e-04 1.138488999999999994e-02 4.708900000000000130e-04 4.494400000000000066e-04 5.358240000000000225e-03 8.667610000000000939e-03 5.760000000000000146e-04 1.138488999999999994e-02 4.708900000000000130e-04 1.665930125000000000e+06 1.724674500000000000e+06
1.000000000000000000e+00 5.999999999999999474e-04 -1.629999999999999852e-02 -7.019999999999999851e-02 2.460000000000000034e-02 -2.900000000000000147e-02 -7.300000000000000065e-03 2.179999999999999993e-02 5.690000000000000613e-02 -1.633000000000000007e-01 4.860000000000000431e-02 7.770000000000000517e-02 1.439999999999999961e-02 3.599999999999999414e-07 2.656899999999999583e-04 4.928039999999999851e-03 6.051599999999999861e-04 8.410000000000000591e-04 5.328999999999999970e-05 4.752399999999999832e-04 3.237610000000000574e-03 2.666688999999999865e-02 2.361960000000000622e-03 6.037290000000000711e-03 2.073599999999999933e-04 1.668959125000000000e+06 1.728660375000000000e+06
1.000000000000000000e+00 1.600000000000000077e-03 6.599999999999999964e-03 -4.000000000000000192e-04 2.570000000000000062e-02 -1.486999999999999988e-01 -4.150000000000000216e-02 1.000000000000000021e-03 2.289999999999999675e-02 6.980000000000000093e-02 1.100000000000000283e-03 -1.197000000000000008e-01 -3.420000000000000123e-02 2.560000000000000054e-06 4.355999999999999629e-05 1.600000000000000033e-07 6.604900000000000137e-04 2.211168999999999982e-02 1.722250000000000256e-03 9.999999999999999547e-07 5.244099999999998936e-04 4.872040000000000225e-03 1.210000000000000697e-06 1.432808999999999992e-02 1.169640000000000003e-03 1.670456625000000000e+06 1.727820000000000000e+06
1.000000000000000000e+00 1.699999999999999905e-03 -8.419999999999999707e-02 8.740000000000000546e-02 -9.799999999999999684e-03 -1.423999999999999988e-01 5.499999999999999681e-03 9.999999999999982861e-05 -9.079999999999999183e-02 8.780000000000000304e-02 -3.550000000000000377e-02 6.300000000000000044e-03 4.700000000000000011e-02 2.889999999999999859e-06 7.089639999999999484e-03 7.638760000000001382e-03 9.603999999999999527e-05 2.027775999999999884e-02 3.024999999999999667e-05 9.999999999999965468e-09 8.244639999999999261e-03 7.708840000000000657e-03 1.260250000000000302e-03 3.969000000000000116e-05 2.209000000000000026e-03 1.667073875000000000e+06 1.725686875000000000e+06
1.000000000000000000e+00 2.740000000000000074e-02 6.040000000000000230e-02 -4.569999999999999757e-02 9.299999999999999239e-03 -6.099999999999999867e-02 -1.899999999999999996e-03 2.570000000000000062e-02 1.446000000000000063e-01 -1.330999999999999961e-01 1.909999999999999892e-02 8.140000000000000013e-02 -7.399999999999999460e-03 7.507600000000000558e-04 3.648160000000000118e-03 2.088489999999999704e-03 8.648999999999997998e-05 3.720999999999999915e-03 3.610000000000000165e-06 6.604900000000000137e-04 2.090916000000000302e-02 1.771560999999999969e-02 3.648099999999999715e-04 6.625960000000000183e-03 5.475999999999999070e-05 1.668518250000000000e+06 1.728677000000000000e+06
1.000000000000000000e+00 6.890000000000000291e-02 6.450000000000000178e-02 -4.039999999999999841e-02 6.980000000000000093e-02 -6.469999999999999363e-02 5.249999999999999806e-02 4.150000000000000216e-02 4.099999999999999478e-03 5.299999999999999156e-03 6.049999999999999822e-02 -3.699999999999994960e-03 5.439999999999999697e-02 4.747209999999999971e-03 4.160249999999999886e-03 1.632159999999999904e-03 4.872040000000000225e-03 4.186089999999999083e-03 2.756249999999999586e-03 1.722250000000000256e-03 1.680999999999999660e-05 2.808999999999999025e-05 3.660249999999999875e-03 1.368999999999996210e-05 2.959359999999999855e-03 1.668518375000000000e+06 1.727071875000000000e+06
1.000000000000000000e+00 2.500000000000000052e-03 -1.039999999999999952e-02 6.140000000000000319e-02 -3.799999999999999992e-03 -8.440000000000000280e-02 3.590000000000000135e-02 -6.640000000000000069e-02 -7.489999999999999436e-02 1.018000000000000016e-01 -7.359999999999999876e-02 -1.970000000000000917e-02 -1.659999999999999670e-02 6.250000000000000300e-06 1.081599999999999944e-04 3.769960000000000585e-03 1.444000000000000066e-05 7.123360000000000455e-03 1.288810000000000042e-03 4.408959999999999962e-03 5.610009999999999476e-03 1.036324000000000099e-02 5.416960000000000178e-03 3.880900000000003856e-04 2.755599999999998892e-04 1.667313875000000000e+06 1.727318500000000000e+06
1.000000000000000000e+00 6.519999999999999407e-02 2.700000000000000143e-03 6.819999999999999674e-02 6.800000000000000488e-02 -9.859999999999999321e-02 3.119999999999999857e-02 6.269999999999999185e-02 1.310000000000000053e-02 6.799999999999993550e-03 7.180000000000000271e-02 -1.419999999999999041e-02 -4.700000000000002787e-03 4.251039999999999333e-03 7.290000000000000507e-06 4.651239999999999195e-03 4.624000000000000506e-03 9.721959999999998242e-03 9.734399999999998956e-04 3.931289999999998744e-03 1.716100000000000188e-04 4.623999999999990965e-05 5.155240000000000170e-03 2.016399999999997296e-04 2.209000000000002737e-05 1.667467375000000000e+06 1.729331625000000000e+06
1.000000000000000000e+00 4.209999999999999853e-02 -3.339999999999999913e-02 4.859999999999999737e-02 6.079999999999999988e-02 -1.053000000000000047e-01 7.520000000000000295e-02 -2.309999999999999554e-02 -3.610000000000000014e-02 -1.959999999999999937e-02 -7.200000000000005007e-03 -6.700000000000011502e-03 4.400000000000000439e-02 1.772409999999999871e-03 1.115560000000000032e-03 2.361959999999999754e-03 3.696640000000000169e-03 1.108809000000000183e-02 5.655040000000000067e-03 5.336099999999997920e-04 1.303209999999999959e-03 3.841599999999999811e-04 5.184000000000007287e-05 4.489000000000015466e-05 1.936000000000000438e-03 1.671322250000000000e+06 1.730568125000000000e+06
1.000000000000000000e+00 5.249999999999999806e-02 9.890000000000000180e-02 4.080000000000000293e-02 7.599999999999999811e-02 -6.750000000000000444e-02 8.179999999999999771e-02 1.039999999999999952e-02 1.323000000000000009e-01 -7.799999999999994438e-03 1.519999999999999823e-02 3.780000000000000027e-02 6.599999999999994760e-03 2.756249999999999586e-03 9.781210000000000251e-03 1.664640000000000217e-03 5.775999999999999884e-03 4.556250000000000404e-03 6.691239999999999341e-03 1.081599999999999944e-04 1.750329000000000121e-02 6.083999999999991216e-05 2.310399999999999563e-04 1.428840000000000015e-03 4.355999999999992853e-05 1.668932875000000000e+06 1.732504500000000000e+06
1.000000000000000000e+00 6.320000000000000617e-02 1.267999999999999960e-01 6.829999999999999960e-02 8.569999999999999840e-02 -7.549999999999999767e-02 8.319999999999999618e-02 1.070000000000000812e-02 2.789999999999999425e-02 2.749999999999999667e-02 9.700000000000000289e-03 -7.999999999999993228e-03 1.399999999999998468e-03 3.994240000000000464e-03 1.607824000000000059e-02 4.664889999999999662e-03 7.344489999999999526e-03 5.700249999999999588e-03 6.922239999999999643e-03 1.144900000000001727e-04 7.784099999999996708e-04 7.562499999999998694e-04 9.409000000000000208e-05 6.399999999999988868e-05 1.959999999999995634e-06 1.669397875000000000e+06 1.734374000000000000e+06
1.000000000000000000e+00 5.550000000000000072e-02 -7.670000000000000429e-02 3.219999999999999946e-02 6.800000000000000488e-02 -8.630000000000000171e-02 7.389999999999999347e-02 -7.700000000000005451e-03 -2.035000000000000142e-01 -3.610000000000000014e-02 -1.769999999999999352e-02 -1.080000000000000404e-02 -9.300000000000002709e-03 3.080250000000000089e-03 5.882890000000000862e-03 1.036840000000000027e-03 4.624000000000000506e-03 7.447689999999999866e-03 5.461209999999999329e-03 5.929000000000008455e-05 4.141225000000000461e-02 1.303209999999999959e-03 3.132899999999997601e-04 1.166400000000000894e-04 8.649000000000004774e-05 1.668977125000000000e+06 1.733382750000000000e+06
1.000000000000000000e+00 3.740000000000000269e-02 -2.230000000000000038e-02 1.329999999999999932e-02 5.040000000000000036e-02 -6.729999999999999871e-02 8.630000000000000171e-02 -1.809999999999999803e-02 5.440000000000000391e-02 -1.890000000000000013e-02 -1.760000000000000453e-02 1.900000000000000300e-02 1.240000000000000824e-02 1.398760000000000194e-03 4.972900000000000584e-04 1.768899999999999954e-04 2.540160000000000074e-03 4.529290000000000052e-03 7.447689999999999866e-03 3.276099999999999347e-04 2.959360000000000289e-03 3.572100000000000036e-04 3.097600000000001784e-04 3.610000000000001012e-04 1.537600000000002084e-04 1.669399625000000000e+06 1.733167375000000000e+06
1.000000000000000000e+00 3.300000000000000155e-02 7.380000000000000449e-02 2.400000000000000050e-02 5.659999999999999754e-02 -9.690000000000000002e-02 7.679999999999999327e-02 -4.400000000000001132e-03 9.610000000000000486e-02 1.070000000000000118e-02 6.199999999999997180e-03 -2.960000000000000131e-02 -9.500000000000008438e-03 1.089000000000000124e-03 5.446440000000000309e-03 5.760000000000000146e-04 3.203559999999999828e-03 9.389609999999999623e-03 5.898239999999999039e-03 1.936000000000001115e-05 9.235210000000000641e-03 1.144900000000000236e-04 3.843999999999996400e-05 8.761600000000000681e-04 9.025000000000016082e-05 1.670326375000000000e+06 1.737210625000000000e+06
1.000000000000000000e+00 4.619999999999999801e-02 1.009999999999999960e-02 6.389999999999999847e-02 5.999999999999999778e-02 -1.431000000000000050e-01 1.223999999999999949e-01 1.319999999999999646e-02 -6.370000000000000662e-02 3.989999999999999797e-02 3.400000000000000244e-03 -4.620000000000000495e-02 4.560000000000000164e-02 2.134439999999999601e-03 1.020099999999999940e-04 4.083209999999999444e-03 3.599999999999999901e-03 2.047761000000000026e-02 1.498175999999999848e-02 1.742399999999999039e-04 4.057690000000000949e-03 1.592009999999999823e-03 1.156000000000000113e-05 2.134440000000000469e-03 2.079360000000000149e-03 1.669649375000000000e+06 1.734228750000000000e+06
1.000000000000000000e+00 4.540000000000000285e-02 3.710000000000000103e-02 1.111999999999999933e-01 5.790000000000000008e-02 -1.680000000000000104e-01 1.315999999999999948e-01 -7.999999999999951594e-04 2.700000000000000316e-02 4.729999999999999483e-02 -2.099999999999997702e-03 -2.490000000000000546e-02 9.199999999999999845e-03 2.061160000000000249e-03 1.376410000000000003e-03 1.236543999999999838e-02 3.352410000000000112e-03 2.822400000000000256e-02 1.731856000000000020e-02 6.399999999999922842e-07 7.290000000000001557e-04 2.237289999999999418e-03 4.409999999999989964e-06 6.200100000000002658e-04 8.464000000000000278e-05 1.668724375000000000e+06 1.733184625000000000e+06
1.000000000000000000e+00 4.089999999999999886e-02 -1.280000000000000061e-02 1.169000000000000039e-01 3.250000000000000111e-02 -1.361999999999999877e-01 2.179000000000000103e-01 -4.500000000000003997e-03 -4.989999999999999991e-02 5.700000000000010614e-03 -2.539999999999999897e-02 3.180000000000002269e-02 8.630000000000001559e-02 1.672809999999999835e-03 1.638400000000000034e-04 1.366561000000000164e-02 1.056250000000000114e-03 1.855043999999999790e-02 4.748041000000000761e-02 2.025000000000003482e-05 2.490009999999999966e-03 3.249000000000012430e-05 6.451599999999999826e-04 1.011240000000001357e-03 7.447690000000002468e-03 1.668299375000000000e+06 1.730855750000000000e+06
1.000000000000000000e+00 4.580000000000000043e-02 1.080000000000000057e-02 4.399999999999999745e-02 2.809999999999999998e-02 -1.554000000000000103e-01 2.151000000000000134e-01 4.900000000000001577e-03 2.360000000000000292e-02 -7.290000000000000646e-02 -4.400000000000001132e-03 -1.920000000000002260e-02 -2.799999999999996936e-03 2.097640000000000008e-03 1.166400000000000081e-04 1.935999999999999787e-03 7.896100000000000514e-04 2.414916000000000285e-02 4.626801000000000524e-02 2.401000000000001576e-05 5.569600000000001156e-04 5.314410000000001182e-03 1.936000000000001115e-05 3.686400000000008615e-04 7.839999999999982535e-06 1.668758750000000000e+06 1.728800250000000000e+06
1.000000000000000000e+00 6.869999999999999718e-02 1.000000000000000056e-01 1.116999999999999937e-01 1.020000000000000073e-02 -1.625999999999999945e-01 1.746000000000000052e-01 2.289999999999999675e-02 8.920000000000000151e-02 6.769999999999999629e-02 -1.789999999999999925e-02 -7.199999999999984190e-03 -4.050000000000000822e-02 4.719689999999999476e-03 1.000000000000000194e-02 1.247688999999999916e-02 1.040400000000000135e-04 2.643875999999999865e-02 3.048516000000000073e-02 5.244099999999998936e-04 7.956640000000000934e-03 4.583289999999999413e-03 3.204099999999999765e-04 5.183999999999977472e-05 1.640250000000000648e-03 1.666138500000000000e+06 1.725049250000000000e+06
1.000000000000000000e+00 6.410000000000000420e-02 -8.200000000000000691e-03 1.491000000000000103e-01 1.799999999999999951e-03 -2.554000000000000159e-01 1.928999999999999881e-01 -4.599999999999992983e-03 -1.082000000000000045e-01 3.740000000000001656e-02 -8.400000000000001216e-03 -9.280000000000002136e-02 1.829999999999998295e-02 4.108810000000000934e-03 6.724000000000001352e-05 2.223081000000000362e-02 3.239999999999999896e-06 6.522916000000000825e-02 3.721040999999999238e-02 2.115999999999993632e-05 1.170724000000000070e-02 1.398760000000001278e-03 7.056000000000001561e-05 8.611840000000004283e-03 3.348899999999993635e-04 1.666263000000000000e+06 1.724910750000000000e+06
1.000000000000000000e+00 8.429999999999999993e-02 5.300000000000000024e-03 1.039000000000000062e-01 -4.199999999999999740e-03 -2.403000000000000136e-01 1.509000000000000064e-01 2.019999999999999574e-02 1.350000000000000158e-02 -4.520000000000000406e-02 -6.000000000000000125e-03 1.510000000000000231e-02 -4.199999999999998179e-02 7.106490000000000029e-03 2.809000000000000041e-05 1.079521000000000126e-02 1.763999999999999713e-05 5.774409000000000486e-02 2.277081000000000244e-02 4.080399999999998134e-04 1.822500000000000389e-04 2.043040000000000307e-03 3.600000000000000091e-05 2.280100000000000616e-04 1.763999999999998425e-03 1.666664625000000000e+06 1.723977375000000000e+06
1.000000000000000000e+00 1.005000000000000060e-01 1.208000000000000046e-01 2.239999999999999977e-02 7.190000000000000557e-02 -8.300000000000000433e-02 1.481999999999999984e-01 1.620000000000000606e-02 1.155000000000000054e-01 -8.150000000000000300e-02 7.610000000000000098e-02 1.572999999999999954e-01 -2.700000000000007949e-03 1.010025000000000159e-02 1.459264000000000047e-02 5.017599999999999665e-04 5.169610000000000698e-03 6.889000000000001026e-03 2.196323999999999846e-02 2.624400000000001775e-04 1.334025000000000141e-02 6.642250000000000584e-03 5.791209999999999761e-03 2.474328999999999765e-02 7.290000000000042858e-06 1.665431000000000000e+06 1.724723625000000000e+06
1.000000000000000000e+00 9.139999999999999514e-02 -6.999999999999999929e-04 -3.053000000000000158e-01 5.269999999999999685e-02 1.318999999999999895e-01 1.034999999999999948e-01 -9.100000000000010858e-03 -1.215000000000000108e-01 -3.276999999999999913e-01 -1.920000000000000873e-02 2.148999999999999799e-01 -4.470000000000000362e-02 8.353959999999998817e-03 4.899999999999999672e-07 9.320809000000000732e-02 2.777289999999999533e-03 1.739760999999999738e-02 1.071224999999999955e-02 8.281000000000019140e-05 1.476225000000000280e-02 1.073872899999999964e-01 3.686400000000003194e-04 4.618200999999998863e-02 1.998090000000000109e-03 1.664762250000000000e+06 1.723062250000000000e+06
1.000000000000000000e+00 1.250999999999999890e-01 6.429999999999999605e-02 -6.899999999999999883e-03 8.770000000000000018e-02 5.580000000000000238e-02 9.020000000000000240e-02 3.369999999999999385e-02 6.500000000000000222e-02 2.983999999999999986e-01 3.500000000000000333e-02 -7.609999999999998710e-02 -1.329999999999999238e-02 1.565000999999999892e-02 4.134489999999999346e-03 4.760999999999999987e-05 7.691289999999999932e-03 3.113640000000000418e-03 8.136040000000000633e-03 1.135689999999999530e-03 4.225000000000000457e-03 8.904255999999999283e-02 1.225000000000000177e-03 5.791209999999998026e-03 1.768899999999998056e-04 1.667195625000000000e+06 1.727345750000000000e+06
1.000000000000000000e+00 1.194000000000000061e-01 1.824000000000000066e-01 3.240999999999999992e-01 9.080000000000000571e-02 -6.339999999999999802e-02 7.920000000000000651e-02 -5.699999999999982858e-03 1.181000000000000105e-01 3.310000000000000164e-01 3.100000000000005529e-03 -1.192000000000000004e-01 -1.099999999999999589e-02 1.425636000000000091e-02 3.326976000000000239e-02 1.050408099999999983e-01 8.244640000000000996e-03 4.019560000000000147e-03 6.272640000000001201e-03 3.248999999999980582e-05 1.394761000000000264e-02 1.095610000000000056e-01 9.610000000000035045e-06 1.420863999999999981e-02 1.209999999999999054e-04 1.665555625000000000e+06 1.726747125000000000e+06
1.000000000000000000e+00 3.860000000000000236e-02 -1.600000000000000033e-02 -3.039999999999999994e-02 1.005999999999999950e-01 -6.360000000000000375e-02 6.230000000000000121e-02 -8.080000000000001070e-02 -1.984000000000000208e-01 -3.544999999999999818e-01 9.799999999999989275e-03 -2.000000000000057288e-04 -1.690000000000000530e-02 1.489960000000000243e-03 2.559999999999999884e-04 9.241600000000000422e-04 1.012035999999999838e-02 4.044960000000000222e-03 3.881290000000000347e-03 6.528640000000001352e-03 3.936256000000001171e-02 1.256702499999999834e-01 9.603999999999979198e-05 4.000000000000229047e-08 2.856100000000001606e-04 1.664327750000000000e+06 1.724738250000000000e+06
1.000000000000000000e+00 3.590000000000000135e-02 -1.710000000000000062e-02 4.300000000000000003e-03 1.176999999999999991e-01 -1.045999999999999985e-01 4.529999999999999999e-02 -2.700000000000001010e-03 -1.100000000000000283e-03 3.470000000000000168e-02 1.710000000000000409e-02 -4.099999999999999478e-02 -1.700000000000000122e-02 1.288810000000000042e-03 2.924100000000000006e-04 1.849000000000000085e-05 1.385328999999999901e-02 1.094116000000000012e-02 2.052089999999999904e-03 7.290000000000005589e-06 1.210000000000000697e-06 1.204090000000000108e-03 2.924100000000001633e-04 1.680999999999999552e-03 2.890000000000000316e-04 1.668785250000000000e+06 1.728751250000000000e+06
1.000000000000000000e+00 4.900000000000000189e-02 5.709999999999999798e-02 1.330000000000000071e-01 8.079999999999999682e-02 -1.145000000000000046e-01 5.419999999999999818e-02 1.310000000000000053e-02 7.420000000000000207e-02 1.287000000000000088e-01 -3.690000000000000224e-02 -9.900000000000006017e-03 8.899999999999998190e-03 2.401000000000000356e-03 3.260409999999999611e-03 1.768900000000000333e-02 6.528639999999999617e-03 1.311025000000000038e-02 2.937639999999999609e-03 1.716100000000000188e-04 5.505640000000000013e-03 1.656369000000000244e-02 1.361610000000000077e-03 9.801000000000011363e-05 7.920999999999996837e-05 1.668108500000000000e+06 1.730247125000000000e+06
1.000000000000000000e+00 3.749999999999999861e-02 6.370000000000000662e-02 4.009999999999999676e-02 9.700000000000000289e-02 -1.297999999999999987e-01 7.620000000000000384e-02 -1.150000000000000328e-02 6.600000000000008638e-03 -9.290000000000001035e-02 1.620000000000000606e-02 -1.529999999999999416e-02 2.200000000000000566e-02 1.406249999999999948e-03 4.057690000000000949e-03 1.608009999999999778e-03 9.409000000000000696e-03 1.684803999999999816e-02 5.806440000000000386e-03 1.322500000000000704e-04 4.356000000000011149e-05 8.630410000000001552e-03 2.624400000000001775e-04 2.340899999999998136e-04 4.840000000000002720e-04 1.668664250000000000e+06 1.730932125000000000e+06
1.000000000000000000e+00 6.310000000000000331e-02 1.299999999999999940e-02 7.100000000000000408e-03 1.053999999999999937e-01 -1.176999999999999991e-01 4.540000000000000285e-02 2.560000000000000470e-02 -5.070000000000000895e-02 -3.299999999999999462e-02 8.399999999999990807e-03 1.209999999999999964e-02 -3.080000000000000099e-02 3.981610000000000010e-03 1.689999999999999879e-04 5.041000000000000694e-05 1.110915999999999813e-02 1.385328999999999901e-02 2.061160000000000249e-03 6.553600000000002306e-04 2.570490000000000795e-03 1.088999999999999690e-03 7.055999999999983943e-05 1.464100000000000026e-04 9.486400000000000518e-04 1.668540750000000000e+06 1.728218750000000000e+06
1.000000000000000000e+00 4.080000000000000293e-02 2.899999999999999800e-03 9.740000000000000047e-02 1.112999999999999962e-01 -1.127999999999999975e-01 7.180000000000000271e-02 -2.230000000000000038e-02 -1.009999999999999960e-02 9.030000000000000526e-02 5.900000000000002465e-03 4.900000000000001577e-03 2.639999999999999986e-02 1.664640000000000217e-03 8.409999999999999101e-06 9.486760000000000331e-03 1.238768999999999981e-02 1.272384000000000015e-02 5.155240000000000170e-03 4.972900000000000584e-04 1.020099999999999940e-04 8.154090000000000990e-03 3.481000000000002755e-05 2.401000000000001576e-05 6.969599999999999407e-04 1.666510000000000000e+06 1.724870125000000000e+06
1.000000000000000000e+00 3.500000000000000333e-02 -7.040000000000000424e-02 3.719999999999999696e-02 5.070000000000000201e-02 -1.874000000000000110e-01 6.329999999999999516e-02 -5.799999999999999600e-03 -7.330000000000000404e-02 -6.020000000000000351e-02 -6.059999999999999415e-02 -7.460000000000001352e-02 -8.500000000000007550e-03 1.225000000000000177e-03 4.956160000000000253e-03 1.383839999999999680e-03 2.570490000000000361e-03 3.511876000000000581e-02 4.006889999999999064e-03 3.363999999999999640e-05 5.372890000000000825e-03 3.624040000000000247e-03 3.672359999999999080e-03 5.565160000000002154e-03 7.225000000000012987e-05 1.666551875000000000e+06 1.721861750000000000e+06
1.000000000000000000e+00 2.819999999999999937e-02 -4.349999999999999700e-02 6.560000000000000553e-02 4.299999999999999656e-02 -1.832999999999999907e-01 7.330000000000000404e-02 -6.800000000000003958e-03 2.690000000000000724e-02 2.840000000000000857e-02 -7.700000000000005451e-03 4.100000000000020295e-03 1.000000000000000888e-02 7.952400000000000094e-04 1.892249999999999835e-03 4.303360000000000865e-03 1.848999999999999732e-03 3.359888999999999931e-02 5.372890000000000825e-03 4.624000000000005195e-05 7.236100000000003987e-04 8.065600000000004363e-04 5.929000000000008455e-05 1.681000000000016601e-05 1.000000000000001810e-04 1.666963125000000000e+06 1.718146875000000000e+06
1.000000000000000000e+00 4.979999999999999705e-02 8.179999999999999771e-02 1.234999999999999987e-01 6.189999999999999669e-02 -1.829999999999999960e-01 8.980000000000000482e-02 2.159999999999999767e-02 1.252999999999999947e-01 5.789999999999999314e-02 1.890000000000000013e-02 2.999999999999947153e-04 1.650000000000000078e-02 2.480039999999999762e-03 6.691239999999999341e-03 1.525225000000000018e-02 3.831609999999999617e-03 3.348899999999999794e-02 8.064040000000001485e-03 4.665599999999999240e-04 1.570008999999999988e-02 3.352409999999999245e-03 3.572100000000000036e-04 8.999999999999683544e-08 2.722500000000000310e-04 1.665013500000000000e+06 1.719730000000000000e+06
1.000000000000000000e+00 6.239999999999999714e-02 3.370000000000000079e-02 9.550000000000000155e-02 4.950000000000000233e-02 -9.089999999999999469e-02 1.257000000000000062e-01 1.260000000000000009e-02 -4.809999999999999692e-02 -2.799999999999999711e-02 -1.239999999999999436e-02 9.210000000000000131e-02 3.590000000000000135e-02 3.893759999999999583e-03 1.135689999999999963e-03 9.120249999999999885e-03 2.450250000000000171e-03 8.262809999999998906e-03 1.580049000000000037e-02 1.587600000000000046e-04 2.313609999999999799e-03 7.839999999999998663e-04 1.537599999999998560e-04 8.482410000000000991e-03 1.288810000000000042e-03 1.666248625000000000e+06 1.718730000000000000e+06
1.000000000000000000e+00 7.430000000000000493e-02 1.106000000000000039e-01 -2.799999999999999972e-03 8.669999999999999929e-02 -1.469000000000000028e-01 1.550999999999999879e-01 1.190000000000000779e-02 7.689999999999999614e-02 -9.829999999999999849e-02 3.719999999999999696e-02 -5.600000000000000810e-02 2.939999999999998170e-02 5.520490000000001160e-03 1.223236000000000115e-02 7.839999999999999476e-06 7.516890000000000030e-03 2.157961000000000254e-02 2.405600999999999573e-02 1.416100000000001841e-04 5.913609999999999700e-03 9.662890000000000368e-03 1.383839999999999680e-03 3.136000000000000766e-03 8.643599999999989139e-04 1.667045625000000000e+06 1.723655000000000000e+06
1.000000000000000000e+00 7.330000000000000404e-02 3.320000000000000034e-02 -2.740000000000000074e-02 1.042000000000000010e-01 -1.988000000000000045e-01 1.335999999999999965e-01 -1.000000000000000888e-03 -7.739999999999999658e-02 -2.460000000000000034e-02 1.750000000000000167e-02 -5.190000000000000169e-02 -2.149999999999999134e-02 5.372890000000000825e-03 1.102239999999999991e-03 7.507600000000000558e-04 1.085764000000000000e-02 3.952144000000000490e-02 1.784896000000000052e-02 1.000000000000001861e-06 5.990759999999999488e-03 6.051599999999999861e-04 3.062500000000000443e-04 2.693610000000000362e-03 4.622499999999996078e-04 1.667548250000000000e+06 1.725428375000000000e+06
1.000000000000000000e+00 9.660000000000000531e-02 -7.480000000000000537e-02 -5.670000000000000040e-02 1.039000000000000062e-01 -2.970000000000000070e-02 1.005999999999999950e-01 2.330000000000000127e-02 -1.080000000000000127e-01 -2.929999999999999966e-02 -2.999999999999947153e-04 1.691000000000000003e-01 -3.300000000000000155e-02 9.331560000000000896e-03 5.595040000000000777e-03 3.214890000000000195e-03 1.079521000000000126e-02 8.820900000000000876e-04 1.012035999999999838e-02 5.428900000000000826e-04 1.166400000000000249e-02 8.584899999999999476e-04 8.999999999999683544e-08 2.859481000000000175e-02 1.089000000000000124e-03 1.666324875000000000e+06 1.725518125000000000e+06
1.000000000000000000e+00 8.400000000000000522e-02 7.929999999999999549e-02 9.589999999999999913e-02 4.619999999999999801e-02 -7.059999999999999609e-02 1.325000000000000067e-01 -1.260000000000000009e-02 1.541000000000000147e-01 1.526000000000000134e-01 -5.770000000000000823e-02 -4.089999999999999192e-02 3.190000000000001168e-02 7.056000000000000640e-03 6.288489999999999011e-03 9.196809999999999707e-03 2.134439999999999601e-03 4.984359999999999312e-03 1.755625000000000241e-02 1.587600000000000046e-04 2.374681000000000361e-02 2.328676000000000357e-02 3.329290000000000808e-03 1.672809999999999402e-03 1.017610000000000823e-03 1.666340125000000000e+06 1.728233375000000000e+06
1.000000000000000000e+00 1.074999999999999983e-01 4.059999999999999720e-02 7.470000000000000251e-02 5.149999999999999717e-02 -1.087999999999999939e-01 8.219999999999999529e-02 2.349999999999999312e-02 -3.869999999999999829e-02 -2.119999999999999662e-02 5.299999999999999156e-03 -3.819999999999999785e-02 -5.030000000000001137e-02 1.155624999999999881e-02 1.648359999999999756e-03 5.580090000000000224e-03 2.652249999999999660e-03 1.183743999999999942e-02 6.756839999999999201e-03 5.522499999999996812e-04 1.497689999999999872e-03 4.494399999999998440e-04 2.808999999999999025e-05 1.459239999999999886e-03 2.530090000000001331e-03 1.667174625000000000e+06 1.728608500000000000e+06
1.000000000000000000e+00 5.750000000000000250e-02 -5.779999999999999721e-02 -1.034000000000000058e-01 2.390000000000000110e-02 -7.069999999999999896e-02 1.280999999999999917e-01 -4.999999999999999584e-02 -9.839999999999998748e-02 -1.781000000000000083e-01 -2.759999999999999606e-02 3.809999999999999498e-02 4.589999999999999636e-02 3.306250000000000161e-03 3.340839999999999869e-03 1.069156000000000099e-02 5.712100000000000554e-04 4.998489999999999531e-03 1.640960999999999809e-02 2.499999999999999618e-03 9.682559999999998043e-03 3.171961000000000225e-02 7.617599999999997810e-04 1.451609999999999663e-03 2.106809999999999759e-03 1.666312125000000000e+06 1.730876000000000000e+06
1.000000000000000000e+00 7.499999999999999722e-03 -3.000000000000000062e-03 1.368999999999999939e-01 1.720000000000000001e-02 -2.516999999999999793e-01 1.517000000000000015e-01 -5.000000000000000278e-02 5.479999999999999455e-02 2.403000000000000136e-01 -6.700000000000001094e-03 -1.809999999999999942e-01 2.360000000000000986e-02 5.624999999999999846e-05 9.000000000000000228e-06 1.874160999999999883e-02 2.958400000000000135e-04 6.335288999999999504e-02 2.301289000000000112e-02 2.500000000000000486e-03 3.003039999999999356e-03 5.774409000000000486e-02 4.489000000000001236e-05 3.276099999999999846e-02 5.569600000000004408e-04 1.665781625000000000e+06 1.728925625000000000e+06
1.000000000000000000e+00 3.409999999999999837e-02 -4.799999999999999580e-03 1.116999999999999937e-01 1.909999999999999892e-02 -2.406000000000000083e-01 1.761000000000000065e-01 2.659999999999999865e-02 -1.799999999999999517e-03 -2.520000000000000018e-02 1.899999999999998912e-03 1.109999999999997100e-02 2.440000000000000502e-02 1.162809999999999799e-03 2.303999999999999625e-05 1.247688999999999916e-02 3.648099999999999715e-04 5.788836000000000676e-02 3.101121000000000086e-02 7.075599999999999815e-04 3.239999999999998202e-06 6.350400000000000185e-04 3.609999999999995930e-06 1.232099999999993574e-04 5.953600000000002900e-04 1.665132250000000000e+06 1.727770125000000000e+06
1.000000000000000000e+00 9.690000000000000002e-02 8.680000000000000215e-02 -1.083999999999999964e-01 3.420000000000000123e-02 -2.700000000000000143e-03 9.370000000000000551e-02 6.279999999999999472e-02 9.160000000000000087e-02 -2.200999999999999901e-01 1.510000000000000231e-02 2.379000000000000004e-01 -8.240000000000000102e-02 9.389609999999999623e-03 7.534240000000000208e-03 1.175055999999999844e-02 1.169640000000000003e-03 7.290000000000000507e-06 8.779690000000001451e-03 3.943839999999999672e-03 8.390560000000000032e-03 4.844400999999999569e-02 2.280100000000000616e-04 5.659640999999999977e-02 6.789760000000000587e-03 1.666386375000000000e+06 1.733902250000000000e+06
1.000000000000000000e+00 1.089999999999999997e-01 1.401999999999999913e-01 1.472999999999999865e-01 4.549999999999999878e-02 -1.044999999999999957e-01 1.018000000000000016e-01 1.209999999999999964e-02 5.339999999999998914e-02 2.556999999999999829e-01 1.129999999999999755e-02 -1.018000000000000016e-01 8.099999999999996092e-03 1.188099999999999920e-02 1.965603999999999615e-02 2.169728999999999755e-02 2.070250000000000042e-03 1.092024999999999940e-02 1.036324000000000099e-02 1.464100000000000026e-04 2.851559999999998644e-03 6.538248999999998756e-02 1.276899999999999379e-04 1.036324000000000099e-02 6.560999999999993595e-05 1.667553875000000000e+06 1.730224000000000000e+06
1.000000000000000000e+00 7.119999999999999940e-02 -5.439999999999999697e-02 1.549999999999999989e-01 2.409999999999999989e-02 -2.459000000000000075e-01 1.228000000000000064e-01 -3.780000000000000027e-02 -1.945999999999999952e-01 7.700000000000012390e-03 -2.139999999999999888e-02 -1.414000000000000257e-01 2.100000000000000477e-02 5.069439999999999710e-03 2.959359999999999855e-03 2.402500000000000122e-02 5.808099999999999635e-04 6.046681000000000278e-02 1.507984000000000234e-02 1.428840000000000015e-03 3.786915999999999893e-02 5.929000000000019297e-05 4.579599999999999318e-04 1.999396000000000853e-02 4.410000000000002026e-04 1.664782000000000000e+06 1.728681875000000000e+06
1.000000000000000000e+00 3.490000000000000047e-02 2.199999999999999872e-02 -1.140000000000000041e-02 4.410000000000000031e-02 -2.579000000000000181e-01 1.159000000000000030e-01 -3.629999999999999893e-02 7.639999999999999569e-02 -1.663999999999999924e-01 2.000000000000000042e-02 -1.200000000000001066e-02 -6.900000000000003353e-03 1.218010000000000056e-03 4.839999999999999468e-04 1.299600000000000093e-04 1.944809999999999942e-03 6.651241000000000791e-02 1.343280999999999989e-02 1.317689999999999834e-03 5.836959999999999545e-03 2.768895999999999857e-02 4.000000000000000192e-04 1.440000000000002476e-04 4.761000000000004730e-05 1.666614500000000000e+06 1.732687000000000000e+06
1.000000000000000000e+00 1.371999999999999886e-01 1.035999999999999976e-01 -4.399999999999999745e-02 6.850000000000000533e-02 -3.590000000000000135e-02 1.267000000000000071e-01 1.022999999999999882e-01 8.160000000000000586e-02 -3.259999999999999704e-02 2.440000000000000502e-02 2.220000000000000306e-01 1.080000000000000404e-02 1.882383999999999794e-02 1.073295999999999972e-02 1.935999999999999787e-03 4.692250000000001108e-03 1.288810000000000042e-03 1.605289000000000021e-02 1.046528999999999689e-02 6.658560000000000867e-03 1.062759999999999833e-03 5.953600000000002900e-04 4.928400000000001530e-02 1.166400000000000894e-04 1.663207500000000000e+06 1.725784875000000000e+06
1.000000000000000000e+00 6.489999999999999936e-02 1.359999999999999924e-02 2.879999999999999921e-02 6.510000000000000508e-02 -6.850000000000000533e-02 1.615999999999999936e-01 -7.229999999999998928e-02 -8.999999999999999667e-02 7.280000000000000360e-02 -3.400000000000000244e-03 -3.260000000000000397e-02 3.489999999999998659e-02 4.212009999999999539e-03 1.849599999999999910e-04 8.294399999999999733e-04 4.238010000000000388e-03 4.692250000000001108e-03 2.611455999999999847e-02 5.227289999999998153e-03 8.099999999999999561e-03 5.299840000000000106e-03 1.156000000000000113e-05 1.062760000000000267e-03 1.218009999999998972e-03 1.666490375000000000e+06 1.732428125000000000e+06
1.000000000000000000e+00 5.729999999999999677e-02 -5.489999999999999741e-02 5.149999999999999717e-02 7.270000000000000073e-02 -5.929999999999999855e-02 1.593999999999999861e-01 -7.600000000000002587e-03 -6.849999999999999145e-02 2.269999999999999796e-02 7.599999999999995648e-03 9.200000000000006783e-03 -2.200000000000007505e-03 3.283289999999999473e-03 3.014009999999999693e-03 2.652249999999999660e-03 5.285289999999999780e-03 3.516489999999999720e-03 2.540835999999999442e-02 5.776000000000003652e-05 4.692249999999998505e-03 5.152899999999999538e-04 5.775999999999993488e-05 8.464000000000012475e-05 4.840000000000033281e-06 1.666637375000000000e+06 1.730181750000000000e+06
1.000000000000000000e+00 1.050999999999999990e-01 7.770000000000000517e-02 2.819999999999999937e-02 9.199999999999999845e-02 -9.499999999999999764e-03 1.159000000000000030e-01 4.780000000000000221e-02 1.325999999999999956e-01 -2.329999999999999780e-02 1.929999999999999771e-02 4.979999999999999705e-02 -4.349999999999998312e-02 1.104601000000000020e-02 6.037290000000000711e-03 7.952400000000000094e-04 8.463999999999999302e-03 9.024999999999999819e-05 1.343280999999999989e-02 2.284840000000000221e-03 1.758275999999999936e-02 5.428899999999998657e-04 3.724899999999998980e-04 2.480039999999999762e-03 1.892249999999998534e-03 1.667974500000000000e+06 1.727173500000000000e+06
1.000000000000000000e+00 9.489999999999999825e-02 1.959999999999999937e-02 1.922000000000000097e-01 7.900000000000000078e-02 -1.368999999999999939e-01 1.176999999999999991e-01 -1.020000000000000073e-02 -5.810000000000000581e-02 1.640000000000000069e-01 -1.299999999999999767e-02 -1.273999999999999855e-01 1.799999999999996048e-03 9.006010000000000057e-03 3.841599999999999811e-04 3.694084000000000256e-02 6.241000000000000020e-03 1.874160999999999883e-02 1.385328999999999901e-02 1.040400000000000135e-04 3.375610000000000676e-03 2.689600000000000324e-02 1.689999999999999337e-04 1.623075999999999686e-02 3.239999999999985920e-06 1.665558750000000000e+06 1.726779250000000000e+06
1.000000000000000000e+00 2.620000000000000107e-02 -1.859999999999999987e-01 1.130000000000000032e-01 4.889999999999999902e-02 -2.462000000000000022e-01 1.696999999999999897e-01 -6.869999999999999718e-02 -2.056000000000000050e-01 -7.920000000000000651e-02 -3.010000000000000175e-02 -1.093000000000000083e-01 5.199999999999999067e-02 6.864400000000000753e-04 3.459600000000000175e-02 1.276900000000000084e-02 2.391209999999999950e-03 6.061443999999999860e-02 2.879808999999999494e-02 4.719689999999999476e-03 4.227136000000000088e-02 6.272640000000001201e-03 9.060100000000000618e-04 1.194649000000000232e-02 2.703999999999998939e-03 1.665799250000000000e+06 1.723933750000000000e+06
1.000000000000000000e+00 9.229999999999999316e-02 -1.629999999999999852e-02 2.419999999999999929e-02 5.489999999999999741e-02 -1.988999999999999935e-01 1.948999999999999899e-01 6.609999999999999210e-02 1.696999999999999897e-01 -8.880000000000000393e-02 5.999999999999998390e-03 4.730000000000000870e-02 2.520000000000000018e-02 8.519289999999998808e-03 2.656899999999999583e-04 5.856400000000000104e-04 3.014009999999999693e-03 3.956120999999999943e-02 3.798600999999999367e-02 4.369209999999999240e-03 2.879808999999999494e-02 7.885440000000000504e-03 3.599999999999998058e-05 2.237290000000000719e-03 6.350400000000000185e-04 1.664517625000000000e+06 1.722186750000000000e+06
1.000000000000000000e+00 5.619999999999999996e-02 9.610000000000000486e-02 9.550000000000000155e-02 5.920000000000000262e-02 -1.751999999999999946e-01 1.043000000000000038e-01 -3.609999999999999321e-02 1.123999999999999999e-01 7.130000000000000226e-02 4.300000000000005207e-03 2.369999999999999885e-02 -9.059999999999998610e-02 3.158440000000000206e-03 9.235210000000000641e-03 9.120249999999999885e-03 3.504640000000000272e-03 3.069503999999999982e-02 1.087849000000000108e-02 1.303209999999999525e-03 1.263376000000000082e-02 5.083690000000000084e-03 1.849000000000004489e-05 5.616899999999999974e-04 8.208359999999997880e-03 1.662649125000000000e+06 1.721966625000000000e+06
1.000000000000000000e+00 7.870000000000000606e-02 1.750000000000000167e-02 1.142999999999999988e-01 4.939999999999999947e-02 -2.721999999999999975e-01 6.829999999999999960e-02 2.250000000000000611e-02 -7.860000000000000320e-02 1.879999999999999727e-02 -9.800000000000003153e-03 -9.700000000000000289e-02 -3.600000000000000422e-02 6.193690000000000827e-03 3.062500000000000443e-04 1.306448999999999978e-02 2.440359999999999925e-03 7.409283999999999315e-02 4.664889999999999662e-03 5.062500000000002979e-04 6.177960000000000569e-03 3.534399999999998957e-04 9.604000000000006304e-05 9.409000000000000696e-03 1.296000000000000277e-03 1.661581250000000000e+06 1.719838500000000000e+06
1.000000000000000000e+00 1.179999999999999973e-02 8.490000000000000324e-02 2.009999999999999981e-02 4.019999999999999962e-02 -2.106999999999999984e-01 8.559999999999999554e-02 -6.690000000000000113e-02 6.740000000000000158e-02 -9.420000000000000595e-02 -9.199999999999999845e-03 6.149999999999999911e-02 1.729999999999999594e-02 1.392400000000000018e-04 7.208010000000000805e-03 4.040100000000000028e-04 1.616040000000000011e-03 4.439449000000000173e-02 7.327359999999998909e-03 4.475610000000000525e-03 4.542759999999999854e-03 8.873640000000000347e-03 8.464000000000000278e-05 3.782250000000000022e-03 2.992899999999998535e-04 1.662164375000000000e+06 1.723103625000000000e+06
1.000000000000000000e+00 6.809999999999999387e-02 1.013000000000000012e-01 1.469000000000000028e-01 2.970000000000000070e-02 -2.718999999999999750e-01 9.370000000000000551e-02 5.629999999999999588e-02 1.639999999999999791e-02 1.267999999999999960e-01 -1.049999999999999892e-02 -6.119999999999997664e-02 8.100000000000009970e-03 4.637609999999999476e-03 1.026169000000000039e-02 2.157961000000000254e-02 8.820900000000000876e-04 7.392960999999999283e-02 8.779690000000001451e-03 3.169689999999999747e-03 2.689599999999999456e-04 1.607824000000000059e-02 1.102499999999999829e-04 3.745439999999997018e-03 6.561000000000016634e-05 1.662383625000000000e+06 1.725231500000000000e+06
1.000000000000000000e+00 3.429999999999999716e-02 -7.100000000000000408e-03 1.236000000000000015e-01 -1.400000000000000029e-02 -3.323999999999999733e-01 1.270000000000000018e-01 -3.379999999999999671e-02 -1.083999999999999964e-01 -2.330000000000000127e-02 -4.370000000000000273e-02 -6.049999999999999822e-02 3.329999999999999627e-02 1.176489999999999871e-03 5.041000000000000694e-05 1.527696000000000089e-02 1.960000000000000208e-04 1.104897599999999785e-01 1.612900000000000097e-02 1.142439999999999775e-03 1.175055999999999844e-02 5.428900000000000826e-04 1.909690000000000346e-03 3.660249999999999875e-03 1.108889999999999746e-03 1.661783375000000000e+06 1.725134250000000000e+06
1.000000000000000000e+00 8.069999999999999396e-02 6.990000000000000380e-02 2.769999999999999893e-02 5.779999999999999721e-02 -1.371999999999999886e-01 1.592999999999999972e-01 4.639999999999999680e-02 7.699999999999999900e-02 -9.589999999999999913e-02 7.180000000000000271e-02 1.951999999999999846e-01 3.229999999999999538e-02 6.512489999999999252e-03 4.886010000000000526e-03 7.672899999999998992e-04 3.340839999999999869e-03 1.882383999999999794e-02 2.537648999999999808e-02 2.152959999999999770e-03 5.929000000000000242e-03 9.196809999999999707e-03 5.155240000000000170e-03 3.810303999999999081e-02 1.043289999999999669e-03 1.663337875000000000e+06 1.729658500000000000e+06
1.000000000000000000e+00 1.044999999999999957e-01 2.267000000000000126e-01 -4.399999999999999745e-02 1.446000000000000063e-01 -1.260000000000000009e-02 1.577000000000000068e-01 2.380000000000000171e-02 1.567999999999999949e-01 -7.169999999999999984e-02 8.680000000000001603e-02 1.245999999999999885e-01 -1.599999999999990319e-03 1.092024999999999940e-02 5.139289000000000357e-02 1.935999999999999787e-03 2.090916000000000302e-02 1.587600000000000046e-04 2.486929000000000223e-02 5.664400000000000858e-04 2.458623999999999879e-02 5.140890000000000390e-03 7.534240000000002810e-03 1.552515999999999792e-02 2.559999999999969137e-06 1.665305625000000000e+06 1.730358625000000000e+06
1.000000000000000000e+00 1.406999999999999917e-01 1.156999999999999973e-01 -6.199999999999999956e-02 7.649999999999999856e-02 1.202000000000000013e-01 1.125000000000000028e-01 3.619999999999999607e-02 -1.110000000000000153e-01 -1.800000000000000211e-02 -6.810000000000000775e-02 1.328000000000000014e-01 -4.520000000000000406e-02 1.979648999999999645e-02 1.338648999999999915e-02 3.843999999999999761e-03 5.852249999999999813e-03 1.444804000000000054e-02 1.265625000000000083e-02 1.310439999999999739e-03 1.232100000000000382e-02 3.240000000000000692e-04 4.637610000000001211e-03 1.763583999999999985e-02 2.043040000000000307e-03 1.665817625000000000e+06 1.732204125000000000e+06
1.000000000000000000e+00 9.460000000000000353e-02 3.459999999999999881e-02 1.830000000000000029e-02 7.939999999999999836e-02 8.219999999999999529e-02 1.233999999999999958e-01 -4.609999999999998821e-02 -8.110000000000000542e-02 8.029999999999999638e-02 2.899999999999999800e-03 -3.800000000000000600e-02 1.089999999999999303e-02 8.949160000000001142e-03 1.197159999999999848e-03 3.348900000000000141e-04 6.304360000000000172e-03 6.756839999999999201e-03 1.522755999999999936e-02 2.125209999999998906e-03 6.577210000000000868e-03 6.448089999999999204e-03 8.409999999999999101e-06 1.444000000000000405e-03 1.188099999999998467e-04 1.666158875000000000e+06 1.730437750000000000e+06
1.000000000000000000e+00 5.460000000000000270e-02 -1.202000000000000013e-01 8.899999999999999925e-03 5.460000000000000270e-02 -6.840000000000000246e-02 1.459000000000000019e-01 -4.000000000000000083e-02 -1.547999999999999932e-01 -9.400000000000000369e-03 -2.479999999999999566e-02 -1.506000000000000116e-01 2.250000000000000611e-02 2.981160000000000494e-03 1.444804000000000054e-02 7.920999999999999547e-05 2.981160000000000494e-03 4.678560000000000010e-03 2.128680999999999976e-02 1.600000000000000077e-03 2.396303999999999795e-02 8.836000000000000104e-05 6.150399999999997492e-04 2.268036000000000357e-02 5.062500000000002979e-04 1.665159125000000000e+06 1.728696250000000000e+06
1.000000000000000000e+00 6.189999999999999669e-02 -1.438000000000000111e-01 2.249999999999999917e-02 5.530000000000000193e-02 -1.057000000000000023e-01 1.315000000000000058e-01 7.299999999999993994e-03 -2.360000000000000986e-02 1.359999999999999924e-02 6.999999999999992339e-04 -3.729999999999999982e-02 -1.439999999999999614e-02 3.831609999999999617e-03 2.067844000000000279e-02 5.062499999999999726e-04 3.058090000000000287e-03 1.117249000000000020e-02 1.729225000000000206e-02 5.328999999999991160e-05 5.569600000000004408e-04 1.849599999999999910e-04 4.899999999999989084e-07 1.391289999999999888e-03 2.073599999999998849e-04 1.665341750000000000e+06 1.728787625000000000e+06
1.000000000000000000e+00 8.359999999999999376e-02 8.999999999999999320e-03 1.810000000000000150e-02 4.660000000000000253e-02 -8.649999999999999356e-02 9.879999999999999893e-02 2.169999999999999707e-02 1.528000000000000191e-01 -4.399999999999997663e-03 -8.699999999999999400e-03 1.920000000000000873e-02 -3.270000000000000684e-02 6.988959999999998923e-03 8.099999999999999019e-05 3.276100000000000431e-04 2.171560000000000330e-03 7.482249999999999318e-03 9.761439999999999700e-03 4.708899999999998504e-04 2.334784000000000512e-02 1.935999999999998066e-05 7.568999999999998852e-05 3.686400000000003194e-04 1.069290000000000518e-03 1.667657875000000000e+06 1.728049000000000000e+06
1.000000000000000000e+00 5.249999999999999806e-02 3.169999999999999901e-02 5.709999999999999798e-02 4.100000000000000172e-02 -1.335000000000000075e-01 1.416999999999999926e-01 -3.109999999999999570e-02 2.269999999999999796e-02 3.899999999999999301e-02 -5.600000000000000810e-03 -4.700000000000001399e-02 4.289999999999999369e-02 2.756249999999999586e-03 1.004890000000000037e-03 3.260409999999999611e-03 1.681000000000000202e-03 1.782225000000000129e-02 2.007888999999999854e-02 9.672099999999997063e-04 5.152899999999999538e-04 1.520999999999999349e-03 3.136000000000001146e-05 2.209000000000001327e-03 1.840409999999999355e-03 1.664523125000000000e+06 1.724993000000000000e+06
1.000000000000000000e+00 8.340000000000000191e-02 5.449999999999999983e-02 1.247999999999999943e-01 6.690000000000000113e-02 -2.225000000000000033e-01 1.300000000000000044e-01 3.090000000000000385e-02 2.280000000000000082e-02 6.769999999999999629e-02 2.589999999999999941e-02 -8.899999999999999578e-02 -1.169999999999998819e-02 6.955560000000000388e-03 2.970249999999999800e-03 1.557503999999999833e-02 4.475610000000000525e-03 4.950625000000000164e-02 1.690000000000000183e-02 9.548100000000002722e-04 5.198400000000000373e-04 4.583289999999999413e-03 6.708099999999999827e-04 7.920999999999999222e-03 1.368899999999997278e-04 1.666286750000000000e+06 1.724268375000000000e+06
1.000000000000000000e+00 1.230000000000000017e-02 -5.589999999999999830e-02 -7.480000000000000537e-02 -5.070000000000000201e-02 -1.057000000000000023e-01 1.963000000000000023e-01 -7.109999999999999654e-02 -1.103999999999999981e-01 -1.995999999999999996e-01 -1.176000000000000101e-01 1.168000000000000010e-01 6.629999999999999782e-02 1.512899999999999965e-04 3.124810000000000001e-03 5.595040000000000777e-03 2.570490000000000361e-03 1.117249000000000020e-02 3.853369000000000238e-02 5.055209999999999218e-03 1.218815999999999997e-02 3.984015999999999946e-02 1.382976000000000170e-02 1.364223999999999992e-02 4.395689999999999840e-03 1.665448875000000000e+06 1.724332625000000000e+06
1.000000000000000000e+00 3.690000000000000224e-02 9.320000000000000506e-02 1.000000000000000048e-04 -4.089999999999999886e-02 -1.849999999999999978e-01 2.063000000000000111e-01 2.460000000000000381e-02 1.491000000000000103e-01 7.490000000000000824e-02 9.800000000000003153e-03 -7.929999999999999549e-02 1.000000000000000888e-02 1.361610000000000077e-03 8.686240000000001321e-03 1.000000000000000021e-08 1.672809999999999835e-03 3.422499999999999848e-02 4.255969000000000418e-02 6.051600000000002030e-04 2.223081000000000362e-02 5.610010000000001211e-03 9.604000000000006304e-05 6.288489999999999011e-03 1.000000000000001810e-04 1.663388875000000000e+06 1.723411000000000000e+06
1.000000000000000000e+00 6.370000000000000662e-02 -9.779999999999999805e-02 -9.850000000000000422e-02 1.073999999999999955e-01 -5.609999999999999709e-02 9.059999999999999998e-02 2.680000000000000437e-02 -1.910000000000000031e-01 -9.860000000000000708e-02 1.482999999999999874e-01 1.289000000000000146e-01 -1.157000000000000112e-01 4.057690000000000949e-03 9.564839999999999801e-03 9.702250000000000804e-03 1.153475999999999980e-02 3.147209999999999678e-03 8.208359999999999615e-03 7.182400000000001977e-04 3.648099999999999954e-02 9.721960000000001711e-03 2.199288999999999758e-02 1.661521000000000525e-02 1.338649000000000262e-02 1.664473125000000000e+06 1.719260000000000000e+06
1.000000000000000000e+00 8.119999999999999440e-02 -5.299999999999999850e-02 -1.826000000000000123e-01 1.547000000000000042e-01 9.049999999999999711e-02 7.130000000000000226e-02 1.749999999999998779e-02 4.479999999999999954e-02 -8.410000000000000808e-02 4.730000000000000870e-02 1.466000000000000081e-01 -1.929999999999999771e-02 6.593439999999999024e-03 2.808999999999999865e-03 3.334276000000000600e-02 2.393208999999999961e-02 8.190249999999999614e-03 5.083690000000000084e-03 3.062499999999995564e-04 2.007039999999999866e-03 7.072810000000001422e-03 2.237290000000000719e-03 2.149156000000000330e-02 3.724899999999998980e-04 1.665092625000000000e+06 1.724938125000000000e+06
1.000000000000000000e+00 1.021999999999999992e-01 1.521000000000000130e-01 3.170000000000000040e-01 1.234999999999999987e-01 -1.267999999999999960e-01 9.710000000000000575e-02 2.100000000000000477e-02 2.051000000000000045e-01 4.996000000000000441e-01 -3.120000000000000551e-02 -2.172999999999999932e-01 2.580000000000000349e-02 1.044484000000000037e-02 2.313441000000000455e-02 1.004890000000000089e-01 1.525225000000000018e-02 1.607824000000000059e-02 9.428410000000001651e-03 4.410000000000002026e-04 4.206601000000000090e-02 2.496001600000000431e-01 9.734400000000003293e-04 4.721928999999999710e-02 6.656400000000002202e-04 1.664231125000000000e+06 1.721353875000000000e+06
1.000000000000000000e+00 6.959999999999999520e-02 -1.199000000000000066e-01 8.100000000000000255e-02 1.340000000000000045e-02 -1.711000000000000021e-01 1.378000000000000058e-01 -3.260000000000000397e-02 -2.720000000000000195e-01 -2.359999999999999876e-01 -1.101000000000000034e-01 -4.430000000000000604e-02 4.070000000000000007e-02 4.844159999999999265e-03 1.437601000000000157e-02 6.560999999999999992e-03 1.795600000000000223e-04 2.927520999999999943e-02 1.898883999999999989e-02 1.062760000000000267e-03 7.398400000000000809e-02 5.569599999999999551e-02 1.212201000000000077e-02 1.962490000000000328e-03 1.656490000000000046e-03 1.664100125000000000e+06 1.718683375000000000e+06
1.000000000000000000e+00 8.050000000000000211e-02 -7.389999999999999347e-02 1.069999999999999944e-02 2.659999999999999865e-02 -2.710000000000000187e-01 1.469999999999999918e-01 1.090000000000000691e-02 4.600000000000001310e-02 -7.030000000000000138e-02 1.319999999999999819e-02 -9.990000000000001656e-02 9.199999999999985967e-03 6.480250000000000767e-03 5.461209999999999329e-03 1.144899999999999830e-04 7.075599999999999815e-04 7.344100000000000628e-02 2.160899999999999627e-02 1.188100000000001449e-04 2.116000000000001127e-03 4.942090000000000545e-03 1.742399999999999581e-04 9.980010000000002698e-03 8.463999999999974528e-05 1.663053750000000000e+06 1.721607625000000000e+06
1.000000000000000000e+00 1.001999999999999974e-01 7.510000000000000009e-02 1.874000000000000110e-01 2.050000000000000086e-02 -2.288000000000000034e-01 1.585999999999999910e-01 1.969999999999999529e-02 1.489999999999999936e-01 1.767000000000000237e-01 -6.099999999999997785e-03 4.220000000000001528e-02 1.159999999999999920e-02 1.004004000000000008e-02 5.640009999999999989e-03 3.511876000000000581e-02 4.202500000000000506e-04 5.234944000000000403e-02 2.515395999999999604e-02 3.880899999999997893e-04 2.220099999999999851e-02 3.122289000000001008e-02 3.720999999999997069e-05 1.780840000000001198e-03 1.345599999999999856e-04 1.665108250000000000e+06 1.721721000000000000e+06
1.000000000000000000e+00 9.769999999999999518e-02 -3.700000000000000164e-03 -4.970000000000000112e-02 3.030000000000000054e-02 -8.290000000000000147e-02 1.768000000000000127e-01 -2.500000000000002220e-03 -7.879999999999999505e-02 -2.371000000000000052e-01 9.799999999999999684e-03 1.459000000000000019e-01 1.820000000000002172e-02 9.545289999999999678e-03 1.369000000000000106e-05 2.470090000000000306e-03 9.180899999999999868e-04 6.872410000000000671e-03 3.125824000000000658e-02 6.250000000000011311e-06 6.209439999999999231e-03 5.621641000000000138e-02 9.603999999999999527e-05 2.128680999999999976e-02 3.312400000000007656e-04 1.665148250000000000e+06 1.726321625000000000e+06
1.000000000000000000e+00 1.406999999999999917e-01 5.990000000000000185e-02 6.149999999999999911e-02 1.299999999999999940e-02 -1.381000000000000005e-01 1.824999999999999956e-01 4.299999999999999656e-02 6.360000000000000375e-02 1.111999999999999933e-01 -1.730000000000000288e-02 -5.519999999999999907e-02 5.699999999999982858e-03 1.979648999999999645e-02 3.588010000000000418e-03 3.782250000000000022e-03 1.689999999999999879e-04 1.907160999999999926e-02 3.330624999999999558e-02 1.848999999999999732e-03 4.044960000000000222e-03 1.236543999999999838e-02 2.992900000000001245e-04 3.047039999999999992e-03 3.248999999999980582e-05 1.666640000000000000e+06 1.727205500000000000e+06
1.000000000000000000e+00 1.018000000000000016e-01 9.829999999999999849e-02 2.215999999999999914e-01 -4.170000000000000095e-02 -2.298999999999999932e-01 1.884000000000000119e-01 -3.889999999999999014e-02 3.839999999999999664e-02 1.600999999999999923e-01 -5.469999999999999862e-02 -9.179999999999999272e-02 5.900000000000016342e-03 1.036324000000000099e-02 9.662890000000000368e-03 4.910655999999999355e-02 1.738890000000000097e-03 5.285400999999999988e-02 3.549456000000000139e-02 1.513209999999999208e-03 1.474559999999999760e-03 2.563200999999999674e-02 2.992089999999999767e-03 8.427239999999999037e-03 3.481000000000019018e-05 1.664741375000000000e+06 1.728351125000000000e+06
1.000000000000000000e+00 3.930000000000000160e-02 4.109999999999999765e-02 6.999999999999999929e-04 -4.460000000000000075e-02 -1.285999999999999921e-01 1.509000000000000064e-01 -6.250000000000000000e-02 -5.720000000000000084e-02 -2.208999999999999853e-01 -2.899999999999999800e-03 1.013000000000000012e-01 -3.750000000000000555e-02 1.544490000000000142e-03 1.689209999999999800e-03 4.899999999999999672e-07 1.989160000000000234e-03 1.653795999999999738e-02 2.277081000000000244e-02 3.906250000000000000e-03 3.271840000000000252e-03 4.879680999999999602e-02 8.409999999999999101e-06 1.026169000000000039e-02 1.406250000000000382e-03 1.666611125000000000e+06 1.731228125000000000e+06
1.000000000000000000e+00 1.579000000000000126e-01 2.018999999999999961e-01 -1.280999999999999917e-01 1.018000000000000016e-01 -1.379999999999999977e-02 1.408000000000000085e-01 1.186000000000000110e-01 1.607999999999999985e-01 -1.287999999999999978e-01 1.464000000000000024e-01 1.147999999999999854e-01 -1.009999999999999787e-02 2.493241000000000554e-02 4.076360999999999873e-02 1.640960999999999809e-02 1.036324000000000099e-02 1.904399999999999995e-04 1.982464000000000101e-02 1.406596000000000235e-02 2.585664000000000018e-02 1.658944000000000044e-02 2.143296000000000090e-02 1.317903999999999604e-02 1.020099999999999534e-04 1.667338250000000000e+06 1.733401125000000000e+06
1.000000000000000000e+00 1.131000000000000061e-01 2.850000000000000103e-02 -3.020999999999999797e-01 1.000999999999999945e-01 4.099999999999999756e-01 2.380000000000000171e-02 -4.480000000000000648e-02 -1.733999999999999986e-01 -1.739999999999999880e-01 -1.700000000000007061e-03 4.237999999999999545e-01 -1.170000000000000068e-01 1.279161000000000187e-02 8.122500000000000379e-04 9.126440999999999026e-02 1.002000999999999933e-02 1.680999999999999717e-01 5.664400000000000858e-04 2.007040000000000733e-03 3.006756000000000012e-02 3.027599999999999736e-02 2.890000000000023999e-06 1.796064399999999506e-01 1.368900000000000151e-02 1.670209500000000000e+06 1.733471375000000000e+06
1.000000000000000000e+00 8.060000000000000497e-02 -1.610999999999999932e-01 -9.379999999999999449e-02 1.474000000000000032e-01 7.520000000000000295e-02 3.889999999999999708e-02 -3.250000000000000111e-02 -1.895999999999999908e-01 2.082999999999999852e-01 4.730000000000000870e-02 -3.347999999999999865e-01 1.509999999999999537e-02 6.496360000000000502e-03 2.595320999999999739e-02 8.798439999999999386e-03 2.172676000000000121e-02 5.655040000000000067e-03 1.513209999999999859e-03 1.056250000000000114e-03 3.594815999999999984e-02 4.338888999999999246e-02 2.237290000000000719e-03 1.120910399999999890e-01 2.280099999999998718e-04 1.668923125000000000e+06 1.734100500000000000e+06
1.000000000000000000e+00 -1.600000000000000077e-03 -2.235999999999999932e-01 1.890999999999999903e-01 1.661999999999999866e-01 -2.600000000000000089e-01 1.105000000000000010e-01 -8.220000000000000917e-02 -6.250000000000000000e-02 2.828999999999999848e-01 1.879999999999998339e-02 -3.351999999999999980e-01 7.159999999999999698e-02 2.560000000000000054e-06 4.999696000000000001e-02 3.575880999999999504e-02 2.762243999999999464e-02 6.760000000000000731e-02 1.221025000000000062e-02 6.756840000000001803e-03 3.906250000000000000e-03 8.003240999999999827e-02 3.534399999999993536e-04 1.123590399999999934e-01 5.126559999999999624e-03 1.669500750000000000e+06 1.728702375000000000e+06
1.000000000000000000e+00 7.839999999999999747e-02 -3.200000000000000153e-03 4.569999999999999757e-02 5.850000000000000339e-02 -9.100000000000000450e-03 1.116000000000000048e-01 8.000000000000000167e-02 2.203999999999999848e-01 -1.433999999999999997e-01 -1.076999999999999902e-01 2.509000000000000119e-01 1.100000000000003753e-03 6.146559999999999697e-03 1.024000000000000021e-05 2.088489999999999704e-03 3.422250000000000379e-03 8.281000000000000166e-05 1.245456000000000167e-02 6.400000000000000307e-03 4.857615999999999323e-02 2.056356000000000156e-02 1.159928999999999821e-02 6.295081000000000981e-02 1.210000000000008320e-06 1.667785750000000000e+06 1.726627875000000000e+06
1.000000000000000000e+00 5.099999999999999672e-02 1.305999999999999939e-01 8.809999999999999776e-02 4.499999999999999660e-03 -2.131000000000000116e-01 1.728999999999999981e-01 -2.740000000000000074e-02 1.338000000000000023e-01 4.240000000000000019e-02 -5.400000000000000633e-02 -2.040000000000000147e-01 6.129999999999999338e-02 2.600999999999999580e-03 1.705635999999999958e-02 7.761609999999999517e-03 2.024999999999999755e-05 4.541161000000000503e-02 2.989440999999999973e-02 7.507600000000000558e-04 1.790244000000000210e-02 1.797760000000000026e-03 2.916000000000000623e-03 4.161600000000000715e-02 3.757689999999999295e-03 1.668379125000000000e+06 1.722780500000000000e+06
1.000000000000000000e+00 4.880000000000000310e-02 -6.410000000000000420e-02 1.814000000000000057e-01 -9.299999999999999239e-03 -3.375000000000000222e-01 2.069999999999999896e-01 -2.199999999999993627e-03 -1.946999999999999842e-01 9.330000000000000793e-02 -1.379999999999999977e-02 -1.244000000000000106e-01 3.409999999999999143e-02 2.381440000000000293e-03 4.108810000000000934e-03 3.290596000000000493e-02 8.648999999999997998e-05 1.139062500000000144e-01 4.284899999999999820e-02 4.839999999999972295e-06 3.790808999999999152e-02 8.704890000000001585e-03 1.904399999999999995e-04 1.547536000000000224e-02 1.162809999999999365e-03 1.666390250000000000e+06 1.721838375000000000e+06
1.000000000000000000e+00 1.063000000000000056e-01 -2.129999999999999949e-02 4.240000000000000019e-02 8.069999999999999396e-02 -1.756000000000000061e-01 1.193000000000000033e-01 5.750000000000000250e-02 4.280000000000000471e-02 -1.390000000000000124e-01 8.999999999999999667e-02 1.619000000000000161e-01 -8.769999999999998630e-02 1.129969000000000112e-02 4.536899999999999744e-04 1.797760000000000026e-03 6.512489999999999252e-03 3.083536000000000263e-02 1.423249000000000042e-02 3.306250000000000161e-03 1.831840000000000378e-03 1.932100000000000484e-02 8.099999999999999561e-03 2.621161000000000671e-02 7.691289999999997330e-03 1.668468375000000000e+06 1.726849875000000000e+06
1.000000000000000000e+00 9.020000000000000240e-02 9.869999999999999607e-02 7.850000000000000033e-02 4.000000000000000083e-02 -1.345999999999999974e-01 1.338999999999999913e-01 -1.610000000000000320e-02 1.199999999999999956e-01 3.610000000000000014e-02 -4.069999999999999313e-02 4.100000000000000866e-02 1.459999999999998799e-02 8.136040000000000633e-03 9.741689999999999031e-03 6.162250000000000193e-03 1.600000000000000077e-03 1.811716000000000021e-02 1.792920999999999751e-02 2.592100000000001152e-04 1.439999999999999961e-02 1.303209999999999959e-03 1.656489999999999395e-03 1.681000000000000636e-03 2.131599999999996464e-04 1.667525875000000000e+06 1.723811250000000000e+06
1.000000000000000000e+00 -3.549999999999999684e-02 -1.729999999999999941e-02 2.494999999999999996e-01 -1.050000000000000065e-02 -4.047000000000000042e-01 6.389999999999999847e-02 -1.257000000000000062e-01 -1.159999999999999920e-01 1.709999999999999853e-01 -5.050000000000000322e-02 -2.701000000000000068e-01 -6.999999999999999278e-02 1.260249999999999869e-03 2.992899999999999619e-04 6.225025000000000003e-02 1.102500000000000100e-04 1.637820899999999913e-01 4.083209999999999444e-03 1.580049000000000037e-02 1.345599999999999748e-02 2.924099999999999616e-02 2.550250000000000433e-03 7.295400999999999969e-02 4.899999999999998974e-03 1.666008125000000000e+06 1.725860750000000000e+06
1.000000000000000000e+00 -1.580000000000000154e-02 -5.120000000000000245e-02 -1.559999999999999928e-02 -2.659999999999999865e-02 -2.021000000000000019e-01 -6.389999999999999847e-02 1.969999999999999529e-02 -3.389999999999999958e-02 -2.651000000000000023e-01 -1.609999999999999626e-02 2.026000000000000023e-01 -1.277999999999999969e-01 2.496400000000000290e-04 2.621440000000000055e-03 2.433599999999999739e-04 7.075599999999999815e-04 4.084440999999999766e-02 4.083209999999999444e-03 3.880899999999997893e-04 1.149209999999999902e-03 7.027801000000000187e-02 2.592099999999998984e-04 4.104676000000000158e-02 1.633283999999999778e-02 1.665459250000000000e+06 1.725228000000000000e+06
1.000000000000000000e+00 -2.809999999999999998e-02 2.295999999999999985e-01 -7.300000000000000065e-03 -2.000000000000000096e-04 -5.800000000000000294e-02 -9.089999999999999469e-02 -1.229999999999999843e-02 2.807999999999999940e-01 8.299999999999998351e-03 2.639999999999999986e-02 1.441000000000000059e-01 -2.699999999999999623e-02 7.896100000000000514e-04 5.271615999999999802e-02 5.328999999999999970e-05 4.000000000000000084e-08 3.364000000000000237e-03 8.262809999999998906e-03 1.512899999999999694e-04 7.884863999999999762e-02 6.888999999999997231e-05 6.969599999999999407e-04 2.076481000000000160e-02 7.289999999999998304e-04 1.662487375000000000e+06 1.725696250000000000e+06
1.000000000000000000e+00 -2.910000000000000087e-02 8.490000000000000324e-02 7.009999999999999565e-02 -4.809999999999999692e-02 -1.155000000000000054e-01 5.600000000000000117e-02 -1.000000000000000888e-03 -1.446999999999999953e-01 7.739999999999999658e-02 -4.789999999999999813e-02 -5.750000000000000250e-02 1.469000000000000028e-01 8.468100000000000323e-04 7.208010000000000805e-03 4.914009999999999039e-03 2.313609999999999799e-03 1.334025000000000141e-02 3.136000000000000332e-03 1.000000000000001861e-06 2.093808999999999948e-02 5.990759999999999488e-03 2.294409999999999766e-03 3.306250000000000161e-03 2.157961000000000254e-02 1.666096125000000000e+06 1.728074250000000000e+06
1.000000000000000000e+00 7.700000000000000247e-03 3.930000000000000160e-02 -2.142999999999999905e-01 6.750000000000000444e-02 9.589999999999999913e-02 7.570000000000000340e-02 3.679999999999999938e-02 -4.560000000000000164e-02 -2.843999999999999861e-01 1.156000000000000083e-01 2.114000000000000046e-01 1.970000000000000223e-02 5.929000000000000324e-05 1.544490000000000142e-03 4.592448999999999837e-02 4.556250000000000404e-03 9.196809999999999707e-03 5.730490000000000410e-03 1.354240000000000044e-03 2.079360000000000149e-03 8.088335999999998749e-02 1.336336000000000121e-02 4.468996000000000079e-02 3.880900000000001146e-04 1.664235500000000000e+06 1.727180375000000000e+06
1.000000000000000000e+00 1.353999999999999926e-01 6.140000000000000319e-02 -1.507000000000000006e-01 1.290999999999999925e-01 2.446000000000000119e-01 8.240000000000000102e-02 1.276999999999999802e-01 2.210000000000000159e-02 6.359999999999998987e-02 6.159999999999998810e-02 1.486999999999999988e-01 6.699999999999997624e-03 1.833315999999999765e-02 3.769960000000000585e-03 2.271048999999999984e-02 1.666680999999999718e-02 5.982916000000000623e-02 6.789760000000000587e-03 1.630728999999999512e-02 4.884100000000001027e-04 4.044959999999998487e-03 3.794559999999998472e-03 2.211168999999999982e-02 4.488999999999996492e-05 1.670575125000000000e+06 1.735859500000000000e+06
1.000000000000000000e+00 1.111999999999999933e-01 -4.549999999999999878e-02 -1.670000000000000095e-01 1.082000000000000045e-01 2.718999999999999750e-01 9.850000000000000422e-02 -2.419999999999999929e-02 -1.068999999999999950e-01 -1.630000000000000893e-02 -2.089999999999998803e-02 2.729999999999996319e-02 1.610000000000000320e-02 1.236543999999999838e-02 2.070250000000000042e-03 2.788900000000000406e-02 1.170724000000000070e-02 7.392960999999999283e-02 9.702250000000000804e-03 5.856400000000000104e-04 1.142760999999999950e-02 2.656900000000002836e-04 4.368099999999994990e-04 7.452899999999979550e-04 2.592100000000001152e-04 1.671920375000000000e+06 1.736374250000000000e+06
1.000000000000000000e+00 3.370000000000000079e-02 -5.979999999999999899e-02 -8.559999999999999554e-02 4.950000000000000233e-02 1.534999999999999976e-01 9.600000000000000200e-02 -7.749999999999998557e-02 -1.430000000000000021e-02 8.140000000000001401e-02 -5.870000000000000218e-02 -1.183999999999999775e-01 -2.500000000000002220e-03 1.135689999999999963e-03 3.576039999999999948e-03 7.327359999999998909e-03 2.450250000000000171e-03 2.356224999999999986e-02 9.216000000000000233e-03 6.006249999999997702e-03 2.044900000000000157e-04 6.625960000000001918e-03 3.445690000000000384e-03 1.401855999999999415e-02 6.250000000000011311e-06 1.670313875000000000e+06 1.737139500000000000e+06
1.000000000000000000e+00 4.819999999999999979e-02 -8.319999999999999618e-02 8.129999999999999727e-02 4.819999999999999979e-02 1.559999999999999928e-02 1.015000000000000069e-01 1.449999999999999900e-02 -2.339999999999999719e-02 1.668999999999999928e-01 -1.300000000000002542e-03 -1.378999999999999948e-01 5.500000000000004885e-03 2.323239999999999854e-03 6.922239999999999643e-03 6.609689999999999663e-03 2.323239999999999854e-03 2.433599999999999739e-04 1.030225000000000064e-02 2.102499999999999606e-04 5.475599999999998871e-04 2.785560999999999593e-02 1.690000000000006689e-06 1.901640999999999748e-02 3.025000000000005427e-05 1.672027625000000000e+06 1.733714500000000000e+06
1.000000000000000000e+00 4.619999999999999801e-02 -1.574000000000000121e-01 9.529999999999999583e-02 3.450000000000000289e-02 -4.580000000000000043e-02 9.229999999999999316e-02 -2.000000000000001776e-03 -7.420000000000001594e-02 1.399999999999999856e-02 -1.369999999999999690e-02 -6.139999999999999625e-02 -9.200000000000013722e-03 2.134439999999999601e-03 2.477476000000000331e-02 9.082089999999999261e-03 1.190250000000000119e-03 2.097640000000000008e-03 8.519289999999998808e-03 4.000000000000007442e-06 5.505640000000002615e-03 1.959999999999999666e-04 1.876899999999999055e-04 3.769959999999999718e-03 8.464000000000024672e-05 1.672255625000000000e+06 1.728542500000000000e+06
1.000000000000000000e+00 3.960000000000000325e-02 -7.099999999999999367e-02 -6.899999999999999883e-03 1.949999999999999997e-02 -7.560000000000000053e-02 8.079999999999999682e-02 -6.599999999999994760e-03 8.640000000000001845e-02 -1.021999999999999992e-01 -1.500000000000000291e-02 -2.980000000000000010e-02 -1.149999999999999634e-02 1.568160000000000300e-03 5.040999999999999474e-03 4.760999999999999987e-05 3.802499999999999999e-04 5.715360000000000058e-03 6.528639999999999617e-03 4.355999999999992853e-05 7.464960000000003121e-03 1.044484000000000037e-02 2.250000000000000752e-04 8.880399999999999882e-04 1.322499999999999078e-04 1.666999500000000000e+06 1.721441750000000000e+06
1.000000000000000000e+00 5.970000000000000306e-02 2.910000000000000087e-02 -1.480000000000000066e-02 5.299999999999999850e-02 -1.789999999999999925e-02 1.039999999999999952e-01 2.009999999999999981e-02 1.000999999999999945e-01 -7.900000000000000772e-03 3.350000000000000200e-02 5.770000000000000129e-02 2.319999999999999840e-02 3.564090000000000227e-03 8.468100000000000323e-04 2.190400000000000170e-04 2.808999999999999865e-03 3.204099999999999765e-04 1.081599999999999923e-02 4.040100000000000028e-04 1.002000999999999933e-02 6.241000000000000724e-05 1.122250000000000201e-03 3.329289999999999940e-03 5.382399999999999424e-04 1.666796625000000000e+06 1.724402750000000000e+06
1.000000000000000000e+00 4.739999999999999769e-02 -2.099999999999999870e-03 5.539999999999999786e-02 2.879999999999999921e-02 -2.829999999999999877e-02 8.319999999999999618e-02 -1.230000000000000537e-02 -3.120000000000000204e-02 7.019999999999999851e-02 -2.419999999999999929e-02 -1.039999999999999952e-02 -2.079999999999999905e-02 2.246759999999999990e-03 4.409999999999999282e-06 3.069159999999999597e-03 8.294399999999999733e-04 8.008899999999999570e-04 6.922239999999999643e-03 1.512900000000001321e-04 9.734400000000001125e-04 4.928039999999999851e-03 5.856400000000000104e-04 1.081599999999999944e-04 4.326399999999999777e-04 1.669180750000000000e+06 1.721722500000000000e+06
1.000000000000000000e+00 -1.839999999999999969e-02 -6.040000000000000230e-02 1.699999999999999905e-03 -2.000000000000000042e-02 -1.474999999999999922e-01 4.420000000000000318e-02 -6.579999999999999738e-02 -5.830000000000000460e-02 -5.369999999999999774e-02 -4.879999999999999616e-02 -1.192000000000000004e-01 -3.899999999999999301e-02 3.385600000000000111e-04 3.648160000000000118e-03 2.889999999999999859e-06 4.000000000000000192e-04 2.175624999999999781e-02 1.953640000000000411e-03 4.329640000000000051e-03 3.398890000000000331e-03 2.883689999999999951e-03 2.381439999999999425e-03 1.420863999999999981e-02 1.520999999999999349e-03 1.667369625000000000e+06 1.721040000000000000e+06
1.000000000000000000e+00 -2.000000000000000042e-03 -6.560000000000000553e-02 1.310000000000000053e-02 -4.199999999999999740e-03 -1.650000000000000078e-01 7.589999999999999525e-02 1.639999999999999791e-02 -5.200000000000003231e-03 1.140000000000000041e-02 1.580000000000000154e-02 -1.750000000000001554e-02 3.169999999999999207e-02 3.999999999999999819e-06 4.303360000000000865e-03 1.716100000000000188e-04 1.763999999999999713e-05 2.722500000000000267e-02 5.760809999999999022e-03 2.689599999999999456e-04 2.704000000000003249e-05 1.299600000000000093e-04 2.496400000000000290e-04 3.062500000000005322e-04 1.004889999999999603e-03 1.668899625000000000e+06 1.723890875000000000e+06
1.000000000000000000e+00 8.110000000000000542e-02 5.269999999999999685e-02 5.290000000000000258e-02 9.650000000000000244e-02 -1.393000000000000071e-01 1.077000000000000041e-01 8.310000000000000719e-02 1.183000000000000024e-01 3.980000000000000204e-02 1.006999999999999978e-01 2.570000000000000062e-02 3.180000000000000882e-02 6.577210000000000868e-03 2.777289999999999533e-03 2.798410000000000307e-03 9.312250000000001082e-03 1.940449000000000340e-02 1.159929000000000168e-02 6.905610000000001261e-03 1.399489000000000115e-02 1.584040000000000101e-03 1.014049000000000027e-02 6.604900000000000137e-04 1.011240000000000489e-03 1.669645000000000000e+06 1.724998375000000000e+06
1.000000000000000000e+00 4.270000000000000184e-02 -3.169999999999999901e-02 1.733999999999999986e-01 5.759999999999999842e-02 -3.953999999999999737e-01 5.790000000000000008e-02 -3.840000000000000357e-02 -8.440000000000000280e-02 1.204999999999999960e-01 -3.890000000000000402e-02 -2.560999999999999943e-01 -4.980000000000000399e-02 1.823290000000000197e-03 1.004890000000000037e-03 3.006756000000000012e-02 3.317759999999999893e-03 1.563411599999999790e-01 3.352410000000000112e-03 1.474560000000000193e-03 7.123360000000000455e-03 1.452024999999999844e-02 1.513210000000000293e-03 6.558720999999999302e-02 2.480040000000000196e-03 1.665502000000000000e+06 1.725574625000000000e+06
1.000000000000000000e+00 1.839999999999999969e-02 -7.720000000000000473e-02 1.615999999999999936e-01 3.939999999999999752e-02 -3.795999999999999930e-01 9.139999999999999514e-02 -2.430000000000000215e-02 -4.550000000000000572e-02 -1.180000000000000493e-02 -1.820000000000000090e-02 1.579999999999998073e-02 3.349999999999999506e-02 3.385600000000000111e-04 5.959840000000000970e-03 2.611455999999999847e-02 1.552359999999999808e-03 1.440961600000000009e-01 8.353959999999998817e-03 5.904900000000001554e-04 2.070250000000000475e-03 1.392400000000001102e-04 3.312400000000000067e-04 2.496399999999993785e-04 1.122249999999999767e-03 1.669868375000000000e+06 1.727011000000000000e+06
1.000000000000000000e+00 4.080000000000000293e-02 1.527999999999999914e-01 2.516999999999999793e-01 2.469999999999999973e-02 -4.087000000000000077e-01 4.950000000000000233e-02 2.240000000000000324e-02 2.299999999999999822e-01 9.009999999999998566e-02 -1.469999999999999779e-02 -2.910000000000001474e-02 -4.189999999999999281e-02 1.664640000000000217e-03 2.334783999999999818e-02 6.335288999999999504e-02 6.100899999999999813e-04 1.670356900000000144e-01 2.450250000000000171e-03 5.017600000000001833e-04 5.289999999999998870e-02 8.118009999999996687e-03 2.160899999999999453e-04 8.468100000000008997e-04 1.755609999999999463e-03 1.665056500000000000e+06 1.725486500000000000e+06
1.000000000000000000e+00 -1.319999999999999993e-02 3.540000000000000091e-02 1.113999999999999990e-01 -1.060000000000000005e-02 -3.336999999999999966e-01 5.940000000000000141e-02 -5.400000000000000633e-02 -1.173999999999999905e-01 -1.402999999999999803e-01 -3.529999999999999805e-02 7.500000000000001110e-02 9.899999999999999079e-03 1.742399999999999852e-04 1.253160000000000125e-03 1.240995999999999939e-02 1.123600000000000016e-04 1.113556899999999933e-01 3.528360000000000350e-03 2.916000000000000623e-03 1.378275999999999807e-02 1.968408999999999437e-02 1.246089999999999828e-03 5.625000000000001527e-03 9.800999999999997811e-05 1.667586375000000000e+06 1.729959125000000000e+06
1.000000000000000000e+00 3.749999999999999861e-02 1.829999999999999960e-01 4.780000000000000221e-02 -1.519999999999999997e-02 -1.446000000000000063e-01 3.799999999999999992e-03 5.069999999999999507e-02 1.476000000000000090e-01 -6.359999999999998987e-02 -4.599999999999999922e-03 1.890999999999999903e-01 -5.560000000000000359e-02 1.406249999999999948e-03 3.348899999999999794e-02 2.284840000000000221e-03 2.310400000000000106e-04 2.090916000000000302e-02 1.444000000000000066e-05 2.570489999999999494e-03 2.178576000000000124e-02 4.044959999999998487e-03 2.116000000000000069e-05 3.575880999999999504e-02 3.091360000000000462e-03 1.664661875000000000e+06 1.728803375000000000e+06
1.000000000000000000e+00 6.550000000000000266e-02 1.126000000000000056e-01 1.922999999999999987e-01 2.189999999999999933e-02 -2.630000000000000115e-01 5.410000000000000225e-02 2.800000000000000405e-02 -7.039999999999999036e-02 1.444999999999999896e-01 3.710000000000000103e-02 -1.184000000000000052e-01 5.030000000000000443e-02 4.290250000000000660e-03 1.267876000000000072e-02 3.697928999999999800e-02 4.796099999999999973e-04 6.916900000000000825e-02 2.926810000000000175e-03 7.840000000000001915e-04 4.956159999999998518e-03 2.088024999999999604e-02 1.376410000000000003e-03 1.401856000000000109e-02 2.530090000000000464e-03 1.666397375000000000e+06 1.731283750000000000e+06
1.000000000000000000e+00 -1.290000000000000001e-02 2.889999999999999861e-02 -3.700000000000000164e-03 1.020000000000000073e-02 -8.999999999999999667e-02 1.379999999999999977e-02 -7.839999999999999747e-02 -8.370000000000001050e-02 -1.960000000000000075e-01 -1.169999999999999860e-02 1.730000000000000149e-01 -4.030000000000000249e-02 1.664100000000000008e-04 8.352099999999999672e-04 1.369000000000000106e-05 1.040400000000000135e-04 8.099999999999999561e-03 1.904399999999999995e-04 6.146559999999999697e-03 7.005690000000001916e-03 3.841600000000000570e-02 1.368899999999999718e-04 2.992900000000000421e-02 1.624090000000000126e-03 1.665392000000000000e+06 1.731173750000000000e+06
1.000000000000000000e+00 9.919999999999999651e-02 1.927000000000000102e-01 3.180000000000000188e-02 3.350000000000000200e-02 -2.869999999999999982e-02 2.960000000000000131e-02 1.120999999999999913e-01 1.638000000000000012e-01 3.550000000000000377e-02 2.330000000000000127e-02 6.129999999999999338e-02 1.580000000000000154e-02 9.840639999999999457e-03 3.713329000000000629e-02 1.011240000000000056e-03 1.122250000000000201e-03 8.236899999999999691e-04 8.761600000000000681e-04 1.256640999999999835e-02 2.683044000000000054e-02 1.260250000000000302e-03 5.428900000000000826e-04 3.757689999999999295e-03 2.496400000000000290e-04 1.663757500000000000e+06 1.732392625000000000e+06
1.000000000000000000e+00 6.950000000000000622e-02 -8.459999999999999465e-02 -3.449999999999999734e-01 2.529999999999999957e-02 2.767999999999999905e-01 6.429999999999999605e-02 -2.969999999999999030e-02 -2.772999999999999909e-01 -3.767999999999999683e-01 -8.200000000000002426e-03 3.054999999999999938e-01 3.469999999999999474e-02 4.830250000000001209e-03 7.157159999999999217e-03 1.190249999999999780e-01 6.400899999999999515e-04 7.661823999999999024e-02 4.134489999999999346e-03 8.820899999999994370e-04 7.689528999999999115e-02 1.419782399999999778e-01 6.724000000000004062e-05 9.333024999999998961e-02 1.204089999999999674e-03 1.670877250000000000e+06 1.737063250000000000e+06
1.000000000000000000e+00 7.910000000000000364e-02 3.200000000000000153e-03 -2.084999999999999909e-01 4.800000000000000100e-02 3.514999999999999791e-01 6.800000000000000488e-02 9.599999999999997424e-03 8.779999999999998916e-02 1.364999999999999825e-01 2.270000000000000143e-02 7.469999999999998863e-02 3.700000000000008837e-03 6.256810000000000670e-03 1.024000000000000021e-05 4.347224999999999701e-02 2.304000000000000058e-03 1.235522499999999885e-01 4.624000000000000506e-03 9.215999999999994433e-05 7.708839999999998055e-03 1.863224999999999604e-02 5.152900000000000622e-04 5.580089999999998489e-03 1.369000000000006544e-05 1.669983500000000000e+06 1.738257625000000000e+06
1.000000000000000000e+00 7.799999999999999989e-02 -8.200000000000000691e-03 1.463000000000000134e-01 5.859999999999999931e-02 8.450000000000000566e-02 6.710000000000000686e-02 -1.100000000000003753e-03 -1.140000000000000041e-02 3.548000000000000043e-01 1.059999999999999831e-02 -2.669999999999999596e-01 -8.999999999999980238e-04 6.083999999999999998e-03 6.724000000000001352e-05 2.140369000000000299e-02 3.433959999999999790e-03 7.140250000000000763e-03 4.502410000000000960e-03 1.210000000000008320e-06 1.299600000000000093e-04 1.258830400000000016e-01 1.123599999999999610e-04 7.128899999999997739e-02 8.099999999999964799e-07 1.668976125000000000e+06 1.731939000000000000e+06
1.000000000000000000e+00 7.839999999999999747e-02 -7.259999999999999787e-02 -3.610000000000000014e-02 6.389999999999999847e-02 3.169999999999999901e-02 7.939999999999999836e-02 3.999999999999975797e-04 -6.439999999999999891e-02 -1.824000000000000066e-01 5.299999999999999156e-03 -5.280000000000000665e-02 1.229999999999999150e-02 6.146559999999999697e-03 5.270759999999999335e-03 1.303209999999999959e-03 4.083209999999999444e-03 1.004890000000000037e-03 6.304360000000000172e-03 1.599999999999980711e-07 4.147360000000000109e-03 3.326976000000000239e-02 2.808999999999999025e-05 2.787840000000000630e-03 1.512899999999997797e-04 1.672456375000000000e+06 1.731970125000000000e+06
1.000000000000000000e+00 8.379999999999999949e-02 -4.590000000000000330e-02 1.980000000000000163e-02 6.969999999999999807e-02 -1.492999999999999883e-01 9.510000000000000397e-02 5.400000000000002021e-03 2.669999999999999457e-02 5.590000000000000524e-02 5.799999999999999600e-03 -1.809999999999999942e-01 1.570000000000000562e-02 7.022439999999999585e-03 2.106810000000000193e-03 3.920400000000000751e-04 4.858089999999999804e-03 2.229048999999999614e-02 9.044009999999999896e-03 2.916000000000002236e-05 7.128899999999996611e-04 3.124810000000000434e-03 3.363999999999999640e-05 3.276099999999999846e-02 2.464900000000001964e-04 1.669942125000000000e+06 1.727827625000000000e+06
1.000000000000000000e+00 7.560000000000000053e-02 -2.328999999999999959e-01 8.060000000000000497e-02 4.719999999999999890e-02 -2.237999999999999989e-01 1.071000000000000008e-01 -8.199999999999998956e-03 -1.869999999999999996e-01 6.080000000000000682e-02 -2.249999999999999917e-02 -7.450000000000001066e-02 1.199999999999999678e-02 5.715360000000000058e-03 5.424240999999999785e-02 6.496360000000000502e-03 2.227840000000000029e-03 5.008644000000000290e-02 1.147041000000000033e-02 6.723999999999998641e-05 3.496900000000000008e-02 3.696640000000001036e-03 5.062499999999999726e-04 5.550250000000001363e-03 1.439999999999999223e-04 1.667194500000000000e+06 1.723541500000000000e+06
1.000000000000000000e+00 8.480000000000000038e-02 -1.080000000000000057e-02 7.100000000000000408e-03 5.750000000000000250e-02 -1.736000000000000043e-01 1.034000000000000058e-01 9.199999999999999845e-03 2.220999999999999919e-01 -7.350000000000000977e-02 1.030000000000000360e-02 5.019999999999999463e-02 -3.699999999999994960e-03 7.191040000000000106e-03 1.166400000000000081e-04 5.041000000000000694e-05 3.306250000000000161e-03 3.013696000000000083e-02 1.069156000000000099e-02 8.464000000000000278e-05 4.932840999999999615e-02 5.402250000000001669e-03 1.060900000000000769e-04 2.520039999999999433e-03 1.368999999999996210e-05 1.667466500000000000e+06 1.721903375000000000e+06
1.000000000000000000e+00 8.019999999999999352e-02 1.557000000000000051e-01 9.859999999999999321e-02 4.889999999999999902e-02 -1.559999999999999998e-01 9.969999999999999696e-02 -4.600000000000006861e-03 1.665000000000000091e-01 9.149999999999999800e-02 -8.600000000000003475e-03 1.760000000000000453e-02 -3.700000000000008837e-03 6.432039999999999112e-03 2.424249000000000195e-02 9.721959999999998242e-03 2.391209999999999950e-03 2.433599999999999999e-02 9.940089999999998649e-03 2.116000000000006168e-05 2.772225000000000383e-02 8.372249999999999484e-03 7.396000000000005760e-05 3.097600000000001784e-04 1.369000000000006544e-05 1.666220375000000000e+06 1.721713250000000000e+06
1.000000000000000000e+00 4.399999999999999745e-02 -4.719999999999999890e-02 4.479999999999999954e-02 9.299999999999999239e-03 -2.015000000000000124e-01 1.218000000000000055e-01 -3.619999999999999607e-02 -2.028999999999999970e-01 -5.379999999999999366e-02 -3.959999999999999631e-02 -4.550000000000001266e-02 2.210000000000000853e-02 1.935999999999999787e-03 2.227840000000000029e-03 2.007039999999999866e-03 8.648999999999997998e-05 4.060225000000000639e-02 1.483524000000000127e-02 1.310439999999999739e-03 4.116840999999999556e-02 2.894439999999999426e-03 1.568159999999999650e-03 2.070250000000001343e-03 4.884100000000004280e-04 1.666358375000000000e+06 1.720317125000000000e+06
1.000000000000000000e+00 4.270000000000000184e-02 2.230000000000000038e-02 -2.719999999999999848e-02 3.000000000000000062e-03 -9.629999999999999671e-02 9.320000000000000506e-02 -1.299999999999995604e-03 6.950000000000000622e-02 -7.199999999999999456e-02 -6.299999999999999177e-03 1.052000000000000157e-01 -2.860000000000000042e-02 1.823290000000000197e-03 4.972900000000000584e-04 7.398399999999999638e-04 9.000000000000000228e-06 9.273689999999999364e-03 8.686240000000001321e-03 1.689999999999988478e-06 4.830250000000001209e-03 5.183999999999999372e-03 3.968999999999998761e-05 1.106704000000000368e-02 8.179600000000000629e-04 1.665588250000000000e+06 1.720697375000000000e+06
1.000000000000000000e+00 -3.399999999999999811e-03 4.000000000000000083e-02 1.907000000000000084e-01 3.070000000000000159e-02 -3.020999999999999797e-01 9.800000000000000377e-02 -4.610000000000000209e-02 1.770000000000000046e-02 2.179000000000000103e-01 2.770000000000000240e-02 -2.057999999999999829e-01 4.799999999999998712e-03 1.155999999999999943e-05 1.600000000000000077e-03 3.636649000000000131e-02 9.424900000000001462e-04 9.126440999999999026e-02 9.604000000000001425e-03 2.125210000000000207e-03 3.132900000000000311e-04 4.748041000000000761e-02 7.672900000000001160e-04 4.235363999999999102e-02 2.303999999999998608e-05 1.665500000000000000e+06 1.723385250000000000e+06
1.000000000000000000e+00 -7.300000000000000065e-03 -1.370999999999999996e-01 1.353999999999999926e-01 4.100000000000000346e-03 -2.736000000000000099e-01 9.690000000000000002e-02 -3.900000000000000255e-03 -1.771000000000000074e-01 -5.530000000000001581e-02 -2.660000000000000211e-02 2.849999999999996980e-02 -1.100000000000003753e-03 5.328999999999999970e-05 1.879640999999999951e-02 1.833315999999999765e-02 1.681000000000000338e-05 7.485696000000000017e-02 9.389609999999999623e-03 1.521000000000000176e-05 3.136441000000000229e-02 3.058090000000001588e-03 7.075600000000000899e-04 8.122499999999983032e-04 1.210000000000008320e-06 1.666377000000000000e+06 1.721124500000000000e+06
1.000000000000000000e+00 8.050000000000000211e-02 9.790000000000000091e-02 9.160000000000000087e-02 2.970000000000000070e-02 -2.013999999999999957e-01 6.189999999999999669e-02 8.780000000000000304e-02 2.349999999999999867e-01 -4.379999999999999172e-02 2.560000000000000123e-02 7.220000000000001417e-02 -3.500000000000000333e-02 6.480250000000000767e-03 9.584409999999999805e-03 8.390560000000000032e-03 8.820900000000000876e-04 4.056196000000000107e-02 3.831609999999999617e-03 7.708840000000000657e-03 5.522499999999999631e-02 1.918439999999999339e-03 6.553600000000000137e-04 5.212840000000002437e-03 1.225000000000000177e-03 1.664699375000000000e+06 1.724032375000000000e+06
1.000000000000000000e+00 5.829999999999999766e-02 6.219999999999999835e-02 2.093000000000000138e-01 7.489999999999999436e-02 -2.580999999999999961e-01 5.879999999999999810e-02 -2.220000000000000445e-02 -3.570000000000000256e-02 1.177000000000000129e-01 4.519999999999999019e-02 -5.670000000000000040e-02 -3.099999999999998590e-03 3.398889999999999897e-03 3.868839999999999692e-03 4.380649000000000348e-02 5.610009999999999476e-03 6.661560999999999177e-02 3.457439999999999992e-03 4.928400000000002484e-04 1.274490000000000085e-03 1.385329000000000248e-02 2.043039999999999006e-03 3.214890000000000195e-03 9.609999999999991000e-06 1.666557750000000000e+06 1.723017000000000000e+06
1.000000000000000000e+00 7.799999999999999989e-02 3.960000000000000325e-02 1.042000000000000010e-01 2.450000000000000094e-02 -1.827999999999999903e-01 3.490000000000000047e-02 1.970000000000000223e-02 -2.259999999999999509e-02 -1.051000000000000129e-01 -5.039999999999999342e-02 7.530000000000000582e-02 -2.389999999999999764e-02 6.083999999999999998e-03 1.568160000000000300e-03 1.085764000000000000e-02 6.002500000000000890e-04 3.341583999999999527e-02 1.218010000000000056e-03 3.880900000000001146e-04 5.107599999999997515e-04 1.104601000000000194e-02 2.540159999999999207e-03 5.670090000000000893e-03 5.712099999999998385e-04 1.665629750000000000e+06 1.725980875000000000e+06
1.000000000000000000e+00 5.109999999999999959e-02 8.719999999999999973e-02 1.040999999999999981e-01 5.909999999999999976e-02 -1.658999999999999919e-01 3.320000000000000034e-02 -2.690000000000000030e-02 4.759999999999999648e-02 -1.000000000000028644e-04 3.459999999999999881e-02 1.689999999999999836e-02 -1.700000000000000122e-03 2.611210000000000094e-03 7.603839999999999731e-03 1.083680999999999880e-02 3.492809999999999838e-03 2.752280999999999825e-02 1.102239999999999991e-03 7.236099999999999650e-04 2.265759999999999476e-03 1.000000000000057262e-08 1.197159999999999848e-03 2.856099999999999438e-04 2.890000000000000282e-06 1.666678375000000000e+06 1.727582750000000000e+06
1.000000000000000000e+00 1.439999999999999961e-02 -6.000000000000000125e-03 -8.129999999999999727e-02 -2.009999999999999981e-02 -2.879999999999999921e-02 6.410000000000000420e-02 -3.669999999999999651e-02 -9.320000000000000506e-02 -1.854000000000000092e-01 -7.919999999999999263e-02 1.370999999999999996e-01 3.090000000000000385e-02 2.073599999999999933e-04 3.600000000000000091e-05 6.609689999999999663e-03 4.040100000000000028e-04 8.294399999999999733e-04 4.108810000000000934e-03 1.346889999999999676e-03 8.686240000000001321e-03 3.437316000000000676e-02 6.272639999999998599e-03 1.879640999999999951e-02 9.548100000000002722e-04 1.667087125000000000e+06 1.731144875000000000e+06
1.000000000000000000e+00 3.520000000000000212e-02 8.759999999999999731e-02 2.939999999999999905e-02 3.980000000000000204e-02 -9.510000000000000397e-02 8.079999999999999682e-02 2.080000000000000251e-02 9.360000000000000264e-02 1.106999999999999929e-01 5.990000000000000185e-02 -6.629999999999999782e-02 1.669999999999999263e-02 1.239040000000000063e-03 7.673759999999999956e-03 8.643599999999999981e-04 1.584040000000000101e-03 9.044009999999999896e-03 6.528639999999999617e-03 4.326400000000000861e-04 8.760959999999999928e-03 1.225448999999999809e-02 3.588010000000000418e-03 4.395689999999999840e-03 2.788899999999997371e-04 1.667673875000000000e+06 1.731882375000000000e+06
1.000000000000000000e+00 1.220000000000000077e-02 4.279999999999999777e-02 2.001000000000000001e-01 3.450000000000000289e-02 -2.220000000000000029e-01 8.060000000000000497e-02 -2.299999999999999961e-02 -4.479999999999999954e-02 1.706999999999999906e-01 -5.299999999999999156e-03 -1.269000000000000128e-01 -1.999999999999918510e-04 1.488400000000000183e-04 1.831839999999999727e-03 4.004001000000000088e-02 1.190250000000000119e-03 4.928400000000000142e-02 6.496360000000000502e-03 5.289999999999999564e-04 2.007039999999999866e-03 2.913848999999999606e-02 2.808999999999999025e-05 1.610361000000000431e-02 3.999999999999673844e-08 1.668205750000000000e+06 1.734977875000000000e+06
1.000000000000000000e+00 4.830000000000000265e-02 2.809999999999999998e-02 -1.135000000000000037e-01 5.099999999999999672e-02 -1.025999999999999968e-01 9.810000000000000664e-02 3.610000000000000014e-02 -1.469999999999999779e-02 -3.135999999999999899e-01 1.649999999999999384e-02 1.194000000000000061e-01 1.750000000000000167e-02 2.332890000000000224e-03 7.896100000000000514e-04 1.288225000000000134e-02 2.600999999999999580e-03 1.052675999999999959e-02 9.623610000000001191e-03 1.303209999999999959e-03 2.160899999999999453e-04 9.834495999999999516e-02 2.722499999999998142e-04 1.425636000000000091e-02 3.062500000000000443e-04 1.664890875000000000e+06 1.732583000000000000e+06
1.000000000000000000e+00 1.039000000000000062e-01 -2.719999999999999848e-02 -6.750000000000000444e-01 3.860000000000000236e-02 5.491000000000000325e-01 7.610000000000000098e-02 5.560000000000000359e-02 -5.530000000000000193e-02 -5.614999999999999991e-01 -1.239999999999999436e-02 6.517000000000000570e-01 -2.200000000000000566e-02 1.079521000000000126e-02 7.398399999999999638e-04 4.556250000000000577e-01 1.489960000000000243e-03 3.015108100000000180e-01 5.791209999999999761e-03 3.091360000000000462e-03 3.058090000000000287e-03 3.152822499999999861e-01 1.537599999999998560e-04 4.247128900000000651e-01 4.840000000000002720e-04 1.672273000000000000e+06 1.740334375000000000e+06
