1.000000000000000000e+00 -0.000000000000000000e+00 0.000000000000000000e+00 -0.000000000000000000e+00 -0.000000000000000000e+00 -0.000000000000000000e+00 0.000000000000000000e+00 0.000000000000000000e+00 0.000000000000000000e+00 0.000000000000000000e+00 0.000000000000000000e+00 0.000000000000000000e+00 0.000000000000000000e+00 0.000000000000000000e+00 0.000000000000000000e+00 0.000000000000000000e+00 0.000000000000000000e+00 0.000000000000000000e+00 0.000000000000000000e+00 0.000000000000000000e+00 0.000000000000000000e+00 0.000000000000000000e+00 0.000000000000000000e+00 0.000000000000000000e+00 0.000000000000000000e+00 1.136755750000000000e+06 1.246717750000000000e+06
1.000000000000000000e+00 -4.199999999999999740e-03 -6.679999999999999827e-02 -7.159999999999999698e-02 -4.899999999999999842e-03 -7.900000000000000078e-02 1.100000000000000066e-03 -4.199999999999999740e-03 -6.679999999999999827e-02 -7.159999999999999698e-02 -4.899999999999999842e-03 -7.900000000000000078e-02 1.100000000000000066e-03 1.763999999999999713e-05 4.462240000000000130e-03 5.126559999999999624e-03 2.400999999999999882e-05 6.241000000000000020e-03 1.210000000000000062e-06 1.763999999999999713e-05 4.462240000000000130e-03 5.126559999999999624e-03 2.400999999999999882e-05 6.241000000000000020e-03 1.210000000000000062e-06 1.137852625000000000e+06 1.247506625000000000e+06
1.000000000000000000e+00 -7.000000000000000146e-03 -3.330000000000000321e-02 -8.870000000000000107e-02 -1.909999999999999892e-02 -3.899999999999999994e-02 1.100000000000000066e-03 -2.800000000000000405e-03 3.349999999999999506e-02 -1.710000000000000409e-02 -1.419999999999999908e-02 4.000000000000000083e-02 0.000000000000000000e+00 4.900000000000000519e-05 1.108890000000000179e-03 7.867690000000000100e-03 3.648099999999999715e-04 1.521000000000000000e-03 1.210000000000000062e-06 7.840000000000002864e-06 1.122249999999999767e-03 2.924100000000001633e-04 2.016399999999999736e-04 1.600000000000000077e-03 0.000000000000000000e+00 1.136226500000000000e+06 1.244632500000000000e+06
1.000000000000000000e+00 -7.499999999999999722e-03 -5.260000000000000092e-02 -2.929999999999999966e-02 -1.849999999999999908e-02 -5.639999999999999875e-02 4.100000000000000346e-03 -4.999999999999995767e-04 -1.929999999999999771e-02 5.940000000000000141e-02 5.999999999999998390e-04 -1.739999999999999880e-02 3.000000000000000062e-03 5.624999999999999846e-05 2.766760000000000053e-03 8.584899999999999476e-04 3.422499999999999436e-04 3.180960000000000037e-03 1.681000000000000338e-05 2.499999999999995652e-07 3.724899999999998980e-04 3.528360000000000350e-03 3.599999999999997825e-07 3.027599999999999541e-04 9.000000000000000228e-06 1.136480875000000000e+06 1.245214000000000000e+06
1.000000000000000000e+00 -2.200000000000000133e-03 -8.500000000000000611e-02 -1.385000000000000120e-01 3.760000000000000148e-02 -1.078000000000000069e-01 6.700000000000000226e-03 5.299999999999999156e-03 -3.240000000000000518e-02 -1.092000000000000193e-01 5.609999999999999709e-02 -5.140000000000000818e-02 2.599999999999999881e-03 4.840000000000000247e-06 7.225000000000001386e-03 1.918225000000000485e-02 1.413760000000000017e-03 1.162084000000000207e-02 4.489000000000000558e-05 2.808999999999999025e-05 1.049760000000000276e-03 1.192464000000000371e-02 3.147209999999999678e-03 2.641960000000000922e-03 6.759999999999999652e-06 1.137318875000000000e+06 1.245842375000000000e+06
1.000000000000000000e+00 -9.299999999999999239e-03 -1.149999999999999981e-02 -8.690000000000000502e-02 1.689999999999999836e-02 -4.750000000000000056e-02 1.519999999999999997e-02 -7.099999999999998673e-03 7.350000000000000977e-02 5.160000000000000697e-02 -2.070000000000000312e-02 6.030000000000000637e-02 8.500000000000000611e-03 8.648999999999997998e-05 1.322499999999999891e-04 7.551610000000001134e-03 2.856099999999999438e-04 2.256250000000000009e-03 2.310400000000000106e-04 5.040999999999997984e-05 5.402250000000001669e-03 2.662560000000000881e-03 4.284900000000001208e-04 3.636090000000000676e-03 7.225000000000000790e-05 1.138056625000000000e+06 1.246410375000000000e+06
1.000000000000000000e+00 -4.899999999999999842e-03 9.149999999999999800e-02 -9.429999999999999494e-02 2.069999999999999965e-02 -5.850000000000000339e-02 2.210000000000000159e-02 4.399999999999999398e-03 1.029999999999999943e-01 -7.399999999999989919e-03 3.800000000000001293e-03 -1.100000000000000283e-02 6.900000000000001618e-03 2.400999999999999882e-05 8.372249999999999484e-03 8.892489999999999423e-03 4.284900000000000124e-04 3.422250000000000379e-03 4.884100000000001027e-04 1.935999999999999421e-05 1.060899999999999864e-02 5.475999999999984840e-05 1.444000000000000913e-05 1.210000000000000680e-04 4.761000000000002020e-05 1.138026125000000000e+06 1.247669000000000000e+06
1.000000000000000000e+00 -1.100000000000000066e-03 5.100000000000000366e-03 -4.760000000000000342e-02 2.479999999999999913e-02 -1.082999999999999935e-01 2.270000000000000143e-02 3.799999999999999559e-03 -8.640000000000000457e-02 4.669999999999999152e-02 4.099999999999999478e-03 -4.979999999999999011e-02 5.999999999999998390e-04 1.210000000000000062e-06 2.601000000000000339e-05 2.265760000000000343e-03 6.150399999999999661e-04 1.172888999999999876e-02 5.152900000000000622e-04 1.443999999999999727e-05 7.464960000000000519e-03 2.180889999999999131e-03 1.680999999999999660e-05 2.480039999999998895e-03 3.599999999999997825e-07 1.136583750000000000e+06 1.245871750000000000e+06
1.000000000000000000e+00 8.999999999999999320e-03 -8.110000000000000542e-02 4.490000000000000241e-02 2.970000000000000070e-02 -1.014000000000000040e-01 -1.310000000000000053e-02 1.009999999999999960e-02 -8.619999999999999885e-02 9.249999999999999889e-02 4.900000000000001577e-03 6.899999999999989475e-03 -3.579999999999999849e-02 8.099999999999999019e-05 6.577210000000000868e-03 2.016010000000000371e-03 8.820900000000000876e-04 1.028196000000000145e-02 1.716100000000000188e-04 1.020099999999999940e-04 7.430439999999999962e-03 8.556249999999999620e-03 2.401000000000001576e-05 4.760999999999985757e-05 1.281639999999999906e-03 1.136279875000000000e+06 1.244677000000000000e+06
1.000000000000000000e+00 6.400000000000000307e-03 8.099999999999999561e-03 -5.380000000000000060e-02 3.020000000000000115e-02 -9.919999999999999651e-02 -6.400000000000000307e-03 -2.599999999999999013e-03 8.920000000000000151e-02 -9.870000000000000995e-02 5.000000000000004441e-04 2.200000000000007505e-03 6.700000000000000226e-03 4.096000000000000086e-05 6.560999999999999016e-05 2.894439999999999860e-03 9.120400000000000295e-04 9.840639999999999457e-03 4.096000000000000086e-05 6.759999999999994570e-06 7.956640000000000934e-03 9.741690000000002500e-03 2.500000000000004651e-07 4.840000000000033281e-06 4.489000000000000558e-05 1.137726500000000000e+06 1.247715625000000000e+06
1.000000000000000000e+00 4.700000000000000185e-03 1.600000000000000033e-02 -8.849999999999999534e-02 2.019999999999999921e-02 -1.155000000000000054e-01 -7.700000000000000247e-03 -1.700000000000000122e-03 7.900000000000000772e-03 -3.469999999999999474e-02 -1.000000000000000194e-02 -1.630000000000000893e-02 -1.299999999999999940e-03 2.209000000000000026e-05 2.559999999999999884e-04 7.832249999999998935e-03 4.080399999999999761e-04 1.334025000000000141e-02 5.929000000000000324e-05 2.890000000000000282e-06 6.241000000000000724e-05 1.204089999999999674e-03 1.000000000000000454e-04 2.656900000000002836e-04 1.689999999999999913e-06 1.138560875000000000e+06 1.248682000000000000e+06
1.000000000000000000e+00 3.899999999999999821e-03 3.359999999999999792e-02 -5.619999999999999996e-02 2.170000000000000054e-02 -1.049999999999999961e-01 -1.170000000000000033e-02 -8.000000000000003636e-04 1.759999999999999759e-02 3.229999999999999538e-02 1.500000000000001332e-03 1.050000000000000933e-02 -4.000000000000000083e-03 1.520999999999999837e-05 1.128959999999999816e-03 3.158440000000000206e-03 4.708900000000000130e-04 1.102499999999999834e-02 1.368899999999999989e-04 6.400000000000005428e-07 3.097599999999999074e-04 1.043289999999999669e-03 2.250000000000003869e-06 1.102500000000001997e-04 1.599999999999999928e-05 1.137582125000000000e+06 1.246181125000000000e+06
1.000000000000000000e+00 1.799999999999999951e-03 -2.149999999999999828e-02 -3.339999999999999913e-02 2.249999999999999917e-02 -8.609999999999999598e-02 -9.900000000000000813e-03 -2.099999999999999870e-03 -5.509999999999999620e-02 2.280000000000000082e-02 7.999999999999986289e-04 1.890000000000000013e-02 1.799999999999999517e-03 3.239999999999999896e-06 4.622499999999999331e-04 1.115560000000000032e-03 5.062499999999999726e-04 7.413209999999999071e-03 9.801000000000001876e-05 4.409999999999999282e-06 3.036009999999999577e-03 5.198400000000000373e-04 6.399999999999977899e-07 3.572100000000000036e-04 3.239999999999998202e-06 1.136330125000000000e+06 1.245585250000000000e+06
1.000000000000000000e+00 -2.999999999999999737e-04 -2.850000000000000103e-02 -4.929999999999999660e-02 1.519999999999999997e-02 -9.030000000000000526e-02 -1.269999999999999948e-02 -2.099999999999999870e-03 -7.000000000000002748e-03 -1.589999999999999747e-02 -7.299999999999999198e-03 -4.200000000000009281e-03 -2.799999999999998671e-03 8.999999999999998534e-08 8.122500000000000379e-04 2.430489999999999561e-03 2.310400000000000106e-04 8.154090000000000990e-03 1.612899999999999957e-04 4.409999999999999282e-06 4.900000000000003908e-05 2.528099999999999055e-04 5.328999999999998614e-05 1.764000000000007844e-05 7.839999999999992700e-06 1.135726750000000000e+06 1.245010500000000000e+06
1.000000000000000000e+00 -2.099999999999999870e-03 -1.660000000000000017e-02 -9.080000000000000571e-02 1.009999999999999960e-02 -6.900000000000000577e-02 -7.000000000000000146e-03 -1.799999999999999951e-03 1.190000000000000085e-02 -4.150000000000000910e-02 -5.100000000000000366e-03 2.129999999999999949e-02 5.699999999999999338e-03 4.409999999999999282e-06 2.755599999999999977e-04 8.244640000000000996e-03 1.020099999999999940e-04 4.761000000000000475e-03 4.900000000000000519e-05 3.239999999999999896e-06 1.416100000000000214e-04 1.722250000000000690e-03 2.601000000000000339e-05 4.536899999999999744e-04 3.248999999999999555e-05 1.137424625000000000e+06 1.247304125000000000e+06
1.000000000000000000e+00 5.300000000000000024e-03 4.320000000000000229e-02 -1.067000000000000032e-01 1.379999999999999977e-02 -4.189999999999999974e-02 -4.000000000000000083e-03 7.400000000000000328e-03 5.980000000000000593e-02 -1.589999999999999747e-02 3.700000000000000164e-03 2.710000000000000603e-02 3.000000000000000062e-03 2.809000000000000041e-05 1.866240000000000130e-03 1.138488999999999994e-02 1.904399999999999995e-04 1.755609999999999896e-03 1.599999999999999928e-05 5.476000000000000426e-05 3.576040000000000815e-03 2.528099999999999055e-04 1.369000000000000106e-05 7.344100000000003360e-04 9.000000000000000228e-06 1.138012625000000000e+06 1.247763375000000000e+06
1.000000000000000000e+00 5.400000000000000286e-03 8.959999999999999909e-02 -5.559999999999999665e-02 1.720000000000000001e-02 -3.819999999999999785e-02 -7.700000000000000247e-03 1.000000000000002623e-04 4.639999999999999680e-02 5.110000000000000653e-02 3.400000000000000244e-03 3.700000000000001898e-03 -3.700000000000000164e-03 2.916000000000000203e-05 8.028159999999999463e-03 3.091359999999999594e-03 2.958400000000000135e-04 1.459239999999999886e-03 5.929000000000000324e-05 1.000000000000005315e-08 2.152959999999999770e-03 2.611210000000000527e-03 1.156000000000000113e-05 1.369000000000001462e-05 1.369000000000000106e-05 1.136141250000000000e+06 1.245549625000000000e+06
1.000000000000000000e+00 -5.999999999999999474e-04 -1.290000000000000001e-02 4.540000000000000285e-02 1.349999999999999985e-02 -1.170000000000000068e-01 -5.599999999999999943e-03 -6.000000000000000125e-03 -1.024999999999999939e-01 1.010000000000000064e-01 -3.700000000000000164e-03 -7.880000000000000893e-02 2.100000000000000304e-03 3.599999999999999414e-07 1.664100000000000008e-04 2.061160000000000249e-03 1.822499999999999847e-04 1.368900000000000151e-02 3.135999999999999790e-05 3.600000000000000091e-05 1.050624999999999823e-02 1.020100000000000173e-02 1.369000000000000106e-05 6.209440000000001833e-03 4.410000000000000976e-06 1.136320000000000000e+06 1.245297375000000000e+06
1.000000000000000000e+00 -4.499999999999999660e-03 -6.969999999999999807e-02 -2.910000000000000087e-02 1.009999999999999960e-02 -9.660000000000000531e-02 -3.299999999999999982e-03 -3.899999999999999821e-03 -5.679999999999999633e-02 -7.450000000000001066e-02 -3.400000000000000244e-03 2.040000000000000147e-02 2.299999999999999961e-03 2.024999999999999755e-05 4.858089999999999804e-03 8.468100000000000323e-04 1.020099999999999940e-04 9.331560000000000896e-03 1.088999999999999907e-05 1.520999999999999837e-05 3.226239999999999577e-03 5.550250000000001363e-03 1.156000000000000113e-05 4.161600000000000542e-04 5.290000000000000174e-06 1.137120500000000000e+06 1.246749375000000000e+06
1.000000000000000000e+00 1.299999999999999940e-03 -2.700000000000000143e-03 -7.639999999999999569e-02 4.599999999999999922e-03 -9.740000000000000047e-02 -3.799999999999999992e-03 5.799999999999999600e-03 6.700000000000000400e-02 -4.729999999999999483e-02 -5.499999999999999681e-03 -7.999999999999951594e-04 -5.000000000000000104e-04 1.689999999999999913e-06 7.290000000000000507e-06 5.836959999999999545e-03 2.116000000000000069e-05 9.486760000000000331e-03 1.444000000000000066e-05 3.363999999999999640e-05 4.489000000000000802e-03 2.237289999999999418e-03 3.024999999999999667e-05 6.399999999999922842e-07 2.499999999999999887e-07 1.137886875000000000e+06 1.246714875000000000e+06
1.000000000000000000e+00 -8.999999999999999754e-04 -4.549999999999999878e-02 -5.160000000000000003e-02 3.099999999999999891e-03 -9.400000000000000022e-02 -4.000000000000000083e-03 -2.199999999999999699e-03 -4.279999999999999777e-02 2.479999999999999566e-02 -1.500000000000000031e-03 3.400000000000000244e-03 -2.000000000000000909e-04 8.099999999999999739e-07 2.070250000000000042e-03 2.662560000000000014e-03 9.609999999999999470e-06 8.836000000000000104e-03 1.599999999999999928e-05 4.839999999999998553e-06 1.831839999999999727e-03 6.150399999999997492e-04 2.250000000000000057e-06 1.156000000000000113e-05 4.000000000000003392e-08 1.136653500000000000e+06 1.243577625000000000e+06
1.000000000000000000e+00 2.000000000000000096e-04 2.299999999999999961e-02 -3.309999999999999748e-02 -4.000000000000000083e-03 -1.037000000000000005e-01 -3.099999999999999891e-03 1.100000000000000066e-03 6.850000000000000533e-02 1.850000000000000255e-02 -7.100000000000000408e-03 -9.700000000000000289e-03 9.000000000000001922e-04 4.000000000000000084e-08 5.289999999999999564e-04 1.095609999999999900e-03 1.599999999999999928e-05 1.075368999999999978e-02 9.609999999999999470e-06 1.210000000000000062e-06 4.692250000000001108e-03 3.422500000000001062e-04 5.041000000000000694e-05 9.409000000000000208e-05 8.100000000000003975e-07 1.136097625000000000e+06 1.243136125000000000e+06
1.000000000000000000e+00 -2.000000000000000096e-04 -4.959999999999999826e-02 -5.240000000000000213e-02 -8.500000000000000611e-03 -9.400000000000000022e-02 2.500000000000000052e-03 -4.000000000000000192e-04 -7.259999999999999787e-02 -1.930000000000000465e-02 -4.500000000000000527e-03 9.700000000000000289e-03 5.599999999999999943e-03 4.000000000000000084e-08 2.460159999999999864e-03 2.745760000000000301e-03 7.225000000000000790e-05 8.836000000000000104e-03 6.250000000000000300e-06 1.600000000000000033e-07 5.270759999999999335e-03 3.724900000000001691e-04 2.025000000000000432e-05 9.409000000000000208e-05 3.135999999999999790e-05 1.137475375000000000e+06 1.245167375000000000e+06
1.000000000000000000e+00 7.199999999999999803e-03 -2.029999999999999860e-02 -8.799999999999999489e-02 -1.299999999999999940e-03 -6.579999999999999738e-02 8.099999999999999561e-03 7.399999999999999460e-03 2.929999999999999966e-02 -3.559999999999999276e-02 7.200000000000000670e-03 2.820000000000000284e-02 5.599999999999999076e-03 5.183999999999999833e-05 4.120899999999999390e-04 7.743999999999999148e-03 1.689999999999999913e-06 4.329640000000000051e-03 6.560999999999999016e-05 5.475999999999999070e-05 8.584899999999999476e-04 1.267359999999999494e-03 5.184000000000001188e-05 7.952400000000001178e-04 3.135999999999999113e-05 1.137002625000000000e+06 1.245601875000000000e+06
1.000000000000000000e+00 1.310000000000000053e-02 1.629999999999999852e-02 -1.071000000000000008e-01 4.000000000000000083e-03 -5.000000000000000278e-02 8.600000000000000006e-03 5.900000000000000730e-03 3.659999999999999365e-02 -1.910000000000000586e-02 5.300000000000000024e-03 1.579999999999999460e-02 5.000000000000004441e-04 1.716100000000000188e-04 2.656899999999999583e-04 1.147041000000000033e-02 1.599999999999999928e-05 2.500000000000000486e-03 7.396000000000000339e-05 3.481000000000000722e-05 1.339559999999999623e-03 3.648100000000002426e-04 2.809000000000000041e-05 2.496399999999998121e-04 2.500000000000004651e-07 1.136939250000000000e+06 1.245986625000000000e+06
1.000000000000000000e+00 1.239999999999999956e-02 6.160000000000000198e-02 -5.249999999999999806e-02 8.399999999999999481e-03 -6.060000000000000109e-02 9.799999999999999684e-03 -7.000000000000009687e-04 4.530000000000000693e-02 5.460000000000000270e-02 4.399999999999999398e-03 -1.059999999999999831e-02 1.199999999999999678e-03 1.537599999999999915e-04 3.794560000000000207e-03 2.756249999999999586e-03 7.055999999999998851e-05 3.672359999999999947e-03 9.603999999999999527e-05 4.900000000000013437e-07 2.052090000000000771e-03 2.981160000000000494e-03 1.935999999999999421e-05 1.123599999999999610e-04 1.439999999999999130e-06 1.135769625000000000e+06 1.245601250000000000e+06
1.000000000000000000e+00 1.050000000000000065e-02 -1.859999999999999848e-02 5.990000000000000185e-02 1.119999999999999989e-02 -1.045999999999999985e-01 1.159999999999999920e-02 -1.899999999999998912e-03 -8.019999999999999352e-02 1.123999999999999999e-01 2.800000000000000405e-03 -4.399999999999999745e-02 1.799999999999999517e-03 1.102500000000000100e-04 3.459599999999999199e-04 3.588010000000000418e-03 1.254399999999999916e-04 1.094116000000000012e-02 1.345599999999999856e-04 3.609999999999995930e-06 6.432039999999999112e-03 1.263376000000000082e-02 7.840000000000002864e-06 1.935999999999999787e-03 3.239999999999998202e-06 1.135334000000000000e+06 1.244363625000000000e+06
1.000000000000000000e+00 3.200000000000000153e-03 7.799999999999999642e-03 -3.189999999999999780e-02 2.599999999999999881e-03 -8.770000000000000018e-02 1.689999999999999836e-02 -7.300000000000000933e-03 2.639999999999999986e-02 -9.179999999999999272e-02 -8.600000000000000006e-03 1.689999999999999836e-02 5.299999999999999156e-03 1.024000000000000021e-05 6.083999999999999348e-05 1.017609999999999956e-03 6.759999999999999652e-06 7.691289999999999932e-03 2.856099999999999438e-04 5.329000000000001325e-05 6.969599999999999407e-04 8.427239999999999037e-03 7.396000000000000339e-05 2.856099999999999438e-04 2.808999999999999025e-05 1.136296375000000000e+06 1.246353625000000000e+06
1.000000000000000000e+00 1.000000000000000021e-03 1.930000000000000118e-02 -1.287999999999999978e-01 -3.899999999999999821e-03 -8.450000000000000566e-02 1.340000000000000045e-02 -2.200000000000000133e-03 1.150000000000000154e-02 -9.690000000000000002e-02 -6.499999999999999702e-03 3.199999999999994515e-03 -3.499999999999997904e-03 9.999999999999999547e-07 3.724900000000000606e-04 1.658944000000000044e-02 1.520999999999999837e-05 7.140250000000000763e-03 1.795600000000000223e-04 4.840000000000000247e-06 1.322500000000000433e-04 9.389609999999999623e-03 4.224999999999999698e-05 1.023999999999996464e-05 1.224999999999998605e-05 1.137957000000000000e+06 1.246826500000000000e+06
1.000000000000000000e+00 2.899999999999999800e-03 4.809999999999999692e-02 -4.959999999999999826e-02 -2.500000000000000052e-03 -7.660000000000000142e-02 1.280000000000000061e-02 1.899999999999999779e-03 2.879999999999999574e-02 7.919999999999999263e-02 1.399999999999999769e-03 7.900000000000004241e-03 -5.999999999999998390e-04 8.409999999999999101e-06 2.313609999999999799e-03 2.460159999999999864e-03 6.250000000000000300e-06 5.867559999999999963e-03 1.638400000000000034e-04 3.609999999999999318e-06 8.294399999999997565e-04 6.272639999999998599e-03 1.959999999999999445e-06 6.241000000000006146e-05 3.599999999999997825e-07 1.136768875000000000e+06 1.246919000000000000e+06
1.000000000000000000e+00 8.999999999999999320e-03 -6.000000000000000125e-03 -5.580000000000000238e-02 -3.799999999999999992e-03 -7.520000000000000295e-02 1.870000000000000134e-02 6.099999999999999520e-03 -5.409999999999999531e-02 -6.200000000000004119e-03 -1.299999999999999940e-03 1.399999999999998468e-03 5.900000000000000730e-03 8.099999999999999019e-05 3.600000000000000091e-05 3.113640000000000418e-03 1.444000000000000066e-05 5.655040000000000067e-03 3.496900000000000485e-04 3.720999999999999102e-05 2.926809999999999308e-03 3.844000000000005209e-05 1.689999999999999913e-06 1.959999999999995634e-06 3.481000000000000722e-05 1.136927000000000000e+06 1.246634625000000000e+06
1.000000000000000000e+00 1.220000000000000077e-02 5.100000000000000366e-03 -5.319999999999999729e-02 -6.700000000000000226e-03 -5.879999999999999810e-02 1.909999999999999892e-02 3.200000000000001454e-03 1.110000000000000049e-02 2.600000000000005085e-03 -2.900000000000000234e-03 1.640000000000000485e-02 3.999999999999975797e-04 1.488400000000000183e-04 2.601000000000000339e-05 2.830239999999999926e-03 4.489000000000000558e-05 3.457439999999999992e-03 3.648099999999999715e-04 1.024000000000000868e-05 1.232100000000000079e-04 6.760000000000026757e-06 8.410000000000000795e-06 2.689600000000001625e-04 1.599999999999980711e-07 1.135243375000000000e+06 1.245182375000000000e+06
1.000000000000000000e+00 9.499999999999999764e-03 1.329999999999999932e-02 -2.539999999999999897e-02 -4.499999999999999660e-03 -6.679999999999999827e-02 2.179999999999999993e-02 -2.700000000000001010e-03 8.199999999999998956e-03 2.779999999999999832e-02 2.200000000000000566e-03 -8.000000000000000167e-03 2.700000000000001010e-03 9.024999999999999819e-05 1.768899999999999954e-04 6.451599999999999826e-04 2.024999999999999755e-05 4.462240000000000130e-03 4.752399999999999832e-04 7.290000000000005589e-06 6.723999999999998641e-05 7.728399999999998986e-04 4.840000000000002788e-06 6.399999999999999710e-05 7.290000000000005589e-06 1.135477000000000000e+06 1.244822500000000000e+06
1.000000000000000000e+00 2.270000000000000143e-02 2.149999999999999828e-02 -3.039999999999999994e-02 1.199999999999999895e-03 -1.108999999999999986e-01 -1.170000000000000033e-02 1.320000000000000166e-02 8.199999999999998956e-03 -5.000000000000000971e-03 5.699999999999999338e-03 -4.410000000000000031e-02 -3.350000000000000200e-02 5.152900000000000622e-04 4.622499999999999331e-04 9.241600000000000422e-04 1.439999999999999765e-06 1.229881000000000030e-02 1.368899999999999989e-04 1.742400000000000394e-04 6.723999999999998641e-05 2.500000000000001136e-05 3.248999999999999555e-05 1.944809999999999942e-03 1.122250000000000201e-03 1.136129375000000000e+06 1.246546875000000000e+06
1.000000000000000000e+00 1.899999999999999953e-02 3.799999999999999906e-02 -4.719999999999999890e-02 -4.199999999999999740e-03 -5.630000000000000282e-02 -1.549999999999999989e-02 -3.700000000000001898e-03 1.650000000000000078e-02 -1.679999999999999896e-02 -5.399999999999999419e-03 5.459999999999999576e-02 -3.799999999999999559e-03 3.609999999999999928e-04 1.443999999999999971e-03 2.227840000000000029e-03 1.763999999999999713e-05 3.169690000000000181e-03 2.402499999999999851e-04 1.369000000000001462e-05 2.722500000000000310e-04 2.822399999999999540e-04 2.915999999999999525e-05 2.981159999999999626e-03 1.443999999999999727e-05 1.137510750000000000e+06 1.248655125000000000e+06
1.000000000000000000e+00 2.050000000000000086e-02 -5.100000000000000366e-03 -1.032000000000000001e-01 -5.300000000000000024e-03 -8.519999999999999796e-02 -4.799999999999999580e-03 1.500000000000001332e-03 -4.309999999999999942e-02 -5.600000000000000117e-02 -1.100000000000000283e-03 -2.889999999999999514e-02 1.070000000000000118e-02 4.202500000000000506e-04 2.601000000000000339e-05 1.065024000000000005e-02 2.809000000000000041e-05 7.259039999999999590e-03 2.303999999999999625e-05 2.250000000000003869e-06 1.857609999999999990e-03 3.136000000000000332e-03 1.210000000000000697e-06 8.352099999999997504e-04 1.144900000000000236e-04 1.137806125000000000e+06 1.249506000000000000e+06
1.000000000000000000e+00 2.630000000000000046e-02 8.279999999999999860e-02 -8.599999999999999312e-02 -8.000000000000000383e-04 -5.160000000000000003e-02 -5.499999999999999681e-03 5.799999999999999600e-03 8.790000000000000591e-02 1.720000000000000695e-02 4.499999999999999660e-03 3.359999999999999792e-02 -7.000000000000001013e-04 6.916900000000000132e-04 6.855840000000000198e-03 7.395999999999998929e-03 6.400000000000000134e-07 2.662560000000000014e-03 3.024999999999999667e-05 3.363999999999999640e-05 7.726410000000001263e-03 2.958400000000002304e-04 2.024999999999999755e-05 1.128959999999999816e-03 4.900000000000001790e-07 1.136796000000000000e+06 1.247669500000000000e+06
1.000000000000000000e+00 2.019999999999999921e-02 8.939999999999999336e-02 2.359999999999999945e-02 -3.399999999999999811e-03 -7.779999999999999416e-02 -9.900000000000000813e-03 -6.100000000000001255e-03 6.599999999999994760e-03 1.095999999999999891e-01 -2.599999999999999881e-03 -2.619999999999999413e-02 -4.400000000000001132e-03 4.080399999999999761e-04 7.992359999999998701e-03 5.569600000000000072e-04 1.155999999999999943e-05 6.052839999999999436e-03 9.801000000000001876e-05 3.721000000000001813e-05 4.355999999999992853e-05 1.201215999999999742e-02 6.759999999999999652e-06 6.864399999999996416e-04 1.936000000000001115e-05 1.135025750000000000e+06 1.243978625000000000e+06
1.000000000000000000e+00 1.830000000000000029e-02 -8.179999999999999771e-02 -7.030000000000000138e-02 -7.499999999999999722e-03 -1.421999999999999931e-01 -9.700000000000000289e-03 -1.899999999999998912e-03 -1.711999999999999911e-01 -9.389999999999999736e-02 -4.099999999999999478e-03 -6.439999999999999891e-02 2.000000000000005246e-04 3.348900000000000141e-04 6.691239999999999341e-03 4.942090000000000545e-03 5.624999999999999846e-05 2.022083999999999687e-02 9.409000000000000208e-05 3.609999999999995930e-06 2.930943999999999564e-02 8.817209999999998937e-03 1.680999999999999660e-05 4.147360000000000109e-03 4.000000000000021260e-08 1.136696375000000000e+06 1.246677000000000000e+06
1.000000000000000000e+00 1.269999999999999948e-02 -2.939999999999999905e-02 -2.680000000000000090e-02 -9.299999999999999239e-03 -7.489999999999999436e-02 -1.260000000000000009e-02 -5.600000000000000810e-03 5.240000000000000213e-02 4.349999999999999700e-02 -1.799999999999999517e-03 6.729999999999999871e-02 -2.899999999999999800e-03 1.612899999999999957e-04 8.643599999999999981e-04 7.182400000000000893e-04 8.648999999999997998e-05 5.610009999999999476e-03 1.587600000000000046e-04 3.136000000000001146e-05 2.745760000000000301e-03 1.892249999999999835e-03 3.239999999999998202e-06 4.529290000000000052e-03 8.409999999999999101e-06 1.136425500000000000e+06 1.245025750000000000e+06
1.000000000000000000e+00 1.400000000000000029e-02 4.639999999999999680e-02 -4.390000000000000152e-02 -1.319999999999999993e-02 -1.005999999999999950e-01 -8.699999999999999400e-03 1.300000000000000808e-03 7.579999999999999238e-02 -1.710000000000000062e-02 -3.900000000000000688e-03 -2.570000000000000062e-02 3.900000000000000688e-03 1.960000000000000208e-04 2.152959999999999770e-03 1.927210000000000164e-03 1.742399999999999852e-04 1.012035999999999838e-02 7.568999999999998852e-05 1.690000000000002031e-06 5.745639999999998908e-03 2.924100000000000006e-04 1.521000000000000515e-05 6.604900000000000137e-04 1.521000000000000515e-05 1.137058875000000000e+06 1.246310375000000000e+06
1.000000000000000000e+00 1.549999999999999989e-02 2.900000000000000147e-02 -5.680000000000000326e-02 -1.430000000000000021e-02 -6.679999999999999827e-02 -6.100000000000000387e-03 1.499999999999999598e-03 -1.739999999999999533e-02 -1.290000000000000174e-02 -1.100000000000000283e-03 3.379999999999999671e-02 2.599999999999999013e-03 2.402499999999999851e-04 8.410000000000000591e-04 3.226240000000000444e-03 2.044900000000000157e-04 4.462240000000000130e-03 3.721000000000000457e-05 2.249999999999998786e-06 3.027599999999998456e-04 1.664100000000000551e-04 1.210000000000000697e-06 1.142439999999999775e-03 6.759999999999994570e-06 1.136298750000000000e+06 1.246053750000000000e+06
1.000000000000000000e+00 1.469999999999999953e-02 4.800000000000000100e-02 -4.379999999999999866e-02 4.259999999999999898e-02 -1.228999999999999954e-01 -1.699999999999999905e-03 -8.000000000000003636e-04 1.899999999999999953e-02 1.300000000000000461e-02 5.689999999999999919e-02 -5.609999999999999709e-02 4.400000000000000265e-03 2.160899999999999995e-04 2.304000000000000058e-03 1.918439999999999989e-03 1.814759999999999898e-03 1.510440999999999867e-02 2.889999999999999859e-06 6.400000000000005428e-07 3.609999999999999928e-04 1.690000000000001234e-04 3.237609999999999707e-03 3.147209999999999678e-03 1.936000000000000099e-05 1.135022375000000000e+06 1.243967750000000000e+06
1.000000000000000000e+00 1.480000000000000066e-02 -5.999999999999999474e-04 -2.719999999999999848e-02 4.549999999999999878e-02 -6.110000000000000153e-02 -6.700000000000000226e-03 1.000000000000011297e-04 -4.860000000000000431e-02 1.660000000000000017e-02 2.899999999999999800e-03 6.179999999999999383e-02 -5.000000000000000104e-03 2.190400000000000170e-04 3.599999999999999414e-07 7.398399999999999638e-04 2.070250000000000042e-03 3.733210000000000261e-03 4.489000000000000558e-05 1.000000000000022520e-08 2.361960000000000622e-03 2.755599999999999977e-04 8.409999999999999101e-06 3.819239999999999354e-03 2.500000000000000120e-05 1.135330500000000000e+06 1.245627750000000000e+06
1.000000000000000000e+00 8.200000000000000691e-03 -1.930000000000000118e-02 -3.819999999999999785e-02 4.200000000000000261e-02 -1.088999999999999968e-01 -7.700000000000000247e-03 -6.599999999999999964e-03 -1.870000000000000134e-02 -1.099999999999999936e-02 -3.499999999999996170e-03 -4.779999999999999527e-02 -1.000000000000000021e-03 6.724000000000001352e-05 3.724900000000000606e-04 1.459239999999999886e-03 1.764000000000000160e-03 1.185920999999999850e-02 5.929000000000000324e-05 4.355999999999999629e-05 3.496900000000000485e-04 1.209999999999999867e-04 1.224999999999997250e-05 2.284839999999999354e-03 9.999999999999999547e-07 1.137407500000000000e+06 1.247637375000000000e+06
1.000000000000000000e+00 9.700000000000000289e-03 -2.330000000000000127e-02 -7.449999999999999678e-02 4.229999999999999732e-02 -7.439999999999999392e-02 -7.300000000000000065e-03 1.499999999999999598e-03 -4.000000000000000083e-03 -3.629999999999999893e-02 2.999999999999947153e-04 3.450000000000000289e-02 4.000000000000001818e-04 9.409000000000000208e-05 5.428900000000000826e-04 5.550249999999999628e-03 1.789289999999999804e-03 5.535359999999998719e-03 5.328999999999999970e-05 2.249999999999998786e-06 1.599999999999999928e-05 1.317689999999999834e-03 8.999999999999683544e-08 1.190250000000000119e-03 1.600000000000001357e-07 1.137718375000000000e+06 1.248869000000000000e+06
1.000000000000000000e+00 1.080000000000000057e-02 3.610000000000000014e-02 -8.690000000000000502e-02 4.549999999999999878e-02 -4.370000000000000273e-02 -3.399999999999999811e-03 1.100000000000000283e-03 5.940000000000000141e-02 -1.240000000000000824e-02 3.200000000000001454e-03 3.069999999999999118e-02 3.900000000000000255e-03 1.166400000000000081e-04 1.303209999999999959e-03 7.551610000000001134e-03 2.070250000000000042e-03 1.909690000000000346e-03 1.155999999999999943e-05 1.210000000000000697e-06 3.528360000000000350e-03 1.537600000000002084e-04 1.024000000000000868e-05 9.424899999999994957e-04 1.521000000000000176e-05 1.136626750000000000e+06 1.247872125000000000e+06
1.000000000000000000e+00 1.510000000000000057e-02 7.330000000000000404e-02 -4.290000000000000063e-02 4.410000000000000031e-02 -6.350000000000000089e-02 -9.299999999999999239e-03 4.300000000000000003e-03 3.720000000000000390e-02 4.400000000000000439e-02 -1.399999999999998468e-03 -1.979999999999999816e-02 -5.899999999999998995e-03 2.280100000000000074e-04 5.372890000000000825e-03 1.840410000000000006e-03 1.944809999999999942e-03 4.032250000000000244e-03 8.648999999999997998e-05 1.849000000000000085e-05 1.383840000000000330e-03 1.936000000000000438e-03 1.959999999999995634e-06 3.920399999999999124e-04 3.480999999999998689e-05 1.136062750000000000e+06 1.245700625000000000e+06
1.000000000000000000e+00 1.190000000000000085e-02 1.600000000000000077e-03 -1.580000000000000154e-02 4.760000000000000342e-02 -1.270000000000000018e-01 -1.209999999999999964e-02 -3.199999999999999720e-03 -7.169999999999999984e-02 2.709999999999999909e-02 3.500000000000003109e-03 -6.350000000000000089e-02 -2.800000000000000405e-03 1.416100000000000214e-04 2.560000000000000054e-06 2.496400000000000290e-04 2.265760000000000343e-03 1.612900000000000097e-02 1.464100000000000026e-04 1.023999999999999852e-05 5.140890000000000390e-03 7.344099999999999023e-04 1.225000000000002163e-05 4.032250000000000244e-03 7.840000000000002864e-06 1.135386625000000000e+06 1.245202625000000000e+06
1.000000000000000000e+00 1.250000000000000069e-02 7.900000000000000772e-03 -3.330000000000000321e-02 4.240000000000000019e-02 -1.223000000000000059e-01 -1.209999999999999964e-02 5.999999999999998390e-04 6.300000000000000912e-03 -1.750000000000000167e-02 -5.200000000000003231e-03 4.699999999999995848e-03 0.000000000000000000e+00 1.562500000000000304e-04 6.241000000000000724e-05 1.108890000000000179e-03 1.797760000000000026e-03 1.495729000000000156e-02 1.464100000000000026e-04 3.599999999999997825e-07 3.969000000000001471e-05 3.062500000000000443e-04 2.704000000000003249e-05 2.208999999999995960e-05 0.000000000000000000e+00 1.136195750000000000e+06 1.245595250000000000e+06
1.000000000000000000e+00 1.050000000000000065e-02 3.679999999999999938e-02 -3.540000000000000091e-02 3.610000000000000014e-02 -1.034999999999999948e-01 -7.499999999999999722e-03 -2.000000000000000042e-03 2.889999999999999861e-02 -2.099999999999997702e-03 -6.300000000000000044e-03 1.880000000000001115e-02 4.599999999999999922e-03 1.102500000000000100e-04 1.354240000000000044e-03 1.253160000000000125e-03 1.303209999999999959e-03 1.071224999999999955e-02 5.624999999999999846e-05 3.999999999999999819e-06 8.352099999999999672e-04 4.409999999999989964e-06 3.969000000000000116e-05 3.534400000000004378e-04 2.116000000000000069e-05 1.135745250000000000e+06 1.245225875000000000e+06
1.000000000000000000e+00 1.980000000000000163e-02 8.060000000000000497e-02 -3.289999999999999869e-02 4.279999999999999777e-02 -8.770000000000000018e-02 -8.800000000000000530e-03 9.300000000000000974e-03 4.380000000000000560e-02 2.500000000000002220e-03 6.699999999999997624e-03 1.579999999999999460e-02 -1.300000000000000808e-03 3.920400000000000751e-04 6.496360000000000502e-03 1.082410000000000013e-03 1.831839999999999727e-03 7.691289999999999932e-03 7.744000000000000395e-05 8.649000000000002064e-05 1.918440000000000423e-03 6.250000000000011311e-06 4.488999999999996492e-05 2.496399999999998121e-04 1.690000000000002031e-06 1.135961000000000000e+06 1.245257625000000000e+06
1.000000000000000000e+00 1.359999999999999924e-02 4.100000000000000346e-03 -4.059999999999999720e-02 3.109999999999999917e-02 -9.180000000000000659e-02 -9.700000000000000289e-03 -6.200000000000002384e-03 -7.649999999999999856e-02 -7.699999999999998512e-03 -1.169999999999999860e-02 -4.100000000000006417e-03 -8.999999999999997585e-04 1.849599999999999910e-04 1.681000000000000338e-05 1.648359999999999756e-03 9.672099999999999231e-04 8.427240000000000772e-03 9.409000000000000208e-05 3.844000000000003176e-05 5.852249999999999813e-03 5.928999999999997613e-05 1.368899999999999718e-04 1.681000000000005420e-05 8.099999999999995504e-07 1.136612000000000000e+06 1.245074625000000000e+06
1.000000000000000000e+00 1.940000000000000058e-02 4.390000000000000152e-02 -4.649999999999999967e-02 3.960000000000000325e-02 -9.210000000000000131e-02 -5.700000000000000205e-03 5.800000000000001335e-03 3.980000000000000204e-02 -5.900000000000002465e-03 8.500000000000004080e-03 -2.999999999999947153e-04 4.000000000000000083e-03 3.763600000000000083e-04 1.927210000000000164e-03 2.162250000000000109e-03 1.568160000000000300e-03 8.482410000000000991e-03 3.249000000000000233e-05 3.364000000000001673e-05 1.584040000000000101e-03 3.481000000000002755e-05 7.225000000000007566e-05 8.999999999999683544e-08 1.599999999999999928e-05 1.134421000000000000e+06 1.244338000000000000e+06
1.000000000000000000e+00 1.549999999999999989e-02 5.369999999999999774e-02 -2.699999999999999969e-02 4.329999999999999821e-02 -1.054999999999999966e-01 -1.660000000000000017e-02 -3.900000000000000688e-03 9.799999999999996214e-03 1.949999999999999997e-02 3.699999999999994960e-03 -1.339999999999999525e-02 -1.089999999999999997e-02 2.402499999999999851e-04 2.883689999999999951e-03 7.289999999999999388e-04 1.874889999999999933e-03 1.113024999999999952e-02 2.755599999999999977e-04 1.521000000000000515e-05 9.603999999999992751e-05 3.802499999999999999e-04 1.368999999999996210e-05 1.795599999999998597e-04 1.188099999999999958e-04 1.134542000000000000e+06 1.244001250000000000e+06
1.000000000000000000e+00 1.430000000000000021e-02 -3.239999999999999825e-02 -3.579999999999999849e-02 4.170000000000000095e-02 -1.131999999999999951e-01 -1.089999999999999997e-02 -1.199999999999999678e-03 -8.609999999999999598e-02 -8.799999999999998795e-03 -1.599999999999997258e-03 -7.699999999999998512e-03 5.700000000000000205e-03 2.044900000000000157e-04 1.049759999999999843e-03 1.281639999999999906e-03 1.738890000000000097e-03 1.281423999999999931e-02 1.188099999999999958e-04 1.439999999999999130e-06 7.413209999999999071e-03 7.743999999999997684e-05 2.559999999999991160e-06 5.928999999999997613e-05 3.249000000000000233e-05 1.135781500000000000e+06 1.245383250000000000e+06
1.000000000000000000e+00 1.400000000000000029e-02 -1.030000000000000013e-02 -5.550000000000000072e-02 3.599999999999999728e-02 -9.130000000000000615e-02 -8.500000000000000611e-03 -2.999999999999999195e-04 2.209999999999999812e-02 -1.970000000000000223e-02 -5.700000000000003675e-03 2.189999999999998892e-02 2.399999999999999356e-03 1.960000000000000208e-04 1.060900000000000092e-04 3.080250000000000089e-03 1.295999999999999843e-03 8.335690000000001501e-03 7.225000000000000790e-05 8.999999999999994563e-08 4.884099999999998859e-04 3.880900000000001146e-04 3.249000000000004299e-05 4.796099999999995094e-04 5.759999999999996521e-06 1.136526500000000000e+06 1.246800125000000000e+06
1.000000000000000000e+00 1.899999999999999953e-02 5.240000000000000213e-02 -7.340000000000000691e-02 3.409999999999999837e-02 -6.040000000000000230e-02 -6.100000000000000387e-03 4.999999999999999237e-03 6.270000000000000573e-02 -1.790000000000000618e-02 -1.899999999999998912e-03 3.090000000000000385e-02 2.400000000000000223e-03 3.609999999999999928e-04 2.745760000000000301e-03 5.387560000000001306e-03 1.162809999999999799e-03 3.648160000000000118e-03 3.721000000000000457e-05 2.499999999999999103e-05 3.931290000000000479e-03 3.204100000000002476e-04 3.609999999999995930e-06 9.548100000000002722e-04 5.760000000000000756e-06 1.136917375000000000e+06 1.247776125000000000e+06
1.000000000000000000e+00 1.770000000000000046e-02 1.028000000000000025e-01 -5.859999999999999931e-02 3.470000000000000168e-02 -5.070000000000000201e-02 -4.700000000000000185e-03 -1.299999999999999073e-03 5.040000000000000036e-02 1.480000000000000759e-02 6.000000000000033085e-04 9.700000000000000289e-03 1.400000000000000203e-03 3.132900000000000311e-04 1.056784000000000022e-02 3.433959999999999790e-03 1.204090000000000108e-03 2.570490000000000361e-03 2.209000000000000026e-05 1.689999999999997584e-06 2.540160000000000074e-03 2.190400000000002339e-04 3.600000000000039648e-07 9.409000000000000208e-05 1.960000000000000716e-06 1.135341000000000000e+06 1.245952125000000000e+06
1.000000000000000000e+00 1.799999999999999864e-02 -9.299999999999999239e-03 -3.590000000000000135e-02 3.490000000000000047e-02 -1.197000000000000008e-01 -1.200000000000000025e-02 2.999999999999981848e-04 -1.121000000000000052e-01 2.269999999999999796e-02 1.999999999999987899e-04 -6.900000000000000577e-02 -7.300000000000000065e-03 3.239999999999999608e-04 8.648999999999997998e-05 1.288810000000000042e-03 1.218010000000000056e-03 1.432808999999999992e-02 1.440000000000000036e-04 8.999999999999891331e-08 1.256641000000000181e-02 5.152899999999999538e-04 3.999999999999951776e-08 4.761000000000000475e-03 5.328999999999999970e-05 1.134628125000000000e+06 1.244828375000000000e+06
1.000000000000000000e+00 1.170000000000000033e-02 -4.959999999999999826e-02 -1.830000000000000029e-02 3.359999999999999792e-02 -9.229999999999999316e-02 -1.660000000000000017e-02 -6.299999999999998310e-03 -4.030000000000000249e-02 1.760000000000000106e-02 -1.300000000000002542e-03 2.740000000000000768e-02 -4.599999999999999922e-03 1.368899999999999989e-04 2.460159999999999864e-03 3.348900000000000141e-04 1.128959999999999816e-03 8.519289999999998808e-03 2.755599999999999977e-04 3.968999999999998083e-05 1.624090000000000126e-03 3.097600000000000158e-04 1.690000000000006689e-06 7.507600000000003810e-04 2.116000000000000069e-05 1.135804750000000000e+06 1.246040250000000000e+06
1.000000000000000000e+00 1.250000000000000069e-02 5.290000000000000258e-02 -5.499999999999999681e-03 3.520000000000000212e-02 -7.040000000000000424e-02 -1.830000000000000029e-02 8.000000000000003636e-04 1.025000000000000078e-01 1.280000000000000061e-02 1.600000000000004197e-03 2.189999999999998892e-02 -1.700000000000000122e-03 1.562500000000000304e-04 2.798410000000000307e-03 3.024999999999999667e-05 1.239040000000000063e-03 4.956160000000000253e-03 3.348900000000000141e-04 6.400000000000005428e-07 1.050625000000000170e-02 1.638400000000000034e-04 2.560000000000013606e-06 4.796099999999995094e-04 2.890000000000000282e-06 1.135623125000000000e+06 1.246783250000000000e+06
1.000000000000000000e+00 1.069999999999999944e-02 1.969999999999999876e-02 -4.669999999999999846e-02 2.750000000000000014e-02 -6.719999999999999585e-02 -1.290000000000000001e-02 -1.800000000000001252e-03 -3.320000000000000728e-02 -4.120000000000000051e-02 -7.700000000000001982e-03 3.200000000000008393e-03 5.400000000000000286e-03 1.144899999999999830e-04 3.880899999999999519e-04 2.180889999999999999e-03 7.562499999999999778e-04 4.515839999999999264e-03 1.664100000000000008e-04 3.240000000000004554e-06 1.102240000000000424e-03 1.697440000000000147e-03 5.929000000000003034e-05 1.024000000000005442e-05 2.916000000000000203e-05 1.135698000000000000e+06 1.246991625000000000e+06
1.000000000000000000e+00 6.799999999999999621e-03 2.460000000000000034e-02 -2.440000000000000155e-02 2.510000000000000078e-02 -6.289999999999999758e-02 -2.079999999999999905e-02 -3.899999999999999821e-03 4.900000000000001577e-03 2.229999999999999691e-02 -2.399999999999999356e-03 4.299999999999998268e-03 -7.899999999999999037e-03 4.623999999999999774e-05 6.051599999999999861e-04 5.953600000000000732e-04 6.300100000000000752e-04 3.956409999999999615e-03 4.326399999999999777e-04 1.520999999999999837e-05 2.401000000000001576e-05 4.972899999999998415e-04 5.759999999999996521e-06 1.848999999999998391e-05 6.240999999999998014e-05 1.134029500000000000e+06 1.243738250000000000e+06
1.000000000000000000e+00 3.700000000000000164e-03 -2.369999999999999885e-02 8.200000000000000691e-03 2.050000000000000086e-02 -4.179999999999999688e-02 -1.110000000000000049e-02 -3.099999999999999457e-03 -4.829999999999999571e-02 3.260000000000000397e-02 -4.599999999999999922e-03 2.110000000000000070e-02 9.699999999999998554e-03 1.369000000000000106e-05 5.616899999999999974e-04 6.724000000000001352e-05 4.202500000000000506e-04 1.747239999999999731e-03 1.232100000000000079e-04 9.609999999999996082e-06 2.332889999999999790e-03 1.062760000000000267e-03 2.116000000000000069e-05 4.452100000000000285e-04 9.408999999999997498e-05 1.134145250000000000e+06 1.244594750000000000e+06
1.000000000000000000e+00 5.999999999999999474e-04 -2.100000000000000130e-02 1.020000000000000073e-02 1.990000000000000102e-02 -7.580000000000000626e-02 -6.499999999999999702e-03 -3.100000000000000325e-03 2.699999999999997541e-03 2.000000000000000042e-03 -5.999999999999998390e-04 -3.400000000000000938e-02 4.600000000000000790e-03 3.599999999999999414e-07 4.410000000000000400e-04 1.040400000000000135e-04 3.960100000000000252e-04 5.745640000000000643e-03 4.224999999999999698e-05 9.610000000000002858e-06 7.289999999999986954e-06 3.999999999999999819e-06 3.599999999999997825e-07 1.156000000000000560e-03 2.116000000000000747e-05 1.136001250000000000e+06 1.247456000000000000e+06
1.000000000000000000e+00 -5.000000000000000104e-03 1.660000000000000017e-02 -7.950000000000000122e-02 1.359999999999999924e-02 -5.220000000000000334e-02 5.799999999999999600e-03 -5.599999999999999943e-03 3.760000000000000148e-02 -8.970000000000000195e-02 -6.300000000000001779e-03 2.360000000000000292e-02 1.229999999999999843e-02 2.500000000000000120e-05 2.755599999999999977e-04 6.320250000000000347e-03 1.849599999999999910e-04 2.724840000000000508e-03 3.363999999999999640e-05 3.135999999999999790e-05 1.413760000000000017e-03 8.046090000000000533e-03 3.969000000000002149e-05 5.569600000000001156e-04 1.512899999999999694e-04 1.136365250000000000e+06 1.249161500000000000e+06
1.000000000000000000e+00 2.299999999999999961e-03 6.829999999999999960e-02 -7.689999999999999614e-02 1.849999999999999908e-02 -4.080000000000000293e-02 1.170000000000000033e-02 7.300000000000000065e-03 5.169999999999999596e-02 2.600000000000005085e-03 4.899999999999999842e-03 1.140000000000000041e-02 5.900000000000000730e-03 5.290000000000000174e-06 4.664889999999999662e-03 5.913609999999999700e-03 3.422499999999999436e-04 1.664640000000000217e-03 1.368899999999999989e-04 5.328999999999999970e-05 2.672889999999999381e-03 6.760000000000026757e-06 2.400999999999999882e-05 1.299600000000000093e-04 3.481000000000000722e-05 1.135881500000000000e+06 1.248341750000000000e+06
1.000000000000000000e+00 1.119999999999999989e-02 3.620000000000000301e-02 -9.339999999999999691e-02 1.750000000000000167e-02 -7.270000000000000073e-02 1.400000000000000029e-02 8.899999999999999925e-03 -3.209999999999999659e-02 -1.650000000000000078e-02 -9.999999999999974187e-04 -3.189999999999999780e-02 2.299999999999999961e-03 1.254399999999999916e-04 1.310440000000000172e-03 8.723559999999999995e-03 3.062500000000000443e-04 5.285289999999999780e-03 1.960000000000000208e-04 7.920999999999999547e-05 1.030409999999999833e-03 2.722500000000000310e-04 9.999999999999948726e-07 1.017609999999999956e-03 5.290000000000000174e-06 1.136331375000000000e+06 1.247916125000000000e+06
1.000000000000000000e+00 9.799999999999999684e-03 3.799999999999999992e-03 -4.130000000000000338e-02 1.650000000000000078e-02 -7.580000000000000626e-02 5.199999999999999761e-03 -1.400000000000000203e-03 -3.240000000000000518e-02 5.209999999999999354e-02 -1.000000000000000888e-03 -3.100000000000005529e-03 -8.800000000000000530e-03 9.603999999999999527e-05 1.444000000000000066e-05 1.705690000000000374e-03 2.722500000000000310e-04 5.745640000000000643e-03 2.703999999999999861e-05 1.960000000000000716e-06 1.049760000000000276e-03 2.714409999999999133e-03 1.000000000000001861e-06 9.610000000000035045e-06 7.744000000000000395e-05 1.133460500000000000e+06 1.245569750000000000e+06
1.000000000000000000e+00 1.050000000000000065e-02 2.850000000000000103e-02 2.779999999999999832e-02 1.870000000000000134e-02 -7.359999999999999876e-02 2.799999999999999972e-03 7.000000000000009687e-04 2.469999999999999973e-02 6.909999999999999476e-02 2.200000000000000566e-03 2.200000000000007505e-03 -2.399999999999999790e-03 1.102500000000000100e-04 8.122500000000000379e-04 7.728399999999998986e-04 3.496900000000000485e-04 5.416960000000000178e-03 7.839999999999999476e-06 4.900000000000013437e-07 6.100899999999999813e-04 4.774809999999999124e-03 4.840000000000002788e-06 4.840000000000033281e-06 5.759999999999999062e-06 1.134547250000000000e+06 1.244797250000000000e+06
1.000000000000000000e+00 7.599999999999999985e-03 5.240000000000000213e-02 -5.899999999999999863e-03 1.689999999999999836e-02 -7.299999999999999545e-02 -4.599999999999999922e-03 -2.900000000000000668e-03 2.390000000000000110e-02 -3.370000000000000079e-02 -1.800000000000002986e-03 6.000000000000033085e-04 -7.400000000000000328e-03 5.776000000000000264e-05 2.745760000000000301e-03 3.481000000000000045e-05 2.856099999999999438e-04 5.328999999999999536e-03 2.116000000000000069e-05 8.410000000000004183e-06 5.712100000000000554e-04 1.135689999999999963e-03 3.240000000000010907e-06 3.600000000000039648e-07 5.476000000000000426e-05 1.134324125000000000e+06 1.246801375000000000e+06
1.000000000000000000e+00 5.100000000000000366e-03 -9.400000000000000369e-03 -2.879999999999999921e-02 1.099999999999999936e-02 -7.340000000000000691e-02 -3.500000000000000073e-03 -2.499999999999999618e-03 -6.180000000000000077e-02 -2.290000000000000022e-02 -5.899999999999998995e-03 -4.000000000000114575e-04 1.099999999999999849e-03 2.601000000000000339e-05 8.836000000000000104e-05 8.294399999999999733e-04 1.209999999999999867e-04 5.387560000000001306e-03 1.225000000000000130e-05 6.249999999999997758e-06 3.819240000000000222e-03 5.244100000000000020e-04 3.480999999999998689e-05 1.600000000000091619e-07 1.209999999999999638e-06 1.135797250000000000e+06 1.247866250000000000e+06
1.000000000000000000e+00 8.899999999999999925e-03 2.450000000000000094e-02 -4.519999999999999712e-02 1.020000000000000073e-02 -5.940000000000000141e-02 -5.799999999999999600e-03 3.799999999999999559e-03 3.389999999999999958e-02 -1.639999999999999791e-02 -7.999999999999986289e-04 1.400000000000000550e-02 -2.299999999999999527e-03 7.920999999999999547e-05 6.002500000000000890e-04 2.043039999999999873e-03 1.040400000000000135e-04 3.528360000000000350e-03 3.363999999999999640e-05 1.443999999999999727e-05 1.149209999999999902e-03 2.689599999999999456e-04 6.399999999999977899e-07 1.960000000000001563e-04 5.289999999999997632e-06 1.136133875000000000e+06 1.247301250000000000e+06
1.000000000000000000e+00 1.050000000000000065e-02 5.929999999999999855e-02 -2.299999999999999961e-02 1.179999999999999973e-02 -6.419999999999999318e-02 -7.700000000000000247e-03 1.600000000000000727e-03 3.479999999999999760e-02 2.219999999999999751e-02 1.599999999999998992e-03 -4.799999999999991773e-03 -1.900000000000000647e-03 1.102500000000000100e-04 3.516489999999999720e-03 5.289999999999999564e-04 1.392400000000000018e-04 4.121639999999999332e-03 5.929000000000000324e-05 2.560000000000002171e-06 1.211039999999999816e-03 4.928399999999999231e-04 2.559999999999996665e-06 2.303999999999992171e-05 3.610000000000002282e-06 1.134767500000000000e+06 1.244000125000000000e+06
1.000000000000000000e+00 6.400000000000000307e-03 -3.209999999999999659e-02 -1.149999999999999981e-02 5.899999999999999863e-03 -1.168000000000000010e-01 -7.300000000000000065e-03 -4.100000000000000346e-03 -9.139999999999999514e-02 1.149999999999999981e-02 -5.899999999999999863e-03 -5.260000000000000786e-02 4.000000000000001818e-04 4.096000000000000086e-05 1.030409999999999833e-03 1.322499999999999891e-04 3.481000000000000045e-05 1.364223999999999992e-02 5.328999999999999970e-05 1.681000000000000338e-05 8.353959999999998817e-03 1.322499999999999891e-04 3.481000000000000045e-05 2.766760000000000920e-03 1.600000000000001357e-07 1.134231625000000000e+06 1.241887625000000000e+06
1.000000000000000000e+00 8.699999999999999400e-03 -1.650000000000000078e-02 -4.499999999999999833e-02 2.999999999999999737e-04 -1.047000000000000014e-01 -5.400000000000000286e-03 2.299999999999999094e-03 1.559999999999999581e-02 -3.350000000000000200e-02 -5.599999999999999943e-03 1.209999999999999964e-02 1.899999999999999779e-03 7.568999999999998852e-05 2.722500000000000310e-04 2.024999999999999890e-03 8.999999999999998534e-08 1.096209000000000072e-02 2.916000000000000203e-05 5.289999999999995938e-06 2.433599999999998655e-04 1.122250000000000201e-03 3.135999999999999790e-05 1.464100000000000026e-04 3.609999999999999318e-06 1.134900000000000000e+06 1.243761875000000000e+06
1.000000000000000000e+00 1.080000000000000057e-02 2.819999999999999937e-02 -7.649999999999999856e-02 -3.000000000000000062e-03 -6.969999999999999807e-02 -2.000000000000000042e-03 2.100000000000001171e-03 4.470000000000000362e-02 -3.150000000000000022e-02 -3.299999999999999982e-03 3.500000000000000333e-02 3.400000000000000244e-03 1.166400000000000081e-04 7.952400000000000094e-04 5.852249999999999813e-03 9.000000000000000228e-06 4.858089999999999804e-03 3.999999999999999819e-06 4.410000000000005211e-06 1.998090000000000109e-03 9.922500000000000764e-04 1.088999999999999907e-05 1.225000000000000177e-03 1.156000000000000113e-05 1.135652750000000000e+06 1.246356375000000000e+06
1.000000000000000000e+00 9.199999999999999845e-03 9.669999999999999429e-02 -1.650000000000000078e-02 -1.100000000000000066e-03 -4.229999999999999732e-02 -1.329999999999999932e-02 -1.600000000000000727e-03 6.849999999999999145e-02 5.999999999999999778e-02 1.899999999999999996e-03 2.740000000000000074e-02 -1.129999999999999928e-02 8.464000000000000278e-05 9.350889999999998856e-03 2.722500000000000310e-04 1.210000000000000062e-06 1.789289999999999804e-03 1.768899999999999954e-04 2.560000000000002171e-06 4.692249999999998505e-03 3.599999999999999901e-03 3.610000000000000165e-06 7.507600000000000558e-04 1.276899999999999921e-04 1.134766875000000000e+06 1.245052875000000000e+06
1.000000000000000000e+00 1.119999999999999989e-02 4.490000000000000241e-02 3.030000000000000054e-02 1.600000000000000077e-03 -3.520000000000000212e-02 -2.009999999999999981e-02 2.000000000000000042e-03 -5.179999999999999188e-02 4.680000000000000132e-02 2.700000000000000143e-03 7.099999999999995204e-03 -6.800000000000000488e-03 1.254399999999999916e-04 2.016010000000000371e-03 9.180899999999999868e-04 2.560000000000000054e-06 1.239040000000000063e-03 4.040100000000000028e-04 3.999999999999999819e-06 2.683239999999999063e-03 2.190239999999999982e-03 7.290000000000000507e-06 5.040999999999993240e-05 4.624000000000000451e-05 1.135050750000000000e+06 1.243697750000000000e+06
1.000000000000000000e+00 1.260000000000000009e-02 -4.370000000000000273e-02 3.899999999999999994e-02 -8.999999999999999754e-04 -8.590000000000000413e-02 -2.199999999999999872e-02 1.400000000000000203e-03 -8.860000000000001208e-02 8.699999999999999400e-03 -2.500000000000000052e-03 -5.070000000000000201e-02 -1.899999999999998912e-03 1.587600000000000046e-04 1.909690000000000346e-03 1.521000000000000000e-03 8.099999999999999739e-07 7.378810000000000403e-03 4.839999999999999468e-04 1.960000000000000716e-06 7.849960000000001312e-03 7.568999999999998852e-05 6.250000000000000300e-06 2.570490000000000361e-03 3.609999999999995930e-06 1.135846875000000000e+06 1.243892625000000000e+06
1.000000000000000000e+00 1.510000000000000057e-02 -1.020000000000000073e-02 -8.659999999999999643e-02 3.099999999999999891e-03 -9.080000000000000571e-02 -2.450000000000000094e-02 2.500000000000000486e-03 3.350000000000000200e-02 -1.255999999999999894e-01 4.000000000000000083e-03 -4.900000000000001577e-03 -2.500000000000002220e-03 2.280100000000000074e-04 1.040400000000000135e-04 7.499559999999999733e-03 9.609999999999999470e-06 8.244640000000000996e-03 6.002500000000000890e-04 6.250000000000002841e-06 1.122250000000000201e-03 1.577535999999999869e-02 1.599999999999999928e-05 2.401000000000001576e-05 6.250000000000011311e-06 1.136267750000000000e+06 1.246319250000000000e+06
1.000000000000000000e+00 1.129999999999999928e-02 1.110000000000000049e-02 -9.039999999999999425e-02 2.399999999999999790e-03 -9.249999999999999889e-02 -2.050000000000000086e-02 -3.800000000000001293e-03 2.129999999999999949e-02 -3.799999999999997824e-03 -7.000000000000001013e-04 -1.699999999999993183e-03 4.000000000000000083e-03 1.276899999999999921e-04 1.232100000000000079e-04 8.172159999999999494e-03 5.759999999999999062e-06 8.556249999999999620e-03 4.202500000000000506e-04 1.444000000000000913e-05 4.536899999999999744e-04 1.443999999999998372e-05 4.900000000000001790e-07 2.889999999999976989e-06 1.599999999999999928e-05 1.135467375000000000e+06 1.244111375000000000e+06
1.000000000000000000e+00 1.269999999999999948e-02 -2.630000000000000046e-02 -8.409999999999999420e-02 -1.000000000000000021e-03 -1.079999999999999988e-01 -1.899999999999999953e-02 1.400000000000000203e-03 -3.740000000000000269e-02 6.300000000000000044e-03 -3.399999999999999811e-03 -1.549999999999999989e-02 1.500000000000001332e-03 1.612899999999999957e-04 6.916900000000000132e-04 7.072809999999998820e-03 9.999999999999999547e-07 1.166399999999999902e-02 3.609999999999999928e-04 1.960000000000000716e-06 1.398760000000000194e-03 3.969000000000000116e-05 1.155999999999999943e-05 2.402499999999999851e-04 2.250000000000003869e-06 1.133953500000000000e+06 1.242293375000000000e+06
1.000000000000000000e+00 1.260000000000000009e-02 1.669999999999999957e-02 -1.029999999999999943e-01 -4.100000000000000346e-03 -6.479999999999999649e-02 -1.400000000000000029e-02 -9.999999999999939493e-05 4.299999999999999656e-02 -1.890000000000000013e-02 -3.100000000000000325e-03 4.320000000000000229e-02 4.999999999999999237e-03 1.587600000000000046e-04 2.788900000000000081e-04 1.060899999999999864e-02 1.681000000000000338e-05 4.199039999999999370e-03 1.960000000000000208e-04 9.999999999999879441e-09 1.848999999999999732e-03 3.572100000000000036e-04 9.610000000000002858e-06 1.866240000000000130e-03 2.499999999999999103e-05 1.135475500000000000e+06 1.245817125000000000e+06
1.000000000000000000e+00 1.250000000000000069e-02 5.489999999999999741e-02 -1.444999999999999896e-01 -4.599999999999999922e-03 -5.469999999999999862e-02 -1.009999999999999960e-02 -9.999999999999939493e-05 3.819999999999999785e-02 -4.149999999999999523e-02 -4.999999999999995767e-04 1.009999999999999787e-02 3.900000000000000688e-03 1.562500000000000304e-04 3.014009999999999693e-03 2.088024999999999604e-02 2.116000000000000069e-05 2.992089999999999767e-03 1.020099999999999940e-04 9.999999999999879441e-09 1.459239999999999886e-03 1.722249999999999606e-03 2.499999999999995652e-07 1.020099999999999534e-04 1.521000000000000515e-05 1.135681500000000000e+06 1.247582375000000000e+06
1.000000000000000000e+00 1.110000000000000049e-02 5.430000000000000104e-02 -5.899999999999999863e-03 1.500000000000000031e-03 -1.019000000000000045e-01 -1.269999999999999948e-02 -1.400000000000000203e-03 -5.999999999999963696e-04 1.386000000000000010e-01 6.099999999999999520e-03 -4.720000000000000584e-02 -2.599999999999999881e-03 1.232100000000000079e-04 2.948490000000000225e-03 3.481000000000000045e-05 2.250000000000000057e-06 1.038361000000000145e-02 1.612899999999999957e-04 1.960000000000000716e-06 3.599999999999956533e-07 1.920996000000000162e-02 3.720999999999999102e-05 2.227840000000000462e-03 6.759999999999999652e-06 1.133840000000000000e+06 1.244259125000000000e+06
1.000000000000000000e+00 5.499999999999999681e-03 8.590000000000000413e-02 1.269999999999999948e-02 -8.999999999999999754e-04 -1.000999999999999945e-01 -2.139999999999999888e-02 -5.600000000000000810e-03 3.160000000000000309e-02 1.859999999999999848e-02 -2.400000000000000223e-03 1.800000000000009925e-03 -8.699999999999999400e-03 3.024999999999999667e-05 7.378810000000000403e-03 1.612899999999999957e-04 8.099999999999999739e-07 1.002000999999999933e-02 4.579599999999999318e-04 3.136000000000001146e-05 9.985600000000001159e-04 3.459599999999999199e-04 5.760000000000000756e-06 3.240000000000035895e-06 7.568999999999998852e-05 1.133776750000000000e+06 1.244920125000000000e+06
1.000000000000000000e+00 7.499999999999999722e-03 -8.699999999999999400e-03 -6.599999999999999964e-03 -4.499999999999999660e-03 -7.920000000000000651e-02 -1.919999999999999832e-02 2.000000000000000042e-03 -9.460000000000000353e-02 -1.929999999999999771e-02 -3.599999999999999901e-03 2.089999999999998803e-02 2.200000000000000566e-03 5.624999999999999846e-05 7.568999999999998852e-05 4.355999999999999629e-05 2.024999999999999755e-05 6.272640000000001201e-03 3.686399999999999400e-04 3.999999999999999819e-06 8.949160000000001142e-03 3.724899999999998980e-04 1.295999999999999958e-05 4.368099999999994990e-04 4.840000000000002788e-06 1.135440375000000000e+06 1.246791375000000000e+06
1.000000000000000000e+00 1.119999999999999989e-02 2.999999999999999889e-02 -1.302999999999999992e-01 -7.799999999999999642e-03 -7.850000000000000033e-02 -2.390000000000000110e-02 3.700000000000000164e-03 3.869999999999999829e-02 -1.237000000000000044e-01 -3.299999999999999982e-03 7.000000000000061728e-04 -4.700000000000002787e-03 1.254399999999999916e-04 8.999999999999999754e-04 1.697809000000000124e-02 6.083999999999999348e-05 6.162250000000000193e-03 5.712100000000000554e-04 1.369000000000000106e-05 1.497689999999999872e-03 1.530169000000000147e-02 1.088999999999999907e-05 4.900000000000086493e-07 2.209000000000002737e-05 1.137083375000000000e+06 1.248347250000000000e+06
1.000000000000000000e+00 8.000000000000000167e-03 4.909999999999999781e-02 -4.870000000000000023e-02 -7.900000000000000772e-03 -7.960000000000000409e-02 -2.539999999999999897e-02 -3.199999999999999720e-03 1.909999999999999892e-02 8.160000000000000586e-02 -1.000000000000011297e-04 -1.100000000000003753e-03 -1.499999999999997863e-03 6.399999999999999710e-05 2.410809999999999776e-03 2.371690000000000083e-03 6.241000000000000724e-05 6.336160000000000403e-03 6.451599999999999826e-04 1.023999999999999852e-05 3.648099999999999715e-04 6.658560000000000867e-03 1.000000000000022520e-08 1.210000000000008320e-06 2.249999999999993704e-06 1.136159125000000000e+06 1.245395000000000000e+06
1.000000000000000000e+00 8.800000000000000530e-03 6.700000000000000226e-03 -1.159999999999999920e-02 -9.700000000000000289e-03 -8.840000000000000635e-02 -2.309999999999999901e-02 8.000000000000003636e-04 -4.240000000000000019e-02 3.710000000000000103e-02 -1.799999999999999517e-03 -8.800000000000002265e-03 2.299999999999999961e-03 7.744000000000000395e-05 4.489000000000000558e-05 1.345599999999999856e-04 9.409000000000000208e-05 7.814560000000001644e-03 5.336099999999999004e-04 6.400000000000005428e-07 1.797760000000000026e-03 1.376410000000000003e-03 3.239999999999998202e-06 7.744000000000004461e-05 5.290000000000000174e-06 1.134511750000000000e+06 1.242289625000000000e+06
1.000000000000000000e+00 6.100000000000000387e-03 4.560000000000000164e-02 6.000000000000000125e-03 -1.159999999999999920e-02 -8.459999999999999465e-02 -1.359999999999999924e-02 -2.700000000000000143e-03 3.890000000000000402e-02 1.759999999999999759e-02 -1.899999999999998912e-03 3.800000000000011702e-03 9.499999999999999764e-03 3.721000000000000457e-05 2.079360000000000149e-03 3.600000000000000091e-05 1.345599999999999856e-04 7.157159999999999217e-03 1.849599999999999910e-04 7.290000000000000507e-06 1.513210000000000293e-03 3.097599999999999074e-04 3.609999999999995930e-06 1.444000000000008875e-05 9.024999999999999819e-05 1.135940625000000000e+06 1.243880500000000000e+06
1.000000000000000000e+00 8.399999999999999481e-03 1.609999999999999973e-02 -3.910000000000000281e-02 -7.599999999999999985e-03 -6.909999999999999476e-02 -8.899999999999999925e-03 2.299999999999999094e-03 -2.950000000000000192e-02 -4.510000000000000120e-02 3.999999999999999216e-03 1.549999999999999989e-02 4.699999999999999317e-03 7.055999999999998851e-05 2.592100000000000068e-04 1.528810000000000238e-03 5.776000000000000264e-05 4.774809999999999124e-03 7.920999999999999547e-05 5.289999999999995938e-06 8.702500000000001467e-04 2.034010000000000158e-03 1.599999999999999250e-05 2.402499999999999851e-04 2.208999999999999348e-05 1.136380375000000000e+06 1.245840250000000000e+06
1.000000000000000000e+00 6.799999999999999621e-03 -1.260000000000000009e-02 -1.489999999999999936e-01 4.939999999999999947e-02 -3.109999999999999917e-02 -1.050000000000000065e-02 -1.599999999999999860e-03 -2.869999999999999982e-02 -1.098999999999999977e-01 5.700000000000000205e-02 3.799999999999999212e-02 -1.600000000000000727e-03 4.623999999999999774e-05 1.587600000000000046e-04 2.220099999999999851e-02 2.440359999999999925e-03 9.672099999999999231e-04 1.102500000000000100e-04 2.559999999999999630e-06 8.236899999999999691e-04 1.207801000000000013e-02 3.249000000000000152e-03 1.443999999999999321e-03 2.560000000000002171e-06 1.136323500000000000e+06 1.247285125000000000e+06
1.000000000000000000e+00 1.170000000000000033e-02 1.290000000000000001e-02 -9.299999999999999239e-03 -3.299999999999999982e-03 -2.709999999999999909e-02 -1.450000000000000074e-02 4.900000000000000709e-03 2.550000000000000183e-02 1.396999999999999909e-01 -5.269999999999999685e-02 4.000000000000000083e-03 -4.000000000000000083e-03 1.368899999999999989e-04 1.664100000000000008e-04 8.648999999999997998e-05 1.088999999999999907e-05 7.344099999999999023e-04 2.102500000000000148e-04 2.401000000000000559e-05 6.502500000000001118e-04 1.951608999999999636e-02 2.777289999999999533e-03 1.599999999999999928e-05 1.599999999999999928e-05 1.133573250000000000e+06 1.243177125000000000e+06
1.000000000000000000e+00 8.200000000000000691e-03 7.700000000000000247e-03 6.400000000000000133e-02 5.960000000000000020e-02 -1.350999999999999979e-01 -1.340000000000000045e-02 -3.499999999999999639e-03 -5.199999999999999761e-03 7.330000000000000404e-02 6.289999999999999758e-02 -1.079999999999999988e-01 1.100000000000000283e-03 6.724000000000001352e-05 5.929000000000000324e-05 4.095999999999999815e-03 3.552159999999999953e-03 1.825200999999999907e-02 1.795600000000000223e-04 1.224999999999999791e-05 2.703999999999999861e-05 5.372890000000000825e-03 3.956409999999999615e-03 1.166399999999999902e-02 1.210000000000000697e-06 1.134071750000000000e+06 1.243707375000000000e+06
1.000000000000000000e+00 7.799999999999999642e-03 2.170000000000000054e-02 1.319999999999999993e-02 4.100000000000000346e-03 -1.393000000000000071e-01 -1.660000000000000017e-02 -4.000000000000010492e-04 1.400000000000000029e-02 -5.079999999999999793e-02 -5.550000000000000072e-02 -4.200000000000009281e-03 -3.199999999999999720e-03 6.083999999999999348e-05 4.708900000000000130e-04 1.742399999999999852e-04 1.681000000000000338e-05 1.940449000000000340e-02 2.755599999999999977e-04 1.600000000000008504e-07 1.960000000000000208e-04 2.580639999999999930e-03 3.080250000000000089e-03 1.764000000000007844e-05 1.023999999999999852e-05 1.136120375000000000e+06 1.245753875000000000e+06
1.000000000000000000e+00 -2.000000000000000042e-03 4.490000000000000241e-02 -5.449999999999999983e-02 4.920000000000000068e-02 -1.101000000000000034e-01 -1.469999999999999953e-02 -9.799999999999999684e-03 2.320000000000000187e-02 -6.769999999999999629e-02 4.510000000000000120e-02 2.920000000000000373e-02 1.900000000000000647e-03 3.999999999999999819e-06 2.016010000000000371e-03 2.970249999999999800e-03 2.420639999999999945e-03 1.212201000000000077e-02 2.160899999999999995e-04 9.603999999999999527e-05 5.382400000000000509e-04 4.583289999999999413e-03 2.034010000000000158e-03 8.526400000000002120e-04 3.610000000000002282e-06 1.136298500000000000e+06 1.246808625000000000e+06
1.000000000000000000e+00 5.999999999999999474e-04 9.700000000000000289e-03 -4.870000000000000023e-02 -1.490000000000000005e-02 -7.850000000000000033e-02 -6.899999999999999883e-03 2.599999999999999881e-03 -3.520000000000000212e-02 5.799999999999999600e-03 -6.410000000000000420e-02 3.160000000000000309e-02 7.799999999999999642e-03 3.599999999999999414e-07 9.409000000000000208e-05 2.371690000000000083e-03 2.220099999999999971e-04 6.162250000000000193e-03 4.760999999999999987e-05 6.759999999999999652e-06 1.239040000000000063e-03 3.363999999999999640e-05 4.108810000000000934e-03 9.985600000000001159e-04 6.083999999999999348e-05 1.135230500000000000e+06 1.245643000000000000e+06
1.000000000000000000e+00 -5.599999999999999943e-03 5.410000000000000225e-02 -4.490000000000000241e-02 3.590000000000000135e-02 -8.279999999999999860e-02 -2.999999999999999737e-04 -6.199999999999999782e-03 4.440000000000000197e-02 3.799999999999997824e-03 5.079999999999999793e-02 -4.299999999999998268e-03 6.599999999999999964e-03 3.135999999999999790e-05 2.926810000000000175e-03 2.016010000000000371e-03 1.288810000000000042e-03 6.855840000000000198e-03 8.999999999999998534e-08 3.843999999999999788e-05 1.971360000000000126e-03 1.443999999999998372e-05 2.580639999999999930e-03 1.848999999999998391e-05 4.355999999999999629e-05 1.135195000000000000e+06 1.245457625000000000e+06
1.000000000000000000e+00 -6.799999999999999621e-03 3.799999999999999906e-02 -3.649999999999999772e-02 3.269999999999999990e-02 -1.217000000000000026e-01 -2.899999999999999800e-03 -1.199999999999999678e-03 -1.610000000000000320e-02 8.400000000000004685e-03 -3.200000000000001454e-03 -3.890000000000000402e-02 -2.599999999999999881e-03 4.623999999999999774e-05 1.443999999999999971e-03 1.332249999999999884e-03 1.069290000000000084e-03 1.481089000000000017e-02 8.409999999999999101e-06 1.439999999999999130e-06 2.592100000000001152e-04 7.056000000000008337e-05 1.024000000000000868e-05 1.513210000000000293e-03 6.759999999999999652e-06 1.134908250000000000e+06 1.243680000000000000e+06
1.000000000000000000e+00 2.000000000000000096e-04 -3.479999999999999760e-02 -4.349999999999999700e-02 3.239999999999999825e-02 -1.125000000000000028e-01 1.100000000000000066e-03 6.999999999999999278e-03 -7.280000000000000360e-02 -6.999999999999999278e-03 -3.000000000000016542e-04 9.199999999999999845e-03 4.000000000000000083e-03 4.000000000000000084e-08 1.211039999999999816e-03 1.892249999999999835e-03 1.049759999999999843e-03 1.265625000000000083e-02 1.210000000000000062e-06 4.899999999999999164e-05 5.299840000000000106e-03 4.899999999999999164e-05 9.000000000000099119e-08 8.464000000000000278e-05 1.599999999999999928e-05 1.136573375000000000e+06 1.244012000000000000e+06
1.000000000000000000e+00 4.799999999999999580e-03 2.599999999999999881e-03 -5.129999999999999838e-02 3.559999999999999970e-02 -9.400000000000000022e-02 0.000000000000000000e+00 4.599999999999999922e-03 3.739999999999999575e-02 -7.800000000000001377e-03 3.200000000000001454e-03 1.850000000000000255e-02 -1.100000000000000066e-03 2.303999999999999625e-05 6.759999999999999652e-06 2.631689999999999897e-03 1.267359999999999928e-03 8.836000000000000104e-03 0.000000000000000000e+00 2.116000000000000069e-05 1.398759999999999760e-03 6.084000000000002058e-05 1.024000000000000868e-05 3.422500000000001062e-04 1.210000000000000062e-06 1.136363875000000000e+06 1.245923500000000000e+06
1.000000000000000000e+00 5.499999999999999681e-03 2.369999999999999885e-02 -8.010000000000000453e-02 2.980000000000000010e-02 -6.769999999999999629e-02 6.999999999999999929e-04 7.000000000000001013e-04 2.110000000000000070e-02 -2.880000000000000615e-02 -5.799999999999999600e-03 2.630000000000000393e-02 6.999999999999999929e-04 3.024999999999999667e-05 5.616899999999999974e-04 6.416010000000000636e-03 8.880399999999999882e-04 4.583289999999999413e-03 4.899999999999999672e-07 4.900000000000001790e-07 4.452100000000000285e-04 8.294400000000004070e-04 3.363999999999999640e-05 6.916900000000002300e-04 4.899999999999999672e-07 1.137197750000000000e+06 1.247970125000000000e+06
1.000000000000000000e+00 -1.199999999999999895e-03 7.080000000000000182e-02 -6.339999999999999802e-02 2.960000000000000131e-02 -3.710000000000000103e-02 1.100000000000000066e-03 -6.699999999999999359e-03 4.710000000000000298e-02 1.670000000000000651e-02 -1.999999999999987899e-04 3.059999999999999526e-02 4.000000000000000734e-04 1.439999999999999765e-06 5.012640000000000498e-03 4.019560000000000147e-03 8.761600000000000681e-04 1.376410000000000003e-03 1.210000000000000062e-06 4.488999999999999203e-05 2.218410000000000087e-03 2.788900000000002250e-04 3.999999999999951776e-08 9.363599999999996882e-04 1.600000000000000563e-07 1.136282250000000000e+06 1.244617375000000000e+06
1.000000000000000000e+00 5.000000000000000104e-04 4.580000000000000043e-02 -1.050000000000000065e-02 3.070000000000000159e-02 -4.750000000000000056e-02 -2.500000000000000052e-03 1.699999999999999905e-03 -2.500000000000000139e-02 5.289999999999999564e-02 1.100000000000000283e-03 -1.039999999999999952e-02 -3.599999999999999901e-03 2.499999999999999887e-07 2.097640000000000008e-03 1.102500000000000100e-04 9.424900000000001462e-04 2.256250000000000009e-03 6.250000000000000300e-06 2.889999999999999859e-06 6.250000000000001214e-04 2.798409999999999440e-03 1.210000000000000697e-06 1.081599999999999944e-04 1.295999999999999958e-05 1.134643250000000000e+06 1.241619375000000000e+06
1.000000000000000000e+00 1.899999999999999996e-03 -1.540000000000000049e-02 -1.820000000000000090e-02 3.130000000000000143e-02 -1.078000000000000069e-01 -3.000000000000000062e-03 1.399999999999999986e-03 -6.120000000000000440e-02 -7.700000000000000247e-03 5.999999999999998390e-04 -6.030000000000000637e-02 -5.000000000000000104e-04 3.610000000000000165e-06 2.371600000000000129e-04 3.312400000000000067e-04 9.796900000000000747e-04 1.162084000000000207e-02 9.000000000000000228e-06 1.959999999999999869e-06 3.745440000000000488e-03 5.929000000000000324e-05 3.599999999999997825e-07 3.636090000000000676e-03 2.499999999999999887e-07 1.135186375000000000e+06 1.242488250000000000e+06
1.000000000000000000e+00 3.799999999999999992e-03 5.170000000000000290e-02 -5.940000000000000141e-02 2.809999999999999998e-02 -1.181999999999999995e-01 4.700000000000000185e-03 1.899999999999999996e-03 6.710000000000000686e-02 -4.120000000000000051e-02 -3.200000000000001454e-03 -1.039999999999999258e-02 7.700000000000000247e-03 1.444000000000000066e-05 2.672890000000000248e-03 3.528360000000000350e-03 7.896100000000000514e-04 1.397123999999999935e-02 2.209000000000000026e-05 3.610000000000000165e-06 4.502410000000000960e-03 1.697440000000000147e-03 1.024000000000000868e-05 1.081599999999998454e-04 5.929000000000000324e-05 1.136688250000000000e+06 1.246284750000000000e+06
1.000000000000000000e+00 1.600000000000000077e-03 7.259999999999999787e-02 -7.950000000000000122e-02 3.590000000000000135e-02 -1.131999999999999951e-01 3.700000000000000164e-03 -2.199999999999999699e-03 2.089999999999999497e-02 -2.009999999999999981e-02 7.800000000000001377e-03 5.000000000000004441e-03 -1.000000000000000021e-03 2.560000000000000054e-06 5.270759999999999335e-03 6.320250000000000347e-03 1.288810000000000042e-03 1.281423999999999931e-02 1.369000000000000106e-05 4.839999999999998553e-06 4.368099999999997701e-04 4.040100000000000028e-04 6.084000000000002058e-05 2.500000000000004524e-05 9.999999999999999547e-07 1.136775375000000000e+06 1.245118000000000000e+06
1.000000000000000000e+00 -2.799999999999999972e-03 6.239999999999999714e-02 -2.330000000000000127e-02 4.000000000000000083e-02 -3.459999999999999881e-02 1.269999999999999948e-02 -4.400000000000000265e-03 -1.020000000000000073e-02 5.619999999999999996e-02 4.099999999999999478e-03 7.860000000000000320e-02 8.999999999999999320e-03 7.839999999999999476e-06 3.893759999999999583e-03 5.428900000000000826e-04 1.600000000000000077e-03 1.197159999999999848e-03 1.612899999999999957e-04 1.936000000000000099e-05 1.040400000000000135e-04 3.158440000000000206e-03 1.680999999999999660e-05 6.177960000000000569e-03 8.099999999999999019e-05 1.138086000000000000e+06 1.246957625000000000e+06
1.000000000000000000e+00 6.999999999999999929e-04 2.929999999999999966e-02 -2.840000000000000163e-02 4.229999999999999732e-02 -6.800000000000000488e-02 1.310000000000000053e-02 3.500000000000000073e-03 -3.309999999999999748e-02 -5.100000000000000366e-03 2.299999999999996492e-03 -3.340000000000000607e-02 4.000000000000010492e-04 4.899999999999999672e-07 8.584899999999999476e-04 8.065600000000001111e-04 1.789289999999999804e-03 4.624000000000000506e-03 1.716100000000000188e-04 1.225000000000000130e-05 1.095609999999999900e-03 2.601000000000000339e-05 5.289999999999984080e-06 1.115560000000000466e-03 1.600000000000008504e-07 1.137400625000000000e+06 1.246338250000000000e+06
1.000000000000000000e+00 -3.299999999999999982e-03 -1.004000000000000031e-01 -5.469999999999999862e-02 4.070000000000000007e-02 -1.443000000000000116e-01 1.629999999999999852e-02 -4.000000000000000083e-03 -1.297000000000000097e-01 -2.629999999999999699e-02 -1.599999999999997258e-03 -7.630000000000000671e-02 3.199999999999997985e-03 1.088999999999999907e-05 1.008016000000000120e-02 2.992089999999999767e-03 1.656490000000000046e-03 2.082249000000000252e-02 2.656899999999999583e-04 1.599999999999999928e-05 1.682209000000000135e-02 6.916899999999997963e-04 2.559999999999991160e-06 5.821690000000000892e-03 1.023999999999998666e-05 1.135995750000000000e+06 1.245629375000000000e+06
1.000000000000000000e+00 -1.699999999999999905e-03 -6.219999999999999835e-02 -2.160000000000000114e-02 4.270000000000000184e-02 -7.470000000000000251e-02 6.899999999999999883e-03 1.600000000000000077e-03 3.820000000000000479e-02 3.309999999999999748e-02 2.000000000000001776e-03 6.960000000000000908e-02 -9.399999999999998634e-03 2.889999999999999859e-06 3.868839999999999692e-03 4.665600000000000324e-04 1.823290000000000197e-03 5.580090000000000224e-03 4.760999999999999987e-05 2.560000000000000054e-06 1.459240000000000320e-03 1.095609999999999900e-03 4.000000000000007442e-06 4.844160000000001000e-03 8.835999999999997394e-05 1.136215750000000000e+06 1.244377250000000000e+06
1.000000000000000000e+00 6.999999999999999929e-04 -1.499999999999999944e-02 -4.630000000000000088e-02 4.710000000000000298e-02 -1.665999999999999981e-01 2.799999999999999972e-03 2.399999999999999790e-03 4.719999999999999890e-02 -2.469999999999999973e-02 4.400000000000001132e-03 -9.189999999999999558e-02 -4.099999999999999478e-03 4.899999999999999672e-07 2.249999999999999938e-04 2.143690000000000179e-03 2.218410000000000087e-03 2.775555999999999857e-02 7.839999999999999476e-06 5.759999999999999062e-06 2.227840000000000029e-03 6.100899999999999813e-04 1.936000000000001115e-05 8.445609999999999229e-03 1.680999999999999660e-05 1.136133250000000000e+06 1.244792375000000000e+06
1.000000000000000000e+00 -2.200000000000000133e-03 -3.579999999999999849e-02 -6.339999999999999802e-02 4.989999999999999991e-02 -8.480000000000000038e-02 7.199999999999999803e-03 -2.900000000000000234e-03 -2.079999999999999905e-02 -1.709999999999999715e-02 2.799999999999996936e-03 8.179999999999999771e-02 4.399999999999999398e-03 4.840000000000000247e-06 1.281639999999999906e-03 4.019560000000000147e-03 2.490009999999999966e-03 7.191040000000000106e-03 5.183999999999999833e-05 8.410000000000000795e-06 4.326399999999999777e-04 2.924099999999998922e-04 7.839999999999982535e-06 6.691239999999999341e-03 1.935999999999999421e-05 1.137322500000000000e+06 1.246093625000000000e+06
1.000000000000000000e+00 -4.300000000000000003e-03 6.019999999999999657e-02 -1.179000000000000048e-01 4.800000000000000100e-02 -1.227000000000000035e-01 6.300000000000000044e-03 -2.099999999999999870e-03 9.600000000000000200e-02 -5.450000000000000677e-02 -1.899999999999998912e-03 -3.790000000000000313e-02 -8.999999999999997585e-04 1.849000000000000085e-05 3.624039999999999380e-03 1.390041000000000193e-02 2.304000000000000058e-03 1.505529000000000069e-02 3.969000000000000116e-05 4.409999999999999282e-06 9.216000000000000233e-03 2.970250000000000667e-03 3.609999999999995930e-06 1.436410000000000161e-03 8.099999999999995504e-07 1.137066375000000000e+06 1.248378125000000000e+06
1.000000000000000000e+00 -8.000000000000000167e-03 8.709999999999999687e-02 3.479999999999999760e-02 5.040000000000000036e-02 -1.262000000000000066e-01 -4.000000000000000083e-03 -3.700000000000000164e-03 2.690000000000000030e-02 1.527000000000000024e-01 2.399999999999999356e-03 -3.500000000000003109e-03 -1.030000000000000013e-02 6.399999999999999710e-05 7.586409999999999161e-03 1.211039999999999816e-03 2.540160000000000074e-03 1.592644000000000004e-02 1.599999999999999928e-05 1.369000000000000106e-05 7.236099999999999650e-04 2.331729000000000093e-02 5.759999999999996521e-06 1.225000000000002163e-05 1.060900000000000092e-04 1.135802000000000000e+06 1.245163750000000000e+06
1.000000000000000000e+00 8.989999999999999380e-02 5.356999999999999540e-01 5.306999999999999496e-01 1.469000000000000028e-01 -5.040000000000000036e-02 1.015999999999999959e-01 9.789999999999998703e-02 4.485999999999999432e-01 4.958999999999999519e-01 9.650000000000000244e-02 7.580000000000000626e-02 1.055999999999999994e-01 8.082009999999998848e-03 2.869744899999999710e-01 2.816424899999999676e-01 2.157961000000000254e-02 2.540160000000000074e-03 1.032255999999999972e-02 9.584409999999998070e-03 2.012419599999999420e-01 2.459168099999999579e-01 9.312250000000001082e-03 5.745640000000000643e-03 1.115135999999999905e-02 1.135439000000000000e+06 1.244071125000000000e+06
1.000000000000000000e+00 1.439000000000000001e-01 1.570000000000000007e-01 2.310000000000000109e-01 1.736000000000000043e-01 5.970000000000000306e-02 2.464999999999999969e-01 5.400000000000000633e-02 -3.786999999999999256e-01 -2.996999999999999664e-01 2.670000000000000151e-02 1.101000000000000034e-01 1.449000000000000010e-01 2.070721000000000020e-02 2.464900000000000077e-02 5.336100000000000565e-02 3.013696000000000083e-02 3.564090000000000227e-03 6.076224999999999682e-02 2.916000000000000623e-03 1.434136899999999548e-01 8.982008999999997745e-02 7.128900000000000948e-04 1.212201000000000077e-02 2.099600999999999898e-02 1.136956375000000000e+06 1.248909375000000000e+06
1.000000000000000000e+00 8.269999999999999574e-02 -5.632000000000000339e-01 -3.287999999999999812e-01 4.669999999999999846e-02 -1.540999999999999870e-01 1.549999999999999989e-01 -6.120000000000000440e-02 -7.202000000000000624e-01 -5.597999999999999643e-01 -1.269000000000000128e-01 -2.137999999999999901e-01 -9.149999999999999800e-02 6.839289999999999606e-03 3.171942400000000162e-01 1.081094399999999872e-01 2.180889999999999999e-03 2.374680999999999667e-02 2.402500000000000122e-02 3.745440000000000488e-03 5.186880400000001279e-01 3.133760399999999668e-01 1.610361000000000431e-02 4.571043999999999802e-02 8.372249999999999484e-03 1.137001125000000000e+06 1.248876500000000000e+06
1.000000000000000000e+00 7.670000000000000429e-02 -2.665000000000000147e-01 -1.572999999999999954e-01 4.250000000000000305e-02 -1.350000000000000089e-01 7.230000000000000315e-02 -5.999999999999991451e-03 2.967000000000000193e-01 1.714999999999999858e-01 -4.199999999999995404e-03 1.909999999999997811e-02 -8.269999999999999574e-02 5.882890000000000862e-03 7.102225000000000898e-02 2.474328999999999765e-02 1.806250000000000347e-03 1.822500000000000162e-02 5.227290000000000755e-03 3.599999999999989927e-05 8.803089000000001441e-02 2.941224999999999395e-02 1.763999999999995986e-05 3.648099999999991584e-04 6.839289999999999606e-03 1.137771875000000000e+06 1.247880625000000000e+06
1.000000000000000000e+00 8.169999999999999485e-02 5.829999999999999766e-02 4.580000000000000043e-02 3.649999999999999772e-02 -1.608999999999999875e-01 9.500000000000000111e-02 4.999999999999990563e-03 3.248000000000000331e-01 2.031000000000000028e-01 -6.000000000000005329e-03 -2.589999999999997859e-02 2.269999999999999796e-02 6.674889999999999296e-03 3.398889999999999897e-03 2.097640000000000008e-03 1.332249999999999884e-03 2.588880999999999474e-02 9.025000000000000036e-03 2.499999999999990633e-05 1.054950400000000260e-01 4.124960999999999905e-02 3.600000000000006190e-05 6.708099999999988985e-04 5.152899999999999538e-04 1.137464500000000000e+06 1.244626500000000000e+06
1.000000000000000000e+00 1.949999999999999997e-02 6.239999999999999714e-02 7.510000000000000009e-02 3.849999999999999950e-02 -1.844999999999999973e-01 3.660000000000000059e-02 -6.219999999999999141e-02 4.099999999999999478e-03 2.929999999999999966e-02 2.000000000000001776e-03 -2.360000000000000986e-02 -5.840000000000000052e-02 3.802499999999999999e-04 3.893759999999999583e-03 5.640009999999999989e-03 1.482250000000000061e-03 3.404025000000000106e-02 1.339560000000000056e-03 3.868839999999998825e-03 1.680999999999999660e-05 8.584899999999999476e-04 4.000000000000007442e-06 5.569600000000004408e-04 3.410559999999999981e-03 1.136320250000000000e+06 1.239718000000000000e+06
1.000000000000000000e+00 1.959999999999999937e-02 -8.600000000000000006e-03 -6.049999999999999822e-02 3.289999999999999869e-02 -1.761999999999999955e-01 5.920000000000000262e-02 9.999999999999939493e-05 -7.099999999999999367e-02 -1.355999999999999983e-01 -5.600000000000000810e-03 8.300000000000001821e-03 2.260000000000000203e-02 3.841599999999999811e-04 7.396000000000000339e-05 3.660249999999999875e-03 1.082410000000000013e-03 3.104643999999999807e-02 3.504640000000000272e-03 9.999999999999879441e-09 5.040999999999999474e-03 1.838735999999999843e-02 3.136000000000001146e-05 6.889000000000002652e-05 5.107600000000000768e-04 1.134795625000000000e+06 1.238548250000000000e+06
1.000000000000000000e+00 4.290000000000000063e-02 1.004000000000000031e-01 -9.650000000000000244e-02 3.259999999999999704e-02 -4.540000000000000285e-02 2.529999999999999957e-02 2.330000000000000127e-02 1.089999999999999997e-01 -3.600000000000000422e-02 -3.000000000000016542e-04 1.307999999999999996e-01 -3.389999999999999958e-02 1.840410000000000006e-03 1.008016000000000120e-02 9.312250000000001082e-03 1.062759999999999833e-03 2.061160000000000249e-03 6.400899999999999515e-04 5.428900000000000826e-04 1.188099999999999920e-02 1.296000000000000277e-03 9.000000000000099119e-08 1.710864000000000135e-02 1.149209999999999902e-03 1.135655375000000000e+06 1.242319750000000000e+06
1.000000000000000000e+00 4.619999999999999801e-02 1.746999999999999942e-01 -6.919999999999999762e-02 3.869999999999999829e-02 -1.959999999999999937e-02 3.370000000000000079e-02 3.299999999999997380e-03 7.429999999999999105e-02 2.730000000000000482e-02 6.100000000000001255e-03 2.580000000000000349e-02 8.400000000000001216e-03 2.134439999999999601e-03 3.052008999999999625e-02 4.788639999999999390e-03 1.497689999999999872e-03 3.841599999999999811e-04 1.135689999999999963e-03 1.088999999999998213e-05 5.520489999999998558e-03 7.452900000000002318e-04 3.721000000000001813e-05 6.656400000000002202e-04 7.056000000000001561e-05 1.136754500000000000e+06 1.245530500000000000e+06
1.000000000000000000e+00 6.729999999999999871e-02 8.440000000000000280e-02 2.299999999999999961e-03 4.200000000000000261e-02 -9.900000000000000466e-02 6.700000000000000226e-03 2.110000000000000070e-02 -9.029999999999999138e-02 7.149999999999999412e-02 3.300000000000004319e-03 -7.939999999999999836e-02 -2.699999999999999969e-02 4.529290000000000052e-03 7.123360000000000455e-03 5.290000000000000174e-06 1.764000000000000160e-03 9.801000000000000684e-03 4.489000000000000558e-05 4.452100000000000285e-04 8.154089999999999255e-03 5.112249999999998740e-03 1.089000000000002787e-05 6.304360000000000172e-03 7.289999999999999388e-04 1.137219375000000000e+06 1.246023500000000000e+06
1.000000000000000000e+00 1.450000000000000074e-02 2.610000000000000167e-02 5.799999999999999600e-03 4.989999999999999991e-02 -8.269999999999999574e-02 1.379999999999999977e-02 -5.279999999999999971e-02 -5.830000000000000460e-02 3.499999999999999639e-03 7.899999999999997302e-03 1.630000000000000893e-02 7.099999999999999541e-03 2.102500000000000148e-04 6.812100000000001271e-04 3.363999999999999640e-05 2.490009999999999966e-03 6.839289999999999606e-03 1.904399999999999995e-04 2.787839999999999763e-03 3.398890000000000331e-03 1.224999999999999791e-05 6.240999999999995303e-05 2.656900000000002836e-04 5.040999999999999339e-05 1.138572125000000000e+06 1.248664625000000000e+06
1.000000000000000000e+00 1.030000000000000013e-02 2.960000000000000131e-02 -4.420000000000000318e-02 5.240000000000000213e-02 -1.008000000000000007e-01 8.800000000000000530e-03 -4.200000000000000608e-03 3.499999999999999639e-03 -5.000000000000000278e-02 2.500000000000002220e-03 -1.810000000000000497e-02 -4.999999999999999237e-03 1.060900000000000092e-04 8.761600000000000681e-04 1.953640000000000411e-03 2.745760000000000301e-03 1.016064000000000030e-02 7.744000000000000395e-05 1.764000000000000390e-05 1.224999999999999791e-05 2.500000000000000486e-03 6.250000000000011311e-06 3.276100000000002057e-04 2.499999999999999103e-05 1.139099125000000000e+06 1.250175500000000000e+06
1.000000000000000000e+00 8.099999999999999561e-03 -2.079999999999999905e-02 -3.819999999999999785e-02 4.850000000000000144e-02 -9.439999999999999780e-02 1.460000000000000013e-02 -2.200000000000000566e-03 -5.040000000000000036e-02 6.000000000000005329e-03 -3.900000000000000688e-03 6.400000000000002909e-03 5.799999999999999600e-03 6.560999999999999016e-05 4.326399999999999777e-04 1.459239999999999886e-03 2.352250000000000174e-03 8.911360000000000114e-03 2.131599999999999988e-04 4.840000000000002788e-06 2.540160000000000074e-03 3.600000000000006190e-05 1.521000000000000515e-05 4.096000000000003474e-05 3.363999999999999640e-05 1.139651500000000000e+06 1.249912750000000000e+06
1.000000000000000000e+00 1.549999999999999989e-02 4.199999999999999740e-03 -5.979999999999999899e-02 4.479999999999999954e-02 -8.190000000000000058e-02 1.729999999999999941e-02 7.400000000000000328e-03 2.499999999999999792e-02 -2.160000000000000114e-02 -3.700000000000001898e-03 1.249999999999999722e-02 2.699999999999999276e-03 2.402499999999999851e-04 1.763999999999999713e-05 3.576039999999999948e-03 2.007039999999999866e-03 6.707610000000000135e-03 2.992899999999999619e-04 5.476000000000000426e-05 6.249999999999999046e-04 4.665600000000000324e-04 1.369000000000001462e-05 1.562499999999999219e-04 7.289999999999996271e-06 1.139661625000000000e+06 1.250974875000000000e+06
1.000000000000000000e+00 1.290000000000000001e-02 4.460000000000000075e-02 -6.119999999999999746e-02 3.849999999999999950e-02 -7.520000000000000295e-02 2.199999999999999872e-02 -2.599999999999999881e-03 4.039999999999999841e-02 -1.399999999999998468e-03 -6.300000000000000044e-03 6.699999999999997624e-03 4.699999999999999317e-03 1.664100000000000008e-04 1.989160000000000234e-03 3.745439999999999620e-03 1.482250000000000061e-03 5.655040000000000067e-03 4.839999999999999468e-04 6.759999999999999652e-06 1.632159999999999904e-03 1.959999999999995634e-06 3.969000000000000116e-05 4.488999999999996492e-05 2.208999999999999348e-05 1.139156000000000000e+06 1.249671375000000000e+06
1.000000000000000000e+00 6.599999999999999964e-03 1.147999999999999993e-01 -5.400000000000000286e-03 3.989999999999999797e-02 -6.840000000000000246e-02 3.540000000000000091e-02 -6.300000000000000044e-03 7.019999999999999851e-02 5.579999999999999544e-02 1.399999999999998468e-03 6.800000000000000488e-03 1.340000000000000219e-02 4.355999999999999629e-05 1.317903999999999951e-02 2.916000000000000203e-05 1.592009999999999823e-03 4.678560000000000010e-03 1.253160000000000125e-03 3.969000000000000116e-05 4.928039999999999851e-03 3.113639999999999550e-03 1.959999999999995634e-06 4.624000000000000451e-05 1.795600000000000494e-04 1.139440375000000000e+06 1.251123750000000000e+06
1.000000000000000000e+00 2.409999999999999989e-02 2.050000000000000086e-02 -2.769999999999999893e-02 4.850000000000000144e-02 -6.640000000000000069e-02 -1.060000000000000005e-02 1.750000000000000167e-02 -9.429999999999999494e-02 -2.230000000000000038e-02 8.600000000000003475e-03 2.000000000000001776e-03 -4.599999999999999922e-02 5.808099999999999635e-04 4.202500000000000506e-04 7.672899999999998992e-04 2.352250000000000174e-03 4.408959999999999962e-03 1.123600000000000016e-04 3.062500000000000443e-04 8.892489999999999423e-03 4.972900000000000584e-04 7.396000000000005760e-05 4.000000000000007442e-06 2.115999999999999825e-03 1.139542000000000000e+06 1.251622750000000000e+06
